Dict(
	[23, 19, 25, 20, 13, 15] => QQFieldElem[2//3, 0, 0, 0, 2//3, 0, 0, 0],
	[23, 19, 25, 20, 19, 17] => QQFieldElem[1, 0, 0, 0, 0, 0, 0, 0],
	[23, 19, 25, 20, 18, 20] => QQFieldElem[9//2, 0, 0, 0, 0, 0, 0, 0],
	[23, 19, 25, 20, 14, 15] => QQFieldElem[1//3, 0, 0, 0, 4//3, 0, 0, 0],
	[23, 19, 25, 20, 18, 12] => QQFieldElem[-27//14, 0, 0, 0, -27//7, 0, 0, 0],
	[23, 19, 25, 20, 18, 17] => QQFieldElem[-9//2, 0, 0, 0, 0, 0, 0, 0],
	[23, 19, 25, 20, 13, 20] => QQFieldElem[2, 0, 0, 0, -2, 0, 0, 0],
	[23, 19, 25, 20, 14, 20] => QQFieldElem[3, 0, 0, 0, -2, 0, 0, 0],
	[23, 19, 25, 20, 13, 12] => QQFieldElem[6//7, 0, 0, 0, -2//7, 0, 0, 0],
	[23, 19, 25, 20, 14, 12] => QQFieldElem[-1, 0, 0, 0, 0, 0, 0, 0],
	[23, 19, 25, 20, 13, 17] => QQFieldElem[-2, 0, 0, 0, 2, 0, 0, 0],
	[23, 19, 25, 20, 14, 17] => QQFieldElem[3, 0, 0, 0, -2, 0, 0, 0],
	[23, 19, 25, 20, 19, 15] => QQFieldElem[1, 0, 0, 0, -2, 0, 0, 0],
	[23, 19, 25, 20, 18, 15] => QQFieldElem[9//2, 0, 0, 0, -9, 0, 0, 0],
	[23, 19, 25, 20, 19, 20] => QQFieldElem[1, 0, 0, 0, 0, 0, 0, 0],
	[23, 19, 25, 20, 19, 12] => QQFieldElem[3//7, 0, 0, 0, 6//7, 0, 0, 0])