Dict(
	[23, 24, 23, 24, 7, 25] => QQFieldElem[0, 0, 4//3, 0, 0, 0, 0, 0],
	[23, 24, 23, 24, 5, 5] => QQFieldElem[0, 0, -1//48, 0, 0, 0, 1//24, 0],
	[23, 24, 23, 24, 22, 2] => QQFieldElem[0, 0, 0, 0, 0, 0, -1//32, 0],
	[23, 24, 23, 24, 10, 7] => QQFieldElem[0, 0, 0, 0, 0, 0, 1//64, 0],
	[23, 24, 23, 24, 10, 25] => QQFieldElem[0, 0, -1//48, 0, 0, 0, 1//24, 0],
	[23, 24, 23, 24, 2, 7] => QQFieldElem[0, -1//3, 0, 0, 0, 1//6, 0, 0],
	[23, 24, 23, 24, 25, 2] => QQFieldElem[0, 0, 0, 0, 0, 0, -1//32, 0],
	[23, 24, 23, 24, 25, 10] => QQFieldElem[0, 0, -1//24, 0, 0, 0, 1//12, 0],
	[23, 24, 23, 24, 2, 25] => QQFieldElem[0, -4//3, 0, 0, 0, 0, 0, 0],
	[23, 24, 23, 24, 7, 2] => QQFieldElem[0, 0, -1//3, 0, 0, 0, 1//6, 0],
	[23, 24, 23, 24, 7, 10] => QQFieldElem[0, 0, 4//3, 0, 0, 0, 0, 0],
	[23, 24, 23, 24, 22, 10] => QQFieldElem[0, 0, 1//12, 0, 0, 0, -1//6, 0],
	[23, 24, 23, 24, 22, 5] => QQFieldElem[0, 0, -1//36, 0, 0, 0, 1//18, 0],
	[23, 24, 23, 24, 5, 22] => QQFieldElem[0, 0, -1//16, 0, 0, 0, 1//8, 0],
	[23, 24, 23, 24, 25, 5] => QQFieldElem[0, 0, 1//72, 0, 0, 0, -1//36, 0],
	[23, 24, 23, 24, 10, 2] => QQFieldElem[0, 0, 0, 0, 0, 0, 1//64, 0],
	[23, 24, 23, 24, 10, 10] => QQFieldElem[0, 0, -1//48, 0, 0, 0, 1//24, 0],
	[23, 24, 23, 24, 7, 5] => QQFieldElem[0, 0, 4//9, 0, 0, 0, 0, 0],
	[23, 24, 23, 24, 2, 2] => QQFieldElem[0, -1//3, 0, 0, 0, 1//6, 0, 0],
	[23, 24, 23, 24, 2, 10] => QQFieldElem[0, 4//3, 0, 0, 0, 0, 0, 0],
	[23, 24, 23, 24, 22, 22] => QQFieldElem[0, 0, 0, 0, 0, 0, 0, 0],
	[23, 24, 23, 24, 10, 5] => QQFieldElem[0, 0, -1//144, 0, 0, 0, 1//72, 0],
	[23, 24, 23, 24, 5, 7] => QQFieldElem[0, 0, 0, 0, 0, 0, 3//64, 0],
	[23, 24, 23, 24, 2, 5] => QQFieldElem[0, 4//9, 0, 0, 0, 0, 0, 0],
	[23, 24, 23, 24, 25, 22] => QQFieldElem[0, 0, 0, 0, 0, 0, 0, 0],
	[23, 24, 23, 24, 5, 25] => QQFieldElem[0, 0, 1//16, 0, 0, 0, -1//8, 0],
	[23, 24, 23, 24, 7, 22] => QQFieldElem[0, 0, 2//3, 0, 0, 0, 0, 0],
	[23, 24, 23, 24, 10, 22] => QQFieldElem[0, 0, 1//48, 0, 0, 0, -1//24, 0],
	[23, 24, 23, 24, 22, 7] => QQFieldElem[0, 0, 0, 0, 0, 0, 1//32, 0],
	[23, 24, 23, 24, 5, 2] => QQFieldElem[0, 0, 0, 0, 0, 0, 3//64, 0],
	[23, 24, 23, 24, 2, 22] => QQFieldElem[0, -2//3, 0, 0, 0, 0, 0, 0],
	[23, 24, 23, 24, 5, 10] => QQFieldElem[0, 0, -1//16, 0, 0, 0, 1//8, 0],
	[23, 24, 23, 24, 25, 7] => QQFieldElem[0, 0, 0, 0, 0, 0, 1//32, 0],
	[23, 24, 23, 24, 25, 25] => QQFieldElem[0, 0, 0, 0, 0, 0, 0, 0],
	[23, 24, 23, 24, 22, 25] => QQFieldElem[0, 0, 0, 0, 0, 0, 0, 0],
	[23, 24, 23, 24, 7, 7] => QQFieldElem[0, 0, -1//3, 0, 0, 0, 1//6, 0])