Dict(
	[22, 21, 21, 22, 1, 4] => QQFieldElem[0, 0, -1//2, 0],
	[22, 21, 21, 22, 7, 4] => QQFieldElem[0, 0, 1//2, 0],
	[22, 21, 21, 22, 1, 2] => QQFieldElem[-1//2, 0, 0, 0],
	[22, 21, 21, 22, 7, 2] => QQFieldElem[-1//2, 0, 0, 0],
	[22, 21, 21, 22, 6, 5] => QQFieldElem[0, 0, -1//2, 0],
	[22, 21, 21, 22, 6, 8] => QQFieldElem[1//2, 0, 0, 0],
	[22, 21, 21, 22, 1, 5] => QQFieldElem[0, 0, 1//2, 0],
	[22, 21, 21, 22, 7, 5] => QQFieldElem[0, 0, -1//2, 0],
	[22, 21, 21, 22, 3, 4] => QQFieldElem[0, 0, 1//2, 0],
	[22, 21, 21, 22, 3, 2] => QQFieldElem[-1//2, 0, 0, 0],
	[22, 21, 21, 22, 1, 8] => QQFieldElem[-1//2, 0, 0, 0],
	[22, 21, 21, 22, 7, 8] => QQFieldElem[-1//2, 0, 0, 0],
	[22, 21, 21, 22, 3, 5] => QQFieldElem[0, 0, 1//2, 0],
	[22, 21, 21, 22, 3, 8] => QQFieldElem[1//2, 0, 0, 0],
	[22, 21, 21, 22, 6, 4] => QQFieldElem[0, 0, -1//2, 0],
	[22, 21, 21, 22, 6, 2] => QQFieldElem[-1//2, 0, 0, 0])