Dict(
	[12, 10, 14, 16, 6, 4] => QQFieldElem[2, 0, 1, 1],
	[12, 10, 14, 16, 13, 11] => QQFieldElem[2, 0, 1, 1],
	[12, 10, 14, 16, 14, 11] => QQFieldElem[-1, 0, -1, -1],
	[12, 10, 14, 16, 5, 12] => QQFieldElem[-2, 0, -1, -1],
	[12, 10, 14, 16, 13, 3] => QQFieldElem[-3, 0, -2, -2],
	[12, 10, 14, 16, 14, 3] => QQFieldElem[2, 0, 1, 1],
	[12, 10, 14, 16, 6, 12] => QQFieldElem[-1, 0, 0, 0],
	[12, 10, 14, 16, 5, 11] => QQFieldElem[-1, 0, 0, 0],
	[12, 10, 14, 16, 5, 3] => QQFieldElem[2, 0, 1, 1],
	[12, 10, 14, 16, 13, 4] => QQFieldElem[-8, 0, -5, -5],
	[12, 10, 14, 16, 6, 11] => QQFieldElem[0, 0, 1, 1],
	[12, 10, 14, 16, 14, 4] => QQFieldElem[-3, 0, -2, -2],
	[12, 10, 14, 16, 6, 3] => QQFieldElem[-1, 0, -1, -1],
	[12, 10, 14, 16, 5, 4] => QQFieldElem[5, 0, 3, 3],
	[12, 10, 14, 16, 13, 12] => QQFieldElem[5, 0, 3, 3],
	[12, 10, 14, 16, 14, 12] => QQFieldElem[2, 0, 1, 1])