Dict(
	[14, 12, 12, 14, 1, 8] => QQFieldElem[-2, 0, -1, -1],
	[14, 12, 12, 14, 10, 16] => QQFieldElem[1, 0, 0, 0],
	[14, 12, 12, 14, 2, 16] => QQFieldElem[-1, 0, 1, 1],
	[14, 12, 12, 14, 10, 8] => QQFieldElem[-1, 0, -1, -1],
	[14, 12, 12, 14, 9, 15] => QQFieldElem[0, -1, 0, 0],
	[14, 12, 12, 14, 2, 8] => QQFieldElem[1, 0, 0, 0],
	[14, 12, 12, 14, 1, 7] => QQFieldElem[0, -1, 0, 0],
	[14, 12, 12, 14, 9, 16] => QQFieldElem[-2, 0, -1, -1],
	[14, 12, 12, 14, 10, 7] => QQFieldElem[0, 1, 0, 0],
	[14, 12, 12, 14, 9, 8] => QQFieldElem[3, 0, 2, 2],
	[14, 12, 12, 14, 2, 7] => QQFieldElem[1, 1, 1, 0],
	[14, 12, 12, 14, 1, 15] => QQFieldElem[1, 2, 1, 0],
	[14, 12, 12, 14, 10, 15] => QQFieldElem[1, 1, 1, 0],
	[14, 12, 12, 14, 2, 15] => QQFieldElem[-2, -3, -2, 0],
	[14, 12, 12, 14, 1, 16] => QQFieldElem[1, 0, 0, 0],
	[14, 12, 12, 14, 9, 7] => QQFieldElem[-1, 0, -1, 0])