Dict(
	[16, 7, 8, 15, 8, 16] => QQFieldElem[-1, 0, -1, -1],
	[16, 7, 8, 15, 4, 10] => QQFieldElem[1, -1, 1, 0],
	[16, 7, 8, 15, 6, 14] => QQFieldElem[-1, 0, -1, -1],
	[16, 7, 8, 15, 2, 16] => QQFieldElem[1, 1, 0, 1],
	[16, 7, 8, 15, 8, 12] => QQFieldElem[0, 0, 0, -1],
	[16, 7, 8, 15, 2, 12] => QQFieldElem[1, 1, 1, 0],
	[16, 7, 8, 15, 4, 16] => QQFieldElem[-2, -2, 0, -3],
	[16, 7, 8, 15, 4, 12] => QQFieldElem[-1, 0, -1, 0],
	[16, 7, 8, 15, 8, 14] => QQFieldElem[2, 0, 1, 1],
	[16, 7, 8, 15, 2, 14] => QQFieldElem[-2, -2, 0, -3],
	[16, 7, 8, 15, 6, 10] => QQFieldElem[0, 0, 0, -1],
	[16, 7, 8, 15, 4, 14] => QQFieldElem[3, 3, 0, 5],
	[16, 7, 8, 15, 6, 16] => QQFieldElem[0, 0, 1, 1],
	[16, 7, 8, 15, 6, 12] => QQFieldElem[-1, -1, 0, 1],
	[16, 7, 8, 15, 8, 10] => QQFieldElem[1, 1, 0, 1],
	[16, 7, 8, 15, 2, 10] => QQFieldElem[-1, 0, -1, 0])