Dict(
	[13, 15, 16, 16, 8, 3] => QQFieldElem[-2, -1, -1, -2],
	[13, 15, 16, 16, 12, 11] => QQFieldElem[1, 0, 1, 1],
	[13, 15, 16, 16, 4, 11] => QQFieldElem[-4//5, -3//5, -2//5, -1//5],
	[13, 15, 16, 16, 8, 7] => QQFieldElem[-1, 0, 0, -1],
	[13, 15, 16, 16, 12, 3] => QQFieldElem[2, 0, 1, 2],
	[13, 15, 16, 16, 4, 3] => QQFieldElem[-1, 0, 0, -1],
	[13, 15, 16, 16, 12, 7] => QQFieldElem[0, -1, 0, 1],
	[13, 15, 16, 16, 16, 11] => QQFieldElem[2, 0, 1, 1],
	[13, 15, 16, 16, 4, 7] => QQFieldElem[0, 1, 1, 0],
	[13, 15, 16, 16, 8, 15] => QQFieldElem[-4//5, -3//5, -2//5, -1//5],
	[13, 15, 16, 16, 16, 3] => QQFieldElem[4, 1, 2, 3],
	[13, 15, 16, 16, 12, 15] => QQFieldElem[0, 0, 1, 1],
	[13, 15, 16, 16, 16, 7] => QQFieldElem[2, 0, 1, 2],
	[13, 15, 16, 16, 4, 15] => QQFieldElem[-6//5, -7//5, -3//5, 1//5],
	[13, 15, 16, 16, 16, 15] => QQFieldElem[1, 0, 1, 1],
	[13, 15, 16, 16, 8, 11] => QQFieldElem[-2//5, 1//5, -1//5, -3//5])