Dict(
	[15, 16, 16, 7, 9, 10] => QQFieldElem[-3, 0, -2, -2],
	[15, 16, 16, 7, 15, 12] => QQFieldElem[-3, 2, -3, 0],
	[15, 16, 16, 7, 13, 12] => QQFieldElem[7//5, -1//5, 6//5, 3//5],
	[15, 16, 16, 7, 11, 10] => QQFieldElem[5, -1, 4, 2],
	[15, 16, 16, 7, 9, 16] => QQFieldElem[4//5, 3//5, 2//5, 1//5],
	[15, 16, 16, 7, 9, 12] => QQFieldElem[-4//5, 2//5, -2//5, -1//5],
	[15, 16, 16, 7, 15, 14] => QQFieldElem[6, 1, 3, 5],
	[15, 16, 16, 7, 11, 16] => QQFieldElem[-1, 0, -1, -1],
	[15, 16, 16, 7, 13, 14] => QQFieldElem[-3, -1, -1, -3],
	[15, 16, 16, 7, 11, 12] => QQFieldElem[2, -1, 2, 0],
	[15, 16, 16, 7, 9, 14] => QQFieldElem[1, 0, 0, 1],
	[15, 16, 16, 7, 15, 10] => QQFieldElem[-8, 2, -6, -3],
	[15, 16, 16, 7, 11, 14] => QQFieldElem[-2, 0, -1, -2],
	[15, 16, 16, 7, 13, 10] => QQFieldElem[5, 0, 3, 3],
	[15, 16, 16, 7, 15, 16] => QQFieldElem[3, 0, 2, 2],
	[15, 16, 16, 7, 13, 16] => QQFieldElem[-6//5, -2//5, -3//5, -4//5])