Dict(
	[16, 8, 6, 16, 4, 15] => QQFieldElem[-1, 0, -1, -1],
	[16, 8, 6, 16, 8, 16] => QQFieldElem[2, 0, 1, 1],
	[16, 8, 6, 16, 8, 12] => QQFieldElem[4, 0, 3, 3],
	[16, 8, 6, 16, 3, 16] => QQFieldElem[1//5, 0, -3//5, -3//5],
	[16, 8, 6, 16, 7, 11] => QQFieldElem[3, -2, 3, 0],
	[16, 8, 6, 16, 4, 16] => QQFieldElem[-3//5, 0, -1//5, -1//5],
	[16, 8, 6, 16, 3, 12] => QQFieldElem[0, 0, -1, -1],
	[16, 8, 6, 16, 8, 11] => QQFieldElem[-7, 4, -7, 0],
	[16, 8, 6, 16, 4, 12] => QQFieldElem[-2, 0, -1, -1],
	[16, 8, 6, 16, 3, 11] => QQFieldElem[1, -1, 1, 0],
	[16, 8, 6, 16, 4, 11] => QQFieldElem[3, -2, 3, 0],
	[16, 8, 6, 16, 7, 15] => QQFieldElem[-2, 0, -1, -1],
	[16, 8, 6, 16, 8, 15] => QQFieldElem[4, 0, 3, 3],
	[16, 8, 6, 16, 7, 16] => QQFieldElem[-3//5, 0, -1//5, -1//5],
	[16, 8, 6, 16, 3, 15] => QQFieldElem[0, 0, -1, -1],
	[16, 8, 6, 16, 7, 12] => QQFieldElem[-1, 0, -1, -1])