Dict(
	[12, 11, 16, 16, 8, 4] => QQFieldElem[0, 1, 2, 1],
	[12, 11, 16, 16, 6, 12] => QQFieldElem[-4//5, -1//5, -1//5, -4//5],
	[12, 11, 16, 16, 8, 2] => QQFieldElem[0, -3, -5, -3],
	[12, 11, 16, 16, 8, 10] => QQFieldElem[0, 1, 1, 1],
	[12, 11, 16, 16, 14, 4] => QQFieldElem[0, 1, 1, 1],
	[12, 11, 16, 16, 14, 2] => QQFieldElem[0, -3, -5, -3],
	[12, 11, 16, 16, 14, 10] => QQFieldElem[0, 1, 2, 1],
	[12, 11, 16, 16, 8, 12] => QQFieldElem[0, 1//5, 3//5, 1//5],
	[12, 11, 16, 16, 16, 4] => QQFieldElem[0, -3, -4, -3],
	[12, 11, 16, 16, 16, 2] => QQFieldElem[0, 7, 11, 7],
	[12, 11, 16, 16, 16, 10] => QQFieldElem[0, -3, -4, -3],
	[12, 11, 16, 16, 14, 12] => QQFieldElem[0, 1//5, 3//5, 1//5],
	[12, 11, 16, 16, 6, 4] => QQFieldElem[-1, 0, 0, -1],
	[12, 11, 16, 16, 6, 2] => QQFieldElem[-1, -2, -2, -1],
	[12, 11, 16, 16, 6, 10] => QQFieldElem[-1, 0, 0, -1],
	[12, 11, 16, 16, 16, 12] => QQFieldElem[0, -1, -2, -1])