Dict(
	[12, 16, 15, 15, 16, 7] => QQFieldElem[2, 0, -1, -1],
	[12, 16, 15, 15, 8, 5] => QQFieldElem[1, 0, -2, -2],
	[12, 16, 15, 15, 14, 13] => QQFieldElem[0, 0, 1, 1],
	[12, 16, 15, 15, 14, 15] => QQFieldElem[1//5, 0, 2//5, 2//5],
	[12, 16, 15, 15, 16, 13] => QQFieldElem[2, 0, -1, -1],
	[12, 16, 15, 15, 16, 15] => QQFieldElem[0, 0, -1, -1],
	[12, 16, 15, 15, 6, 7] => QQFieldElem[0, -1, 1, -1],
	[12, 16, 15, 15, 14, 5] => QQFieldElem[1, 0, -2, -2],
	[12, 16, 15, 15, 16, 5] => QQFieldElem[-3, 0, 4, 4],
	[12, 16, 15, 15, 6, 13] => QQFieldElem[0, -1, 1, -1],
	[12, 16, 15, 15, 6, 15] => QQFieldElem[0, -4//5, 3//5, -4//5],
	[12, 16, 15, 15, 8, 7] => QQFieldElem[0, 0, 1, 1],
	[12, 16, 15, 15, 6, 5] => QQFieldElem[0, -1, -1, -1],
	[12, 16, 15, 15, 8, 13] => QQFieldElem[-1, 0, 0, 0],
	[12, 16, 15, 15, 8, 15] => QQFieldElem[1//5, 0, 2//5, 2//5],
	[12, 16, 15, 15, 14, 7] => QQFieldElem[-1, 0, 0, 0])