Dict(
	[14, 6, 14, 6, 13, 14] => QQFieldElem[-1//5, -1//5, 0, 2//5],
	[14, 6, 14, 6, 14, 14] => QQFieldElem[1, 1, 0, -1],
	[14, 6, 14, 6, 10, 13] => QQFieldElem[-1, -1, 0, 0],
	[14, 6, 14, 6, 9, 9] => QQFieldElem[1, 2, 1, 0],
	[14, 6, 14, 6, 9, 14] => QQFieldElem[-3//5, -3//5, 0, -4//5],
	[14, 6, 14, 6, 10, 10] => QQFieldElem[-1, -1, 0, 1],
	[14, 6, 14, 6, 13, 13] => QQFieldElem[-1, -1, 0, 1],
	[14, 6, 14, 6, 14, 13] => QQFieldElem[3, 3, 0, -1],
	[14, 6, 14, 6, 13, 10] => QQFieldElem[-1, -1, 0, 0],
	[14, 6, 14, 6, 14, 10] => QQFieldElem[3, 3, 0, -1],
	[14, 6, 14, 6, 9, 13] => QQFieldElem[-1, -1, 0, -1],
	[14, 6, 14, 6, 9, 10] => QQFieldElem[-1, -1, 0, -1],
	[14, 6, 14, 6, 10, 9] => QQFieldElem[3, 5, 3, 0],
	[14, 6, 14, 6, 10, 14] => QQFieldElem[-1//5, -1//5, 0, 2//5],
	[14, 6, 14, 6, 13, 9] => QQFieldElem[3, 5, 3, 0],
	[14, 6, 14, 6, 14, 9] => QQFieldElem[-7, -11, -7, 0])