Dict(
	[15, 13, 15, 15, 3, 15] => QQFieldElem[-2//5, 1//5, -1//5, 2//5],
	[15, 13, 15, 15, 15, 15] => QQFieldElem[1, 0, -1, -1],
	[15, 13, 15, 15, 11, 3] => QQFieldElem[-2, -3, -1, 1],
	[15, 13, 15, 15, 11, 7] => QQFieldElem[1, 1, -1, -1],
	[15, 13, 15, 15, 7, 11] => QQFieldElem[4//5, 3//5, 2//5, 1//5],
	[15, 13, 15, 15, 7, 3] => QQFieldElem[1, 2, 1, 0],
	[15, 13, 15, 15, 11, 15] => QQFieldElem[0, 0, -1, -1],
	[15, 13, 15, 15, 7, 7] => QQFieldElem[-1, -1, 0, 1],
	[15, 13, 15, 15, 3, 11] => QQFieldElem[4//5, 3//5, 2//5, 1//5],
	[15, 13, 15, 15, 15, 11] => QQFieldElem[-1, -1, 0, 1],
	[15, 13, 15, 15, 3, 3] => QQFieldElem[1, 2, 1, 0],
	[15, 13, 15, 15, 15, 3] => QQFieldElem[-2, -3, -1, 1],
	[15, 13, 15, 15, 7, 15] => QQFieldElem[-1//5, -2//5, 2//5, 1//5],
	[15, 13, 15, 15, 3, 7] => QQFieldElem[-1, -1, 0, 0],
	[15, 13, 15, 15, 15, 7] => QQFieldElem[2, 1, -1, -2],
	[15, 13, 15, 15, 11, 11] => QQFieldElem[-1, -1, 0, 1])