Dict(
	[8, 16, 16, 6, 7, 15] => QQFieldElem[-1, 0, 1, 1],
	[8, 16, 16, 6, 8, 15] => QQFieldElem[1, 0, -3, -3],
	[8, 16, 16, 6, 7, 16] => QQFieldElem[-2//5, 0, 1//5, 1//5],
	[8, 16, 16, 6, 3, 15] => QQFieldElem[1, 0, 1, 1],
	[8, 16, 16, 6, 4, 15] => QQFieldElem[0, 0, 1, 1],
	[8, 16, 16, 6, 7, 12] => QQFieldElem[0, 0, 1, 1],
	[8, 16, 16, 6, 8, 16] => QQFieldElem[1, 0, -1, -1],
	[8, 16, 16, 6, 8, 12] => QQFieldElem[1, 0, -3, -3],
	[8, 16, 16, 6, 3, 16] => QQFieldElem[4//5, 0, 3//5, 3//5],
	[8, 16, 16, 6, 7, 11] => QQFieldElem[3, 3, 0, -2],
	[8, 16, 16, 6, 4, 16] => QQFieldElem[-2//5, 0, 1//5, 1//5],
	[8, 16, 16, 6, 3, 12] => QQFieldElem[1, 0, 1, 1],
	[8, 16, 16, 6, 8, 11] => QQFieldElem[-7, -7, 0, 4],
	[8, 16, 16, 6, 4, 12] => QQFieldElem[-1, 0, 1, 1],
	[8, 16, 16, 6, 3, 11] => QQFieldElem[1, 1, 0, -1],
	[8, 16, 16, 6, 4, 11] => QQFieldElem[3, 3, 0, -2])