Dict(
	[14, 14, 16, 16, 12, 5] => QQFieldElem[1, 0, 0, 0],
	[14, 14, 16, 16, 15, 5] => QQFieldElem[0, 0, -1, -1],
	[14, 14, 16, 16, 11, 13] => QQFieldElem[1, 0, 1, 1],
	[14, 14, 16, 16, 8, 9] => QQFieldElem[-11, 0, 18, 18],
	[14, 14, 16, 16, 3, 1] => QQFieldElem[1, 0, -1, -1],
	[14, 14, 16, 16, 12, 6] => QQFieldElem[-1//5, 0, -2//5, -2//5],
	[14, 14, 16, 16, 4, 1] => QQFieldElem[2, 0, -3, -3],
	[14, 14, 16, 16, 15, 6] => QQFieldElem[-1//5, 0, -2//5, -2//5],
	[14, 14, 16, 16, 3, 14] => QQFieldElem[1//5, -1//5, -1//5, 1//5],
	[14, 14, 16, 16, 4, 14] => QQFieldElem[-3//5, -7//5, -7//5, -3//5],
	[14, 14, 16, 16, 16, 1] => QQFieldElem[-4, -7, -4, 0],
	[14, 14, 16, 16, 7, 2] => QQFieldElem[0, -1, -1, 0],
	[14, 14, 16, 16, 7, 10] => QQFieldElem[-1, -3, -3, -1],
	[14, 14, 16, 16, 16, 14] => QQFieldElem[1, 0, -1, -1],
	[14, 14, 16, 16, 12, 13] => QQFieldElem[0, 0, 1, 1],
	[14, 14, 16, 16, 15, 13] => QQFieldElem[-1, 0, 1, 1],
	[14, 14, 16, 16, 3, 5] => QQFieldElem[1, 0, 0, 1],
	[14, 14, 16, 16, 8, 1] => QQFieldElem[-4, 0, 7, 7],
	[14, 14, 16, 16, 7, 9] => QQFieldElem[5, 0, -8, -8],
	[14, 14, 16, 16, 4, 5] => QQFieldElem[0, -1, -1, 0],
	[14, 14, 16, 16, 11, 2] => QQFieldElem[2, 0, 1, 1],
	[14, 14, 16, 16, 11, 10] => QQFieldElem[1, 0, 1, 1],
	[14, 14, 16, 16, 16, 5] => QQFieldElem[-2, 0, 1, 1],
	[14, 14, 16, 16, 3, 6] => QQFieldElem[4//5, 1//5, 1//5, 4//5],
	[14, 14, 16, 16, 8, 14] => QQFieldElem[2, 5, 5, 2],
	[14, 14, 16, 16, 4, 6] => QQFieldElem[-2//5, -3//5, -3//5, -2//5],
	[14, 14, 16, 16, 16, 6] => QQFieldElem[0, 0, 1, 1],
	[14, 14, 16, 16, 3, 13] => QQFieldElem[0, -1, -1, 0],
	[14, 14, 16, 16, 11, 9] => QQFieldElem[-1, -2, -1, 0],
	[14, 14, 16, 16, 12, 2] => QQFieldElem[0, 0, -1, -1],
	[14, 14, 16, 16, 12, 10] => QQFieldElem[-1, 0, 1, 1],
	[14, 14, 16, 16, 15, 2] => QQFieldElem[1, 0, 0, 0],
	[14, 14, 16, 16, 15, 10] => QQFieldElem[0, 0, 1, 1],
	[14, 14, 16, 16, 8, 5] => QQFieldElem[1, 4, 4, 1],
	[14, 14, 16, 16, 4, 13] => QQFieldElem[-1, -3, -3, -1],
	[14, 14, 16, 16, 7, 1] => QQFieldElem[2, 0, -3, -3],
	[14, 14, 16, 16, 16, 13] => QQFieldElem[1, 0, -3, -3],
	[14, 14, 16, 16, 8, 6] => QQFieldElem[1, 2, 2, 1],
	[14, 14, 16, 16, 7, 14] => QQFieldElem[-3//5, -7//5, -7//5, -3//5],
	[14, 14, 16, 16, 12, 9] => QQFieldElem[-3, -5, -3, 0],
	[14, 14, 16, 16, 15, 9] => QQFieldElem[-3, -5, -3, 0],
	[14, 14, 16, 16, 8, 13] => QQFieldElem[4, 11, 11, 4],
	[14, 14, 16, 16, 11, 1] => QQFieldElem[1, 1, 1, 0],
	[14, 14, 16, 16, 7, 5] => QQFieldElem[-1, -2, -2, -1],
	[14, 14, 16, 16, 3, 2] => QQFieldElem[1, 0, 0, 1],
	[14, 14, 16, 16, 3, 10] => QQFieldElem[0, -1, -1, 0],
	[14, 14, 16, 16, 11, 14] => QQFieldElem[4//5, 0, 3//5, 3//5],
	[14, 14, 16, 16, 4, 2] => QQFieldElem[-1, -2, -2, -1],
	[14, 14, 16, 16, 4, 10] => QQFieldElem[-2, -5, -5, -2],
	[14, 14, 16, 16, 7, 6] => QQFieldElem[-2//5, -3//5, -3//5, -2//5],
	[14, 14, 16, 16, 16, 2] => QQFieldElem[-2, 0, 1, 1],
	[14, 14, 16, 16, 16, 10] => QQFieldElem[1, 0, -3, -3],
	[14, 14, 16, 16, 12, 1] => QQFieldElem[2, 3, 2, 0],
	[14, 14, 16, 16, 15, 1] => QQFieldElem[2, 3, 2, 0],
	[14, 14, 16, 16, 3, 9] => QQFieldElem[2, 0, -3, -3],
	[14, 14, 16, 16, 12, 14] => QQFieldElem[-2//5, 0, 1//5, 1//5],
	[14, 14, 16, 16, 11, 5] => QQFieldElem[2, 0, 1, 1],
	[14, 14, 16, 16, 15, 14] => QQFieldElem[-2//5, 0, 1//5, 1//5],
	[14, 14, 16, 16, 4, 9] => QQFieldElem[5, 0, -8, -8],
	[14, 14, 16, 16, 7, 13] => QQFieldElem[-2, -5, -5, -2],
	[14, 14, 16, 16, 16, 9] => QQFieldElem[7, 11, 7, 0],
	[14, 14, 16, 16, 8, 2] => QQFieldElem[1, 4, 4, 1],
	[14, 14, 16, 16, 8, 10] => QQFieldElem[4, 11, 11, 4],
	[14, 14, 16, 16, 11, 6] => QQFieldElem[7//5, 0, 4//5, 4//5])