Dict(
	[4, 4, 16, 16, 15, 3] => QQFieldElem[1, 0, 0, 0],
	[4, 4, 16, 16, 16, 1] => QQFieldElem[-1, 0, 0, 0],
	[4, 4, 16, 16, 13, 3] => QQFieldElem[1, 2, 2, 1],
	[4, 4, 16, 16, 14, 3] => QQFieldElem[1, 3, 3, 1],
	[4, 4, 16, 16, 16, 3] => QQFieldElem[0, 0, -1, -1],
	[4, 4, 16, 16, 15, 4] => QQFieldElem[2, 0, 1, 1],
	[4, 4, 16, 16, 13, 4] => QQFieldElem[1, 1, 1, 1],
	[4, 4, 16, 16, 15, 2] => QQFieldElem[3, 0, 2, 2],
	[4, 4, 16, 16, 14, 4] => QQFieldElem[1, 2, 2, 1],
	[4, 4, 16, 16, 13, 2] => QQFieldElem[2, 1, 1, 2],
	[4, 4, 16, 16, 14, 2] => QQFieldElem[1, 1, 1, 1],
	[4, 4, 16, 16, 16, 4] => QQFieldElem[1, 0, 0, 0],
	[4, 4, 16, 16, 16, 2] => QQFieldElem[1, 0, 1, 1],
	[4, 4, 16, 16, 15, 1] => QQFieldElem[1, 0, 1, 1],
	[4, 4, 16, 16, 13, 1] => QQFieldElem[1, 1, 1, 1],
	[4, 4, 16, 16, 14, 1] => QQFieldElem[0, 1, 1, 0])