Dict(
	[15, 8, 8, 15, 12, 14] => QQFieldElem[63//2, 41//2, -41//2, 0, 67//2, 13],
	[15, 8, 8, 15, 3, 14] => QQFieldElem[13//2, 15//2, -15//2, 0, 19//2, 2],
	[15, 8, 8, 15, 9, 12] => QQFieldElem[2, 1, -1, 0, 2, 1],
	[15, 8, 8, 15, 11, 16] => QQFieldElem[-3, -1, 1, 0, -2, -1],
	[15, 8, 8, 15, 4, 14] => QQFieldElem[-13//2, -8, 8, 0, -10, -2],
	[15, 8, 8, 15, 1, 15] => QQFieldElem[1, -1//3, 1//3, 0, -2//3, -1//3],
	[15, 8, 8, 15, 1, 10] => QQFieldElem[-7, -4, 4, 0, -7, -3],
	[15, 8, 8, 15, 11, 12] => QQFieldElem[-30, -21, 21, 0, -33, -12],
	[15, 8, 8, 15, 9, 11] => QQFieldElem[3, 2, -2, 0, 3, 1],
	[15, 8, 8, 15, 9, 14] => QQFieldElem[6, 4, -4, 0, 13//2, 5//2],
	[15, 8, 8, 15, 1, 16] => QQFieldElem[1//3, 1//3, -1//3, 0, -1//3, -2//3],
	[15, 8, 8, 15, 11, 11] => QQFieldElem[-39, -30, 30, 0, -45, -15],
	[15, 8, 8, 15, 12, 15] => QQFieldElem[-7, 18, -18, 0, 11, -7],
	[15, 8, 8, 15, 3, 15] => QQFieldElem[7, -7, 7, 0, -1, 6],
	[15, 8, 8, 15, 12, 10] => QQFieldElem[89, 56, -56, 0, 93, 37],
	[15, 8, 8, 15, 1, 12] => QQFieldElem[-1, -1//3, 1//3, 0, -2//3, -1//3],
	[15, 8, 8, 15, 11, 14] => QQFieldElem[-63//2, -51//2, 51//2, 0, -75//2, -12],
	[15, 8, 8, 15, 4, 15] => QQFieldElem[-15, 43//3, -43//3, 0, 11//3, -32//3],
	[15, 8, 8, 15, 3, 10] => QQFieldElem[49, 49, -49, 0, 66, 17],
	[15, 8, 8, 15, 4, 10] => QQFieldElem[-50, -52, 52, 0, -69, -17],
	[15, 8, 8, 15, 12, 16] => QQFieldElem[3, 8//3, -8//3, 0, 10//3, 2//3],
	[15, 8, 8, 15, 3, 16] => QQFieldElem[5//3, -1//3, 1//3, 0, 0, 1//3],
	[15, 8, 8, 15, 1, 11] => QQFieldElem[-1, -2//3, 2//3, 0, -4//3, -2//3],
	[15, 8, 8, 15, 9, 15] => QQFieldElem[-1, 1, -1, 0, 1, 0],
	[15, 8, 8, 15, 4, 16] => QQFieldElem[-4//3, -1//3, 1//3, 0, -2//3, -1//3],
	[15, 8, 8, 15, 12, 12] => QQFieldElem[41, 31, -31, 0, 47, 16],
	[15, 8, 8, 15, 3, 12] => QQFieldElem[19, 12, -12, 0, 20, 8],
	[15, 8, 8, 15, 1, 14] => QQFieldElem[-1, -1//2, 1//2, 0, -1, -1//2],
	[15, 8, 8, 15, 9, 10] => QQFieldElem[17, 11, -11, 0, 18, 7],
	[15, 8, 8, 15, 4, 12] => QQFieldElem[-29, -62//3, 62//3, 0, -97//3, -35//3],
	[15, 8, 8, 15, 11, 15] => QQFieldElem[-9, 3, -3, 0, -3, -6],
	[15, 8, 8, 15, 11, 10] => QQFieldElem[-87, -72, 72, 0, -105, -33],
	[15, 8, 8, 15, 12, 11] => QQFieldElem[52, 36, -36, 0, 57, 21],
	[15, 8, 8, 15, 3, 11] => QQFieldElem[23, 19, -19, 0, 28, 9],
	[15, 8, 8, 15, 9, 16] => QQFieldElem[0, -1//3, 1//3, 0, 1//3, 2//3],
	[15, 8, 8, 15, 4, 11] => QQFieldElem[-33, -85//3, 85//3, 0, -122//3, -37//3])