Dict(
	[10, 17, 17, 21, 11, 1, 1, 22, 1, 2] => QQFieldElem[0, 0, 0, 0],
	[10, 17, 17, 21, 19, 1, 1, 22, 1, 2] => QQFieldElem[0, 1, 1, 1],
	[10, 17, 17, 21, 19, 1, 1, 13, 1, 1] => QQFieldElem[-1//10, -3//10, -1//10, 0],
	[10, 17, 17, 21, 11, 1, 1, 13, 1, 1] => QQFieldElem[-1//5, -2//5, -3//5, 1//5],
	[10, 17, 17, 21, 19, 1, 1, 22, 1, 1] => QQFieldElem[0, 0, 0, 0],
	[10, 17, 17, 21, 11, 1, 1, 22, 1, 1] => QQFieldElem[-1, -1, 0, 0],
	[10, 17, 17, 21, 20, 1, 1, 14, 1, 1] => QQFieldElem[4, 8, 8, 4],
	[10, 17, 17, 21, 12, 1, 1, 14, 1, 1] => QQFieldElem[0, -4, -4, 0],
	[10, 17, 17, 21, 20, 1, 1, 22, 1, 2] => QQFieldElem[0, -1, -1, -1],
	[10, 17, 17, 21, 12, 1, 1, 22, 1, 2] => QQFieldElem[1, 1, 0, 0],
	[10, 17, 17, 21, 20, 1, 1, 13, 1, 1] => QQFieldElem[0, 0, 0, 0],
	[10, 17, 17, 21, 12, 1, 1, 13, 1, 1] => QQFieldElem[1//5, 2//5, 3//5, -1//5],
	[10, 17, 17, 21, 19, 1, 1, 14, 1, 1] => QQFieldElem[0, 0, 0, 0],
	[10, 17, 17, 21, 11, 1, 1, 14, 1, 1] => QQFieldElem[0, -4, -4, 0],
	[10, 17, 17, 21, 12, 1, 1, 22, 1, 1] => QQFieldElem[-1//10, -1//5, 1//5, 1//10],
	[10, 17, 17, 21, 20, 1, 1, 22, 1, 1] => QQFieldElem[1//10, -3//10, -1//5, -1//10])