Dict(
	[11, 20, 20, 11, 18, 1, 1, 12, 1, 1] => QQFieldElem[1, 1, 1//2, 0],
	[11, 20, 20, 11, 2, 1, 1, 6, 1, 1] => QQFieldElem[-1, -2, -2, -1],
	[11, 20, 20, 11, 17, 1, 1, 17, 1, 1] => QQFieldElem[-1, 0, 0, 0],
	[11, 20, 20, 11, 7, 1, 1, 12, 1, 1] => QQFieldElem[-1, -1//2, -1//2, -1//2],
	[11, 20, 20, 11, 8, 1, 2, 3, 1, 1] => QQFieldElem[-1//4, 0, 1//2, 1//2],
	[11, 20, 20, 11, 18, 1, 1, 20, 1, 1] => QQFieldElem[0, 0, 0, 0],
	[11, 20, 20, 11, 1, 1, 1, 8, 1, 1] => QQFieldElem[-4//5, 12//5, 8//5, 4//5],
	[11, 20, 20, 11, 1, 1, 1, 18, 1, 1] => QQFieldElem[0, 8//5, 4//5, 8//5],
	[11, 20, 20, 11, 18, 1, 1, 6, 1, 1] => QQFieldElem[-1//8, 0, 3//8, 3//8],
	[11, 20, 20, 11, 1, 1, 1, 17, 1, 1] => QQFieldElem[0, 0, 0, 0],
	[11, 20, 20, 11, 7, 1, 1, 20, 1, 1] => QQFieldElem[0, 0, 0, 0],
	[11, 20, 20, 11, 7, 1, 1, 6, 1, 1] => QQFieldElem[1//4, 0, -1//8, -1//8],
	[11, 20, 20, 11, 2, 1, 1, 3, 1, 1] => QQFieldElem[1, 0, -1, -1],
	[11, 20, 20, 11, 18, 1, 1, 3, 1, 1] => QQFieldElem[-3//8, -1//2, -3//8, 0],
	[11, 20, 20, 11, 7, 1, 1, 3, 1, 1] => QQFieldElem[1//8, 3//8, 1//8, 0],
	[11, 20, 20, 11, 11, 1, 1, 12, 1, 1] => QQFieldElem[0, 0, 0, 0],
	[11, 20, 20, 11, 8, 1, 2, 19, 1, 1] => QQFieldElem[6, 6, 0, -4],
	[11, 20, 20, 11, 8, 1, 1, 12, 1, 1] => QQFieldElem[4//5, 8//5, 12//5, 16//5],
	[11, 20, 20, 11, 11, 1, 1, 20, 1, 1] => QQFieldElem[6//5, 14//5, 14//5, 6//5],
	[11, 20, 20, 11, 17, 1, 1, 12, 1, 1] => QQFieldElem[0, 0, 0, 0],
	[11, 20, 20, 11, 11, 1, 1, 6, 1, 1] => QQFieldElem[-1//4, -3//4, -3//4, -1//4],
	[11, 20, 20, 11, 8, 1, 1, 20, 1, 1] => QQFieldElem[0, 0, 0, 0],
	[11, 20, 20, 11, 2, 1, 1, 19, 1, 1] => QQFieldElem[8, 8, 0, -8],
	[11, 20, 20, 11, 8, 1, 2, 8, 1, 1] => QQFieldElem[0, 0, 0, 0],
	[11, 20, 20, 11, 8, 1, 1, 6, 1, 1] => QQFieldElem[-1, -2, -2, -1],
	[11, 20, 20, 11, 8, 1, 2, 18, 1, 1] => QQFieldElem[0, 0, 0, 0],
	[11, 20, 20, 11, 17, 1, 1, 20, 1, 1] => QQFieldElem[0, 0, 0, 0],
	[11, 20, 20, 11, 8, 1, 2, 17, 1, 1] => QQFieldElem[1//2, 0, -1//2, -1//2],
	[11, 20, 20, 11, 1, 1, 1, 12, 1, 1] => QQFieldElem[-8//5, 4//5, 16//5, 8//5],
	[11, 20, 20, 11, 17, 1, 1, 6, 1, 1] => QQFieldElem[1//2, 1, 1, 1//2],
	[11, 20, 20, 11, 18, 1, 1, 19, 1, 1] => QQFieldElem[0, 0, 0, 0],
	[11, 20, 20, 11, 2, 1, 1, 8, 1, 1] => QQFieldElem[-4//5, 12//5, 8//5, 4//5],
	[11, 20, 20, 11, 11, 1, 1, 3, 1, 1] => QQFieldElem[-1//4, 0, 1//2, 1//2],
	[11, 20, 20, 11, 2, 1, 1, 18, 1, 1] => QQFieldElem[0, 8//5, 4//5, 8//5],
	[11, 20, 20, 11, 7, 1, 1, 19, 1, 1] => QQFieldElem[0, 0, 0, 0],
	[11, 20, 20, 11, 2, 1, 1, 17, 1, 1] => QQFieldElem[0, 0, 0, 0],
	[11, 20, 20, 11, 1, 1, 1, 20, 1, 1] => QQFieldElem[-16//5, -24//5, -24//5, -16//5],
	[11, 20, 20, 11, 8, 1, 1, 3, 1, 1] => QQFieldElem[1, 0, -1, -1],
	[11, 20, 20, 11, 1, 1, 1, 6, 1, 1] => QQFieldElem[-1, -2, -2, -1],
	[11, 20, 20, 11, 18, 1, 1, 8, 1, 1] => QQFieldElem[1//2, 1//2, -1//2, -1//2],
	[11, 20, 20, 11, 17, 1, 1, 3, 1, 1] => QQFieldElem[1//2, 0, -1//2, -1//2],
	[11, 20, 20, 11, 18, 1, 1, 18, 1, 1] => QQFieldElem[1//2, 1//2, 0, 0],
	[11, 20, 20, 11, 7, 1, 1, 8, 1, 1] => QQFieldElem[0, -1//2, 1//2, 0],
	[11, 20, 20, 11, 18, 1, 1, 17, 1, 1] => QQFieldElem[0, 0, 0, 0],
	[11, 20, 20, 11, 7, 1, 1, 18, 1, 1] => QQFieldElem[1//2, 1//2, 0, 1],
	[11, 20, 20, 11, 7, 1, 1, 17, 1, 1] => QQFieldElem[0, 0, 0, 0],
	[11, 20, 20, 11, 1, 1, 1, 3, 1, 1] => QQFieldElem[1, 0, -1, -1],
	[11, 20, 20, 11, 11, 1, 1, 19, 1, 1] => QQFieldElem[-6, -6, 0, 4],
	[11, 20, 20, 11, 8, 1, 2, 12, 1, 1] => QQFieldElem[0, 0, 0, 0],
	[11, 20, 20, 11, 8, 1, 1, 19, 1, 1] => QQFieldElem[0, 0, 0, 0],
	[11, 20, 20, 11, 17, 1, 1, 19, 1, 1] => QQFieldElem[0, 0, 0, 0],
	[11, 20, 20, 11, 11, 1, 1, 8, 1, 1] => QQFieldElem[0, 0, 0, 0],
	[11, 20, 20, 11, 8, 1, 2, 20, 1, 1] => QQFieldElem[-6//5, -14//5, -14//5, -6//5],
	[11, 20, 20, 11, 11, 1, 1, 18, 1, 1] => QQFieldElem[0, 0, 0, 0],
	[11, 20, 20, 11, 2, 1, 1, 12, 1, 1] => QQFieldElem[-8//5, 4//5, 16//5, 8//5],
	[11, 20, 20, 11, 8, 1, 2, 6, 1, 1] => QQFieldElem[-1//4, -3//4, -3//4, -1//4],
	[11, 20, 20, 11, 11, 1, 1, 17, 1, 1] => QQFieldElem[1//2, 0, -1//2, -1//2],
	[11, 20, 20, 11, 8, 1, 1, 8, 1, 1] => QQFieldElem[8//5, 16//5, 24//5, 12//5],
	[11, 20, 20, 11, 8, 1, 1, 18, 1, 1] => QQFieldElem[0, 8//5, 4//5, 8//5],
	[11, 20, 20, 11, 8, 1, 1, 17, 1, 1] => QQFieldElem[0, 0, 0, 0],
	[11, 20, 20, 11, 1, 1, 1, 19, 1, 1] => QQFieldElem[-8, -8, 0, 8],
	[11, 20, 20, 11, 2, 1, 1, 20, 1, 1] => QQFieldElem[16//5, 24//5, 24//5, 16//5],
	[11, 20, 20, 11, 17, 1, 1, 8, 1, 1] => QQFieldElem[0, 0, 0, 0],
	[11, 20, 20, 11, 17, 1, 1, 18, 1, 1] => QQFieldElem[0, 0, 0, 0])