Dict(
	[11, 21, 11, 14, 22, 1, 1, 22, 1, 1] => QQFieldElem[0, 1//2, 0, 0],
	[11, 21, 11, 14, 21, 1, 1, 21, 1, 1] => QQFieldElem[0, 1//2, 0, 0],
	[11, 21, 11, 14, 21, 1, 1, 22, 1, 1] => QQFieldElem[0, -1//2, -1, -1],
	[11, 21, 11, 14, 13, 1, 1, 13, 1, 1] => QQFieldElem[-1//2, 0, 1//2, 1//2],
	[11, 21, 11, 14, 13, 1, 1, 15, 1, 1] => QQFieldElem[1//2, 1, 1//2, 1//2],
	[11, 21, 11, 14, 15, 1, 1, 13, 1, 1] => QQFieldElem[1//2, 1, 1//2, 1//2],
	[11, 21, 11, 14, 13, 1, 1, 21, 1, 1] => QQFieldElem[-1//10, 3//10, 1//5, 1//10],
	[11, 21, 11, 14, 22, 1, 1, 13, 1, 1] => QQFieldElem[1//2, 1//2, 0, -1],
	[11, 21, 11, 14, 15, 1, 1, 15, 1, 1] => QQFieldElem[-1//2, 0, 1//2, 1//2],
	[11, 21, 11, 14, 13, 1, 1, 22, 1, 1] => QQFieldElem[-1//2, -1//2, 0, -1//2],
	[11, 21, 11, 14, 21, 1, 1, 13, 1, 1] => QQFieldElem[-1//2, -3//2, -2, -1],
	[11, 21, 11, 14, 22, 1, 1, 15, 1, 1] => QQFieldElem[-1//2, -3//2, -2, -1],
	[11, 21, 11, 14, 15, 1, 1, 21, 1, 1] => QQFieldElem[-1//2, -1//2, 0, -1//2],
	[11, 21, 11, 14, 21, 1, 1, 15, 1, 1] => QQFieldElem[1//2, 1//2, 0, -1],
	[11, 21, 11, 14, 15, 1, 1, 22, 1, 1] => QQFieldElem[-1//10, 3//10, 1//5, 1//10],
	[11, 21, 11, 14, 22, 1, 1, 21, 1, 1] => QQFieldElem[0, -1//2, -1, -1])