Dict(
	[12, 20, 11, 11, 20, 1, 1, 11, 1, 1] => QQFieldElem[-1//5, -2//5, -3//5, -4//5],
	[12, 20, 11, 11, 3, 1, 1, 8, 1, 1] => QQFieldElem[-2, -4, -2, 0],
	[12, 20, 11, 11, 6, 1, 1, 11, 1, 1] => QQFieldElem[0, 2, 4, 4],
	[12, 20, 11, 11, 3, 1, 1, 18, 1, 1] => QQFieldElem[0, 2, 2, 1],
	[12, 20, 11, 11, 3, 1, 1, 17, 1, 1] => QQFieldElem[0, 0, 0, 0],
	[12, 20, 11, 11, 19, 1, 1, 8, 1, 1] => QQFieldElem[-4//5, -3//5, -2//5, -1//5],
	[12, 20, 11, 11, 19, 1, 1, 18, 1, 1] => QQFieldElem[0, 0, 0, 0],
	[12, 20, 11, 11, 3, 1, 1, 11, 1, 1] => QQFieldElem[2, 0, -2, -2],
	[12, 20, 11, 11, 19, 1, 1, 17, 1, 1] => QQFieldElem[2//5, 3//10, 1//5, 1//10],
	[12, 20, 11, 11, 19, 1, 1, 11, 1, 1] => QQFieldElem[1//5, 2//5, 3//5, 4//5],
	[12, 20, 11, 11, 20, 1, 1, 8, 1, 1] => QQFieldElem[4//5, 3//5, 2//5, 1//5],
	[12, 20, 11, 11, 6, 1, 1, 8, 1, 1] => QQFieldElem[4, 4, 2, 0],
	[12, 20, 11, 11, 20, 1, 1, 18, 1, 1] => QQFieldElem[0, 0, 0, 0],
	[12, 20, 11, 11, 6, 1, 1, 18, 1, 1] => QQFieldElem[-1, -4, -4, -1],
	[12, 20, 11, 11, 20, 1, 1, 17, 1, 1] => QQFieldElem[2//5, 3//10, 1//5, 1//10],
	[12, 20, 11, 11, 6, 1, 1, 17, 1, 1] => QQFieldElem[0, 0, 0, 0])