Dict(
	[12, 19, 14, 22, 21, 1, 2, 18, 1, 1] => QQFieldElem[5//44, 2//11, 1//44, -1//44],
	[12, 19, 14, 22, 21, 1, 2, 17, 1, 1] => QQFieldElem[1, -1//2, 1//2, -1],
	[12, 19, 14, 22, 21, 1, 2, 19, 1, 2] => QQFieldElem[-1//20, 3//20, 7//20, 1//20],
	[12, 19, 14, 22, 22, 1, 2, 11, 1, 1] => QQFieldElem[1, 2, 2, 1],
	[12, 19, 14, 22, 21, 1, 1, 19, 1, 2] => QQFieldElem[1//5, 2//5, 1//10, -1//5],
	[12, 19, 14, 22, 22, 1, 1, 11, 1, 1] => QQFieldElem[1//4, 0, -1//4, 0],
	[12, 19, 14, 22, 13, 1, 1, 19, 1, 1] => QQFieldElem[-27//55, -19//55, -1//55, 12//55],
	[12, 19, 14, 22, 21, 1, 1, 17, 1, 1] => QQFieldElem[0, 0, 1//2, 0],
	[12, 19, 14, 22, 21, 1, 2, 11, 1, 1] => QQFieldElem[1, -1//2, 1//2, -1],
	[12, 19, 14, 22, 21, 1, 1, 11, 1, 1] => QQFieldElem[0, 0, -1//2, 0],
	[12, 19, 14, 22, 15, 1, 1, 19, 1, 1] => QQFieldElem[-1//55, 21//110, 2//55, 7//110],
	[12, 19, 14, 22, 22, 1, 2, 19, 1, 1] => QQFieldElem[-1//4, -1//2, -1//4, -1//4],
	[12, 19, 14, 22, 22, 1, 1, 19, 1, 1] => QQFieldElem[-3//20, -1//20, 1//20, 3//20],
	[12, 19, 14, 22, 13, 1, 1, 20, 1, 1] => QQFieldElem[-1, -1, -1, 0],
	[12, 19, 14, 22, 21, 1, 2, 19, 1, 1] => QQFieldElem[1//5, -3//5, -7//5, -6//5],
	[12, 19, 14, 22, 21, 1, 1, 19, 1, 1] => QQFieldElem[3//22, 3//44, -1//44, -5//22],
	[12, 19, 14, 22, 13, 1, 1, 18, 1, 1] => QQFieldElem[-6//55, -3//55, 13//110, 2//11],
	[12, 19, 14, 22, 15, 1, 1, 20, 1, 1] => QQFieldElem[-1, -3//2, -1, -1//2],
	[12, 19, 14, 22, 13, 1, 1, 17, 1, 1] => QQFieldElem[0, 0, 1, 1],
	[12, 19, 14, 22, 13, 1, 1, 19, 1, 2] => QQFieldElem[4//11, 37//22, 25//11, 27//22],
	[12, 19, 14, 22, 22, 1, 1, 20, 1, 1] => QQFieldElem[0, 1//4, -1//4, 0],
	[12, 19, 14, 22, 22, 1, 2, 20, 1, 1] => QQFieldElem[1, 1, 1, 0],
	[12, 19, 14, 22, 15, 1, 1, 18, 1, 1] => QQFieldElem[19//220, 37//220, 39//220, 1//44],
	[12, 19, 14, 22, 21, 1, 2, 20, 1, 1] => QQFieldElem[-1//2, -1, 1, -2],
	[12, 19, 14, 22, 21, 1, 1, 20, 1, 1] => QQFieldElem[0, 1//2, 0, -1//2],
	[12, 19, 14, 22, 13, 1, 1, 11, 1, 1] => QQFieldElem[0, 0, 1, 1],
	[12, 19, 14, 22, 22, 1, 2, 18, 1, 1] => QQFieldElem[0, 0, 0, 0],
	[12, 19, 14, 22, 15, 1, 1, 17, 1, 1] => QQFieldElem[1, 2, 3//2, 0],
	[12, 19, 14, 22, 22, 1, 1, 18, 1, 1] => QQFieldElem[3//220, -1//55, -3//110, -21//440],
	[12, 19, 14, 22, 15, 1, 1, 19, 1, 2] => QQFieldElem[25//22, 9//11, 8//11, 3//11],
	[12, 19, 14, 22, 22, 1, 2, 17, 1, 1] => QQFieldElem[-1, -2, -2, -1],
	[12, 19, 14, 22, 22, 1, 2, 19, 1, 2] => QQFieldElem[0, 0, 0, 0],
	[12, 19, 14, 22, 22, 1, 1, 17, 1, 1] => QQFieldElem[1//4, 0, -1//4, 0],
	[12, 19, 14, 22, 22, 1, 1, 19, 1, 2] => QQFieldElem[0, 0, 0, 1//8],
	[12, 19, 14, 22, 15, 1, 1, 11, 1, 1] => QQFieldElem[-1, -2, -3//2, 0],
	[12, 19, 14, 22, 21, 1, 1, 18, 1, 1] => QQFieldElem[-7//220, 13//220, 5//44, 19//220])