Dict(
	[12, 20, 21, 13, 16, 1, 1, 20, 1, 2] => QQFieldElem[2//5, -6//5, -4//5, -2//5],
	[12, 20, 21, 13, 21, 1, 2, 19, 1, 1] => QQFieldElem[1, 0, 0, 0],
	[12, 20, 21, 13, 21, 1, 1, 19, 1, 1] => QQFieldElem[0, 1, 1//2, 1//2],
	[12, 20, 21, 13, 14, 1, 1, 20, 1, 2] => QQFieldElem[-1//5, -2//5, 2//5, 1//5],
	[12, 20, 21, 13, 16, 1, 1, 19, 1, 1] => QQFieldElem[0, -1, -1//2, -1//2],
	[12, 20, 21, 13, 14, 1, 1, 19, 1, 1] => QQFieldElem[-1, -1, -2, -1],
	[12, 20, 21, 13, 22, 1, 2, 20, 1, 1] => QQFieldElem[-1, 0, 0, 0],
	[12, 20, 21, 13, 22, 1, 1, 20, 1, 1] => QQFieldElem[0, -1, -1//2, -1//2],
	[12, 20, 21, 13, 21, 1, 2, 20, 1, 1] => QQFieldElem[-1//2, -1//2, 0, -1//2],
	[12, 20, 21, 13, 21, 1, 1, 20, 1, 1] => QQFieldElem[1//2, 0, 1//4, 1//2],
	[12, 20, 21, 13, 22, 1, 2, 18, 1, 1] => QQFieldElem[1//2, 1//2, 0, 1//2],
	[12, 20, 21, 13, 16, 1, 1, 20, 1, 1] => QQFieldElem[3//5, 6//5, 4//5, 7//5],
	[12, 20, 21, 13, 22, 1, 1, 18, 1, 1] => QQFieldElem[-1//2, 0, -1//4, -1//2],
	[12, 20, 21, 13, 14, 1, 1, 20, 1, 1] => QQFieldElem[4//5, -2//5, 2//5, -4//5],
	[12, 20, 21, 13, 22, 1, 2, 17, 1, 1] => QQFieldElem[-3//11, -1//11, -1//22, -7//44],
	[12, 20, 21, 13, 22, 1, 1, 17, 1, 1] => QQFieldElem[1//22, -17//88, -3//88, 3//44],
	[12, 20, 21, 13, 21, 1, 1, 18, 1, 1] => QQFieldElem[3//5, 6//5, 4//5, 7//5],
	[12, 20, 21, 13, 21, 1, 2, 18, 1, 1] => QQFieldElem[2//5, -6//5, -4//5, -2//5],
	[12, 20, 21, 13, 16, 1, 1, 18, 1, 1] => QQFieldElem[-1//5, -2//5, 2//5, 1//5],
	[12, 20, 21, 13, 21, 1, 2, 17, 1, 1] => QQFieldElem[-5//11, -9//11, -10//11, -2//11],
	[12, 20, 21, 13, 22, 1, 2, 11, 1, 1] => QQFieldElem[1//2, 0, 1//2, 1//4],
	[12, 20, 21, 13, 21, 1, 1, 17, 1, 1] => QQFieldElem[1//2, 1, 1, 1//2],
	[12, 20, 21, 13, 22, 1, 1, 11, 1, 1] => QQFieldElem[-1//4, 1//8, -1//8, 1//4],
	[12, 20, 21, 13, 14, 1, 1, 18, 1, 1] => QQFieldElem[-4//5, 2//5, -2//5, 4//5],
	[12, 20, 21, 13, 16, 1, 1, 17, 1, 1] => QQFieldElem[-1//22, -2//11, -1//11, -7//22],
	[12, 20, 21, 13, 21, 1, 2, 11, 1, 1] => QQFieldElem[1, 1, 0, 0],
	[12, 20, 21, 13, 21, 1, 1, 11, 1, 1] => QQFieldElem[-1//2, -1, 0, 1//2],
	[12, 20, 21, 13, 14, 1, 1, 17, 1, 1] => QQFieldElem[3//11, 1//11, -5//11, -1//11],
	[12, 20, 21, 13, 16, 1, 1, 11, 1, 1] => QQFieldElem[-1//2, 0, 0, -1//2],
	[12, 20, 21, 13, 22, 1, 2, 20, 1, 2] => QQFieldElem[0, 1//2, 1//4, 1//2],
	[12, 20, 21, 13, 22, 1, 1, 20, 1, 2] => QQFieldElem[-5//8, -1//4, -1//8, -1//4],
	[12, 20, 21, 13, 14, 1, 1, 11, 1, 1] => QQFieldElem[-1, -1, -1, -1],
	[12, 20, 21, 13, 22, 1, 2, 19, 1, 1] => QQFieldElem[0, 1//2, 1//4, 1//2],
	[12, 20, 21, 13, 21, 1, 2, 20, 1, 2] => QQFieldElem[0, 1, 1//2, 1//2],
	[12, 20, 21, 13, 22, 1, 1, 19, 1, 1] => QQFieldElem[-5//8, -1//4, -1//8, -1//4],
	[12, 20, 21, 13, 21, 1, 1, 20, 1, 2] => QQFieldElem[-1, -1, -2, -1])