Dict(
	[12, 15, 17, 21, 13, 1, 1, 21, 1, 2] => QQFieldElem[1, 0, -5//2, -5//2],
	[12, 15, 17, 21, 13, 1, 1, 14, 1, 1] => QQFieldElem[-7//5, -9//5, -1//5, 2//5],
	[12, 15, 17, 21, 13, 1, 1, 22, 1, 2] => QQFieldElem[5//22, -35//22, -45//22, -10//11],
	[12, 15, 17, 21, 9, 1, 1, 21, 1, 1] => QQFieldElem[-1, -3//2, 0, 0],
	[12, 15, 17, 21, 9, 1, 1, 22, 1, 1] => QQFieldElem[-3//11, 9//22, -1//22, 13//22],
	[12, 15, 17, 21, 15, 1, 1, 21, 1, 2] => QQFieldElem[0, 0, -1//2, -1//2],
	[12, 15, 17, 21, 15, 1, 1, 14, 1, 1] => QQFieldElem[-1//2, -1//2, -1//2, -1],
	[12, 15, 17, 21, 9, 1, 1, 16, 1, 1] => QQFieldElem[1, 3//2, 0, 0],
	[12, 15, 17, 21, 15, 1, 1, 22, 1, 2] => QQFieldElem[-9//22, -3//22, -7//22, -4//11],
	[12, 15, 17, 21, 22, 1, 1, 21, 1, 2] => QQFieldElem[0, 0, 0, 0],
	[12, 15, 17, 21, 22, 1, 1, 14, 1, 1] => QQFieldElem[2//5, 4//5, 1//5, 3//5],
	[12, 15, 17, 21, 22, 1, 1, 22, 1, 2] => QQFieldElem[-1//2, -1//2, -1//2, 0],
	[12, 15, 17, 21, 21, 1, 1, 21, 1, 2] => QQFieldElem[-2, -4, -3, -1],
	[12, 15, 17, 21, 13, 1, 1, 21, 1, 1] => QQFieldElem[-1//10, -11//20, -1//10, 0],
	[12, 15, 17, 21, 21, 1, 1, 14, 1, 1] => QQFieldElem[1//10, 3//10, 1//10, 0],
	[12, 15, 17, 21, 16, 1, 1, 21, 1, 2] => QQFieldElem[3//2, 3//2, 1//2, -1],
	[12, 15, 17, 21, 21, 1, 1, 22, 1, 2] => QQFieldElem[-3//2, -5//2, -3//2, 0],
	[12, 15, 17, 21, 16, 1, 1, 14, 1, 1] => QQFieldElem[2, 4, 3, 1],
	[12, 15, 17, 21, 13, 1, 1, 16, 1, 1] => QQFieldElem[0, -3//2, -2, -1],
	[12, 15, 17, 21, 16, 1, 1, 22, 1, 2] => QQFieldElem[2, 3//2, -1//2, -3//2],
	[12, 15, 17, 21, 13, 1, 1, 22, 1, 1] => QQFieldElem[-3//11, -1//11, -1//22, 1//11],
	[12, 15, 17, 21, 15, 1, 1, 21, 1, 1] => QQFieldElem[1//10, -1//20, -1//5, -1//10],
	[12, 15, 17, 21, 15, 1, 1, 22, 1, 1] => QQFieldElem[6//55, 2//55, -9//110, 9//55],
	[12, 15, 17, 21, 22, 1, 1, 21, 1, 1] => QQFieldElem[0, -1//4, 0, 0],
	[12, 15, 17, 21, 9, 1, 1, 21, 1, 2] => QQFieldElem[0, 3//2, 2, 1],
	[12, 15, 17, 21, 15, 1, 1, 16, 1, 1] => QQFieldElem[0, 1//4, 0, 0],
	[12, 15, 17, 21, 9, 1, 1, 14, 1, 1] => QQFieldElem[1, -1, -1, 0],
	[12, 15, 17, 21, 22, 1, 1, 22, 1, 1] => QQFieldElem[0, 0, 0, 0],
	[12, 15, 17, 21, 9, 1, 1, 22, 1, 2] => QQFieldElem[2//11, 27//22, 19//22, -5//22],
	[12, 15, 17, 21, 22, 1, 1, 16, 1, 1] => QQFieldElem[0, 0, 1//2, 1//2],
	[12, 15, 17, 21, 21, 1, 1, 21, 1, 1] => QQFieldElem[-2//5, -1//20, 3//10, -1//10],
	[12, 15, 17, 21, 16, 1, 1, 21, 1, 1] => QQFieldElem[-1//2, 1//2, 1//2, 0],
	[12, 15, 17, 21, 21, 1, 1, 22, 1, 1] => QQFieldElem[0, 2//5, 1//5, 2//5],
	[12, 15, 17, 21, 21, 1, 1, 16, 1, 1] => QQFieldElem[1//5, 3//20, 1//10, 3//10],
	[12, 15, 17, 21, 16, 1, 1, 22, 1, 1] => QQFieldElem[1//5, 9//10, 11//10, 3//10],
	[12, 15, 17, 21, 16, 1, 1, 16, 1, 1] => QQFieldElem[-1, 0, 1//2, 1//2])