Dict(
	[12, 10, 21, 18, 18, 1, 1, 21, 1, 2] => QQFieldElem[2, 11//2, 11//2, 2],
	[12, 10, 21, 18, 20, 1, 1, 21, 1, 1] => QQFieldElem[9//32, 3//8, 9//32, 0],
	[12, 10, 21, 18, 12, 1, 1, 21, 1, 1] => QQFieldElem[-1//4, 0, 3//4, 3//4],
	[12, 10, 21, 18, 19, 1, 1, 21, 1, 2] => QQFieldElem[1//8, 0, 1//16, 1//16],
	[12, 10, 21, 18, 18, 1, 1, 22, 1, 2] => QQFieldElem[3//16, 0, -1//4, -1//4],
	[12, 10, 21, 18, 20, 1, 1, 22, 1, 1] => QQFieldElem[1//4, 7//16, 1//4, 0],
	[12, 10, 21, 18, 12, 1, 1, 22, 1, 1] => QQFieldElem[1//16, 1//8, 1//16, 1//16],
	[12, 10, 21, 18, 19, 1, 1, 22, 1, 2] => QQFieldElem[1//16, 0, 0, 0],
	[12, 10, 21, 18, 18, 1, 1, 21, 1, 1] => QQFieldElem[-7//4, 0, 11//4, 11//4],
	[12, 10, 21, 18, 19, 1, 1, 21, 1, 1] => QQFieldElem[-1//32, 1//16, -1//32, 0],
	[12, 10, 21, 18, 18, 1, 1, 22, 1, 1] => QQFieldElem[1//4, 7//16, 1//4, 0],
	[12, 10, 21, 18, 19, 1, 1, 22, 1, 1] => QQFieldElem[0, 1//16, 0, -1//16],
	[12, 10, 21, 18, 20, 1, 1, 21, 1, 2] => QQFieldElem[0, 0, -5//16, -5//16],
	[12, 10, 21, 18, 12, 1, 1, 21, 1, 2] => QQFieldElem[0, 1//2, 1//2, 0],
	[12, 10, 21, 18, 20, 1, 1, 22, 1, 2] => QQFieldElem[3//16, 0, -1//4, -1//4],
	[12, 10, 21, 18, 12, 1, 1, 22, 1, 2] => QQFieldElem[1//16, 0, 0, 0])