Dict(
	[13, 22, 8, 20, 22, 1, 1, 20, 1, 2] => QQFieldElem[1, -1, 1, -1],
	[13, 22, 8, 20, 21, 2, 1, 11, 1, 1] => QQFieldElem[1//2, 0, 0, 0],
	[13, 22, 8, 20, 14, 1, 1, 11, 1, 1] => QQFieldElem[-3//5, -1//5, 1//5, 3//5],
	[13, 22, 8, 20, 22, 2, 1, 20, 1, 2] => QQFieldElem[-2//5, -3//10, -1//5, -3//5],
	[13, 22, 8, 20, 22, 1, 1, 12, 1, 1] => QQFieldElem[2, -2, 0, 0],
	[13, 22, 8, 20, 21, 1, 1, 20, 1, 2] => QQFieldElem[0, -4//5, -2//5, -4//5],
	[13, 22, 8, 20, 16, 1, 1, 20, 1, 2] => QQFieldElem[2//5, 4//5, 1//5, 3//5],
	[13, 22, 8, 20, 21, 2, 1, 20, 1, 2] => QQFieldElem[0, 0, 0, 0],
	[13, 22, 8, 20, 22, 1, 1, 20, 2, 2] => QQFieldElem[-2, 2, 0, 0],
	[13, 22, 8, 20, 21, 1, 1, 12, 1, 1] => QQFieldElem[-1, 0, 0, 1],
	[13, 22, 8, 20, 14, 1, 1, 20, 1, 2] => QQFieldElem[4, 0, 4, 2],
	[13, 22, 8, 20, 16, 1, 1, 12, 1, 1] => QQFieldElem[0, 2, 2, 0],
	[13, 22, 8, 20, 22, 2, 1, 12, 1, 1] => QQFieldElem[0, 0, -1, -1],
	[13, 22, 8, 20, 22, 2, 1, 20, 2, 2] => QQFieldElem[-2//5, 1//5, -6//5, -3//5],
	[13, 22, 8, 20, 21, 1, 1, 20, 2, 2] => QQFieldElem[4, 0, 4, 2],
	[13, 22, 8, 20, 14, 1, 1, 12, 1, 1] => QQFieldElem[-3//5, -1//5, 1//5, 3//5],
	[13, 22, 8, 20, 21, 2, 1, 12, 1, 1] => QQFieldElem[1//2, 0, 0, 0],
	[13, 22, 8, 20, 16, 1, 1, 20, 2, 2] => QQFieldElem[2, 2, 2, 2],
	[13, 22, 8, 20, 22, 1, 1, 20, 1, 1] => QQFieldElem[0, 0, 0, 0],
	[13, 22, 8, 20, 21, 2, 1, 20, 2, 2] => QQFieldElem[2//5, -1//5, 1//5, -2//5],
	[13, 22, 8, 20, 14, 1, 1, 20, 2, 2] => QQFieldElem[-2//5, 1//5, -1//5, 2//5],
	[13, 22, 8, 20, 22, 2, 1, 20, 1, 1] => QQFieldElem[-8//5, 4//5, -4//5, -2//5],
	[13, 22, 8, 20, 21, 1, 1, 20, 1, 1] => QQFieldElem[1, -1, 1, -1],
	[13, 22, 8, 20, 16, 1, 1, 20, 1, 1] => QQFieldElem[0, 0, 0, 0],
	[13, 22, 8, 20, 21, 2, 1, 20, 1, 1] => QQFieldElem[0, 1//2, 0, 0],
	[13, 22, 8, 20, 22, 1, 1, 20, 2, 1] => QQFieldElem[-2//5, 0, 1//5, 1//5],
	[13, 22, 8, 20, 14, 1, 1, 20, 1, 1] => QQFieldElem[0, 4//5, 2//5, 4//5],
	[13, 22, 8, 20, 22, 2, 1, 20, 2, 1] => QQFieldElem[-2, -2, -2, -2],
	[13, 22, 8, 20, 21, 1, 1, 20, 2, 1] => QQFieldElem[2, -2, 0, 0],
	[13, 22, 8, 20, 16, 1, 1, 20, 2, 1] => QQFieldElem[8//5, -4//5, 4//5, 2//5],
	[13, 22, 8, 20, 22, 1, 1, 11, 1, 1] => QQFieldElem[-2, 2, 0, 0],
	[13, 22, 8, 20, 21, 2, 1, 20, 2, 1] => QQFieldElem[0, -1, 0, -1],
	[13, 22, 8, 20, 14, 1, 1, 20, 2, 1] => QQFieldElem[0, 0, 0, 0],
	[13, 22, 8, 20, 22, 2, 1, 11, 1, 1] => QQFieldElem[0, 0, -1, -1],
	[13, 22, 8, 20, 21, 1, 1, 11, 1, 1] => QQFieldElem[1, 0, 0, -1],
	[13, 22, 8, 20, 16, 1, 1, 11, 1, 1] => QQFieldElem[0, -2, -2, 0])