Dict(
	[13, 19, 14, 19, 13, 1, 1, 13, 1, 1] => QQFieldElem[0, 3//2, 2, 3//2],
	[13, 19, 14, 19, 15, 1, 1, 21, 1, 2] => QQFieldElem[1//220, -19//110, -57//220, -31//220],
	[13, 19, 14, 19, 22, 1, 2, 21, 1, 2] => QQFieldElem[-3//22, -7//22, -5//22, 5//22],
	[13, 19, 14, 19, 13, 1, 1, 15, 1, 1] => QQFieldElem[0, 1//2, 0, -1//2],
	[13, 19, 14, 19, 15, 1, 1, 22, 1, 2] => QQFieldElem[-1//4, 0, 1//4, 1//4],
	[13, 19, 14, 19, 22, 1, 1, 21, 1, 2] => QQFieldElem[4//11, 24//11, 14//11, 8//11],
	[13, 19, 14, 19, 15, 1, 1, 13, 1, 1] => QQFieldElem[0, 1//2, 0, -1//2],
	[13, 19, 14, 19, 22, 1, 2, 22, 1, 2] => QQFieldElem[1//2, 3//2, 1//2, -1//2],
	[13, 19, 14, 19, 21, 1, 2, 21, 1, 2] => QQFieldElem[-3//11, 4//11, 23//22, 5//11],
	[13, 19, 14, 19, 22, 1, 2, 13, 1, 1] => QQFieldElem[1//2, -1, -5//2, -2],
	[13, 19, 14, 19, 13, 1, 1, 21, 1, 1] => QQFieldElem[23//220, 3//110, 9//220, 1//110],
	[13, 19, 14, 19, 22, 1, 1, 13, 1, 1] => QQFieldElem[-2, -1, 1, 2],
	[13, 19, 14, 19, 21, 1, 1, 21, 1, 2] => QQFieldElem[6//11, 3//11, 9//22, 1//11],
	[13, 19, 14, 19, 22, 1, 1, 22, 1, 2] => QQFieldElem[-2, -4, -4, -2],
	[13, 19, 14, 19, 15, 1, 1, 15, 1, 1] => QQFieldElem[0, 3//2, 2, 3//2],
	[13, 19, 14, 19, 13, 1, 1, 22, 1, 1] => QQFieldElem[1//4, 1//2, 1//4, 0],
	[13, 19, 14, 19, 21, 1, 2, 13, 1, 1] => QQFieldElem[-1//2, -1, -1//2, 0],
	[13, 19, 14, 19, 21, 1, 1, 22, 1, 2] => QQFieldElem[-1, -1, -1//2, 0],
	[13, 19, 14, 19, 21, 1, 1, 13, 1, 1] => QQFieldElem[2, 5, 3, 0],
	[13, 19, 14, 19, 22, 1, 2, 15, 1, 1] => QQFieldElem[-1//2, -1, -1//2, 0],
	[13, 19, 14, 19, 22, 1, 1, 15, 1, 1] => QQFieldElem[0, 1, 1, 0],
	[13, 19, 14, 19, 21, 1, 2, 22, 1, 2] => QQFieldElem[0, 0, 1//2, 0],
	[13, 19, 14, 19, 15, 1, 1, 21, 1, 1] => QQFieldElem[0, 1, 3//2, 1],
	[13, 19, 14, 19, 21, 1, 2, 15, 1, 1] => QQFieldElem[1//2, -1, -5//2, -2],
	[13, 19, 14, 19, 22, 1, 2, 21, 1, 1] => QQFieldElem[1//22, -5//22, -35//22, -31//22],
	[13, 19, 14, 19, 21, 1, 1, 15, 1, 1] => QQFieldElem[-4, 3, 11, 10],
	[13, 19, 14, 19, 22, 1, 1, 21, 1, 1] => QQFieldElem[-2, 0, 6, 6],
	[13, 19, 14, 19, 15, 1, 1, 22, 1, 1] => QQFieldElem[1, 1, 1//2, 0],
	[13, 19, 14, 19, 22, 1, 2, 22, 1, 1] => QQFieldElem[1//2, 1//2, -1//2, -1//2],
	[13, 19, 14, 19, 22, 1, 1, 22, 1, 1] => QQFieldElem[0, 0, 0, 0],
	[13, 19, 14, 19, 21, 1, 2, 21, 1, 1] => QQFieldElem[-5//44, -2//11, -1//44, 1//44],
	[13, 19, 14, 19, 21, 1, 1, 21, 1, 1] => QQFieldElem[-4//11, -2//11, 5//22, 3//11],
	[13, 19, 14, 19, 21, 1, 2, 22, 1, 1] => QQFieldElem[-7//20, -7//10, -11//20, -3//20],
	[13, 19, 14, 19, 21, 1, 1, 22, 1, 1] => QQFieldElem[3//5, 6//5, 13//10, 2//5],
	[13, 19, 14, 19, 13, 1, 1, 21, 1, 2] => QQFieldElem[1//44, 3//22, 9//44, 1//22],
	[13, 19, 14, 19, 13, 1, 1, 22, 1, 2] => QQFieldElem[-1//20, -1//10, -3//20, -1//5])