Dict(
	[13, 20, 21, 19, 16, 1, 1, 21, 1, 2] => QQFieldElem[-1//4, 1, 5//4, 1//2],
	[13, 20, 21, 19, 21, 1, 2, 22, 1, 2] => QQFieldElem[0, 3//2, 1, 0],
	[13, 20, 21, 19, 13, 1, 2, 16, 1, 1] => QQFieldElem[0, 1//2, 1, 1//2],
	[13, 20, 21, 19, 22, 1, 1, 21, 2, 2] => QQFieldElem[1//4, 2, 5//2, 3//2],
	[13, 20, 21, 19, 16, 1, 1, 22, 1, 2] => QQFieldElem[-1//2, 0, -1, -1],
	[13, 20, 21, 19, 22, 1, 1, 22, 2, 2] => QQFieldElem[-1//4, -5//4, -5//4, -9//4],
	[13, 20, 21, 19, 15, 1, 1, 21, 1, 1] => QQFieldElem[1//2, 3//4, 0, 0],
	[13, 20, 21, 19, 21, 1, 2, 21, 2, 2] => QQFieldElem[0, 0, 1//2, 0],
	[13, 20, 21, 19, 16, 1, 1, 21, 2, 2] => QQFieldElem[-1//2, -3//2, -1//2, 0],
	[13, 20, 21, 19, 15, 1, 1, 22, 1, 1] => QQFieldElem[-1//2, -13//8, -3//2, -2],
	[13, 20, 21, 19, 21, 1, 2, 22, 2, 2] => QQFieldElem[0, -1//2, 0, 0],
	[13, 20, 21, 19, 9, 1, 1, 21, 1, 2] => QQFieldElem[1//4, 3//2, 5//4, 3//4],
	[13, 20, 21, 19, 16, 1, 1, 22, 2, 2] => QQFieldElem[1, 0, 1, 0],
	[13, 20, 21, 19, 22, 1, 2, 16, 1, 1] => QQFieldElem[1//4, 1, 1, 1//4],
	[13, 20, 21, 19, 9, 1, 1, 22, 1, 2] => QQFieldElem[-1, -1, -1, 1//2],
	[13, 20, 21, 19, 15, 1, 1, 14, 1, 2] => QQFieldElem[1//4, 1//4, 0, -1//2],
	[13, 20, 21, 19, 10, 1, 1, 14, 1, 1] => QQFieldElem[0, 1//4, 3//4, 1//4],
	[13, 20, 21, 19, 15, 1, 1, 21, 2, 1] => QQFieldElem[0, 1//2, 1//2, 1],
	[13, 20, 21, 19, 15, 1, 1, 22, 2, 1] => QQFieldElem[1//4, 9//4, 9//4, 1//4],
	[13, 20, 21, 19, 21, 1, 1, 16, 1, 1] => QQFieldElem[-3//8, -1//2, -3//8, 5//8],
	[13, 20, 21, 19, 9, 1, 1, 21, 2, 2] => QQFieldElem[-1, -1, -1//2, 0],
	[13, 20, 21, 19, 13, 1, 2, 14, 1, 1] => QQFieldElem[-1//4, -1//2, 1//4, 1//2],
	[13, 20, 21, 19, 9, 1, 1, 22, 2, 2] => QQFieldElem[0, 0, -1, -1],
	[13, 20, 21, 19, 14, 1, 1, 16, 1, 1] => QQFieldElem[1//2, -1//4, -1, -1//2],
	[13, 20, 21, 19, 13, 1, 1, 16, 1, 2] => QQFieldElem[0, 1//2, 1//2, 1],
	[13, 20, 21, 19, 15, 1, 2, 21, 1, 2] => QQFieldElem[-1//2, -1//2, -1, -1//2],
	[13, 20, 21, 19, 15, 1, 2, 22, 1, 2] => QQFieldElem[0, 0, 1, 1],
	[13, 20, 21, 19, 22, 1, 2, 14, 1, 1] => QQFieldElem[0, 1//4, 0, -1//4],
	[13, 20, 21, 19, 15, 1, 2, 21, 2, 2] => QQFieldElem[1//2, 3//2, 1, 1//2],
	[13, 20, 21, 19, 22, 1, 1, 16, 1, 2] => QQFieldElem[1//4, -1, -5//4, -1//2],
	[13, 20, 21, 19, 13, 1, 1, 21, 1, 1] => QQFieldElem[-1//4, 1//8, 1//2, 1//4],
	[13, 20, 21, 19, 21, 1, 1, 14, 1, 1] => QQFieldElem[1//8, 1//4, 3//8, 1//2],
	[13, 20, 21, 19, 15, 1, 2, 22, 2, 2] => QQFieldElem[2//5, 4//5, 1//5, 3//5],
	[13, 20, 21, 19, 21, 1, 2, 16, 1, 2] => QQFieldElem[1//2, 1//2, -1//2, -1],
	[13, 20, 21, 19, 13, 1, 1, 22, 1, 1] => QQFieldElem[-3//2, -3//4, -1//4, -5//4],
	[13, 20, 21, 19, 14, 1, 1, 14, 1, 1] => QQFieldElem[-11//8, -3//2, -3//8, 1//8],
	[13, 20, 21, 19, 16, 1, 1, 16, 1, 2] => QQFieldElem[-1//2, -1//2, -1, -1//2],
	[13, 20, 21, 19, 13, 1, 1, 14, 1, 2] => QQFieldElem[0, -1//4, -1//2, -1//2],
	[13, 20, 21, 19, 13, 1, 1, 21, 2, 1] => QQFieldElem[-1//4, 0, -1//2, -1//2],
	[13, 20, 21, 19, 22, 1, 1, 21, 1, 1] => QQFieldElem[-1//4, -9//8, -3//4, 1//4],
	[13, 20, 21, 19, 15, 1, 1, 16, 1, 1] => QQFieldElem[1, 3//2, 3//2, 1],
	[13, 20, 21, 19, 13, 1, 1, 22, 2, 1] => QQFieldElem[-1//2, 0, -1, -1],
	[13, 20, 21, 19, 22, 1, 1, 22, 1, 1] => QQFieldElem[1//2, -7//8, 1//4, 3//4],
	[13, 20, 21, 19, 21, 1, 2, 21, 1, 1] => QQFieldElem[-3//4, -1, -1//2, -1//4],
	[13, 20, 21, 19, 10, 1, 1, 21, 1, 2] => QQFieldElem[-1//4, -2, -5//2, -3//2],
	[13, 20, 21, 19, 9, 1, 1, 16, 1, 2] => QQFieldElem[-2//5, 1//5, -1//5, 2//5],
	[13, 20, 21, 19, 21, 1, 2, 22, 1, 1] => QQFieldElem[1, -1, 3//2, 1],
	[13, 20, 21, 19, 16, 1, 1, 21, 1, 1] => QQFieldElem[-1//8, -1//4, -3//8, -9//8],
	[13, 20, 21, 19, 10, 1, 1, 22, 1, 2] => QQFieldElem[3//2, 2, 1, 1],
	[13, 20, 21, 19, 22, 1, 1, 14, 1, 2] => QQFieldElem[-1//2, -1//2, -1//4, 0],
	[13, 20, 21, 19, 22, 1, 1, 21, 2, 1] => QQFieldElem[1//4, 0, 1//2, 1//2],
	[13, 20, 21, 19, 16, 1, 1, 22, 1, 1] => QQFieldElem[-1//2, 3//4, -5//4, -1//4],
	[13, 20, 21, 19, 13, 1, 2, 21, 1, 2] => QQFieldElem[0, -1, -1, 0],
	[13, 20, 21, 19, 21, 1, 2, 14, 1, 2] => QQFieldElem[1//2, -1//2, -3//2, -1],
	[13, 20, 21, 19, 22, 1, 1, 22, 2, 1] => QQFieldElem[-1//4, -9//4, -9//4, -1//4],
	[13, 20, 21, 19, 10, 1, 1, 21, 2, 2] => QQFieldElem[3//2, 3//2, 0, -1//2],
	[13, 20, 21, 19, 13, 1, 2, 22, 1, 2] => QQFieldElem[0, -1//2, 0, 0],
	[13, 20, 21, 19, 21, 1, 2, 21, 2, 1] => QQFieldElem[1//2, 1//2, -1//2, -1],
	[13, 20, 21, 19, 21, 1, 2, 22, 2, 1] => QQFieldElem[1, 0, -1, 0],
	[13, 20, 21, 19, 16, 1, 1, 14, 1, 2] => QQFieldElem[-1//2, 0, 1//2, 1//2],
	[13, 20, 21, 19, 16, 1, 1, 21, 2, 1] => QQFieldElem[3//4, 1//2, 1//2, 3//4],
	[13, 20, 21, 19, 10, 1, 1, 22, 2, 2] => QQFieldElem[-1, 0, 1, 0],
	[13, 20, 21, 19, 9, 1, 1, 21, 1, 1] => QQFieldElem[1//4, 1//2, 1//4, 1//4],
	[13, 20, 21, 19, 16, 1, 1, 22, 2, 1] => QQFieldElem[1, 0, 3//2, 0],
	[13, 20, 21, 19, 13, 1, 2, 21, 2, 2] => QQFieldElem[2//5, -1//5, 1//5, -2//5],
	[13, 20, 21, 19, 9, 1, 1, 22, 1, 1] => QQFieldElem[0, 0, 0, 1//2],
	[13, 20, 21, 19, 15, 1, 1, 14, 1, 1] => QQFieldElem[1, 1//4, -1, -3//2],
	[13, 20, 21, 19, 22, 1, 2, 21, 1, 2] => QQFieldElem[-1//4, -7//4, -3//4, 1//4],
	[13, 20, 21, 19, 15, 1, 2, 16, 1, 2] => QQFieldElem[1//2, 3//2, 1, 1//2],
	[13, 20, 21, 19, 13, 1, 2, 22, 2, 2] => QQFieldElem[0, 3//2, 1, 0],
	[13, 20, 21, 19, 9, 1, 1, 21, 2, 1] => QQFieldElem[0, 0, 1//2, 0],
	[13, 20, 21, 19, 22, 1, 2, 22, 1, 2] => QQFieldElem[-3//2, 3//4, 1//2, -1],
	[13, 20, 21, 19, 9, 1, 1, 14, 1, 2] => QQFieldElem[1//2, 1, 1, 1//2],
	[13, 20, 21, 19, 21, 1, 1, 21, 1, 2] => QQFieldElem[-1//4, -3//2, -5//4, -3//4],
	[13, 20, 21, 19, 9, 1, 1, 22, 2, 1] => QQFieldElem[-2//5, -4//5, -1//5, -3//5],
	[13, 20, 21, 19, 22, 1, 2, 21, 2, 2] => QQFieldElem[3//2, 3//2, 0, -1//2],
	[13, 20, 21, 19, 21, 1, 1, 22, 1, 2] => QQFieldElem[1//4, 1//2, 2, 1],
	[13, 20, 21, 19, 13, 1, 1, 16, 1, 1] => QQFieldElem[1//2, 3//4, 0, 0],
	[13, 20, 21, 19, 14, 1, 1, 21, 1, 2] => QQFieldElem[1, 3//2, 3//2, 1],
	[13, 20, 21, 19, 22, 1, 2, 22, 2, 2] => QQFieldElem[-2, -5//2, -3//2, -3//2],
	[13, 20, 21, 19, 15, 1, 2, 21, 1, 1] => QQFieldElem[0, -1//2, -1, -1//2],
	[13, 20, 21, 19, 14, 1, 1, 22, 1, 2] => QQFieldElem[1//4, 5//4, 5//4, 9//4],
	[13, 20, 21, 19, 21, 1, 1, 21, 2, 2] => QQFieldElem[-1//4, -1//2, -1//4, -1//4],
	[13, 20, 21, 19, 15, 1, 2, 22, 1, 1] => QQFieldElem[-3//2, -5//4, -1//2, -1//2],
	[13, 20, 21, 19, 21, 1, 1, 22, 2, 2] => QQFieldElem[3//4, 1, 3//2, 1//2],
	[13, 20, 21, 19, 14, 1, 1, 21, 2, 2] => QQFieldElem[-1, 0, 0, 0],
	[13, 20, 21, 19, 15, 1, 2, 14, 1, 2] => QQFieldElem[1//2, 1, 1//2, 1//2],
	[13, 20, 21, 19, 22, 1, 1, 16, 1, 1] => QQFieldElem[-5//8, 0, 5//8, 5//8],
	[13, 20, 21, 19, 14, 1, 1, 22, 2, 2] => QQFieldElem[-2, -5//2, -3//2, -3//2],
	[13, 20, 21, 19, 15, 1, 2, 21, 2, 1] => QQFieldElem[3//5, 6//5, 4//5, 2//5],
	[13, 20, 21, 19, 15, 1, 2, 22, 2, 1] => QQFieldElem[0, 1//2, -3//2, -3//2],
	[13, 20, 21, 19, 21, 1, 2, 16, 1, 1] => QQFieldElem[-1//4, -1//2, -1, -3//4],
	[13, 20, 21, 19, 10, 1, 1, 16, 1, 2] => QQFieldElem[0, 1, 1, 0],
	[13, 20, 21, 19, 16, 1, 1, 16, 1, 1] => QQFieldElem[1//4, 3//2, 5//4, 3//4],
	[13, 20, 21, 19, 13, 1, 1, 14, 1, 1] => QQFieldElem[-3//8, 3//4, 7//8, 5//8],
	[13, 20, 21, 19, 13, 1, 2, 16, 1, 2] => QQFieldElem[-3//5, -6//5, -4//5, -2//5],
	[13, 20, 21, 19, 15, 1, 1, 21, 1, 2] => QQFieldElem[-1//4, -3//2, -5//4, -3//4],
	[13, 20, 21, 19, 10, 1, 1, 21, 1, 1] => QQFieldElem[1//4, 1//8, 1//4, 5//4],
	[13, 20, 21, 19, 9, 1, 1, 16, 1, 1] => QQFieldElem[-1//2, -3//2, -1, -1//2],
	[13, 20, 21, 19, 15, 1, 1, 22, 1, 2] => QQFieldElem[-1, -1, -1, 1//2],
	[13, 20, 21, 19, 10, 1, 1, 22, 1, 1] => QQFieldElem[-3//2, -5//4, -5//4, -9//4],
	[13, 20, 21, 19, 22, 1, 1, 14, 1, 1] => QQFieldElem[1//8, 3//4, 5//8, -1//4],
	[13, 20, 21, 19, 22, 1, 2, 16, 1, 2] => QQFieldElem[-1//2, -3//2, -1//2, 0],
	[13, 20, 21, 19, 13, 1, 2, 21, 1, 1] => QQFieldElem[-1//4, 1//4, 1//4, -1//4],
	[13, 20, 21, 19, 21, 1, 2, 14, 1, 1] => QQFieldElem[-1, -3//4, -1//2, -1//4],
	[13, 20, 21, 19, 15, 1, 1, 21, 2, 2] => QQFieldElem[-1//4, -1, -7//4, -3//4],
	[13, 20, 21, 19, 10, 1, 1, 14, 1, 2] => QQFieldElem[1//2, 0, 0, -1//2],
	[13, 20, 21, 19, 10, 1, 1, 21, 2, 1] => QQFieldElem[-5//4, -5//4, -5//4, -5//4],
	[13, 20, 21, 19, 13, 1, 2, 22, 1, 1] => QQFieldElem[-1, 0, -1//2, -1],
	[13, 20, 21, 19, 16, 1, 1, 14, 1, 1] => QQFieldElem[3//4, 5//4, 1//2, 0],
	[13, 20, 21, 19, 15, 1, 1, 22, 2, 2] => QQFieldElem[0, 0, 0, 1//2],
	[13, 20, 21, 19, 21, 1, 1, 16, 1, 2] => QQFieldElem[-1//4, -2, -9//4, -1//2],
	[13, 20, 21, 19, 10, 1, 1, 22, 2, 1] => QQFieldElem[3, 1, 3//2, 2],
	[13, 20, 21, 19, 13, 1, 2, 14, 1, 2] => QQFieldElem[0, 0, 1//2, 1//2],
	[13, 20, 21, 19, 13, 1, 2, 21, 2, 1] => QQFieldElem[-1//2, -1//2, -1, -1//2],
	[13, 20, 21, 19, 14, 1, 1, 16, 1, 2] => QQFieldElem[0, -1//2, 0, 1//2],
	[13, 20, 21, 19, 22, 1, 2, 21, 1, 1] => QQFieldElem[-1//4, -1//4, -5//4, -3//4],
	[13, 20, 21, 19, 15, 1, 2, 16, 1, 1] => QQFieldElem[1, 0, 0, 0],
	[13, 20, 21, 19, 13, 1, 2, 22, 2, 1] => QQFieldElem[-1, 0, -1, 0],
	[13, 20, 21, 19, 9, 1, 1, 14, 1, 1] => QQFieldElem[-1//2, 1//4, 3//4, 3//4],
	[13, 20, 21, 19, 22, 1, 2, 22, 1, 1] => QQFieldElem[-1, -1//4, -3//2, -1],
	[13, 20, 21, 19, 21, 1, 1, 21, 1, 1] => QQFieldElem[1//8, -3//4, -11//8, -9//8],
	[13, 20, 21, 19, 22, 1, 2, 14, 1, 2] => QQFieldElem[-1//2, -1//2, -1//2, 0],
	[13, 20, 21, 19, 22, 1, 2, 21, 2, 1] => QQFieldElem[-1//2, -1//2, -1, -1//2],
	[13, 20, 21, 19, 21, 1, 1, 22, 1, 1] => QQFieldElem[3//2, -3//4, -1//4, 3//4],
	[13, 20, 21, 19, 14, 1, 1, 21, 1, 1] => QQFieldElem[1//2, -1//4, -1, -1//2],
	[13, 20, 21, 19, 22, 1, 2, 22, 2, 1] => QQFieldElem[0, 1//2, -3//2, -3//2],
	[13, 20, 21, 19, 13, 1, 1, 21, 1, 2] => QQFieldElem[-1//2, -1//2, -1, -1//2],
	[13, 20, 21, 19, 14, 1, 1, 22, 1, 1] => QQFieldElem[0, -1//8, 1//4, -3//4],
	[13, 20, 21, 19, 21, 1, 1, 21, 2, 1] => QQFieldElem[1//4, 2, 9//4, 1//2],
	[13, 20, 21, 19, 21, 1, 1, 14, 1, 2] => QQFieldElem[-3//2, -5//2, -7//4, -1//2],
	[13, 20, 21, 19, 13, 1, 1, 22, 1, 2] => QQFieldElem[-3//4, -1, -3//2, -1//2],
	[13, 20, 21, 19, 21, 1, 1, 22, 2, 1] => QQFieldElem[3//2, 2, 1, 1],
	[13, 20, 21, 19, 14, 1, 1, 14, 1, 2] => QQFieldElem[-1//4, 1, 5//4, 1//2],
	[13, 20, 21, 19, 14, 1, 1, 21, 2, 1] => QQFieldElem[0, 1//2, 0, -1//2],
	[13, 20, 21, 19, 15, 1, 2, 14, 1, 1] => QQFieldElem[-1, -2, -3//2, -1//2],
	[13, 20, 21, 19, 13, 1, 1, 21, 2, 2] => QQFieldElem[-1//2, -3//2, -1, -1//2],
	[13, 20, 21, 19, 14, 1, 1, 22, 2, 1] => QQFieldElem[1, 3//4, 1//2, 3//2],
	[13, 20, 21, 19, 13, 1, 1, 22, 2, 2] => QQFieldElem[-1//4, -1//2, -2, -1],
	[13, 20, 21, 19, 15, 1, 1, 16, 1, 2] => QQFieldElem[1//4, 1, 7//4, 3//4],
	[13, 20, 21, 19, 10, 1, 1, 16, 1, 1] => QQFieldElem[-1//2, -1//2, -1, -1//2],
	[13, 20, 21, 19, 22, 1, 1, 21, 1, 2] => QQFieldElem[5//4, -1//8, -1, -3//4],
	[13, 20, 21, 19, 22, 1, 1, 22, 1, 2] => QQFieldElem[-2, -11//8, 0, -1],
	[13, 20, 21, 19, 21, 1, 2, 21, 1, 2] => QQFieldElem[-1, -1, -1//2, 0])