Dict(
	[14, 19, 5, 21, 19, 1, 1, 15, 1, 1] => QQFieldElem[0, 1//4, -1//4, 0],
	[14, 19, 5, 21, 11, 1, 1, 15, 1, 1] => QQFieldElem[-1//2, -3//4, -3//4, -1//2],
	[14, 19, 5, 21, 12, 1, 1, 22, 2, 1] => QQFieldElem[-14//55, -63//55, -97//55, -51//55],
	[14, 19, 5, 21, 19, 2, 1, 15, 1, 1] => QQFieldElem[0, 0, 0, -1//2],
	[14, 19, 5, 21, 19, 1, 1, 21, 1, 1] => QQFieldElem[-3//2, -3//2, -2, 0],
	[14, 19, 5, 21, 11, 1, 1, 21, 1, 1] => QQFieldElem[1, 0, -1, -1],
	[14, 19, 5, 21, 8, 1, 1, 15, 1, 1] => QQFieldElem[-1, -1, 0, 1],
	[14, 19, 5, 21, 19, 1, 1, 22, 1, 1] => QQFieldElem[7//22, 2//11, -1//22, -15//44],
	[14, 19, 5, 21, 11, 1, 1, 22, 1, 1] => QQFieldElem[-5//11, -19//55, 13//55, 26//55],
	[14, 19, 5, 21, 19, 2, 1, 21, 1, 1] => QQFieldElem[1, 0, -2, -2],
	[14, 19, 5, 21, 19, 2, 1, 22, 1, 1] => QQFieldElem[17//55, 153//110, 106//55, 58//55],
	[14, 19, 5, 21, 8, 1, 1, 21, 1, 1] => QQFieldElem[-1, 0, 1, 1],
	[14, 19, 5, 21, 19, 1, 1, 21, 2, 1] => QQFieldElem[1//2, -1//2, 0, 0],
	[14, 19, 5, 21, 11, 1, 1, 21, 2, 1] => QQFieldElem[-1//2, 0, -1//4, -1//2],
	[14, 19, 5, 21, 8, 1, 1, 22, 1, 1] => QQFieldElem[8//11, 26//55, -12//55, -24//55],
	[14, 19, 5, 21, 19, 1, 1, 22, 2, 1] => QQFieldElem[9//22, 1//11, 5//22, 9//44],
	[14, 19, 5, 21, 11, 1, 1, 22, 2, 1] => QQFieldElem[-3//55, -27//110, -9//55, -7//55],
	[14, 19, 5, 21, 19, 2, 1, 21, 2, 1] => QQFieldElem[1, 0, 0, 0],
	[14, 19, 5, 21, 19, 2, 1, 22, 2, 1] => QQFieldElem[3//55, 27//110, 9//55, 7//55],
	[14, 19, 5, 21, 8, 1, 1, 21, 2, 1] => QQFieldElem[-1//2, -1//2, -1//4, 0],
	[14, 19, 5, 21, 12, 1, 1, 15, 1, 1] => QQFieldElem[1, 1, 0, -1//2],
	[14, 19, 5, 21, 8, 1, 1, 22, 2, 1] => QQFieldElem[16//55, 89//110, 48//55, 19//55],
	[14, 19, 5, 21, 12, 1, 1, 21, 1, 1] => QQFieldElem[0, 0, 0, 0],
	[14, 19, 5, 21, 12, 1, 1, 22, 1, 1] => QQFieldElem[3//11, 7//55, 1//55, 2//55],
	[14, 19, 5, 21, 12, 1, 1, 21, 2, 1] => QQFieldElem[-2, 0, 2, 2])