Dict(
	[14, 21, 17, 11, 21, 1, 1, 19, 2, 1] => QQFieldElem[1, 0, 0, 0],
	[14, 21, 17, 11, 22, 1, 2, 20, 1, 1] => QQFieldElem[0, 0, 0, 0],
	[14, 21, 17, 11, 15, 1, 1, 18, 1, 1] => QQFieldElem[-4, 0, 7, 7],
	[14, 21, 17, 11, 21, 1, 2, 20, 1, 1] => QQFieldElem[1//2, 0, -3//2, -3//2],
	[14, 21, 17, 11, 21, 1, 1, 20, 1, 1] => QQFieldElem[0, 3//2, 1, 0],
	[14, 21, 17, 11, 13, 1, 1, 11, 1, 1] => QQFieldElem[-1//10, -1//5, -3//10, -2//5],
	[14, 21, 17, 11, 22, 1, 2, 18, 1, 1] => QQFieldElem[-6, -26, -32, -16],
	[14, 21, 17, 11, 15, 1, 1, 17, 1, 1] => QQFieldElem[-9//22, -6//11, -13//22, -3//11],
	[14, 21, 17, 11, 22, 1, 1, 18, 1, 1] => QQFieldElem[-6, -26, -32, -16],
	[14, 21, 17, 11, 22, 1, 2, 17, 1, 1] => QQFieldElem[-9//11, -12//11, -2//11, 5//11],
	[14, 21, 17, 11, 21, 1, 2, 18, 1, 1] => QQFieldElem[4, -7, -18, -14],
	[14, 21, 17, 11, 22, 1, 1, 17, 1, 1] => QQFieldElem[-7//11, -2//11, -4//11, -1//11],
	[14, 21, 17, 11, 21, 1, 1, 18, 1, 1] => QQFieldElem[18, 58, 65, 29],
	[14, 21, 17, 11, 15, 1, 1, 11, 1, 1] => QQFieldElem[1//2, 0, -1//2, 0],
	[14, 21, 17, 11, 21, 1, 2, 17, 1, 1] => QQFieldElem[-1//22, -8//11, -5//11, -4//11],
	[14, 21, 17, 11, 22, 1, 2, 11, 1, 1] => QQFieldElem[-1, -2, -2, -1],
	[14, 21, 17, 11, 21, 1, 1, 17, 1, 1] => QQFieldElem[41//22, 20//11, 3//22, -12//11],
	[14, 21, 17, 11, 22, 1, 1, 11, 1, 1] => QQFieldElem[-1, -2, -2, -1],
	[14, 21, 17, 11, 13, 1, 1, 19, 1, 1] => QQFieldElem[0, 1//2, 0, 0],
	[14, 21, 17, 11, 21, 1, 2, 11, 1, 1] => QQFieldElem[3//2, 0, -2, -2],
	[14, 21, 17, 11, 21, 1, 1, 11, 1, 1] => QQFieldElem[3//2, 4, 7//2, 1],
	[14, 21, 17, 11, 15, 1, 1, 19, 1, 1] => QQFieldElem[-3, -3//2, 3, 3],
	[14, 21, 17, 11, 13, 1, 1, 19, 2, 1] => QQFieldElem[-1, -3//2, -1, 0],
	[14, 21, 17, 11, 22, 1, 2, 19, 1, 1] => QQFieldElem[4, 1, -4, -6],
	[14, 21, 17, 11, 22, 1, 1, 19, 1, 1] => QQFieldElem[4, 14, 15, 7],
	[14, 21, 17, 11, 13, 1, 1, 20, 1, 1] => QQFieldElem[-2//5, -3//10, -1//5, -3//5],
	[14, 21, 17, 11, 21, 1, 2, 19, 1, 1] => QQFieldElem[8//5, 6//5, -6//5, -8//5],
	[14, 21, 17, 11, 21, 1, 1, 19, 1, 1] => QQFieldElem[2, 1, -1, -2],
	[14, 21, 17, 11, 15, 1, 1, 19, 2, 1] => QQFieldElem[3//2, 2, 1//2, -1//2],
	[14, 21, 17, 11, 13, 1, 1, 18, 1, 1] => QQFieldElem[1, 0, -2, -2],
	[14, 21, 17, 11, 22, 1, 2, 19, 2, 1] => QQFieldElem[-2, -6, -8, -4],
	[14, 21, 17, 11, 15, 1, 1, 20, 1, 1] => QQFieldElem[0, -1//2, -1, -1],
	[14, 21, 17, 11, 22, 1, 1, 19, 2, 1] => QQFieldElem[-2, -6, -8, -4],
	[14, 21, 17, 11, 13, 1, 1, 17, 1, 1] => QQFieldElem[-39//110, -4//55, -27//110, -13//55],
	[14, 21, 17, 11, 21, 1, 2, 19, 2, 1] => QQFieldElem[-2, 0, 1, 1],
	[14, 21, 17, 11, 22, 1, 1, 20, 1, 1] => QQFieldElem[0, -1, -1, 0])