Dict(
	[14, 20, 17, 15, 20, 1, 1, 21, 1, 1] => QQFieldElem[0, -1//2, -1, -1//2],
	[14, 20, 17, 15, 12, 1, 1, 21, 1, 1] => QQFieldElem[0, 1//2, 1//2, 0],
	[14, 20, 17, 15, 20, 1, 1, 9, 1, 1] => QQFieldElem[-1//2, -1//2, -1//2, 0],
	[14, 20, 17, 15, 12, 1, 1, 9, 1, 1] => QQFieldElem[1//2, 1//2, 0, 0],
	[14, 20, 17, 15, 20, 1, 1, 22, 1, 1] => QQFieldElem[0, 0, 0, 0],
	[14, 20, 17, 15, 20, 1, 1, 16, 1, 1] => QQFieldElem[3, 2, -2, -3],
	[14, 20, 17, 15, 12, 1, 1, 16, 1, 1] => QQFieldElem[-1, 1, 3, 2],
	[14, 20, 17, 15, 12, 1, 1, 22, 1, 1] => QQFieldElem[0, 0, 0, 0],
	[14, 20, 17, 15, 19, 1, 1, 13, 1, 1] => QQFieldElem[-14//11, -4//11, 14//11, 20//11],
	[14, 20, 17, 15, 11, 1, 1, 13, 1, 1] => QQFieldElem[-40//11, -112//11, -136//11, -56//11],
	[14, 20, 17, 15, 18, 1, 1, 13, 1, 1] => QQFieldElem[-10//11, 5//11, 21//11, 19//11],
	[14, 20, 17, 15, 19, 1, 2, 13, 1, 1] => QQFieldElem[2, 0, -3, -3],
	[14, 20, 17, 15, 18, 1, 1, 15, 1, 1] => QQFieldElem[-1, 0, 1, 0],
	[14, 20, 17, 15, 19, 1, 2, 15, 1, 1] => QQFieldElem[1, -1, -3, -3],
	[14, 20, 17, 15, 19, 1, 1, 15, 1, 1] => QQFieldElem[-1, 0, 1, 1],
	[14, 20, 17, 15, 11, 1, 1, 15, 1, 1] => QQFieldElem[0, -4, -4, 0],
	[14, 20, 17, 15, 18, 1, 1, 21, 1, 1] => QQFieldElem[-1, -1//2, 1//2, 1],
	[14, 20, 17, 15, 19, 1, 2, 21, 1, 1] => QQFieldElem[3, 5//2, -1, -5//2],
	[14, 20, 17, 15, 18, 1, 1, 9, 1, 1] => QQFieldElem[-1//2, -3//2, -2, -1],
	[14, 20, 17, 15, 19, 1, 1, 21, 1, 1] => QQFieldElem[-2, -2, 0, 1],
	[14, 20, 17, 15, 11, 1, 1, 21, 1, 1] => QQFieldElem[0, -4, -8, -4],
	[14, 20, 17, 15, 19, 1, 2, 9, 1, 1] => QQFieldElem[1//2, 5//2, 7//2, 2],
	[14, 20, 17, 15, 18, 1, 1, 16, 1, 1] => QQFieldElem[7, 11, 7, 0],
	[14, 20, 17, 15, 18, 1, 1, 22, 1, 1] => QQFieldElem[8, 22, 22, 8],
	[14, 20, 17, 15, 19, 1, 2, 16, 1, 1] => QQFieldElem[-19, -34, -24, -3],
	[14, 20, 17, 15, 11, 1, 1, 22, 1, 1] => QQFieldElem[-48, -64, -24, 16],
	[14, 20, 17, 15, 19, 1, 1, 16, 1, 1] => QQFieldElem[10, 20, 16, 4],
	[14, 20, 17, 15, 11, 1, 1, 9, 1, 1] => QQFieldElem[4, 8, 4, 0],
	[14, 20, 17, 15, 19, 1, 1, 22, 1, 1] => QQFieldElem[4, 16, 20, 10],
	[14, 20, 17, 15, 11, 1, 1, 16, 1, 1] => QQFieldElem[-24, -16, 16, 24],
	[14, 20, 17, 15, 19, 1, 2, 22, 1, 1] => QQFieldElem[-12, -38, -42, -18],
	[14, 20, 17, 15, 19, 1, 1, 9, 1, 1] => QQFieldElem[0, -1, -2, -1],
	[14, 20, 17, 15, 20, 1, 1, 13, 1, 1] => QQFieldElem[-2//11, -10//11, -9//11, -5//11],
	[14, 20, 17, 15, 12, 1, 1, 13, 1, 1] => QQFieldElem[4//11, 9//11, 7//11, -1//11],
	[14, 20, 17, 15, 20, 1, 1, 15, 1, 1] => QQFieldElem[0, 0, 0, 0],
	[14, 20, 17, 15, 12, 1, 1, 15, 1, 1] => QQFieldElem[0, 0, 0, 0])