Dict(
	[14, 11, 20, 22, 17, 1, 1, 22, 1, 1] => QQFieldElem[-1//2, -1//2, -1//4, 0],
	[14, 11, 20, 22, 8, 1, 1, 13, 1, 2] => QQFieldElem[0, -1//2, -1, -1//2],
	[14, 11, 20, 22, 18, 1, 1, 13, 1, 1] => QQFieldElem[-1//2, -1//2, 0, 1//2],
	[14, 11, 20, 22, 19, 2, 1, 21, 1, 2] => QQFieldElem[0, 0, 0, 0],
	[14, 11, 20, 22, 17, 1, 1, 13, 1, 2] => QQFieldElem[-1//2, -3//2, -3//2, -1//2],
	[14, 11, 20, 22, 19, 2, 1, 22, 1, 2] => QQFieldElem[-1//5, 3//5, 7//5, 6//5],
	[14, 11, 20, 22, 19, 1, 1, 15, 1, 1] => QQFieldElem[15//44, -1//22, 7//44, 5//22],
	[14, 11, 20, 22, 20, 1, 1, 15, 1, 2] => QQFieldElem[5//22, 3//22, -5//22, -2//11],
	[14, 11, 20, 22, 12, 1, 1, 15, 1, 2] => QQFieldElem[-1, 0, 1, 1],
	[14, 11, 20, 22, 8, 1, 1, 15, 1, 1] => QQFieldElem[0, -1//2, 0, 1//2],
	[14, 11, 20, 22, 6, 1, 1, 21, 1, 2] => QQFieldElem[-1//2, -1//2, -1//2, -1//2],
	[14, 11, 20, 22, 17, 1, 1, 15, 1, 1] => QQFieldElem[-1, -1//2, 1//2, 1],
	[14, 11, 20, 22, 6, 1, 1, 22, 1, 2] => QQFieldElem[0, 0, 0, 0],
	[14, 11, 20, 22, 18, 1, 1, 21, 1, 2] => QQFieldElem[0, 0, 0, 0],
	[14, 11, 20, 22, 19, 2, 1, 15, 1, 2] => QQFieldElem[5//22, 3//22, -5//22, -2//11],
	[14, 11, 20, 22, 20, 1, 1, 21, 1, 1] => QQFieldElem[0, 0, 0, 0],
	[14, 11, 20, 22, 12, 1, 1, 21, 1, 1] => QQFieldElem[1//4, 1//4, 1//4, 1//2],
	[14, 11, 20, 22, 18, 1, 1, 22, 1, 2] => QQFieldElem[-1//5, -2//5, 2//5, 1//5],
	[14, 11, 20, 22, 20, 1, 1, 22, 1, 1] => QQFieldElem[-1, -1//2, 1//2, 1//2],
	[14, 11, 20, 22, 12, 1, 1, 22, 1, 1] => QQFieldElem[1//2, 1//2, 1//4, 0],
	[14, 11, 20, 22, 19, 1, 1, 13, 1, 1] => QQFieldElem[1//2, 1//2, 0, -1//2],
	[14, 11, 20, 22, 20, 1, 1, 13, 1, 2] => QQFieldElem[-1//5, 3//5, 7//5, 6//5],
	[14, 11, 20, 22, 12, 1, 1, 13, 1, 2] => QQFieldElem[1//2, 3//2, 3//2, 1//2],
	[14, 11, 20, 22, 8, 1, 1, 13, 1, 1] => QQFieldElem[0, 0, 1//4, -1//4],
	[14, 11, 20, 22, 6, 1, 1, 15, 1, 2] => QQFieldElem[-1, -1, 0, 0],
	[14, 11, 20, 22, 19, 2, 1, 21, 1, 1] => QQFieldElem[0, 0, 0, 0],
	[14, 11, 20, 22, 17, 1, 1, 13, 1, 1] => QQFieldElem[1//4, 1, 3//2, 1],
	[14, 11, 20, 22, 19, 2, 1, 22, 1, 1] => QQFieldElem[1//5, 2//5, -2//5, -1//5],
	[14, 11, 20, 22, 18, 1, 1, 15, 1, 2] => QQFieldElem[-13//22, 1//22, -9//22, -5//22],
	[14, 11, 20, 22, 19, 2, 1, 13, 1, 2] => QQFieldElem[1//5, -3//5, -7//5, -6//5],
	[14, 11, 20, 22, 20, 1, 1, 15, 1, 1] => QQFieldElem[-17//44, -19//44, -5//44, -1//11],
	[14, 11, 20, 22, 12, 1, 1, 15, 1, 1] => QQFieldElem[1, 1//2, -1//2, -1],
	[14, 11, 20, 22, 19, 1, 1, 21, 1, 2] => QQFieldElem[0, 0, 0, 0],
	[14, 11, 20, 22, 6, 1, 1, 21, 1, 1] => QQFieldElem[-1//4, 0, 1//4, 0],
	[14, 11, 20, 22, 19, 1, 1, 22, 1, 2] => QQFieldElem[0, -1//2, -1//2, -1//2],
	[14, 11, 20, 22, 6, 1, 1, 22, 1, 1] => QQFieldElem[-1//4, 0, 1//4, 0],
	[14, 11, 20, 22, 8, 1, 1, 21, 1, 2] => QQFieldElem[-1//2, -1//2, -1//2, -1//2],
	[14, 11, 20, 22, 8, 1, 1, 22, 1, 2] => QQFieldElem[0, 0, 0, 0],
	[14, 11, 20, 22, 6, 1, 1, 13, 1, 2] => QQFieldElem[0, 1//2, 1, 1//2],
	[14, 11, 20, 22, 18, 1, 1, 21, 1, 1] => QQFieldElem[0, 1//2, 0, 0],
	[14, 11, 20, 22, 19, 2, 1, 15, 1, 1] => QQFieldElem[-13//22, 1//22, -9//22, -5//22],
	[14, 11, 20, 22, 17, 1, 1, 21, 1, 2] => QQFieldElem[1//2, 1//2, 1//2, 0],
	[14, 11, 20, 22, 18, 1, 1, 22, 1, 1] => QQFieldElem[1, 1//2, 1//2, 1//2],
	[14, 11, 20, 22, 17, 1, 1, 22, 1, 2] => QQFieldElem[0, 0, -1//2, -1//2],
	[14, 11, 20, 22, 18, 1, 1, 13, 1, 2] => QQFieldElem[4//5, 3//5, -3//5, -4//5],
	[14, 11, 20, 22, 20, 1, 1, 13, 1, 1] => QQFieldElem[1//2, 0, -1, -1],
	[14, 11, 20, 22, 12, 1, 1, 13, 1, 1] => QQFieldElem[-1//4, -1//2, -1//2, 0],
	[14, 11, 20, 22, 19, 1, 1, 15, 1, 2] => QQFieldElem[-3//44, 7//44, 3//44, -1//22],
	[14, 11, 20, 22, 6, 1, 1, 15, 1, 1] => QQFieldElem[0, 1//2, 0, -1//2],
	[14, 11, 20, 22, 8, 1, 1, 15, 1, 2] => QQFieldElem[1, 1, 0, 0],
	[14, 11, 20, 22, 18, 1, 1, 15, 1, 1] => QQFieldElem[-15//44, 1//22, -7//44, -5//22],
	[14, 11, 20, 22, 19, 2, 1, 13, 1, 1] => QQFieldElem[-4//5, -3//5, 3//5, 4//5],
	[14, 11, 20, 22, 17, 1, 1, 15, 1, 2] => QQFieldElem[1, 0, -1, -1],
	[14, 11, 20, 22, 19, 1, 1, 21, 1, 1] => QQFieldElem[-1, -1//2, 0, 0],
	[14, 11, 20, 22, 19, 1, 1, 22, 1, 1] => QQFieldElem[0, -1//2, 1//2, -1//2],
	[14, 11, 20, 22, 20, 1, 1, 21, 1, 2] => QQFieldElem[0, 0, 0, 0],
	[14, 11, 20, 22, 12, 1, 1, 21, 1, 2] => QQFieldElem[1//2, 1//2, 1//2, 0],
	[14, 11, 20, 22, 8, 1, 1, 21, 1, 1] => QQFieldElem[1//4, 0, -1//4, 0],
	[14, 11, 20, 22, 20, 1, 1, 22, 1, 2] => QQFieldElem[1//5, -3//5, -7//5, -6//5],
	[14, 11, 20, 22, 12, 1, 1, 22, 1, 2] => QQFieldElem[0, 0, -1//2, -1//2],
	[14, 11, 20, 22, 8, 1, 1, 22, 1, 1] => QQFieldElem[-1//4, -1, -3//4, -1//2],
	[14, 11, 20, 22, 19, 1, 1, 13, 1, 2] => QQFieldElem[-1//2, 0, 1, 1],
	[14, 11, 20, 22, 6, 1, 1, 13, 1, 1] => QQFieldElem[1//2, 0, -1//4, -1//4],
	[14, 11, 20, 22, 17, 1, 1, 21, 1, 1] => QQFieldElem[-1//4, -1//4, -3//4, 0])