Dict(
	[15, 22, 12, 20, 21, 2, 1, 11, 1, 1] => QQFieldElem[1, 2, 1, 0],
	[15, 22, 12, 20, 14, 1, 1, 11, 1, 1] => QQFieldElem[0, 0, -1, -1],
	[15, 22, 12, 20, 22, 1, 1, 19, 1, 1] => QQFieldElem[0, 1//2, 1//2, 1//2],
	[15, 22, 12, 20, 22, 2, 1, 19, 1, 1] => QQFieldElem[0, 0, 0, 1],
	[15, 22, 12, 20, 21, 1, 1, 19, 1, 1] => QQFieldElem[13//10, 11//10, -1//10, -3//10],
	[15, 22, 12, 20, 16, 1, 1, 19, 1, 1] => QQFieldElem[-3//10, -1//10, 1//10, 3//10],
	[15, 22, 12, 20, 21, 2, 1, 19, 1, 1] => QQFieldElem[-4//5, -3//5, 3//5, 4//5],
	[15, 22, 12, 20, 14, 1, 1, 19, 1, 1] => QQFieldElem[-1//5, -2//5, 2//5, 1//5],
	[15, 22, 12, 20, 22, 1, 1, 20, 1, 1] => QQFieldElem[-3//10, -11//10, -19//10, -7//10],
	[15, 22, 12, 20, 22, 2, 1, 20, 1, 1] => QQFieldElem[0, 1, 1, 0],
	[15, 22, 12, 20, 21, 1, 1, 20, 1, 1] => QQFieldElem[-1, 0, -1, -1],
	[15, 22, 12, 20, 16, 1, 1, 20, 1, 1] => QQFieldElem[6//5, -3//5, 3//5, 4//5],
	[15, 22, 12, 20, 22, 1, 1, 18, 1, 1] => QQFieldElem[1//5, 2//5, 3//5, -1//5],
	[15, 22, 12, 20, 21, 2, 1, 20, 1, 1] => QQFieldElem[-4, -2, -2, -4],
	[15, 22, 12, 20, 22, 1, 1, 20, 2, 1] => QQFieldElem[0, -1//2, 1//2, -1//2],
	[15, 22, 12, 20, 14, 1, 1, 20, 1, 1] => QQFieldElem[6//5, 2//5, -2//5, 4//5],
	[15, 22, 12, 20, 22, 2, 1, 18, 1, 1] => QQFieldElem[4//5, -2//5, 2//5, -4//5],
	[15, 22, 12, 20, 21, 1, 1, 18, 1, 1] => QQFieldElem[-2//5, -1//5, 3//5, 0],
	[15, 22, 12, 20, 22, 1, 1, 17, 1, 1] => QQFieldElem[-1//2, 1//2, 0, 0],
	[15, 22, 12, 20, 22, 2, 1, 20, 2, 1] => QQFieldElem[2, 0, 0, 1],
	[15, 22, 12, 20, 16, 1, 1, 18, 1, 1] => QQFieldElem[2//5, 3//5, 3//5, 2//5],
	[15, 22, 12, 20, 21, 1, 1, 20, 2, 1] => QQFieldElem[1//5, 2//5, -2//5, -1//5],
	[15, 22, 12, 20, 22, 2, 1, 17, 1, 1] => QQFieldElem[-1, -1, -2, -1],
	[15, 22, 12, 20, 21, 2, 1, 18, 1, 1] => QQFieldElem[0, 0, 0, 0],
	[15, 22, 12, 20, 22, 1, 1, 11, 1, 1] => QQFieldElem[-1//2, 1//2, 0, 0],
	[15, 22, 12, 20, 21, 1, 1, 17, 1, 1] => QQFieldElem[1, 2, 2, 1//2],
	[15, 22, 12, 20, 16, 1, 1, 17, 1, 1] => QQFieldElem[0, 0, 0, -1//2],
	[15, 22, 12, 20, 21, 2, 1, 20, 2, 1] => QQFieldElem[1//10, -3//10, 3//10, -1//10],
	[15, 22, 12, 20, 16, 1, 1, 20, 2, 1] => QQFieldElem[0, 0, 0, 0],
	[15, 22, 12, 20, 14, 1, 1, 20, 2, 1] => QQFieldElem[-2//5, 1//5, -1//5, 2//5],
	[15, 22, 12, 20, 22, 2, 1, 11, 1, 1] => QQFieldElem[-1, -1, -2, -1],
	[15, 22, 12, 20, 14, 1, 1, 17, 1, 1] => QQFieldElem[0, 0, -1, -1],
	[15, 22, 12, 20, 21, 2, 1, 17, 1, 1] => QQFieldElem[-1, -2, -1, 0],
	[15, 22, 12, 20, 14, 1, 1, 18, 1, 1] => QQFieldElem[2//5, 6//5, 2//5, 0],
	[15, 22, 12, 20, 16, 1, 1, 11, 1, 1] => QQFieldElem[0, 0, 0, 1//2],
	[15, 22, 12, 20, 21, 1, 1, 11, 1, 1] => QQFieldElem[-1, -2, -2, -1//2])