Dict(
	[15, 13, 9, 10, 8, 1, 1, 3, 1, 1] => QQFieldElem[-1//5, 0, -2//5, -2//5],
	[15, 13, 9, 10, 19, 1, 1, 2, 1, 1] => QQFieldElem[0, 0, -1, -1],
	[15, 13, 9, 10, 3, 1, 1, 18, 1, 1] => QQFieldElem[16//5, 4//5, 4//5, 16//5],
	[15, 13, 9, 10, 8, 1, 1, 2, 1, 1] => QQFieldElem[1//5, 0, 2//5, 2//5],
	[15, 13, 9, 10, 18, 1, 1, 18, 1, 1] => QQFieldElem[-4//5, 0, 2//5, 2//5],
	[15, 13, 9, 10, 19, 1, 1, 18, 1, 1] => QQFieldElem[0, 0, -1, -1],
	[15, 13, 9, 10, 3, 1, 1, 4, 1, 1] => QQFieldElem[8//5, 2//5, 2//5, 8//5],
	[15, 13, 9, 10, 8, 1, 1, 18, 1, 1] => QQFieldElem[-4//5, 0, -3//5, -3//5],
	[15, 13, 9, 10, 18, 1, 1, 4, 1, 1] => QQFieldElem[-2//5, 0, 1//5, 1//5],
	[15, 13, 9, 10, 19, 1, 1, 4, 1, 1] => QQFieldElem[1, 0, -1, -1],
	[15, 13, 9, 10, 3, 1, 1, 3, 1, 1] => QQFieldElem[4//5, -4//5, -4//5, 4//5],
	[15, 13, 9, 10, 18, 1, 1, 3, 1, 1] => QQFieldElem[4//5, 0, -2//5, -2//5],
	[15, 13, 9, 10, 8, 1, 1, 4, 1, 1] => QQFieldElem[3//5, 0, 1//5, 1//5],
	[15, 13, 9, 10, 19, 1, 1, 3, 1, 1] => QQFieldElem[0, 0, 1, 1],
	[15, 13, 9, 10, 3, 1, 1, 2, 1, 1] => QQFieldElem[6//5, 4//5, 4//5, 6//5],
	[15, 13, 9, 10, 18, 1, 1, 2, 1, 1] => QQFieldElem[1//5, 0, 2//5, 2//5])