Dict(
	[15, 13, 20, 17, 22, 1, 2, 17, 1, 1] => QQFieldElem[-4//55, -28//55, -32//55, -6//55],
	[15, 13, 20, 17, 21, 1, 2, 18, 1, 1] => QQFieldElem[5//22, -9//22, -13//11, -10//11],
	[15, 13, 20, 17, 22, 1, 1, 17, 1, 1] => QQFieldElem[-3//11, -7//11, -5//11, -6//11],
	[15, 13, 20, 17, 22, 1, 1, 19, 1, 2] => QQFieldElem[1//2, 0, -1//2, 0],
	[15, 13, 20, 17, 22, 1, 2, 19, 1, 2] => QQFieldElem[1, 0, -1, -1],
	[15, 13, 20, 17, 21, 1, 1, 18, 1, 1] => QQFieldElem[5//22, 5//22, 2//11, 3//11],
	[15, 13, 20, 17, 16, 1, 1, 18, 1, 1] => QQFieldElem[-12//11, -20//11, -28//11, -28//11],
	[15, 13, 20, 17, 21, 1, 2, 17, 1, 1] => QQFieldElem[2//11, 8//11, 1, 6//11],
	[15, 13, 20, 17, 21, 1, 2, 19, 1, 2] => QQFieldElem[-4, 4, 12, 12],
	[15, 13, 20, 17, 21, 1, 1, 17, 1, 1] => QQFieldElem[12//55, 14//55, 1//55, -2//55],
	[15, 13, 20, 17, 21, 1, 1, 19, 1, 2] => QQFieldElem[-4//5, -8//5, -12//5, -6//5],
	[15, 13, 20, 17, 16, 1, 1, 17, 1, 1] => QQFieldElem[72//55, 104//55, 96//55, 8//5],
	[15, 13, 20, 17, 16, 1, 1, 19, 1, 2] => QQFieldElem[2//5, 4//5, 1//5, -2//5],
	[15, 13, 20, 17, 22, 1, 2, 4, 1, 1] => QQFieldElem[0, 1, 1, 1],
	[15, 13, 20, 17, 22, 1, 1, 4, 1, 1] => QQFieldElem[1//2, 1//2, 1, 1//2],
	[15, 13, 20, 17, 21, 1, 2, 4, 1, 1] => QQFieldElem[0, -1, -2, -2],
	[15, 13, 20, 17, 21, 1, 1, 4, 1, 1] => QQFieldElem[0, 0, 0, 0],
	[15, 13, 20, 17, 16, 1, 1, 4, 1, 1] => QQFieldElem[0, -4, -4, -4],
	[15, 13, 20, 17, 22, 1, 2, 19, 1, 1] => QQFieldElem[-3//2, -1//2, 1, 1],
	[15, 13, 20, 17, 22, 1, 1, 19, 1, 1] => QQFieldElem[1//2, 1//2, 0, 0],
	[15, 13, 20, 17, 21, 1, 2, 19, 1, 1] => QQFieldElem[-1, -1, -1, 0],
	[15, 13, 20, 17, 21, 1, 1, 19, 1, 1] => QQFieldElem[0, 2, 3, 2],
	[15, 13, 20, 17, 16, 1, 1, 19, 1, 1] => QQFieldElem[24//5, 88//5, 112//5, 56//5],
	[15, 13, 20, 17, 22, 1, 2, 18, 1, 1] => QQFieldElem[-7//11, 2//11, 3//11, -3//11],
	[15, 13, 20, 17, 22, 1, 1, 18, 1, 1] => QQFieldElem[-5//22, 6//11, 1//22, 1//11])