Dict(
	[15, 19, 18, 22, 17, 1, 1, 16, 1, 1] => QQFieldElem[0, 0, 0, 0],
	[15, 19, 18, 22, 18, 1, 1, 21, 1, 2] => QQFieldElem[32//55, -6//55, -64//55, -57//55],
	[15, 19, 18, 22, 20, 1, 1, 21, 1, 1] => QQFieldElem[-6//55, 8//55, 12//55, 21//55],
	[15, 19, 18, 22, 12, 1, 1, 21, 1, 1] => QQFieldElem[0, 0, 0, 0],
	[15, 19, 18, 22, 18, 1, 1, 22, 1, 2] => QQFieldElem[5//22, 19//22, 23//22, 5//11],
	[15, 19, 18, 22, 20, 1, 1, 9, 1, 1] => QQFieldElem[-3//4, -3//4, 3//4, 3//4],
	[15, 19, 18, 22, 11, 1, 1, 14, 1, 1] => QQFieldElem[-4, -4, 0, 4],
	[15, 19, 18, 22, 12, 1, 1, 22, 1, 1] => QQFieldElem[-18//55, -31//55, -19//55, 8//55],
	[15, 19, 18, 22, 20, 2, 2, 21, 1, 1] => QQFieldElem[-18//5, -21//5, -4//5, 8//5],
	[15, 19, 18, 22, 19, 1, 1, 14, 1, 1] => QQFieldElem[-1, -2, -3, -2],
	[15, 19, 18, 22, 20, 2, 2, 22, 1, 1] => QQFieldElem[-1//22, 27//22, 23//11, 31//22],
	[15, 19, 18, 22, 19, 1, 1, 13, 1, 1] => QQFieldElem[4, 3, -1, -3],
	[15, 19, 18, 22, 20, 2, 2, 9, 1, 1] => QQFieldElem[0, 0, 0, 0],
	[15, 19, 18, 22, 12, 1, 1, 9, 1, 1] => QQFieldElem[0, 1//2, 0, 0],
	[15, 19, 18, 22, 20, 1, 1, 22, 1, 1] => QQFieldElem[-9//22, -5//11, -2//11, 2//11],
	[15, 19, 18, 22, 11, 1, 1, 13, 1, 1] => QQFieldElem[-8, -24, -24, -8],
	[15, 19, 18, 22, 17, 1, 1, 14, 1, 1] => QQFieldElem[0, 0, 0, 0],
	[15, 19, 18, 22, 17, 1, 1, 13, 1, 1] => QQFieldElem[0, 1, 1, 1],
	[15, 19, 18, 22, 20, 1, 2, 21, 1, 2] => QQFieldElem[5//11, 5//22, -9//22, -13//22],
	[15, 19, 18, 22, 20, 1, 2, 22, 1, 2] => QQFieldElem[3//44, 7//44, 5//44, -5//44],
	[15, 19, 18, 22, 20, 2, 1, 21, 1, 2] => QQFieldElem[87//11, 82//11, -9//11, -57//11],
	[15, 19, 18, 22, 20, 2, 1, 22, 1, 2] => QQFieldElem[9//22, -39//11, -139//22, -46//11],
	[15, 19, 18, 22, 20, 1, 1, 15, 1, 1] => QQFieldElem[69//44, 23//44, -19//22, -17//22],
	[15, 19, 18, 22, 12, 1, 1, 15, 1, 1] => QQFieldElem[-7//22, -3//11, -3//22, -5//22],
	[15, 19, 18, 22, 20, 2, 2, 15, 1, 1] => QQFieldElem[3//22, 1//22, 3//11, -1//22],
	[15, 19, 18, 22, 19, 1, 1, 21, 1, 2] => QQFieldElem[24//5, 88//5, 112//5, 56//5],
	[15, 19, 18, 22, 11, 1, 1, 21, 1, 2] => QQFieldElem[-64//55, -76//55, -26//55, 26//55],
	[15, 19, 18, 22, 20, 1, 1, 16, 1, 1] => QQFieldElem[5//2, 0, -7//2, -7//2],
	[15, 19, 18, 22, 11, 1, 1, 22, 1, 2] => QQFieldElem[13//55, 1//55, -26//55, -18//55],
	[15, 19, 18, 22, 19, 1, 1, 22, 1, 2] => QQFieldElem[56//11, 72//11, 20//11, -20//11],
	[15, 19, 18, 22, 12, 1, 1, 16, 1, 1] => QQFieldElem[-2//5, -4//5, -1//5, 2//5],
	[15, 19, 18, 22, 20, 2, 2, 16, 1, 1] => QQFieldElem[3//5, 6//5, 4//5, 2//5],
	[15, 19, 18, 22, 18, 1, 1, 21, 1, 1] => QQFieldElem[64//55, -12//55, -128//55, -114//55],
	[15, 19, 18, 22, 17, 1, 1, 21, 1, 2] => QQFieldElem[32//55, -6//55, -64//55, -57//55],
	[15, 19, 18, 22, 18, 1, 1, 22, 1, 1] => QQFieldElem[-18//11, -64//11, -74//11, -36//11],
	[15, 19, 18, 22, 18, 1, 1, 9, 1, 1] => QQFieldElem[1, 1//2, -1, -1],
	[15, 19, 18, 22, 17, 1, 1, 22, 1, 2] => QQFieldElem[-15//22, -57//22, -69//22, -15//11],
	[15, 19, 18, 22, 20, 1, 1, 14, 1, 1] => QQFieldElem[-1//4, 5//4, 1, 1//2],
	[15, 19, 18, 22, 12, 1, 1, 14, 1, 1] => QQFieldElem[-1//2, 0, 1//2, 1//2],
	[15, 19, 18, 22, 20, 2, 2, 14, 1, 1] => QQFieldElem[1//2, 1//2, 0, -1//2],
	[15, 19, 18, 22, 20, 1, 1, 13, 1, 1] => QQFieldElem[-3, -2, 2, 3],
	[15, 19, 18, 22, 12, 1, 1, 13, 1, 1] => QQFieldElem[1, 1, 1, 0],
	[15, 19, 18, 22, 20, 2, 2, 13, 1, 1] => QQFieldElem[-1, -2, -2, -1],
	[15, 19, 18, 22, 20, 1, 2, 21, 1, 1] => QQFieldElem[-42//11, -32//11, 18//11, 37//11],
	[15, 19, 18, 22, 20, 1, 2, 9, 1, 1] => QQFieldElem[-1//4, -1//4, 1//4, 1//4],
	[15, 19, 18, 22, 20, 1, 2, 22, 1, 1] => QQFieldElem[-3//22, 24//11, 36//11, 19//11],
	[15, 19, 18, 22, 20, 2, 1, 21, 1, 1] => QQFieldElem[-2//5, 1//5, 4//5, 2//5],
	[15, 19, 18, 22, 20, 2, 1, 9, 1, 1] => QQFieldElem[-2, -1, 1, 2],
	[15, 19, 18, 22, 20, 2, 1, 22, 1, 1] => QQFieldElem[-7//22, -9//22, -4//11, -3//22],
	[15, 19, 18, 22, 18, 1, 1, 15, 1, 1] => QQFieldElem[-1//2, 0, 3//2, 3//2],
	[15, 19, 18, 22, 19, 1, 1, 21, 1, 1] => QQFieldElem[8//11, 64//55, 52//55, 14//55],
	[15, 19, 18, 22, 11, 1, 1, 21, 1, 1] => QQFieldElem[0, 0, 0, 0],
	[15, 19, 18, 22, 18, 1, 1, 16, 1, 1] => QQFieldElem[-8//5, 4//5, 21//5, 18//5],
	[15, 19, 18, 22, 19, 1, 1, 9, 1, 1] => QQFieldElem[1, 1, -1//2, -1],
	[15, 19, 18, 22, 11, 1, 1, 9, 1, 1] => QQFieldElem[-4, -8, -8, -4],
	[15, 19, 18, 22, 19, 1, 1, 22, 1, 1] => QQFieldElem[0, 0, 0, 0],
	[15, 19, 18, 22, 11, 1, 1, 22, 1, 1] => QQFieldElem[464//55, 408//55, -48//55, -304//55],
	[15, 19, 18, 22, 20, 1, 1, 21, 1, 2] => QQFieldElem[38//11, 71//22, -9//22, -57//22],
	[15, 19, 18, 22, 12, 1, 1, 21, 1, 2] => QQFieldElem[-8//11, 24//55, 102//55, 74//55],
	[15, 19, 18, 22, 20, 2, 2, 21, 1, 2] => QQFieldElem[1//55, -38//55, -57//55, -31//55],
	[15, 19, 18, 22, 20, 1, 1, 22, 1, 2] => QQFieldElem[13//44, -65//44, -125//44, -73//44],
	[15, 19, 18, 22, 12, 1, 1, 22, 1, 2] => QQFieldElem[63//55, 191//55, 204//55, 82//55],
	[15, 19, 18, 22, 20, 2, 2, 22, 1, 2] => QQFieldElem[1//2, 1, 1//2, 0],
	[15, 19, 18, 22, 17, 1, 1, 21, 1, 1] => QQFieldElem[0, 0, 0, 0],
	[15, 19, 18, 22, 20, 1, 2, 15, 1, 1] => QQFieldElem[-3//44, -1//44, -3//22, -5//22],
	[15, 19, 18, 22, 17, 1, 1, 9, 1, 1] => QQFieldElem[0, 0, -1//2, 0],
	[15, 19, 18, 22, 17, 1, 1, 22, 1, 1] => QQFieldElem[32//55, 159//55, 211//55, 108//55],
	[15, 19, 18, 22, 20, 2, 1, 15, 1, 1] => QQFieldElem[51//22, 17//22, -26//11, -61//22],
	[15, 19, 18, 22, 18, 1, 1, 14, 1, 1] => QQFieldElem[-1//2, -1, -3//2, -1//2],
	[15, 19, 18, 22, 18, 1, 1, 13, 1, 1] => QQFieldElem[3, 1, -3, -4],
	[15, 19, 18, 22, 20, 1, 2, 16, 1, 1] => QQFieldElem[1//2, 0, -1//2, -1//2],
	[15, 19, 18, 22, 20, 2, 1, 16, 1, 1] => QQFieldElem[5, 0, -8, -8],
	[15, 19, 18, 22, 19, 1, 1, 15, 1, 1] => QQFieldElem[-13//11, -8//11, 7//11, 8//11],
	[15, 19, 18, 22, 11, 1, 1, 15, 1, 1] => QQFieldElem[28//11, 68//11, 56//11, 20//11],
	[15, 19, 18, 22, 19, 1, 1, 16, 1, 1] => QQFieldElem[-18//5, -6//5, 16//5, 18//5],
	[15, 19, 18, 22, 11, 1, 1, 16, 1, 1] => QQFieldElem[56//5, 112//5, 88//5, 24//5],
	[15, 19, 18, 22, 20, 1, 2, 14, 1, 1] => QQFieldElem[-1//4, -3//4, -1, -1//2],
	[15, 19, 18, 22, 20, 1, 2, 13, 1, 1] => QQFieldElem[0, 0, 0, 0],
	[15, 19, 18, 22, 17, 1, 1, 15, 1, 1] => QQFieldElem[0, 0, 0, 0],
	[15, 19, 18, 22, 20, 2, 1, 14, 1, 1] => QQFieldElem[1//2, 5//2, 3, 3//2],
	[15, 19, 18, 22, 20, 2, 1, 13, 1, 1] => QQFieldElem[-7, -4, 4, 7])