Dict(
	[15, 19, 17, 9, 17, 1, 1, 9, 1, 1] => QQFieldElem[0, -1, -1, 0],
	[15, 19, 17, 9, 6, 1, 1, 15, 1, 1] => QQFieldElem[8, 10, 4, -2],
	[15, 19, 17, 9, 17, 1, 1, 16, 1, 1] => QQFieldElem[-1, -1, -1, 0],
	[15, 19, 17, 9, 6, 1, 1, 21, 1, 1] => QQFieldElem[16, 44, 44, 16],
	[15, 19, 17, 9, 6, 1, 1, 9, 1, 1] => QQFieldElem[2, -2, -6, -4],
	[15, 19, 17, 9, 6, 1, 1, 16, 1, 1] => QQFieldElem[0, -4, -4, -2],
	[15, 19, 17, 9, 19, 1, 1, 15, 1, 1] => QQFieldElem[0, 2, 3, 2],
	[15, 19, 17, 9, 19, 1, 1, 21, 1, 1] => QQFieldElem[-10, -6, 6, 10],
	[15, 19, 17, 9, 8, 1, 1, 15, 1, 1] => QQFieldElem[-1, -2, -2, -1],
	[15, 19, 17, 9, 19, 1, 1, 9, 1, 1] => QQFieldElem[2, 3, 2, 0],
	[15, 19, 17, 9, 19, 1, 1, 16, 1, 1] => QQFieldElem[2, 2, 0, -1],
	[15, 19, 17, 9, 8, 1, 1, 21, 1, 1] => QQFieldElem[2, -2, -6, -4],
	[15, 19, 17, 9, 17, 1, 1, 15, 1, 1] => QQFieldElem[1, 0, -1, -1],
	[15, 19, 17, 9, 8, 1, 1, 9, 1, 1] => QQFieldElem[-1, -1, 0, 1],
	[15, 19, 17, 9, 8, 1, 1, 16, 1, 1] => QQFieldElem[0, 0, 1, 1],
	[15, 19, 17, 9, 17, 1, 1, 21, 1, 1] => QQFieldElem[8, 10, 4, -2])