Dict(
	[15, 20, 17, 14, 18, 1, 1, 16, 1, 1] => QQFieldElem[-5//11, -9//11, -9//22, 7//22],
	[15, 20, 17, 14, 19, 1, 1, 22, 1, 1] => QQFieldElem[3, 7, 7, 3],
	[15, 20, 17, 14, 11, 1, 1, 22, 1, 1] => QQFieldElem[-1, -1//2, 1//2, 1],
	[15, 20, 17, 14, 19, 1, 1, 16, 1, 1] => QQFieldElem[-10//11, -7//11, 2//11, 7//11],
	[15, 20, 17, 14, 11, 1, 1, 16, 1, 1] => QQFieldElem[1//11, 4//11, 13//11, 7//11],
	[15, 20, 17, 14, 18, 1, 1, 21, 2, 1] => QQFieldElem[1, 1//2, -1, -1],
	[15, 20, 17, 14, 19, 1, 2, 16, 1, 1] => QQFieldElem[0, 0, 1//2, -1//2],
	[15, 20, 17, 14, 20, 1, 1, 14, 1, 1] => QQFieldElem[-1, -1//2, -1//2, 0],
	[15, 20, 17, 14, 19, 1, 2, 21, 2, 1] => QQFieldElem[0, 2, 2, 1],
	[15, 20, 17, 14, 19, 1, 1, 21, 2, 1] => QQFieldElem[-1//2, 0, 3//2, 3//2],
	[15, 20, 17, 14, 18, 1, 1, 22, 2, 1] => QQFieldElem[3//2, 1//2, -3//2, -2],
	[15, 20, 17, 14, 12, 1, 1, 14, 1, 1] => QQFieldElem[0, -1//2, -1, -1//2],
	[15, 20, 17, 14, 19, 1, 2, 22, 2, 1] => QQFieldElem[-2, 3, 8, 6],
	[15, 20, 17, 14, 11, 1, 1, 21, 2, 1] => QQFieldElem[1//2, 1//2, 1//2, 1//2],
	[15, 20, 17, 14, 19, 1, 1, 22, 2, 1] => QQFieldElem[-4, -7//2, 3//2, 7//2],
	[15, 20, 17, 14, 11, 1, 1, 22, 2, 1] => QQFieldElem[0, 1//2, 1//2, 0],
	[15, 20, 17, 14, 18, 1, 1, 14, 1, 1] => QQFieldElem[0, 1//4, 1//2, 1//2],
	[15, 20, 17, 14, 20, 1, 1, 21, 1, 1] => QQFieldElem[-7//2, -11, -25//2, -11//2],
	[15, 20, 17, 14, 12, 1, 1, 21, 1, 1] => QQFieldElem[1//2, 1//4, -1//4, 3//4],
	[15, 20, 17, 14, 19, 1, 2, 14, 1, 1] => QQFieldElem[0, -3//4, -1//2, 0],
	[15, 20, 17, 14, 19, 1, 1, 14, 1, 1] => QQFieldElem[0, 1//2, 1//2, 0],
	[15, 20, 17, 14, 11, 1, 1, 14, 1, 1] => QQFieldElem[0, 1//2, 0, -1//2],
	[15, 20, 17, 14, 12, 1, 1, 22, 1, 1] => QQFieldElem[1//4, -1//4, -1//4, 1//4],
	[15, 20, 17, 14, 20, 1, 1, 16, 1, 1] => QQFieldElem[0, -1, -2, -1],
	[15, 20, 17, 14, 20, 1, 1, 22, 1, 1] => QQFieldElem[1, -1//2, -9//2, -7//2],
	[15, 20, 17, 14, 12, 1, 1, 16, 1, 1] => QQFieldElem[9//11, 14//11, 7//11, -3//11],
	[15, 20, 17, 14, 20, 1, 1, 21, 2, 1] => QQFieldElem[-8, -12, -6, 1],
	[15, 20, 17, 14, 12, 1, 1, 21, 2, 1] => QQFieldElem[0, -1//2, 0, 0],
	[15, 20, 17, 14, 20, 1, 1, 22, 2, 1] => QQFieldElem[-6, -13, -12, -4],
	[15, 20, 17, 14, 12, 1, 1, 22, 2, 1] => QQFieldElem[-1//2, -1//2, -1//2, 0],
	[15, 20, 17, 14, 18, 1, 1, 21, 1, 1] => QQFieldElem[1, 5//4, 3//4, 3//4],
	[15, 20, 17, 14, 19, 1, 2, 21, 1, 1] => QQFieldElem[1, -1, -3, -2],
	[15, 20, 17, 14, 19, 1, 1, 21, 1, 1] => QQFieldElem[7, 11, 7, 0],
	[15, 20, 17, 14, 18, 1, 1, 22, 1, 1] => QQFieldElem[1//4, 3//4, 3//4, 3//4],
	[15, 20, 17, 14, 11, 1, 1, 21, 1, 1] => QQFieldElem[-1//2, -1//2, 1//2, 1//2],
	[15, 20, 17, 14, 19, 1, 2, 22, 1, 1] => QQFieldElem[5, 3, -3, -5])