Dict(
	[16, 8, 21, 19, 21, 2, 1, 22, 1, 2] => QQFieldElem[-1, 0, -1, 0],
	[16, 8, 21, 19, 22, 1, 1, 21, 1, 1] => QQFieldElem[3//4, 0, 1//4, 1//4],
	[16, 8, 21, 19, 22, 1, 1, 22, 1, 1] => QQFieldElem[3//4, 0, 1//4, 1//4],
	[16, 8, 21, 19, 22, 2, 1, 21, 1, 1] => QQFieldElem[0, 1//2, -1//2, 0],
	[16, 8, 21, 19, 21, 1, 1, 21, 1, 1] => QQFieldElem[-1//2, 0, -1, -1],
	[16, 8, 21, 19, 22, 2, 1, 22, 1, 1] => QQFieldElem[-3//5, 3//10, -3//10, -2//5],
	[16, 8, 21, 19, 21, 1, 1, 22, 1, 1] => QQFieldElem[-1//2, -1, 0, -1],
	[16, 8, 21, 19, 21, 2, 1, 21, 1, 1] => QQFieldElem[1, 0, 1, 0],
	[16, 8, 21, 19, 21, 2, 1, 22, 1, 1] => QQFieldElem[7//5, 4//5, 1//5, 8//5],
	[16, 8, 21, 19, 22, 1, 1, 21, 1, 2] => QQFieldElem[1//4, 1//2, -1//4, 3//4],
	[16, 8, 21, 19, 22, 1, 1, 22, 1, 2] => QQFieldElem[1//4, 1//2, 3//4, -1//4],
	[16, 8, 21, 19, 22, 2, 1, 21, 1, 2] => QQFieldElem[1, 1//2, 1//2, 1],
	[16, 8, 21, 19, 21, 1, 1, 21, 1, 2] => QQFieldElem[-1//2, -1, 0, -1],
	[16, 8, 21, 19, 22, 2, 1, 22, 1, 2] => QQFieldElem[0, -1//2, -1//2, -1],
	[16, 8, 21, 19, 21, 1, 1, 22, 1, 2] => QQFieldElem[-1//2, 0, -1, -1],
	[16, 8, 21, 19, 21, 2, 1, 21, 1, 2] => QQFieldElem[-7//5, -4//5, -1//5, -8//5])