Dict(
	[16, 12, 22, 11, 13, 1, 1, 15, 1, 1] => QQFieldElem[-3//8, -3//8, -1//8, 1//4],
	[16, 12, 22, 11, 15, 1, 1, 13, 1, 1] => QQFieldElem[-1//8, 1//8, 3//8, 1//4],
	[16, 12, 22, 11, 13, 1, 1, 21, 1, 1] => QQFieldElem[1//20, 1//10, 2//5, 1//5],
	[16, 12, 22, 11, 22, 1, 1, 13, 1, 1] => QQFieldElem[0, 0, 0, 0],
	[16, 12, 22, 11, 15, 1, 1, 15, 1, 1] => QQFieldElem[1//8, 1//8, 1//8, 0],
	[16, 12, 22, 11, 13, 1, 1, 22, 1, 1] => QQFieldElem[0, 0, 0, 0],
	[16, 12, 22, 11, 21, 1, 1, 13, 1, 1] => QQFieldElem[1//4, 1//4, -1//4, -1//4],
	[16, 12, 22, 11, 22, 1, 1, 15, 1, 1] => QQFieldElem[1//4, 1//4, -1//4, -1//4],
	[16, 12, 22, 11, 15, 1, 1, 21, 1, 1] => QQFieldElem[0, 0, 0, 0],
	[16, 12, 22, 11, 21, 1, 1, 15, 1, 1] => QQFieldElem[0, 0, 0, 0],
	[16, 12, 22, 11, 15, 1, 1, 22, 1, 1] => QQFieldElem[-1//4, 0, 0, 0],
	[16, 12, 22, 11, 22, 1, 1, 21, 1, 1] => QQFieldElem[-1//8, -3//8, -1//2, -1//4],
	[16, 12, 22, 11, 22, 1, 1, 22, 1, 1] => QQFieldElem[-1//8, 1//8, 0, 0],
	[16, 12, 22, 11, 21, 1, 1, 21, 1, 1] => QQFieldElem[1//8, 1//8, 0, 0],
	[16, 12, 22, 11, 21, 1, 1, 22, 1, 1] => QQFieldElem[1//8, 1//8, 0, -1//4],
	[16, 12, 22, 11, 13, 1, 1, 13, 1, 1] => QQFieldElem[-1//8, 1//8, 1//8, 0])