Dict(
	[17, 9, 12, 22, 22, 1, 1, 15, 1, 1] => QQFieldElem[1//5, 2//5, 11//10, 4//5],
	[17, 9, 12, 22, 22, 2, 1, 15, 1, 1] => QQFieldElem[-1//2, -3//2, -1//2, 0],
	[17, 9, 12, 22, 21, 1, 1, 15, 1, 1] => QQFieldElem[-1, -3, -1, 0],
	[17, 9, 12, 22, 22, 1, 1, 21, 1, 1] => QQFieldElem[0, 0, 1//2, 0],
	[17, 9, 12, 22, 22, 1, 1, 9, 1, 1] => QQFieldElem[1//5, 3//5, 1//5, 0],
	[17, 9, 12, 22, 21, 2, 1, 15, 1, 1] => QQFieldElem[3//10, -2//5, -3//5, -4//5],
	[17, 9, 12, 22, 22, 2, 1, 21, 1, 1] => QQFieldElem[-1//2, -1//2, -1//2, 0],
	[17, 9, 12, 22, 22, 1, 1, 16, 1, 1] => QQFieldElem[-1, -1, -1, 0],
	[17, 9, 12, 22, 21, 1, 1, 21, 1, 1] => QQFieldElem[-1, -1, -1, 0],
	[17, 9, 12, 22, 22, 2, 1, 9, 1, 1] => QQFieldElem[-1, 0, 0, 0],
	[17, 9, 12, 22, 21, 1, 1, 9, 1, 1] => QQFieldElem[-2, 0, 0, 0],
	[17, 9, 12, 22, 21, 2, 1, 21, 1, 1] => QQFieldElem[1//2, 0, 0, 0],
	[17, 9, 12, 22, 21, 1, 1, 16, 1, 1] => QQFieldElem[2, 0, -4, -4],
	[17, 9, 12, 22, 22, 2, 1, 16, 1, 1] => QQFieldElem[1, 0, 0, 0],
	[17, 9, 12, 22, 21, 2, 1, 9, 1, 1] => QQFieldElem[-2//5, -3//5, -3//5, -2//5],
	[17, 9, 12, 22, 21, 2, 1, 16, 1, 1] => QQFieldElem[0, 1, 1, 0])