Dict(
	[17, 9, 20, 21, 22, 1, 1, 15, 1, 1] => QQFieldElem[-1//2, -1//2, 0, 0],
	[17, 9, 20, 21, 22, 2, 1, 15, 1, 1] => QQFieldElem[-1//2, -1//2, -1//2, 0],
	[17, 9, 20, 21, 21, 1, 1, 15, 1, 1] => QQFieldElem[27//88, 9//88, -17//44, -21//44],
	[17, 9, 20, 21, 22, 1, 1, 21, 1, 1] => QQFieldElem[3//20, 4//5, 6//5, 17//20],
	[17, 9, 20, 21, 16, 1, 1, 15, 1, 1] => QQFieldElem[-1//44, 7//44, 9//44, 1//11],
	[17, 9, 20, 21, 22, 1, 1, 9, 1, 1] => QQFieldElem[7//8, 7//8, 0, -1//2],
	[17, 9, 20, 21, 21, 2, 1, 15, 1, 1] => QQFieldElem[3//22, -5//11, -8//11, -6//11],
	[17, 9, 20, 21, 22, 2, 1, 21, 1, 1] => QQFieldElem[-2//5, -1//20, 11//20, 13//20],
	[17, 9, 20, 21, 22, 1, 1, 16, 1, 1] => QQFieldElem[0, 3//8, 1//2, 3//8],
	[17, 9, 20, 21, 21, 1, 1, 21, 1, 1] => QQFieldElem[-1//2, 0, 3//4, 1],
	[17, 9, 20, 21, 14, 1, 1, 15, 1, 1] => QQFieldElem[-9//11, -25//11, -18//11, -8//11],
	[17, 9, 20, 21, 16, 1, 1, 21, 1, 1] => QQFieldElem[-1//10, -7//10, -4//5, -2//5],
	[17, 9, 20, 21, 22, 2, 1, 9, 1, 1] => QQFieldElem[1//2, 0, -1, -1],
	[17, 9, 20, 21, 21, 1, 1, 9, 1, 1] => QQFieldElem[-1//4, 1//4, 3//4, 1//2],
	[17, 9, 20, 21, 22, 2, 1, 16, 1, 1] => QQFieldElem[0, 1//2, 1//2, 1//4],
	[17, 9, 20, 21, 16, 1, 1, 9, 1, 1] => QQFieldElem[-1//4, -3//8, 1//4, 3//8],
	[17, 9, 20, 21, 14, 1, 1, 21, 1, 1] => QQFieldElem[4, 8, 6, 2],
	[17, 9, 20, 21, 21, 2, 1, 21, 1, 1] => QQFieldElem[0, 1, 3//2, 1],
	[17, 9, 20, 21, 21, 2, 1, 9, 1, 1] => QQFieldElem[-1//2, -1//4, 1//4, 1//2],
	[17, 9, 20, 21, 16, 1, 1, 16, 1, 1] => QQFieldElem[-1//8, -1//8, -3//8, 0],
	[17, 9, 20, 21, 14, 1, 1, 9, 1, 1] => QQFieldElem[-1, -7, -8, -4],
	[17, 9, 20, 21, 21, 2, 1, 16, 1, 1] => QQFieldElem[0, -1//4, -1//4, -1//4],
	[17, 9, 20, 21, 21, 1, 1, 16, 1, 1] => QQFieldElem[-1//4, -1//2, -1//2, -1//4],
	[17, 9, 20, 21, 14, 1, 1, 16, 1, 1] => QQFieldElem[1, 1, 1, 0],
	[17, 9, 20, 21, 22, 1, 1, 15, 1, 2] => QQFieldElem[1//2, 1, 3//4, 0],
	[17, 9, 20, 21, 22, 2, 1, 15, 1, 2] => QQFieldElem[1, 1, 1//2, 0],
	[17, 9, 20, 21, 21, 1, 1, 15, 1, 2] => QQFieldElem[0, 0, -2, -2],
	[17, 9, 20, 21, 22, 1, 1, 21, 1, 2] => QQFieldElem[3//4, 5//8, -1//2, -7//8],
	[17, 9, 20, 21, 16, 1, 1, 15, 1, 2] => QQFieldElem[-2//11, 1//44, 17//44, 5//22],
	[17, 9, 20, 21, 21, 2, 1, 15, 1, 2] => QQFieldElem[0, -1//4, 0, 1//4],
	[17, 9, 20, 21, 14, 1, 1, 15, 1, 2] => QQFieldElem[-1//22, -5//88, 7//44, 5//88],
	[17, 9, 20, 21, 21, 1, 1, 21, 1, 2] => QQFieldElem[-3, -9, -9, -4],
	[17, 9, 20, 21, 22, 2, 1, 21, 1, 2] => QQFieldElem[1//2, -1//2, -3//2, -5//4],
	[17, 9, 20, 21, 16, 1, 1, 21, 1, 2] => QQFieldElem[1//10, -3//10, -7//10, -3//5],
	[17, 9, 20, 21, 21, 2, 1, 21, 1, 2] => QQFieldElem[-3//8, -1//8, 3//8, 1//2],
	[17, 9, 20, 21, 14, 1, 1, 21, 1, 2] => QQFieldElem[0, -1//4, -1//2, -3//4])