Dict(
	[17, 16, 21, 11, 17, 1, 1, 15, 1, 1] => QQFieldElem[-3//10, -1//10, 1//10, 3//10],
	[17, 16, 21, 11, 17, 1, 1, 21, 1, 1] => QQFieldElem[-1, -1, -1//2, 0],
	[17, 16, 21, 11, 20, 1, 1, 15, 1, 1] => QQFieldElem[1//2, 0, -1//2, -1//2],
	[17, 16, 21, 11, 17, 1, 1, 9, 1, 1] => QQFieldElem[1//2, 1//2, -1//2, -1//2],
	[17, 16, 21, 11, 17, 1, 1, 22, 1, 1] => QQFieldElem[0, -1//2, 0, 0],
	[17, 16, 21, 11, 17, 1, 1, 16, 1, 1] => QQFieldElem[1//5, 2//5, 3//5, 4//5],
	[17, 16, 21, 11, 18, 1, 1, 14, 1, 1] => QQFieldElem[-24//55, -8//55, 18//55, 19//55],
	[17, 16, 21, 11, 20, 1, 1, 21, 1, 1] => QQFieldElem[1//2, 1//2, 0, -1],
	[17, 16, 21, 11, 19, 1, 2, 14, 1, 1] => QQFieldElem[1//2, 0, -3//2, -3//2],
	[17, 16, 21, 11, 20, 1, 1, 9, 1, 1] => QQFieldElem[-1, 0, 1//2, 1//2],
	[17, 16, 21, 11, 19, 1, 1, 14, 1, 1] => QQFieldElem[-1//22, 7//22, 9//22, 15//22],
	[17, 16, 21, 11, 20, 1, 1, 22, 1, 1] => QQFieldElem[0, 1//2, 0, -1//2],
	[17, 16, 21, 11, 20, 1, 1, 16, 1, 1] => QQFieldElem[0, 0, -1, 0],
	[17, 16, 21, 11, 11, 1, 1, 14, 1, 1] => QQFieldElem[-24//55, -8//55, -92//55, -36//55],
	[17, 16, 21, 11, 18, 1, 1, 15, 1, 1] => QQFieldElem[-2//5, -4//5, -6//5, -3//5],
	[17, 16, 21, 11, 19, 1, 2, 15, 1, 1] => QQFieldElem[1//2, 1, 3//2, 1//2],
	[17, 16, 21, 11, 19, 1, 1, 15, 1, 1] => QQFieldElem[-1//2, -1//2, -1//2, -1//2],
	[17, 16, 21, 11, 11, 1, 1, 15, 1, 1] => QQFieldElem[8//5, 16//5, 4//5, 12//5],
	[17, 16, 21, 11, 18, 1, 1, 21, 1, 1] => QQFieldElem[0, -1, -1, 0],
	[17, 16, 21, 11, 19, 1, 2, 21, 1, 1] => QQFieldElem[3//2, 5//2, 1, 0],
	[17, 16, 21, 11, 18, 1, 1, 9, 1, 1] => QQFieldElem[-1, -3, -4, -2],
	[17, 16, 21, 11, 19, 1, 1, 21, 1, 1] => QQFieldElem[-1, -1, -1//2, 0],
	[17, 16, 21, 11, 18, 1, 1, 22, 1, 1] => QQFieldElem[-1, 0, 1, 1],
	[17, 16, 21, 11, 17, 1, 1, 14, 1, 1] => QQFieldElem[-27//110, -9//110, -21//110, -13//110],
	[17, 16, 21, 11, 19, 1, 2, 22, 1, 1] => QQFieldElem[1, -1//2, -3, -5//2],
	[17, 16, 21, 11, 19, 1, 1, 9, 1, 1] => QQFieldElem[-3//2, -7//2, -7//2, -3//2],
	[17, 16, 21, 11, 11, 1, 1, 9, 1, 1] => QQFieldElem[4, 8, 8, 0],
	[17, 16, 21, 11, 19, 1, 1, 22, 1, 1] => QQFieldElem[0, 1//2, 1, 1],
	[17, 16, 21, 11, 19, 1, 1, 16, 1, 1] => QQFieldElem[-1, -2, -1, 0],
	[17, 16, 21, 11, 11, 1, 1, 16, 1, 1] => QQFieldElem[32//5, 24//5, 16//5, 8//5],
	[17, 16, 21, 11, 11, 1, 1, 22, 1, 1] => QQFieldElem[0, 0, -4, 0],
	[17, 16, 21, 11, 19, 1, 2, 9, 1, 1] => QQFieldElem[2, 7, 15//2, 7//2],
	[17, 16, 21, 11, 11, 1, 1, 21, 1, 1] => QQFieldElem[0, 4, 0, 0],
	[17, 16, 21, 11, 18, 1, 1, 16, 1, 1] => QQFieldElem[-6//5, -12//5, -8//5, -4//5],
	[17, 16, 21, 11, 19, 1, 2, 16, 1, 1] => QQFieldElem[2, 4, 3, 0],
	[17, 16, 21, 11, 20, 1, 1, 14, 1, 1] => QQFieldElem[7//22, 3//11, 3//22, 5//22])