Dict(
	[17, 9, 12, 21, 22, 1, 1, 15, 1, 1] => QQFieldElem[1//5, 2//5, 1//10, -1//5],
	[17, 9, 12, 21, 22, 2, 1, 15, 1, 1] => QQFieldElem[-1//2, -1//2, -1//2, 0],
	[17, 9, 12, 21, 21, 1, 1, 15, 1, 1] => QQFieldElem[-5, -7, -5, 0],
	[17, 9, 12, 21, 22, 1, 1, 21, 1, 1] => QQFieldElem[-4//5, -8//5, -9//10, -1//5],
	[17, 9, 12, 21, 22, 1, 1, 9, 1, 1] => QQFieldElem[3//5, 1//5, -1//5, 2//5],
	[17, 9, 12, 21, 21, 2, 1, 15, 1, 1] => QQFieldElem[3//10, 3//5, 2//5, 1//5],
	[17, 9, 12, 21, 22, 2, 1, 21, 1, 1] => QQFieldElem[3//2, 5//2, 3//2, 0],
	[17, 9, 12, 21, 22, 1, 1, 16, 1, 1] => QQFieldElem[1//5, -3//5, -7//5, -6//5],
	[17, 9, 12, 21, 21, 1, 1, 21, 1, 1] => QQFieldElem[7, 11, 7, 0],
	[17, 9, 12, 21, 22, 2, 1, 9, 1, 1] => QQFieldElem[1//5, 0, 2//5, 2//5],
	[17, 9, 12, 21, 21, 1, 1, 9, 1, 1] => QQFieldElem[-2, 0, 4, 4],
	[17, 9, 12, 21, 22, 2, 1, 16, 1, 1] => QQFieldElem[-1, 0, 2, 2],
	[17, 9, 12, 21, 21, 1, 1, 16, 1, 1] => QQFieldElem[-6, 0, 8, 8],
	[17, 9, 12, 21, 21, 2, 1, 21, 1, 1] => QQFieldElem[-7//10, -7//5, -3//5, 1//5],
	[17, 9, 12, 21, 21, 2, 1, 9, 1, 1] => QQFieldElem[2//5, -1//5, 1//5, -2//5],
	[17, 9, 12, 21, 21, 2, 1, 16, 1, 1] => QQFieldElem[4//5, 3//5, -3//5, -4//5])