Dict(
	[17, 8, 22, 14, 21, 1, 1, 19, 1, 2] => QQFieldElem[0, 0, 0, 0],
	[17, 8, 22, 14, 14, 1, 1, 18, 1, 1] => QQFieldElem[0, 0, 0, 0],
	[17, 8, 22, 14, 16, 1, 1, 17, 1, 1] => QQFieldElem[0, 0, 0, 0],
	[17, 8, 22, 14, 16, 1, 1, 19, 1, 2] => QQFieldElem[-1, 0, -1, 0],
	[17, 8, 22, 14, 14, 1, 1, 17, 1, 1] => QQFieldElem[3//5, 1//5, -6//5, -8//5],
	[17, 8, 22, 14, 14, 1, 1, 19, 1, 2] => QQFieldElem[0, 0, -1, -1],
	[17, 8, 22, 14, 22, 1, 1, 19, 1, 1] => QQFieldElem[-2//11, 1//11, -7//22, 1//22],
	[17, 8, 22, 14, 21, 1, 1, 19, 1, 1] => QQFieldElem[0, 0, -1, -1],
	[17, 8, 22, 14, 16, 1, 1, 19, 1, 1] => QQFieldElem[0, 1, 1//2, 1//2],
	[17, 8, 22, 14, 14, 1, 1, 19, 1, 1] => QQFieldElem[0, 0, 0, 0],
	[17, 8, 22, 14, 22, 1, 1, 18, 1, 1] => QQFieldElem[-1, -1, -1, -1],
	[17, 8, 22, 14, 22, 1, 1, 17, 1, 1] => QQFieldElem[-3//5, -1//5, 1//5, 3//5],
	[17, 8, 22, 14, 21, 1, 1, 18, 1, 1] => QQFieldElem[-1//2, 1//2, 1, 1//2],
	[17, 8, 22, 14, 22, 1, 1, 19, 1, 2] => QQFieldElem[-3//11, -4//11, 3//11, -2//11],
	[17, 8, 22, 14, 16, 1, 1, 18, 1, 1] => QQFieldElem[1, 1, 0, 0],
	[17, 8, 22, 14, 21, 1, 1, 17, 1, 1] => QQFieldElem[1//10, -3//10, -1//5, -1//10])