Dict(
	[17, 11, 19, 19, 18, 1, 1, 20, 1, 2] => QQFieldElem[0, -1, -2, -1],
	[17, 11, 19, 19, 17, 1, 1, 18, 1, 1] => QQFieldElem[0, -1//2, -1//4, -1//2],
	[17, 11, 19, 19, 12, 1, 1, 20, 1, 1] => QQFieldElem[0, 0, 0, 0],
	[17, 11, 19, 19, 19, 1, 1, 20, 1, 2] => QQFieldElem[1//4, 0, -3//4, -3//4],
	[17, 11, 19, 19, 18, 1, 1, 19, 1, 1] => QQFieldElem[1, 2, 1, 0],
	[17, 11, 19, 19, 20, 1, 1, 20, 1, 1] => QQFieldElem[1//4, 0, -3//4, -3//4],
	[17, 11, 19, 19, 20, 2, 1, 20, 1, 1] => QQFieldElem[0, 0, -1, -1],
	[17, 11, 19, 19, 17, 1, 1, 17, 1, 1] => QQFieldElem[0, 1//2, 1//4, 1//2],
	[17, 11, 19, 19, 19, 1, 1, 19, 1, 1] => QQFieldElem[0, 0, 0, 0],
	[17, 11, 19, 19, 20, 1, 1, 18, 1, 1] => QQFieldElem[2, 2, 2, 4],
	[17, 11, 19, 19, 12, 1, 1, 18, 1, 1] => QQFieldElem[1//2, 0, 1//2, 1//2],
	[17, 11, 19, 19, 17, 1, 1, 11, 1, 1] => QQFieldElem[-1, 0, 1//2, 1//2],
	[17, 11, 19, 19, 20, 2, 1, 18, 1, 1] => QQFieldElem[1//2, 1//2, 1//2, 1],
	[17, 11, 19, 19, 12, 1, 1, 17, 1, 1] => QQFieldElem[1//2, 0, 1//2, 1//2],
	[17, 11, 19, 19, 20, 1, 1, 17, 1, 1] => QQFieldElem[-2, -2, -2, -4],
	[17, 11, 19, 19, 18, 1, 1, 20, 1, 1] => QQFieldElem[0, -4, -8, -4],
	[17, 11, 19, 19, 20, 2, 1, 17, 1, 1] => QQFieldElem[-1//2, -1//2, -1//2, -1],
	[17, 11, 19, 19, 20, 1, 1, 11, 1, 1] => QQFieldElem[0, -4, -8, -8],
	[17, 11, 19, 19, 12, 1, 1, 11, 1, 1] => QQFieldElem[0, 0, 0, 0],
	[17, 11, 19, 19, 17, 1, 1, 20, 1, 2] => QQFieldElem[0, 0, 0, 0],
	[17, 11, 19, 19, 19, 1, 1, 20, 1, 1] => QQFieldElem[0, 0, 1//2, 1//2],
	[17, 11, 19, 19, 20, 2, 1, 11, 1, 1] => QQFieldElem[0, 0, 0, 0],
	[17, 11, 19, 19, 17, 1, 1, 19, 1, 1] => QQFieldElem[-1, -2, -1, 0],
	[17, 11, 19, 19, 18, 1, 1, 18, 1, 1] => QQFieldElem[0, -1//2, -1//4, -1//2],
	[17, 11, 19, 19, 20, 1, 1, 20, 1, 2] => QQFieldElem[-4, -2, 2, 4],
	[17, 11, 19, 19, 12, 1, 1, 20, 1, 2] => QQFieldElem[0, 1, 1, 1//2],
	[17, 11, 19, 19, 18, 1, 1, 17, 1, 1] => QQFieldElem[0, 1//2, 1//4, 1//2],
	[17, 11, 19, 19, 19, 1, 1, 18, 1, 1] => QQFieldElem[1, 0, 0, 0],
	[17, 11, 19, 19, 20, 1, 1, 19, 1, 1] => QQFieldElem[16//5, 32//5, 8//5, -16//5],
	[17, 11, 19, 19, 12, 1, 1, 19, 1, 1] => QQFieldElem[0, 0, 0, 0],
	[17, 11, 19, 19, 20, 2, 1, 20, 1, 2] => QQFieldElem[-1, -1//2, 1//2, 1],
	[17, 11, 19, 19, 19, 1, 1, 17, 1, 1] => QQFieldElem[1, 0, 0, 0],
	[17, 11, 19, 19, 18, 1, 1, 11, 1, 1] => QQFieldElem[1, 0, -1//2, -1//2],
	[17, 11, 19, 19, 20, 2, 1, 19, 1, 1] => QQFieldElem[0, 0, 0, 0],
	[17, 11, 19, 19, 19, 1, 1, 11, 1, 1] => QQFieldElem[0, 0, 0, 0],
	[17, 11, 19, 19, 17, 1, 1, 20, 1, 1] => QQFieldElem[0, 1, 1, 1//2])