Dict(
	[17, 13, 18, 15, 22, 1, 1, 14, 1, 1] => QQFieldElem[33//5, -3//10, -117//10, -111//10],
	[17, 13, 18, 15, 15, 1, 1, 13, 1, 1] => QQFieldElem[4, 8, 6, 2],
	[17, 13, 18, 15, 9, 1, 1, 10, 1, 1] => QQFieldElem[20, 20, 0, -12],
	[17, 13, 18, 15, 22, 1, 1, 13, 1, 1] => QQFieldElem[-6, -21//2, -17//2, -5//2],
	[17, 13, 18, 15, 21, 1, 1, 14, 1, 1] => QQFieldElem[0, -1//2, -1//2, -1//2],
	[17, 13, 18, 15, 13, 1, 1, 21, 1, 1] => QQFieldElem[-126//121, 81//242, 177//121, 447//242],
	[17, 13, 18, 15, 15, 1, 1, 15, 1, 1] => QQFieldElem[-3, 0, 5, 5],
	[17, 13, 18, 15, 16, 1, 1, 14, 1, 1] => QQFieldElem[2//5, 4//5, 7//10, 1//10],
	[17, 13, 18, 15, 13, 1, 1, 22, 1, 1] => QQFieldElem[0, 5//2, 5, 5//2],
	[17, 13, 18, 15, 21, 1, 1, 13, 1, 1] => QQFieldElem[-1, -3//2, -1//2, 1//2],
	[17, 13, 18, 15, 22, 1, 1, 15, 1, 1] => QQFieldElem[5, -1//2, -17//2, -17//2],
	[17, 13, 18, 15, 16, 1, 1, 13, 1, 1] => QQFieldElem[1, 0, -3//2, -3//2],
	[17, 13, 18, 15, 15, 1, 1, 21, 1, 1] => QQFieldElem[-180//121, 6//121, 322//121, 302//121],
	[17, 13, 18, 15, 21, 1, 1, 15, 1, 1] => QQFieldElem[0, -1//2, -1//2, -1//2],
	[17, 13, 18, 15, 15, 1, 1, 22, 1, 1] => QQFieldElem[0, 6, 10, 6],
	[17, 13, 18, 15, 22, 1, 1, 21, 1, 1] => QQFieldElem[303//121, -117//242, -1197//242, -585//121],
	[17, 13, 18, 15, 16, 1, 1, 15, 1, 1] => QQFieldElem[1//2, 1, 1//2, 1//2],
	[17, 13, 18, 15, 13, 1, 1, 10, 1, 1] => QQFieldElem[-2, 7//2, 9, 7],
	[17, 13, 18, 15, 9, 1, 1, 14, 1, 1] => QQFieldElem[64//5, 88//5, 32//5, -24//5],
	[17, 13, 18, 15, 22, 1, 1, 22, 1, 1] => QQFieldElem[0, -17//2, -27//2, -8],
	[17, 13, 18, 15, 21, 1, 1, 21, 1, 1] => QQFieldElem[12//121, -25//242, -51//242, -4//121],
	[17, 13, 18, 15, 9, 1, 1, 13, 1, 1] => QQFieldElem[0, -8, -16, -8],
	[17, 13, 18, 15, 16, 1, 1, 21, 1, 1] => QQFieldElem[-8//121, 57//242, 17//121, -35//242],
	[17, 13, 18, 15, 21, 1, 1, 22, 1, 1] => QQFieldElem[-1, -5//2, -5//2, -1],
	[17, 13, 18, 15, 15, 1, 1, 10, 1, 1] => QQFieldElem[-3, 5, 13, 10],
	[17, 13, 18, 15, 16, 1, 1, 22, 1, 1] => QQFieldElem[2, 5//2, 1, -1//2],
	[17, 13, 18, 15, 9, 1, 1, 15, 1, 1] => QQFieldElem[8, 12, 4, -4],
	[17, 13, 18, 15, 22, 1, 1, 10, 1, 1] => QQFieldElem[5, -9, -22, -33//2],
	[17, 13, 18, 15, 13, 1, 1, 14, 1, 1] => QQFieldElem[-3, 0, 9//2, 9//2],
	[17, 13, 18, 15, 21, 1, 1, 10, 1, 1] => QQFieldElem[0, -1, -1, -1//2],
	[17, 13, 18, 15, 9, 1, 1, 21, 1, 1] => QQFieldElem[456//121, 856//121, 120//121, -152//121],
	[17, 13, 18, 15, 16, 1, 1, 10, 1, 1] => QQFieldElem[1, 3//2, 1, 0],
	[17, 13, 18, 15, 13, 1, 1, 13, 1, 1] => QQFieldElem[2, 4, 7//2, 1//2],
	[17, 13, 18, 15, 9, 1, 1, 22, 1, 1] => QQFieldElem[8, 8, -8, -8],
	[17, 13, 18, 15, 15, 1, 1, 14, 1, 1] => QQFieldElem[-4, 0, 6, 6],
	[17, 13, 18, 15, 13, 1, 1, 15, 1, 1] => QQFieldElem[-5//2, 0, 5//2, 5//2])