Dict(
	[17, 20, 18, 20, 18, 1, 1, 19, 1, 1] => QQFieldElem[-4//5, -28//5, -32//5, -16//5],
	[17, 20, 18, 20, 5, 1, 1, 19, 1, 1] => QQFieldElem[0, -32//5, -56//5, -32//5],
	[17, 20, 18, 20, 7, 1, 1, 5, 1, 1] => QQFieldElem[1, 0, -1, -1],
	[17, 20, 18, 20, 17, 1, 1, 19, 1, 2] => QQFieldElem[-6//5, 8//5, 22//5, 16//5],
	[17, 20, 18, 20, 7, 1, 1, 19, 1, 1] => QQFieldElem[-6//5, -22//5, -28//5, -14//5],
	[17, 20, 18, 20, 18, 1, 1, 19, 2, 1] => QQFieldElem[-4//5, -28//5, -32//5, -16//5],
	[17, 20, 18, 20, 5, 1, 1, 19, 2, 1] => QQFieldElem[22//5, 22//5, 0, -14//5],
	[17, 20, 18, 20, 17, 1, 1, 4, 1, 1] => QQFieldElem[3//2, 3//2, 0, -1],
	[17, 20, 18, 20, 17, 1, 1, 19, 2, 2] => QQFieldElem[1//2, 3//2, 2, 1],
	[17, 20, 18, 20, 4, 1, 1, 20, 1, 1] => QQFieldElem[-32//5, -32//5, 0, 24//5],
	[17, 20, 18, 20, 7, 1, 1, 19, 2, 1] => QQFieldElem[0, 0, 0, 0],
	[17, 20, 18, 20, 20, 1, 1, 7, 1, 1] => QQFieldElem[1//4, 1//4, 0, -1//2],
	[17, 20, 18, 20, 12, 1, 1, 7, 1, 1] => QQFieldElem[0, 4, 6, 4],
	[17, 20, 18, 20, 18, 1, 1, 18, 1, 1] => QQFieldElem[0, 0, -1//2, -1//2],
	[17, 20, 18, 20, 5, 1, 1, 18, 1, 1] => QQFieldElem[-2, -2, 0, 2],
	[17, 20, 18, 20, 18, 1, 1, 17, 1, 1] => QQFieldElem[1, 0, -3//2, -3//2],
	[17, 20, 18, 20, 4, 1, 1, 19, 1, 2] => QQFieldElem[16//5, 28//5, 16//5, 0],
	[17, 20, 18, 20, 5, 1, 1, 17, 1, 1] => QQFieldElem[-2, -2, 0, -2],
	[17, 20, 18, 20, 7, 1, 1, 18, 1, 1] => QQFieldElem[0, 0, 0, -1],
	[17, 20, 18, 20, 20, 1, 1, 12, 1, 1] => QQFieldElem[-1//2, -1//2, 0, 1],
	[17, 20, 18, 20, 12, 1, 1, 12, 1, 1] => QQFieldElem[0, -8, -12, -8],
	[17, 20, 18, 20, 7, 1, 1, 17, 1, 1] => QQFieldElem[0, 0, 0, -1],
	[17, 20, 18, 20, 4, 1, 1, 4, 1, 1] => QQFieldElem[2, 2, 2, 0],
	[17, 20, 18, 20, 19, 1, 1, 11, 1, 1] => QQFieldElem[-1//4, 0, -1//2, -1//2],
	[17, 20, 18, 20, 11, 1, 1, 11, 1, 1] => QQFieldElem[1, 0, -2, -2],
	[17, 20, 18, 20, 4, 1, 1, 19, 2, 2] => QQFieldElem[-44//5, -44//5, 0, 28//5],
	[17, 20, 18, 20, 19, 2, 2, 11, 1, 1] => QQFieldElem[0, 0, 0, -1],
	[17, 20, 18, 20, 19, 1, 2, 7, 1, 1] => QQFieldElem[0, 0, 0, 0],
	[17, 20, 18, 20, 20, 1, 1, 20, 1, 1] => QQFieldElem[1, 0, -2, -2],
	[17, 20, 18, 20, 12, 1, 1, 20, 1, 1] => QQFieldElem[32//5, 88//5, 88//5, 32//5],
	[17, 20, 18, 20, 11, 1, 1, 5, 1, 1] => QQFieldElem[0, 2, 3, 2],
	[17, 20, 18, 20, 19, 1, 1, 5, 1, 1] => QQFieldElem[1//2, 1//4, 1//2, 0],
	[17, 20, 18, 20, 19, 2, 1, 7, 1, 1] => QQFieldElem[1//2, 3//2, 2, 1],
	[17, 20, 18, 20, 19, 2, 2, 5, 1, 1] => QQFieldElem[-1, 0, 1, 1],
	[17, 20, 18, 20, 19, 1, 2, 12, 1, 1] => QQFieldElem[0, 0, 0, 0],
	[17, 20, 18, 20, 19, 1, 1, 19, 1, 1] => QQFieldElem[0, 0, 0, 0],
	[17, 20, 18, 20, 11, 1, 1, 19, 1, 1] => QQFieldElem[0, -8, -12, -8],
	[17, 20, 18, 20, 19, 2, 2, 19, 1, 1] => QQFieldElem[-1//2, -3//2, -2, -1],
	[17, 20, 18, 20, 17, 1, 1, 11, 1, 1] => QQFieldElem[-1//2, 0, 1//2, 1//2],
	[17, 20, 18, 20, 19, 2, 1, 12, 1, 1] => QQFieldElem[-1, -3, -4, -2],
	[17, 20, 18, 20, 20, 1, 1, 19, 1, 2] => QQFieldElem[-2, -3, -2, 0],
	[17, 20, 18, 20, 12, 1, 1, 19, 1, 2] => QQFieldElem[-2, -5, -5, -2],
	[17, 20, 18, 20, 19, 1, 1, 19, 2, 1] => QQFieldElem[0, -1, -1, -1],
	[17, 20, 18, 20, 11, 1, 1, 19, 2, 1] => QQFieldElem[-32//5, 16//5, 84//5, 72//5],
	[17, 20, 18, 20, 19, 1, 2, 20, 1, 1] => QQFieldElem[0, 0, 0, 0],
	[17, 20, 18, 20, 19, 2, 2, 19, 2, 1] => QQFieldElem[0, 0, 0, 0],
	[17, 20, 18, 20, 17, 1, 1, 5, 1, 1] => QQFieldElem[0, -1//2, -1//2, -1//2],
	[17, 20, 18, 20, 20, 1, 1, 4, 1, 1] => QQFieldElem[-1//2, -1//2, 0, -1//4],
	[17, 20, 18, 20, 12, 1, 1, 4, 1, 1] => QQFieldElem[0, -2, -4, -2],
	[17, 20, 18, 20, 20, 1, 1, 19, 2, 2] => QQFieldElem[-1//4, -1//4, 0, 1//2],
	[17, 20, 18, 20, 17, 1, 1, 19, 1, 1] => QQFieldElem[-4, -4, 0, 3],
	[17, 20, 18, 20, 19, 2, 1, 20, 1, 1] => QQFieldElem[14//5, 28//5, 22//5, 6//5],
	[17, 20, 18, 20, 12, 1, 1, 19, 2, 2] => QQFieldElem[0, 2, 7//2, 2],
	[17, 20, 18, 20, 19, 1, 1, 18, 1, 1] => QQFieldElem[-1//4, -1//2, 1//2, 1//4],
	[17, 20, 18, 20, 11, 1, 1, 18, 1, 1] => QQFieldElem[-1, 0, 1, 1],
	[17, 20, 18, 20, 19, 2, 2, 18, 1, 1] => QQFieldElem[-1, -1, 0, 0],
	[17, 20, 18, 20, 19, 1, 2, 19, 1, 2] => QQFieldElem[1, 2, 1, 0],
	[17, 20, 18, 20, 19, 1, 1, 17, 1, 1] => QQFieldElem[3//4, 1//2, 1//2, 3//4],
	[17, 20, 18, 20, 11, 1, 1, 17, 1, 1] => QQFieldElem[-1, 0, 1, 1],
	[17, 20, 18, 20, 4, 1, 1, 11, 1, 1] => QQFieldElem[-2, -2, 0, 0],
	[17, 20, 18, 20, 17, 1, 1, 19, 2, 1] => QQFieldElem[0, 1, 1, 1],
	[17, 20, 18, 20, 19, 2, 2, 17, 1, 1] => QQFieldElem[-1, -1, 0, 0],
	[17, 20, 18, 20, 19, 2, 1, 19, 1, 2] => QQFieldElem[-8, -10, -4, 2],
	[17, 20, 18, 20, 18, 1, 1, 7, 1, 1] => QQFieldElem[-1, -1, 0, 1//2],
	[17, 20, 18, 20, 19, 1, 2, 4, 1, 1] => QQFieldElem[-1//2, 0, 0, 1//2],
	[17, 20, 18, 20, 5, 1, 1, 7, 1, 1] => QQFieldElem[4, 6, 4, 0],
	[17, 20, 18, 20, 19, 1, 2, 19, 2, 2] => QQFieldElem[1//2, 3//2, 3//2, 1//2],
	[17, 20, 18, 20, 4, 1, 1, 5, 1, 1] => QQFieldElem[4, 0, -6, -6],
	[17, 20, 18, 20, 17, 1, 1, 18, 1, 1] => QQFieldElem[1, 0, -3//2, -3//2],
	[17, 20, 18, 20, 7, 1, 1, 7, 1, 1] => QQFieldElem[-2, -3, -2, 0],
	[17, 20, 18, 20, 4, 1, 1, 19, 1, 1] => QQFieldElem[56//5, 88//5, 56//5, 0],
	[17, 20, 18, 20, 19, 2, 1, 4, 1, 1] => QQFieldElem[-1, -5//2, -5//2, -3//2],
	[17, 20, 18, 20, 18, 1, 1, 12, 1, 1] => QQFieldElem[2, 2, 0, -1],
	[17, 20, 18, 20, 19, 2, 1, 19, 2, 2] => QQFieldElem[5//2, 3//2, -3//2, -5//2],
	[17, 20, 18, 20, 5, 1, 1, 12, 1, 1] => QQFieldElem[-4, -8, -4, 0],
	[17, 20, 18, 20, 17, 1, 1, 17, 1, 1] => QQFieldElem[0, 0, -1//2, -1//2],
	[17, 20, 18, 20, 7, 1, 1, 12, 1, 1] => QQFieldElem[2, 4, 2, 0],
	[17, 20, 18, 20, 4, 1, 1, 19, 2, 1] => QQFieldElem[-56//5, -88//5, -56//5, 0],
	[17, 20, 18, 20, 18, 1, 1, 20, 1, 1] => QQFieldElem[-14//5, 0, 22//5, 22//5],
	[17, 20, 18, 20, 20, 1, 1, 11, 1, 1] => QQFieldElem[-1//4, 0, -1//2, -1//2],
	[17, 20, 18, 20, 12, 1, 1, 11, 1, 1] => QQFieldElem[0, 2, 2, 0],
	[17, 20, 18, 20, 5, 1, 1, 20, 1, 1] => QQFieldElem[32//5, 32//5, 0, -24//5],
	[17, 20, 18, 20, 7, 1, 1, 20, 1, 1] => QQFieldElem[-16//5, -16//5, 0, 12//5],
	[17, 20, 18, 20, 4, 1, 1, 18, 1, 1] => QQFieldElem[2, 2, 0, 2],
	[17, 20, 18, 20, 20, 1, 1, 5, 1, 1] => QQFieldElem[0, 1//2, 1//4, 1//2],
	[17, 20, 18, 20, 12, 1, 1, 5, 1, 1] => QQFieldElem[-2, -4, -2, 0],
	[17, 20, 18, 20, 4, 1, 1, 17, 1, 1] => QQFieldElem[2, 2, 0, -2],
	[17, 20, 18, 20, 18, 1, 1, 19, 1, 2] => QQFieldElem[0, 0, 0, 0],
	[17, 20, 18, 20, 5, 1, 1, 19, 1, 2] => QQFieldElem[22//5, 22//5, 0, -14//5],
	[17, 20, 18, 20, 20, 1, 1, 19, 1, 1] => QQFieldElem[-3//2, -7//2, -7//2, -3//2],
	[17, 20, 18, 20, 12, 1, 1, 19, 1, 1] => QQFieldElem[-32//5, -44//5, -16//5, 12//5],
	[17, 20, 18, 20, 7, 1, 1, 19, 1, 2] => QQFieldElem[-16//5, -28//5, -16//5, 0],
	[17, 20, 18, 20, 19, 1, 2, 11, 1, 1] => QQFieldElem[0, 0, 0, 0],
	[17, 20, 18, 20, 18, 1, 1, 4, 1, 1] => QQFieldElem[1//2, 1//2, 0, 0],
	[17, 20, 18, 20, 5, 1, 1, 4, 1, 1] => QQFieldElem[-6, -10, -6, 0],
	[17, 20, 18, 20, 18, 1, 1, 19, 2, 2] => QQFieldElem[0, 0, 0, 0],
	[17, 20, 18, 20, 5, 1, 1, 19, 2, 2] => QQFieldElem[-2, -2, 0, 1],
	[17, 20, 18, 20, 20, 1, 1, 19, 2, 1] => QQFieldElem[-1//2, 1//2, 3//2, 1],
	[17, 20, 18, 20, 12, 1, 1, 19, 2, 1] => QQFieldElem[-4//5, -33//5, -47//5, -26//5],
	[17, 20, 18, 20, 19, 2, 1, 11, 1, 1] => QQFieldElem[1//2, 1, 1//2, 1//2],
	[17, 20, 18, 20, 11, 1, 1, 7, 1, 1] => QQFieldElem[3, 3, 0, -2],
	[17, 20, 18, 20, 7, 1, 1, 4, 1, 1] => QQFieldElem[1, 2, 1, 0],
	[17, 20, 18, 20, 19, 1, 1, 7, 1, 1] => QQFieldElem[1//4, 1//4, 0, -1//2],
	[17, 20, 18, 20, 19, 2, 2, 7, 1, 1] => QQFieldElem[1, 2, 1, 0],
	[17, 20, 18, 20, 7, 1, 1, 19, 2, 2] => QQFieldElem[-1, -1, 0, 1],
	[17, 20, 18, 20, 19, 1, 2, 5, 1, 1] => QQFieldElem[-1//2, -1//2, -1, -1//2],
	[17, 20, 18, 20, 19, 1, 2, 19, 1, 1] => QQFieldElem[-7//5, -14//5, -11//5, -3//5],
	[17, 20, 18, 20, 19, 2, 1, 5, 1, 1] => QQFieldElem[-1//2, -3//2, -1//2, 0],
	[17, 20, 18, 20, 19, 1, 1, 12, 1, 1] => QQFieldElem[-1, -1, 0, -1//2],
	[17, 20, 18, 20, 11, 1, 1, 12, 1, 1] => QQFieldElem[-4, -4, 0, 2],
	[17, 20, 18, 20, 20, 1, 1, 18, 1, 1] => QQFieldElem[1//4, 0, 1//2, 1//2],
	[17, 20, 18, 20, 12, 1, 1, 18, 1, 1] => QQFieldElem[0, -2, -2, 0],
	[17, 20, 18, 20, 19, 2, 2, 12, 1, 1] => QQFieldElem[-2, -4, -2, 0],
	[17, 20, 18, 20, 19, 2, 1, 19, 1, 1] => QQFieldElem[7//5, 14//5, 11//5, 3//5],
	[17, 20, 18, 20, 20, 1, 1, 17, 1, 1] => QQFieldElem[1//4, 0, 1//2, 1//2],
	[17, 20, 18, 20, 12, 1, 1, 17, 1, 1] => QQFieldElem[0, -2, -2, 0],
	[17, 20, 18, 20, 19, 1, 2, 19, 2, 1] => QQFieldElem[0, 0, 0, 0],
	[17, 20, 18, 20, 17, 1, 1, 7, 1, 1] => QQFieldElem[-1, -1, 0, 1//2],
	[17, 20, 18, 20, 19, 2, 1, 19, 2, 1] => QQFieldElem[-1, -2, -1, 0],
	[17, 20, 18, 20, 11, 1, 1, 20, 1, 1] => QQFieldElem[28//5, 0, -44//5, -44//5],
	[17, 20, 18, 20, 19, 1, 1, 20, 1, 1] => QQFieldElem[1, 0, -1, -1],
	[17, 20, 18, 20, 19, 2, 2, 20, 1, 1] => QQFieldElem[16//5, 16//5, 0, -12//5],
	[17, 20, 18, 20, 17, 1, 1, 12, 1, 1] => QQFieldElem[2, 2, 0, -1],
	[17, 20, 18, 20, 19, 1, 2, 18, 1, 1] => QQFieldElem[1//2, 1//2, 1//2, 1],
	[17, 20, 18, 20, 19, 1, 2, 17, 1, 1] => QQFieldElem[-1//2, -1//2, -1//2, -1],
	[17, 20, 18, 20, 19, 2, 1, 18, 1, 1] => QQFieldElem[-3//2, -3//2, -3//2, -1//2],
	[17, 20, 18, 20, 19, 1, 1, 19, 1, 2] => QQFieldElem[0, 2, 4, 2],
	[17, 20, 18, 20, 11, 1, 1, 19, 1, 2] => QQFieldElem[6//5, -8//5, -22//5, -16//5],
	[17, 20, 18, 20, 18, 1, 1, 11, 1, 1] => QQFieldElem[-1//2, 0, 1//2, 1//2],
	[17, 20, 18, 20, 5, 1, 1, 11, 1, 1] => QQFieldElem[2, 2, 0, 0],
	[17, 20, 18, 20, 19, 2, 2, 19, 1, 2] => QQFieldElem[-2, -2, 0, 1],
	[17, 20, 18, 20, 19, 2, 1, 17, 1, 1] => QQFieldElem[1//2, -1//2, -1//2, 1//2],
	[17, 20, 18, 20, 17, 1, 1, 20, 1, 1] => QQFieldElem[-14//5, 0, 22//5, 22//5],
	[17, 20, 18, 20, 4, 1, 1, 7, 1, 1] => QQFieldElem[-4, -6, -4, 0],
	[17, 20, 18, 20, 7, 1, 1, 11, 1, 1] => QQFieldElem[-1, -1, 0, 0],
	[17, 20, 18, 20, 19, 1, 1, 4, 1, 1] => QQFieldElem[-1//2, -1, -1//4, 1//2],
	[17, 20, 18, 20, 11, 1, 1, 4, 1, 1] => QQFieldElem[-2, -2, 0, 1],
	[17, 20, 18, 20, 19, 1, 1, 19, 2, 2] => QQFieldElem[0, -4, -6, -4],
	[17, 20, 18, 20, 11, 1, 1, 19, 2, 2] => QQFieldElem[14//5, 58//5, 72//5, 36//5],
	[17, 20, 18, 20, 19, 2, 2, 4, 1, 1] => QQFieldElem[-1, -2, -1, 0],
	[17, 20, 18, 20, 5, 1, 1, 5, 1, 1] => QQFieldElem[0, 0, 2, 2],
	[17, 20, 18, 20, 19, 2, 2, 19, 2, 2] => QQFieldElem[-5//4, -5//4, 0, 5//4],
	[17, 20, 18, 20, 18, 1, 1, 5, 1, 1] => QQFieldElem[0, -3//2, -5//2, -3//2],
	[17, 20, 18, 20, 4, 1, 1, 12, 1, 1] => QQFieldElem[4, 8, 4, 0])