Dict(
	[17, 22, 17, 14, 16, 1, 1, 10, 1, 1] => QQFieldElem[1//2, 1, 1, 0],
	[17, 22, 17, 14, 22, 1, 2, 14, 1, 1] => QQFieldElem[15//2, 0, -12, -12],
	[17, 22, 17, 14, 22, 1, 2, 13, 1, 1] => QQFieldElem[147//22, 9//22, -112//11, -116//11],
	[17, 22, 17, 14, 13, 1, 1, 21, 1, 1] => QQFieldElem[-17, -29, -21, -3],
	[17, 22, 17, 14, 21, 1, 1, 14, 1, 1] => QQFieldElem[-2//11, 1//44, 3//22, 5//22],
	[17, 22, 17, 14, 13, 1, 1, 22, 1, 1] => QQFieldElem[33, 87, 87, 33],
	[17, 22, 17, 14, 21, 1, 1, 13, 1, 1] => QQFieldElem[-4//11, -3//44, 5//44, 1//11],
	[17, 22, 17, 14, 14, 1, 1, 14, 1, 1] => QQFieldElem[-36//11, 9//22, 60//11, 123//22],
	[17, 22, 17, 14, 13, 1, 1, 21, 2, 1] => QQFieldElem[5, 3, -3, -5],
	[17, 22, 17, 14, 14, 1, 1, 13, 1, 1] => QQFieldElem[-3, 0, 4, 4],
	[17, 22, 17, 14, 22, 1, 1, 21, 1, 1] => QQFieldElem[-5//4, -2, -3//2, -1//4],
	[17, 22, 17, 14, 13, 1, 1, 22, 2, 1] => QQFieldElem[-35//11, -43//11, -9//11, 17//11],
	[17, 22, 17, 14, 22, 1, 1, 22, 1, 1] => QQFieldElem[21//220, 18//55, -8//55, -41//220],
	[17, 22, 17, 14, 21, 1, 2, 21, 1, 1] => QQFieldElem[-8, -12, -6, 1],
	[17, 22, 17, 14, 21, 1, 2, 22, 1, 1] => QQFieldElem[40//11, 2//11, -62//11, -65//11],
	[17, 22, 17, 14, 16, 1, 1, 21, 1, 1] => QQFieldElem[-2, 4, 8, 5],
	[17, 22, 17, 14, 22, 1, 1, 21, 2, 1] => QQFieldElem[1//4, 3//2, 2, 5//4],
	[17, 22, 17, 14, 16, 1, 1, 22, 1, 1] => QQFieldElem[147//11, 9//11, -224//11, -232//11],
	[17, 22, 17, 14, 22, 1, 1, 22, 2, 1] => QQFieldElem[-93//44, -73//22, -47//22, -7//44],
	[17, 22, 17, 14, 21, 1, 2, 21, 2, 1] => QQFieldElem[1, 0, -3//2, -3//2],
	[17, 22, 17, 14, 21, 1, 2, 22, 2, 1] => QQFieldElem[1//11, 5//11, 9//22, 5//22],
	[17, 22, 17, 14, 16, 1, 1, 21, 2, 1] => QQFieldElem[38, 70, 51, 6],
	[17, 22, 17, 14, 16, 1, 1, 22, 2, 1] => QQFieldElem[-810//11, -2180//11, -2215//11, -870//11],
	[17, 22, 17, 14, 10, 1, 1, 10, 1, 1] => QQFieldElem[-8, -32, -40, -20],
	[17, 22, 17, 14, 13, 1, 1, 16, 1, 1] => QQFieldElem[-4, -12, -14, -6],
	[17, 22, 17, 14, 22, 1, 1, 16, 1, 1] => QQFieldElem[-1, -1//4, 1, 3//2],
	[17, 22, 17, 14, 21, 1, 2, 16, 1, 1] => QQFieldElem[-1//2, 0, 1, 1],
	[17, 22, 17, 14, 22, 1, 2, 10, 1, 1] => QQFieldElem[-7//2, 29//2, 29, 20],
	[17, 22, 17, 14, 16, 1, 1, 16, 1, 1] => QQFieldElem[2, 5//2, 1, -1//2],
	[17, 22, 17, 14, 13, 1, 1, 14, 1, 1] => QQFieldElem[-4, 0, 6, 6],
	[17, 22, 17, 14, 21, 1, 1, 10, 1, 1] => QQFieldElem[0, -1//4, -3//4, -1//2],
	[17, 22, 17, 14, 13, 1, 1, 13, 1, 1] => QQFieldElem[-40//11, -2//11, 62//11, 65//11],
	[17, 22, 17, 14, 14, 1, 1, 10, 1, 1] => QQFieldElem[3//2, -7, -13, -9],
	[17, 22, 17, 14, 10, 1, 1, 21, 1, 1] => QQFieldElem[-64, -80, -32, 16],
	[17, 22, 17, 14, 10, 1, 1, 22, 1, 1] => QQFieldElem[1376//11, 2480//11, 1792//11, 272//11],
	[17, 22, 17, 14, 22, 1, 1, 14, 1, 1] => QQFieldElem[3//2, 9//4, 3//2, 0],
	[17, 22, 17, 14, 21, 1, 2, 14, 1, 1] => QQFieldElem[1//22, 2//11, 1//11, -2//11],
	[17, 22, 17, 14, 22, 1, 1, 13, 1, 1] => QQFieldElem[23//22, 87//44, 53//44, -3//22],
	[17, 22, 17, 14, 10, 1, 1, 21, 2, 1] => QQFieldElem[-28, -50, -36, -6],
	[17, 22, 17, 14, 16, 1, 1, 14, 1, 1] => QQFieldElem[-3//11, -13//22, -6//11, -9//22],
	[17, 22, 17, 14, 21, 1, 2, 13, 1, 1] => QQFieldElem[5//22, 3//22, 3//11, -2//11],
	[17, 22, 17, 14, 10, 1, 1, 22, 2, 1] => QQFieldElem[448//11, 1206//11, 1224//11, 482//11],
	[17, 22, 17, 14, 16, 1, 1, 13, 1, 1] => QQFieldElem[-3//11, -4//11, -8//11, -2//11],
	[17, 22, 17, 14, 22, 1, 2, 21, 1, 1] => QQFieldElem[0, 1, 1, 1//2],
	[17, 22, 17, 14, 22, 1, 2, 22, 1, 1] => QQFieldElem[-4//55, 2//55, -7//55, 13//110],
	[17, 22, 17, 14, 21, 1, 1, 21, 1, 1] => QQFieldElem[-16, -16, 0, 8],
	[17, 22, 17, 14, 22, 1, 2, 21, 2, 1] => QQFieldElem[12, 18, 9, -3//2],
	[17, 22, 17, 14, 21, 1, 1, 22, 1, 1] => QQFieldElem[16//11, -96//11, -192//11, -136//11],
	[17, 22, 17, 14, 14, 1, 1, 21, 1, 1] => QQFieldElem[-4, -7, -4, 0],
	[17, 22, 17, 14, 22, 1, 2, 22, 2, 1] => QQFieldElem[-74//11, -7//11, 107//11, 213//22],
	[17, 22, 17, 14, 14, 1, 1, 22, 1, 1] => QQFieldElem[5//11, 36//11, 50//11, 29//11],
	[17, 22, 17, 14, 21, 1, 1, 21, 2, 1] => QQFieldElem[-5, -7, -7//2, 1//2],
	[17, 22, 17, 14, 21, 1, 1, 22, 2, 1] => QQFieldElem[3, 0, -9//2, -9//2],
	[17, 22, 17, 14, 14, 1, 1, 21, 2, 1] => QQFieldElem[0, 4, 7, 4],
	[17, 22, 17, 14, 14, 1, 1, 22, 2, 1] => QQFieldElem[4//11, -2//11, -15//11, -12//11],
	[17, 22, 17, 14, 10, 1, 1, 16, 1, 1] => QQFieldElem[-16, -32, -24, -8],
	[17, 22, 17, 14, 13, 1, 1, 10, 1, 1] => QQFieldElem[2, -8, -16, -11],
	[17, 22, 17, 14, 22, 1, 2, 16, 1, 1] => QQFieldElem[11//2, 18, 20, 9],
	[17, 22, 17, 14, 10, 1, 1, 14, 1, 1] => QQFieldElem[-16//11, 112//11, 232//11, 152//11],
	[17, 22, 17, 14, 21, 1, 1, 16, 1, 1] => QQFieldElem[-1//2, -7//4, -2, -1],
	[17, 22, 17, 14, 10, 1, 1, 13, 1, 1] => QQFieldElem[-16//11, 96//11, 192//11, 136//11],
	[17, 22, 17, 14, 22, 1, 1, 10, 1, 1] => QQFieldElem[-5//2, -11//4, -3//4, 1],
	[17, 22, 17, 14, 14, 1, 1, 16, 1, 1] => QQFieldElem[-3, -17//2, -9, -9//2],
	[17, 22, 17, 14, 21, 1, 2, 10, 1, 1] => QQFieldElem[-1//2, -1//2, 0, 0])