Dict(
	[17, 22, 12, 13, 21, 1, 1, 21, 1, 1] => QQFieldElem[-1//2, -3//4, -1//2, -1//2],
	[17, 22, 12, 13, 22, 1, 1, 16, 1, 1] => QQFieldElem[1, 0, -5//2, -5//2],
	[17, 22, 12, 13, 10, 1, 1, 14, 1, 1] => QQFieldElem[1//5, 9//10, 11//10, 3//10],
	[17, 22, 12, 13, 15, 1, 1, 21, 2, 1] => QQFieldElem[1, 3//2, 0, 0],
	[17, 22, 12, 13, 21, 1, 1, 22, 1, 1] => QQFieldElem[-3//22, 9//44, 5//22, -9//44],
	[17, 22, 12, 13, 15, 1, 1, 22, 2, 1] => QQFieldElem[-3//11, 9//22, -1//22, 13//22],
	[17, 22, 12, 13, 22, 1, 1, 21, 2, 1] => QQFieldElem[-1, 0, 1//2, 1//2],
	[17, 22, 12, 13, 21, 1, 1, 16, 1, 1] => QQFieldElem[0, 1//4, 0, 0],
	[17, 22, 12, 13, 14, 1, 1, 21, 1, 1] => QQFieldElem[-1//4, -1//4, -1//4, -1//2],
	[17, 22, 12, 13, 22, 1, 1, 22, 2, 1] => QQFieldElem[5//22, -35//22, -45//22, -10//11],
	[17, 22, 12, 13, 14, 1, 1, 22, 1, 1] => QQFieldElem[0, -1//4, -1//2, -1//4],
	[17, 22, 12, 13, 21, 1, 1, 21, 2, 1] => QQFieldElem[0, 0, 1//2, 1//2],
	[17, 22, 12, 13, 14, 1, 1, 16, 1, 1] => QQFieldElem[0, 3//4, 1, 1//2],
	[17, 22, 12, 13, 13, 1, 1, 14, 1, 1] => QQFieldElem[0, -1//2, 1//2, 1//2],
	[17, 22, 12, 13, 21, 1, 1, 22, 2, 1] => QQFieldElem[-9//22, -3//22, -7//22, -4//11],
	[17, 22, 12, 13, 14, 1, 1, 21, 2, 1] => QQFieldElem[-2, -4, -3, -1],
	[17, 22, 12, 13, 10, 1, 1, 21, 1, 1] => QQFieldElem[3//2, 3//2, 1//2, -1],
	[17, 22, 12, 13, 14, 1, 1, 22, 2, 1] => QQFieldElem[-3//2, -5//2, -3//2, 0],
	[17, 22, 12, 13, 15, 1, 1, 14, 1, 1] => QQFieldElem[3//10, 1//10, -1//10, 1//5],
	[17, 22, 12, 13, 10, 1, 1, 22, 1, 1] => QQFieldElem[2, 3//2, -1//2, -3//2],
	[17, 22, 12, 13, 22, 1, 1, 14, 1, 1] => QQFieldElem[1//2, -1//2, -3//2, -1],
	[17, 22, 12, 13, 10, 1, 1, 16, 1, 1] => QQFieldElem[0, 3//2, 2, 1],
	[17, 22, 12, 13, 13, 1, 1, 21, 1, 1] => QQFieldElem[1//4, 3//4, 1//4, 0],
	[17, 22, 12, 13, 21, 1, 1, 14, 1, 1] => QQFieldElem[0, 0, 0, 0],
	[17, 22, 12, 13, 10, 1, 1, 21, 2, 1] => QQFieldElem[-1//2, 1//2, 1//2, 0],
	[17, 22, 12, 13, 13, 1, 1, 22, 1, 1] => QQFieldElem[0, -1//4, -1//2, -1//4],
	[17, 22, 12, 13, 10, 1, 1, 22, 2, 1] => QQFieldElem[1//5, 9//10, 11//10, 3//10],
	[17, 22, 12, 13, 13, 1, 1, 16, 1, 1] => QQFieldElem[-1, -3//2, 0, 0],
	[17, 22, 12, 13, 14, 1, 1, 14, 1, 1] => QQFieldElem[1//5, 2//5, 3//5, 3//10],
	[17, 22, 12, 13, 15, 1, 1, 21, 1, 1] => QQFieldElem[0, -3//2, -2, -1],
	[17, 22, 12, 13, 13, 1, 1, 21, 2, 1] => QQFieldElem[0, 0, 0, 0],
	[17, 22, 12, 13, 15, 1, 1, 22, 1, 1] => QQFieldElem[2//11, 27//22, 19//22, -5//22],
	[17, 22, 12, 13, 22, 1, 1, 21, 1, 1] => QQFieldElem[-1//2, -1//4, -1//2, 0],
	[17, 22, 12, 13, 15, 1, 1, 16, 1, 1] => QQFieldElem[0, 0, -1//2, -1//2],
	[17, 22, 12, 13, 13, 1, 1, 22, 2, 1] => QQFieldElem[-1//2, -1//2, -1//2, 0],
	[17, 22, 12, 13, 22, 1, 1, 22, 1, 1] => QQFieldElem[7//22, 1//44, 3//22, -1//44])