Dict(
	[18, 21, 12, 21, 16, 1, 1, 22, 1, 1] => QQFieldElem[0, -2, -2, 0],
	[18, 21, 12, 21, 21, 2, 1, 22, 1, 1] => QQFieldElem[11//10, 6//5, 3//10, -3//5],
	[18, 21, 12, 21, 22, 1, 1, 22, 2, 1] => QQFieldElem[-9//4, -13//4, -9//4, 0],
	[18, 21, 12, 21, 16, 1, 1, 21, 2, 1] => QQFieldElem[2, 0, -6, -6],
	[18, 21, 12, 21, 21, 2, 1, 21, 2, 1] => QQFieldElem[-1//2, 0, 1//2, 0],
	[18, 21, 12, 21, 16, 1, 1, 22, 2, 1] => QQFieldElem[2//5, 0, -6//5, -6//5],
	[18, 21, 12, 21, 21, 2, 1, 22, 2, 1] => QQFieldElem[-1//10, 1//5, -1//10, 0],
	[18, 21, 12, 21, 15, 1, 1, 14, 1, 1] => QQFieldElem[-1//22, -2//11, -13//22, -7//22],
	[18, 21, 12, 21, 13, 1, 1, 15, 1, 1] => QQFieldElem[3//2, 5//2, 1, 0],
	[18, 21, 12, 21, 15, 1, 1, 13, 1, 1] => QQFieldElem[-5//22, -3//22, -3//11, 2//11],
	[18, 21, 12, 21, 10, 1, 1, 10, 1, 1] => QQFieldElem[-2, 0, 2, 2],
	[18, 21, 12, 21, 13, 1, 1, 16, 1, 1] => QQFieldElem[-5//2, -2, 1//2, 3//2],
	[18, 21, 12, 21, 22, 1, 1, 15, 1, 1] => QQFieldElem[2, 0, -9//4, -9//4],
	[18, 21, 12, 21, 16, 1, 1, 15, 1, 1] => QQFieldElem[-1//2, 0, 1//2, 1//2],
	[18, 21, 12, 21, 21, 2, 1, 15, 1, 1] => QQFieldElem[1//2, 1//2, -1//2, -1//2],
	[18, 21, 12, 21, 22, 1, 1, 16, 1, 1] => QQFieldElem[0, 9//4, 17//4, 9//4],
	[18, 21, 12, 21, 16, 1, 1, 16, 1, 1] => QQFieldElem[0, 1//2, 1//2, 1//2],
	[18, 21, 12, 21, 21, 2, 1, 16, 1, 1] => QQFieldElem[0, -1//2, -1, -1],
	[18, 21, 12, 21, 13, 1, 1, 14, 1, 1] => QQFieldElem[1//2, 0, -3//2, -3//2],
	[18, 21, 12, 21, 22, 2, 1, 10, 1, 1] => QQFieldElem[3, 0, -4, -4],
	[18, 21, 12, 21, 21, 1, 1, 10, 1, 1] => QQFieldElem[-1, -7//4, -1, 0],
	[18, 21, 12, 21, 13, 1, 1, 13, 1, 1] => QQFieldElem[-29//22, -57//22, -24//11, -6//11],
	[18, 21, 12, 21, 10, 1, 1, 21, 1, 1] => QQFieldElem[0, 4, 4, 0],
	[18, 21, 12, 21, 14, 1, 1, 10, 1, 1] => QQFieldElem[-5//2, -3, -1//2, 1],
	[18, 21, 12, 21, 10, 1, 1, 22, 1, 1] => QQFieldElem[-8//5, -12//5, -12//5, -8//5],
	[18, 21, 12, 21, 22, 1, 1, 14, 1, 1] => QQFieldElem[-27//22, -183//44, -207//44, -81//44],
	[18, 21, 12, 21, 22, 1, 1, 13, 1, 1] => QQFieldElem[-63//22, -51//22, 27//44, 81//44],
	[18, 21, 12, 21, 10, 1, 1, 21, 2, 1] => QQFieldElem[14//5, 18//5, 12//5, -4//5],
	[18, 21, 12, 21, 16, 1, 1, 14, 1, 1] => QQFieldElem[-1//11, 3//22, 7//22, -3//22],
	[18, 21, 12, 21, 10, 1, 1, 22, 2, 1] => QQFieldElem[0, 0, 0, 0],
	[18, 21, 12, 21, 21, 2, 1, 14, 1, 1] => QQFieldElem[2//11, 5//22, 4//11, 3//11],
	[18, 21, 12, 21, 16, 1, 1, 13, 1, 1] => QQFieldElem[3//22, 2//11, -3//22, -9//22],
	[18, 21, 12, 21, 21, 2, 1, 13, 1, 1] => QQFieldElem[-1//22, -5//22, 1//22, 3//22],
	[18, 21, 12, 21, 22, 2, 1, 21, 1, 1] => QQFieldElem[0, 0, -1, -1],
	[18, 21, 12, 21, 21, 1, 1, 21, 1, 1] => QQFieldElem[-3//2, -7, -8, -9//2],
	[18, 21, 12, 21, 22, 2, 1, 22, 1, 1] => QQFieldElem[0, 0, 0, 0],
	[18, 21, 12, 21, 21, 1, 1, 22, 1, 1] => QQFieldElem[-1//10, -6//5, -9//5, -9//10],
	[18, 21, 12, 21, 15, 1, 1, 10, 1, 1] => QQFieldElem[1//2, 1, 1, 1//2],
	[18, 21, 12, 21, 14, 1, 1, 21, 1, 1] => QQFieldElem[0, 0, 0, 0],
	[18, 21, 12, 21, 22, 2, 1, 21, 2, 1] => QQFieldElem[-5, 0, 5, 5],
	[18, 21, 12, 21, 14, 1, 1, 22, 1, 1] => QQFieldElem[-4//5, 0, 2//5, 2//5],
	[18, 21, 12, 21, 21, 1, 1, 21, 2, 1] => QQFieldElem[-1//2, 0, 0, 1//2],
	[18, 21, 12, 21, 10, 1, 1, 15, 1, 1] => QQFieldElem[2, 4, 4, 2],
	[18, 21, 12, 21, 22, 2, 1, 22, 2, 1] => QQFieldElem[-1, 0, 2, 2],
	[18, 21, 12, 21, 21, 1, 1, 22, 2, 1] => QQFieldElem[-3//10, -1//5, -1//5, -3//10],
	[18, 21, 12, 21, 14, 1, 1, 21, 2, 1] => QQFieldElem[1//2, 0, 0, 0],
	[18, 21, 12, 21, 14, 1, 1, 22, 2, 1] => QQFieldElem[-1//2, 0, 1, 1],
	[18, 21, 12, 21, 10, 1, 1, 16, 1, 1] => QQFieldElem[-2, -4, -2, 0],
	[18, 21, 12, 21, 15, 1, 1, 21, 1, 1] => QQFieldElem[0, 0, 0, 0],
	[18, 21, 12, 21, 22, 2, 1, 15, 1, 1] => QQFieldElem[-3//2, -7//2, -7//2, -3//2],
	[18, 21, 12, 21, 21, 1, 1, 15, 1, 1] => QQFieldElem[1, 2, 7//4, 1//4],
	[18, 21, 12, 21, 15, 1, 1, 22, 1, 1] => QQFieldElem[0, 0, 0, 0],
	[18, 21, 12, 21, 13, 1, 1, 10, 1, 1] => QQFieldElem[1//2, 3, 4, 5//2],
	[18, 21, 12, 21, 14, 1, 1, 15, 1, 1] => QQFieldElem[-1//2, 2, 7//2, 5//2],
	[18, 21, 12, 21, 15, 1, 1, 21, 2, 1] => QQFieldElem[7//2, 0, -3, -3],
	[18, 21, 12, 21, 10, 1, 1, 14, 1, 1] => QQFieldElem[14//11, 12//11, 6//11, -12//11],
	[18, 21, 12, 21, 15, 1, 1, 22, 2, 1] => QQFieldElem[1//2, 0, -2, -2],
	[18, 21, 12, 21, 21, 1, 1, 16, 1, 1] => QQFieldElem[3//2, 7//4, 3//4, -1//4],
	[18, 21, 12, 21, 10, 1, 1, 13, 1, 1] => QQFieldElem[2//11, -12//11, -24//11, -6//11],
	[18, 21, 12, 21, 22, 2, 1, 16, 1, 1] => QQFieldElem[2, 7//2, 2, 0],
	[18, 21, 12, 21, 22, 1, 1, 10, 1, 1] => QQFieldElem[9//2, 29//4, 9//2, 0],
	[18, 21, 12, 21, 14, 1, 1, 16, 1, 1] => QQFieldElem[-1, -5//2, -5//2, -3//2],
	[18, 21, 12, 21, 16, 1, 1, 10, 1, 1] => QQFieldElem[-1//2, -1, -1//2, 0],
	[18, 21, 12, 21, 21, 2, 1, 10, 1, 1] => QQFieldElem[0, 0, 0, 0],
	[18, 21, 12, 21, 13, 1, 1, 21, 1, 1] => QQFieldElem[-4//5, 12//5, 18//5, 14//5],
	[18, 21, 12, 21, 22, 2, 1, 14, 1, 1] => QQFieldElem[-30//11, -75//22, -5//11, 10//11],
	[18, 21, 12, 21, 21, 1, 1, 14, 1, 1] => QQFieldElem[-2//11, 23//44, 39//44, 21//44],
	[18, 21, 12, 21, 15, 1, 1, 15, 1, 1] => QQFieldElem[-1//2, -1//2, 0, 0],
	[18, 21, 12, 21, 13, 1, 1, 22, 1, 1] => QQFieldElem[0, 0, 0, 0],
	[18, 21, 12, 21, 22, 2, 1, 13, 1, 1] => QQFieldElem[15//22, 75//22, 95//22, 65//22],
	[18, 21, 12, 21, 21, 1, 1, 13, 1, 1] => QQFieldElem[9//22, 1//22, -29//44, -21//44],
	[18, 21, 12, 21, 14, 1, 1, 14, 1, 1] => QQFieldElem[14//11, 57//22, 45//22, 9//22],
	[18, 21, 12, 21, 13, 1, 1, 21, 2, 1] => QQFieldElem[0, 0, 0, 0],
	[18, 21, 12, 21, 14, 1, 1, 13, 1, 1] => QQFieldElem[1//2, 0, -3//2, -3//2],
	[18, 21, 12, 21, 22, 1, 1, 21, 1, 1] => QQFieldElem[5//4, 5//4, 5//4, 0],
	[18, 21, 12, 21, 13, 1, 1, 22, 2, 1] => QQFieldElem[2//5, 2//5, 0, -4//5],
	[18, 21, 12, 21, 15, 1, 1, 16, 1, 1] => QQFieldElem[-1//2, 0, 1//2, 1//2],
	[18, 21, 12, 21, 22, 1, 1, 22, 1, 1] => QQFieldElem[1//4, 1//4, 1//4, 0],
	[18, 21, 12, 21, 16, 1, 1, 21, 1, 1] => QQFieldElem[-4, -6, -6, -4],
	[18, 21, 12, 21, 21, 2, 1, 21, 1, 1] => QQFieldElem[11//2, 7, 5//2, -1],
	[18, 21, 12, 21, 22, 1, 1, 21, 2, 1] => QQFieldElem[-25//4, -45//4, -25//4, 0])