Dict(
	[18, 16, 21, 18, 19, 1, 1, 21, 1, 1] => QQFieldElem[-4, -7, -5, -1],
	[18, 16, 21, 18, 11, 1, 1, 21, 1, 1] => QQFieldElem[-5//22, -7//44, 1//22, -1//11],
	[18, 16, 21, 18, 19, 1, 1, 22, 1, 1] => QQFieldElem[-3, 3//2, 6, 11//2],
	[18, 16, 21, 18, 11, 1, 1, 22, 1, 1] => QQFieldElem[-3//4, -1//2, -1//4, 1//4],
	[18, 16, 21, 18, 20, 1, 1, 21, 1, 2] => QQFieldElem[8, 14, 10, 2],
	[18, 16, 21, 18, 12, 1, 1, 21, 1, 2] => QQFieldElem[5//2, 0, -4, -4],
	[18, 16, 21, 18, 8, 1, 1, 21, 1, 1] => QQFieldElem[-1, 0, 3//2, 3//2],
	[18, 16, 21, 18, 20, 1, 1, 22, 1, 2] => QQFieldElem[7, -7//2, -33//2, -29//2],
	[18, 16, 21, 18, 12, 1, 1, 22, 1, 2] => QQFieldElem[7, 6, -7//2, -7],
	[18, 16, 21, 18, 6, 1, 1, 14, 1, 1] => QQFieldElem[-8//5, 24//5, 56//5, 48//5],
	[18, 16, 21, 18, 8, 1, 1, 22, 1, 1] => QQFieldElem[-7//2, -3, 1, 3],
	[18, 16, 21, 18, 6, 1, 1, 13, 1, 1] => QQFieldElem[0, 16, 24, 16],
	[18, 16, 21, 18, 17, 1, 1, 21, 1, 1] => QQFieldElem[32//5, 64//5, 16//5, -32//5],
	[18, 16, 21, 18, 17, 1, 1, 22, 1, 1] => QQFieldElem[0, -16, -24, -16],
	[18, 16, 21, 18, 19, 1, 2, 21, 1, 2] => QQFieldElem[0, 0, 0, 0],
	[18, 16, 21, 18, 19, 1, 2, 22, 1, 2] => QQFieldElem[0, 1//2, 1//2, 1//2],
	[18, 16, 21, 18, 20, 1, 1, 10, 1, 1] => QQFieldElem[-15//2, -17, -31//2, -5],
	[18, 16, 21, 18, 12, 1, 1, 10, 1, 1] => QQFieldElem[-1, -3//2, -1, 0],
	[18, 16, 21, 18, 19, 1, 1, 16, 1, 1] => QQFieldElem[0, 0, 0, -1],
	[18, 16, 21, 18, 11, 1, 1, 16, 1, 1] => QQFieldElem[11, 17, 8, -1],
	[18, 16, 21, 18, 6, 1, 1, 21, 1, 2] => QQFieldElem[-68//55, 14//55, 106//55, 118//55],
	[18, 16, 21, 18, 19, 1, 2, 10, 1, 1] => QQFieldElem[11//2, -11//4, -27//2, -47//4],
	[18, 16, 21, 18, 6, 1, 1, 22, 1, 2] => QQFieldElem[-4, -3, 1, 3],
	[18, 16, 21, 18, 8, 1, 1, 16, 1, 1] => QQFieldElem[14, 20, 10, -2],
	[18, 16, 21, 18, 17, 1, 1, 16, 1, 1] => QQFieldElem[3//2, 2, 1, 1//2],
	[18, 16, 21, 18, 20, 1, 1, 21, 1, 1] => QQFieldElem[-2, 7, 14, 19//2],
	[18, 16, 21, 18, 12, 1, 1, 21, 1, 1] => QQFieldElem[9//2, 29//4, 9//2, 0],
	[18, 16, 21, 18, 19, 1, 1, 14, 1, 1] => QQFieldElem[-1//10, -1//5, -3//10, -2//5],
	[18, 16, 21, 18, 11, 1, 1, 14, 1, 1] => QQFieldElem[2, 1//2, -2, -3],
	[18, 16, 21, 18, 12, 1, 1, 22, 1, 1] => QQFieldElem[29//4, 31//2, 57//4, 17//4],
	[18, 16, 21, 18, 20, 1, 1, 22, 1, 1] => QQFieldElem[65//4, 95//4, 25//2, -5//2],
	[18, 16, 21, 18, 19, 1, 1, 13, 1, 1] => QQFieldElem[0, -1//2, -1, -1//2],
	[18, 16, 21, 18, 11, 1, 1, 13, 1, 1] => QQFieldElem[2, -1, -6, -5],
	[18, 16, 21, 18, 8, 1, 1, 14, 1, 1] => QQFieldElem[12//5, 4//5, -14//5, -17//5],
	[18, 16, 21, 18, 6, 1, 1, 10, 1, 1] => QQFieldElem[-12, -20, -12, 0],
	[18, 16, 21, 18, 8, 1, 1, 13, 1, 1] => QQFieldElem[3, -2, -8, -7],
	[18, 16, 21, 18, 19, 1, 2, 21, 1, 1] => QQFieldElem[-2//5, 1//5, -1//5, -3//5],
	[18, 16, 21, 18, 17, 1, 1, 14, 1, 1] => QQFieldElem[1//2, 1//2, 0, 0],
	[18, 16, 21, 18, 19, 1, 2, 22, 1, 1] => QQFieldElem[0, -1//2, -1, -1//2],
	[18, 16, 21, 18, 17, 1, 1, 13, 1, 1] => QQFieldElem[3//4, 1//4, -1, -5//4],
	[18, 16, 21, 18, 19, 1, 1, 21, 1, 2] => QQFieldElem[0, 0, 0, 1//2],
	[18, 16, 21, 18, 6, 1, 1, 21, 1, 1] => QQFieldElem[8//55, -144//55, -336//55, -208//55],
	[18, 16, 21, 18, 11, 1, 1, 21, 1, 2] => QQFieldElem[-13//110, 7//55, -2//55, 4//55],
	[18, 16, 21, 18, 20, 1, 1, 16, 1, 1] => QQFieldElem[-24, -36, -18, 3],
	[18, 16, 21, 18, 6, 1, 1, 22, 1, 1] => QQFieldElem[8, 0, -8, -8],
	[18, 16, 21, 18, 11, 1, 1, 22, 1, 2] => QQFieldElem[0, 0, 1//2, 0],
	[18, 16, 21, 18, 19, 1, 1, 22, 1, 2] => QQFieldElem[-3//4, -1//4, 1//2, 1//2],
	[18, 16, 21, 18, 12, 1, 1, 16, 1, 1] => QQFieldElem[-1, -1, 0, 1],
	[18, 16, 21, 18, 8, 1, 1, 21, 1, 2] => QQFieldElem[-3//55, -1//55, -23//110, -9//110],
	[18, 16, 21, 18, 8, 1, 1, 22, 1, 2] => QQFieldElem[1//2, 0, 0, 0],
	[18, 16, 21, 18, 17, 1, 1, 21, 1, 2] => QQFieldElem[-18//5, -36//5, -24//5, -2//5],
	[18, 16, 21, 18, 17, 1, 1, 22, 1, 2] => QQFieldElem[-4, 2, 10, 8],
	[18, 16, 21, 18, 19, 1, 2, 16, 1, 1] => QQFieldElem[-7//2, -30, -43, -47//2],
	[18, 16, 21, 18, 20, 1, 1, 14, 1, 1] => QQFieldElem[-9//2, -2, 9//2, 5],
	[18, 16, 21, 18, 12, 1, 1, 14, 1, 1] => QQFieldElem[-1//5, 1//10, 2//5, 1//5],
	[18, 16, 21, 18, 19, 1, 1, 10, 1, 1] => QQFieldElem[1//2, 1, 1//2, 0],
	[18, 16, 21, 18, 11, 1, 1, 10, 1, 1] => QQFieldElem[3, 13//2, 6, 2],
	[18, 16, 21, 18, 12, 1, 1, 13, 1, 1] => QQFieldElem[0, 1, 2, 1],
	[18, 16, 21, 18, 20, 1, 1, 13, 1, 1] => QQFieldElem[-5, 5//2, 12, 21//2],
	[18, 16, 21, 18, 8, 1, 1, 10, 1, 1] => QQFieldElem[5, 11, 10, 3],
	[18, 16, 21, 18, 19, 1, 2, 14, 1, 1] => QQFieldElem[-6, -11, -8, -1],
	[18, 16, 21, 18, 17, 1, 1, 10, 1, 1] => QQFieldElem[1//2, 7//4, 2, 3//4],
	[18, 16, 21, 18, 19, 1, 2, 13, 1, 1] => QQFieldElem[-47//4, -69//4, -9, 7//4],
	[18, 16, 21, 18, 6, 1, 1, 16, 1, 1] => QQFieldElem[-32, -32, 0, 16])