Dict(
	[18, 18, 17, 18, 8, 1, 1, 20, 1, 1] => QQFieldElem[0, 0, 0, 0],
	[18, 18, 17, 18, 7, 1, 1, 8, 1, 1] => QQFieldElem[0, 0, 0, 0],
	[18, 18, 17, 18, 20, 1, 1, 19, 1, 1] => QQFieldElem[0, 0, 0, 0],
	[18, 18, 17, 18, 20, 1, 1, 12, 1, 1] => QQFieldElem[8//5, 6//5, -6//5, -8//5],
	[18, 18, 17, 18, 12, 1, 1, 12, 1, 1] => QQFieldElem[-4, -12, -12, -4],
	[18, 18, 17, 18, 12, 1, 1, 19, 1, 1] => QQFieldElem[-2, -4, -2, -2],
	[18, 18, 17, 18, 8, 1, 1, 8, 1, 1] => QQFieldElem[-1, 0, 1, 1],
	[18, 18, 17, 18, 19, 1, 1, 11, 1, 1] => QQFieldElem[-2//5, 0, 1//5, 1//5],
	[18, 18, 17, 18, 11, 1, 1, 11, 1, 1] => QQFieldElem[1, 0, -2, -2],
	[18, 18, 17, 18, 7, 1, 1, 11, 1, 1] => QQFieldElem[-2//5, 0, 1//5, 1//5],
	[18, 18, 17, 18, 19, 1, 1, 7, 1, 1] => QQFieldElem[0, 0, 0, 0],
	[18, 18, 17, 18, 11, 1, 1, 7, 1, 1] => QQFieldElem[1, 0, -3, -3],
	[18, 18, 17, 18, 7, 1, 1, 7, 1, 1] => QQFieldElem[-1, 0, 1, 1],
	[18, 18, 17, 18, 8, 1, 1, 11, 1, 1] => QQFieldElem[-2//5, 0, 1//5, 1//5],
	[18, 18, 17, 18, 12, 1, 1, 20, 1, 1] => QQFieldElem[2, 4, 2, 2],
	[18, 18, 17, 18, 20, 1, 1, 20, 1, 1] => QQFieldElem[-1, 0, 1, 1],
	[18, 18, 17, 18, 20, 1, 1, 8, 1, 1] => QQFieldElem[0, 0, 0, 0],
	[18, 18, 17, 18, 19, 1, 1, 12, 1, 1] => QQFieldElem[-8//5, -6//5, 6//5, 8//5],
	[18, 18, 17, 18, 19, 1, 1, 19, 1, 1] => QQFieldElem[-1, 0, 1, 1],
	[18, 18, 17, 18, 8, 1, 1, 7, 1, 1] => QQFieldElem[0, 0, 0, 0],
	[18, 18, 17, 18, 7, 1, 1, 19, 1, 1] => QQFieldElem[0, 0, 0, 0],
	[18, 18, 17, 18, 7, 1, 1, 12, 1, 1] => QQFieldElem[8//5, 6//5, -6//5, -8//5],
	[18, 18, 17, 18, 12, 1, 1, 8, 1, 1] => QQFieldElem[-2, -4, -2, -2],
	[18, 18, 17, 18, 11, 1, 1, 12, 1, 1] => QQFieldElem[0, 0, 0, 0],
	[18, 18, 17, 18, 11, 1, 1, 19, 1, 1] => QQFieldElem[1, 0, -3, -3],
	[18, 18, 17, 18, 8, 1, 1, 19, 1, 1] => QQFieldElem[0, 0, 1, 1],
	[18, 18, 17, 18, 8, 1, 1, 12, 1, 1] => QQFieldElem[-8//5, -6//5, 6//5, 8//5],
	[18, 18, 17, 18, 20, 1, 1, 11, 1, 1] => QQFieldElem[-2//5, 0, 1//5, 1//5],
	[18, 18, 17, 18, 12, 1, 1, 11, 1, 1] => QQFieldElem[0, 0, 0, 0],
	[18, 18, 17, 18, 19, 1, 1, 20, 1, 1] => QQFieldElem[0, 0, 0, 0],
	[18, 18, 17, 18, 11, 1, 1, 20, 1, 1] => QQFieldElem[1, 0, -3, -3],
	[18, 18, 17, 18, 7, 1, 1, 20, 1, 1] => QQFieldElem[0, 0, 1, 1],
	[18, 18, 17, 18, 12, 1, 1, 7, 1, 1] => QQFieldElem[2, 4, 2, 2],
	[18, 18, 17, 18, 20, 1, 1, 7, 1, 1] => QQFieldElem[0, 0, 1, 1],
	[18, 18, 17, 18, 19, 1, 1, 8, 1, 1] => QQFieldElem[0, 0, 1, 1],
	[18, 18, 17, 18, 11, 1, 1, 8, 1, 1] => QQFieldElem[1, 0, -3, -3])