Dict(
	[18, 16, 22, 17, 12, 1, 1, 13, 1, 1] => QQFieldElem[0, 1, 2, 1],
	[18, 16, 22, 17, 19, 1, 1, 10, 1, 1] => QQFieldElem[0, -1//2, -1, -1//2],
	[18, 16, 22, 17, 8, 1, 1, 10, 1, 1] => QQFieldElem[3, -2, -8, -7],
	[18, 16, 22, 17, 19, 1, 2, 14, 1, 1] => QQFieldElem[1, 3//2, 1, 1//2],
	[18, 16, 22, 17, 19, 1, 2, 13, 1, 1] => QQFieldElem[5//4, 7//4, 1, -1//4],
	[18, 16, 22, 17, 3, 1, 1, 21, 1, 1] => QQFieldElem[-8//55, 144//55, 336//55, 208//55],
	[18, 16, 22, 17, 3, 1, 1, 22, 1, 1] => QQFieldElem[-8//5, 64//5, 136//5, 88//5],
	[18, 16, 22, 17, 19, 1, 1, 21, 1, 1] => QQFieldElem[4, 7, 5, 1],
	[18, 16, 22, 17, 11, 1, 1, 21, 1, 1] => QQFieldElem[17//110, -7//220, 1//110, -1//55],
	[18, 16, 22, 17, 18, 1, 1, 16, 1, 1] => QQFieldElem[-1//10, -6//5, -9//5, -9//10],
	[18, 16, 22, 17, 19, 1, 1, 22, 1, 1] => QQFieldElem[-3, 3//2, 6, 11//2],
	[18, 16, 22, 17, 11, 1, 1, 22, 1, 1] => QQFieldElem[1//4, 0, -1//4, -1//4],
	[18, 16, 22, 17, 20, 1, 1, 21, 1, 2] => QQFieldElem[-8, -14, -10, -2],
	[18, 16, 22, 17, 12, 1, 1, 21, 1, 2] => QQFieldElem[5//2, 0, -4, -4],
	[18, 16, 22, 17, 8, 1, 1, 21, 1, 1] => QQFieldElem[-1, 0, 3//2, 3//2],
	[18, 16, 22, 17, 20, 1, 1, 22, 1, 2] => QQFieldElem[7, -7//2, -33//2, -29//2],
	[18, 16, 22, 17, 12, 1, 1, 22, 1, 2] => QQFieldElem[9, 0, -31//2, -15],
	[18, 16, 22, 17, 8, 1, 1, 22, 1, 1] => QQFieldElem[-9//2, 0, 7, 7],
	[18, 16, 22, 17, 18, 1, 1, 14, 1, 1] => QQFieldElem[-1//10, -1//5, 1//5, 1//10],
	[18, 16, 22, 17, 19, 1, 2, 21, 1, 2] => QQFieldElem[0, 0, 0, 0],
	[18, 16, 22, 17, 19, 1, 2, 22, 1, 2] => QQFieldElem[0, 1//2, 1//2, 1//2],
	[18, 16, 22, 17, 18, 1, 1, 13, 1, 1] => QQFieldElem[-1//4, 1//4, 1, 3//4],
	[18, 16, 22, 17, 20, 1, 1, 10, 1, 1] => QQFieldElem[-5, 5//2, 12, 21//2],
	[18, 16, 22, 17, 12, 1, 1, 10, 1, 1] => QQFieldElem[0, 1, 3//2, 1],
	[18, 16, 22, 17, 3, 1, 1, 16, 1, 1] => QQFieldElem[64//5, 288//5, 352//5, 176//5],
	[18, 16, 22, 17, 19, 1, 1, 16, 1, 1] => QQFieldElem[2//5, 4//5, 6//5, 3//5],
	[18, 16, 22, 17, 11, 1, 1, 16, 1, 1] => QQFieldElem[-3, 11, 22, 15],
	[18, 16, 22, 17, 19, 1, 2, 10, 1, 1] => QQFieldElem[5//4, 7//4, 1, -1//4],
	[18, 16, 22, 17, 8, 1, 1, 16, 1, 1] => QQFieldElem[-14//5, 72//5, 138//5, 94//5],
	[18, 16, 22, 17, 3, 1, 1, 14, 1, 1] => QQFieldElem[8//5, -24//5, -56//5, -48//5],
	[18, 16, 22, 17, 18, 1, 1, 21, 1, 2] => QQFieldElem[18//5, 36//5, 24//5, 2//5],
	[18, 16, 22, 17, 20, 1, 1, 21, 1, 1] => QQFieldElem[0, 1, 2, 3//2],
	[18, 16, 22, 17, 12, 1, 1, 21, 1, 1] => QQFieldElem[-1//2, -3//4, -1//2, 0],
	[18, 16, 22, 17, 18, 1, 1, 22, 1, 2] => QQFieldElem[-4, 2, 10, 8],
	[18, 16, 22, 17, 3, 1, 1, 13, 1, 1] => QQFieldElem[0, -16, -24, -16],
	[18, 16, 22, 17, 19, 1, 1, 14, 1, 1] => QQFieldElem[-1//10, -1//5, -3//10, -2//5],
	[18, 16, 22, 17, 20, 1, 1, 22, 1, 1] => QQFieldElem[-7//4, -9//4, -3//2, 1//2],
	[18, 16, 22, 17, 11, 1, 1, 14, 1, 1] => QQFieldElem[2, 1//2, -2, -3],
	[18, 16, 22, 17, 12, 1, 1, 22, 1, 1] => QQFieldElem[-7//4, -3, -7//4, -1//4],
	[18, 16, 22, 17, 19, 1, 1, 13, 1, 1] => QQFieldElem[0, -1//2, -1, -1//2],
	[18, 16, 22, 17, 11, 1, 1, 13, 1, 1] => QQFieldElem[2, -1, -6, -5],
	[18, 16, 22, 17, 8, 1, 1, 14, 1, 1] => QQFieldElem[12//5, 4//5, -14//5, -17//5],
	[18, 16, 22, 17, 8, 1, 1, 13, 1, 1] => QQFieldElem[3, -2, -8, -7],
	[18, 16, 22, 17, 19, 1, 2, 21, 1, 1] => QQFieldElem[2//5, -1//5, 1//5, 3//5],
	[18, 16, 22, 17, 19, 1, 2, 22, 1, 1] => QQFieldElem[0, -1//2, -1, -1//2],
	[18, 16, 22, 17, 18, 1, 1, 10, 1, 1] => QQFieldElem[-1//4, 1//4, 1, 3//4],
	[18, 16, 22, 17, 3, 1, 1, 21, 1, 2] => QQFieldElem[-68//55, 14//55, 106//55, 118//55],
	[18, 16, 22, 17, 3, 1, 1, 22, 1, 2] => QQFieldElem[-22//5, 1//5, 39//5, 37//5],
	[18, 16, 22, 17, 19, 1, 1, 21, 1, 2] => QQFieldElem[0, 0, 0, 1//2],
	[18, 16, 22, 17, 11, 1, 1, 21, 1, 2] => QQFieldElem[-13//110, 7//55, -2//55, 4//55],
	[18, 16, 22, 17, 19, 1, 1, 22, 1, 2] => QQFieldElem[1//4, -1//4, -1//2, -1//2],
	[18, 16, 22, 17, 12, 1, 1, 16, 1, 1] => QQFieldElem[-3//5, -11//5, -14//5, -7//5],
	[18, 16, 22, 17, 20, 1, 1, 16, 1, 1] => QQFieldElem[6, -24, -48, -33],
	[18, 16, 22, 17, 11, 1, 1, 22, 1, 2] => QQFieldElem[0, 0, 1//2, 0],
	[18, 16, 22, 17, 8, 1, 1, 21, 1, 2] => QQFieldElem[-3//55, -1//55, -23//110, -9//110],
	[18, 16, 22, 17, 8, 1, 1, 22, 1, 2] => QQFieldElem[-1//10, -1//5, -4//5, -2//5],
	[18, 16, 22, 17, 18, 1, 1, 21, 1, 1] => QQFieldElem[32//5, 64//5, 16//5, -32//5],
	[18, 16, 22, 17, 18, 1, 1, 22, 1, 1] => QQFieldElem[0, 16, 24, 16],
	[18, 16, 22, 17, 19, 1, 2, 16, 1, 1] => QQFieldElem[-7//2, -4, -1, 3//2],
	[18, 16, 22, 17, 3, 1, 1, 10, 1, 1] => QQFieldElem[0, -12, -20, -12],
	[18, 16, 22, 17, 20, 1, 1, 14, 1, 1] => QQFieldElem[-9//2, -2, 9//2, 5],
	[18, 16, 22, 17, 12, 1, 1, 14, 1, 1] => QQFieldElem[-1//5, 1//10, 2//5, 1//5],
	[18, 16, 22, 17, 20, 1, 1, 13, 1, 1] => QQFieldElem[-5, 5//2, 12, 21//2],
	[18, 16, 22, 17, 11, 1, 1, 10, 1, 1] => QQFieldElem[2, -1, -9//2, -4])