Dict(
	[19, 20, 16, 21, 16, 1, 1, 17, 1, 1] => QQFieldElem[13//55, 57//110, 29//55, 19//110],
	[19, 20, 16, 21, 22, 1, 1, 17, 2, 1] => QQFieldElem[1//11, -5//11, -13//11, -9//11],
	[19, 20, 16, 21, 14, 1, 1, 19, 1, 2] => QQFieldElem[-3//4, -1//2, 1//4, 1],
	[19, 20, 16, 21, 16, 1, 1, 18, 2, 1] => QQFieldElem[1, 1//4, -7//4, -2],
	[19, 20, 16, 21, 15, 1, 1, 12, 1, 1] => QQFieldElem[-1//2, 0, 0, 0],
	[19, 20, 16, 21, 21, 2, 1, 17, 2, 1] => QQFieldElem[7//44, 5//11, 19//44, 3//44],
	[19, 20, 16, 21, 16, 2, 1, 19, 2, 2] => QQFieldElem[-1, 0, 0, -1],
	[19, 20, 16, 21, 9, 1, 1, 17, 2, 1] => QQFieldElem[0, -2, -2, 0],
	[19, 20, 16, 21, 15, 1, 1, 20, 1, 1] => QQFieldElem[4, 0, 0, -4],
	[19, 20, 16, 21, 15, 1, 1, 19, 2, 2] => QQFieldElem[-1, -2, -3//2, -1//2],
	[19, 20, 16, 21, 13, 1, 1, 12, 1, 1] => QQFieldElem[3//4, 5//4, 5//4, 1//2],
	[19, 20, 16, 21, 21, 1, 1, 11, 1, 1] => QQFieldElem[-1, -3, -6, -5],
	[19, 20, 16, 21, 13, 1, 1, 20, 1, 1] => QQFieldElem[1//2, 0, 0, 0],
	[19, 20, 16, 21, 22, 2, 1, 19, 1, 1] => QQFieldElem[-1//2, -1//2, -1//2, 0],
	[19, 20, 16, 21, 10, 1, 1, 17, 2, 1] => QQFieldElem[0, -1, -2, -3//2],
	[19, 20, 16, 21, 21, 1, 1, 19, 2, 1] => QQFieldElem[4, 0, 0, 4],
	[19, 20, 16, 21, 14, 2, 1, 12, 1, 1] => QQFieldElem[3//4, 1//4, 1//4, 0],
	[19, 20, 16, 21, 13, 1, 1, 19, 2, 2] => QQFieldElem[-1//2, -3//4, -1//2, 0],
	[19, 20, 16, 21, 22, 1, 1, 19, 1, 2] => QQFieldElem[-11, -2, -3, -14],
	[19, 20, 16, 21, 21, 1, 1, 18, 1, 1] => QQFieldElem[0, -1//4, 1//4, 0],
	[19, 20, 16, 21, 14, 2, 1, 20, 1, 1] => QQFieldElem[-1, 0, 0, -1],
	[19, 20, 16, 21, 21, 2, 1, 19, 1, 2] => QQFieldElem[-2, 0, -2, -2],
	[19, 20, 16, 21, 14, 1, 1, 17, 1, 1] => QQFieldElem[1, -1, -1, -4],
	[19, 20, 16, 21, 14, 1, 1, 18, 2, 1] => QQFieldElem[9//11, -12//11, -18//11, -4//11],
	[19, 20, 16, 21, 9, 1, 1, 19, 1, 2] => QQFieldElem[7//8, 13//8, 11//8, 1//4],
	[19, 20, 16, 21, 16, 2, 1, 17, 2, 1] => QQFieldElem[-23//110, -61//110, -32//55, -59//220],
	[19, 20, 16, 21, 14, 2, 1, 19, 2, 2] => QQFieldElem[0, -1//2, 0, 1//2],
	[19, 20, 16, 21, 15, 1, 1, 17, 2, 1] => QQFieldElem[0, 1//2, 1, 1],
	[19, 20, 16, 21, 16, 1, 1, 11, 1, 1] => QQFieldElem[0, -1, 2, -1],
	[19, 20, 16, 21, 22, 2, 1, 12, 1, 1] => QQFieldElem[0, -1, -1, -1//2],
	[19, 20, 16, 21, 10, 1, 1, 19, 1, 2] => QQFieldElem[1, 1, 1//2, 0],
	[19, 20, 16, 21, 16, 1, 1, 19, 2, 1] => QQFieldElem[-1//2, 0, -1, 0],
	[19, 20, 16, 21, 22, 2, 1, 20, 1, 1] => QQFieldElem[1, 1//2, 1//2, 1],
	[19, 20, 16, 21, 13, 1, 1, 17, 2, 1] => QQFieldElem[0, 0, 0, -1//2],
	[19, 20, 16, 21, 22, 1, 1, 17, 1, 1] => QQFieldElem[2//11, 1//11, -4//11, -3//22],
	[19, 20, 16, 21, 16, 1, 1, 18, 1, 1] => QQFieldElem[0, 1, 1, 1],
	[19, 20, 16, 21, 21, 1, 1, 20, 2, 1] => QQFieldElem[3, 2, -1, 1],
	[19, 20, 16, 21, 22, 1, 1, 18, 2, 1] => QQFieldElem[6, 6, 0, -2],
	[19, 20, 16, 21, 21, 2, 1, 17, 1, 1] => QQFieldElem[-3//110, 2//55, 3//55, 21//220],
	[19, 20, 16, 21, 16, 2, 1, 19, 1, 2] => QQFieldElem[-1//5, -2//5, 2//5, 1//5],
	[19, 20, 16, 21, 21, 2, 1, 18, 2, 1] => QQFieldElem[0, 1//2, -1//2, 0],
	[19, 20, 16, 21, 22, 2, 1, 19, 2, 2] => QQFieldElem[-1, 0, 1//2, 1//2],
	[19, 20, 16, 21, 9, 1, 1, 17, 1, 1] => QQFieldElem[0, 1, 1, 1],
	[19, 20, 16, 21, 14, 2, 1, 17, 2, 1] => QQFieldElem[0, 0, 1//2, -1//2],
	[19, 20, 16, 21, 9, 1, 1, 18, 2, 1] => QQFieldElem[-2, -4, -4, -2],
	[19, 20, 16, 21, 15, 1, 1, 19, 1, 2] => QQFieldElem[6, 10, 10, 4],
	[19, 20, 16, 21, 14, 1, 1, 11, 1, 1] => QQFieldElem[-3//2, -3//2, -1//2, 1//2],
	[19, 20, 16, 21, 10, 1, 1, 17, 1, 1] => QQFieldElem[0, -3//4, -5//4, -1//2],
	[19, 20, 16, 21, 21, 1, 1, 19, 1, 1] => QQFieldElem[8, -4, 6, 0],
	[19, 20, 16, 21, 10, 1, 1, 18, 2, 1] => QQFieldElem[-13//22, -17//11, -51//22, -37//22],
	[19, 20, 16, 21, 13, 1, 1, 19, 1, 2] => QQFieldElem[1, 3, 3, 1],
	[19, 20, 16, 21, 14, 1, 1, 19, 2, 1] => QQFieldElem[9//4, 9//2, 11//4, 1//2],
	[19, 20, 16, 21, 16, 1, 1, 20, 2, 1] => QQFieldElem[1//4, -1//4, -1//2, -1//4],
	[19, 20, 16, 21, 14, 1, 1, 18, 1, 1] => QQFieldElem[17//11, -19//11, -23//11, -65//11],
	[19, 20, 16, 21, 16, 2, 1, 17, 1, 1] => QQFieldElem[0, 0, 0, 0],
	[19, 20, 16, 21, 22, 2, 1, 17, 2, 1] => QQFieldElem[1//11, 13//44, 7//22, 2//11],
	[19, 20, 16, 21, 14, 2, 1, 19, 1, 2] => QQFieldElem[1//2, 0, -1//2, -1//2],
	[19, 20, 16, 21, 16, 2, 1, 18, 2, 1] => QQFieldElem[0, -1, -2, -3//2],
	[19, 20, 16, 21, 15, 1, 1, 17, 1, 1] => QQFieldElem[-2, -2, -4, -2],
	[19, 20, 16, 21, 15, 1, 1, 18, 2, 1] => QQFieldElem[-1//11, 5//11, 15//22, 7//22],
	[19, 20, 16, 21, 22, 1, 1, 11, 1, 1] => QQFieldElem[-2, -8, -8, -2],
	[19, 20, 16, 21, 21, 2, 1, 11, 1, 1] => QQFieldElem[1//2, 2, 3//2, 1],
	[19, 20, 16, 21, 9, 1, 1, 11, 1, 1] => QQFieldElem[1, 1, 0, -1],
	[19, 20, 16, 21, 21, 1, 1, 12, 1, 1] => QQFieldElem[3, 2, 2, 3],
	[19, 20, 16, 21, 16, 1, 1, 19, 1, 1] => QQFieldElem[6//5, 2//5, 8//5, 4//5],
	[19, 20, 16, 21, 22, 1, 1, 19, 2, 1] => QQFieldElem[3, 0, 1, 1],
	[19, 20, 16, 21, 13, 1, 1, 17, 1, 1] => QQFieldElem[0, -1//4, -1//4, 1//2],
	[19, 20, 16, 21, 13, 1, 1, 18, 2, 1] => QQFieldElem[5//22, 4//11, 1//22, -1//22],
	[19, 20, 16, 21, 21, 2, 1, 19, 2, 1] => QQFieldElem[0, 0, 1, 0],
	[19, 20, 16, 21, 21, 1, 1, 20, 1, 1] => QQFieldElem[-1//4, -1//4, 0, -1//4],
	[19, 20, 16, 21, 22, 1, 1, 18, 1, 1] => QQFieldElem[4, 5, 3, 3],
	[19, 20, 16, 21, 9, 1, 1, 19, 2, 1] => QQFieldElem[0, 0, 0, 0],
	[19, 20, 16, 21, 21, 2, 1, 18, 1, 1] => QQFieldElem[0, 0, 0, -1//2],
	[19, 20, 16, 21, 22, 2, 1, 19, 1, 2] => QQFieldElem[-2, -3//2, -1//2, -1],
	[19, 20, 16, 21, 14, 1, 1, 20, 2, 1] => QQFieldElem[-4, 0, -2, -4],
	[19, 20, 16, 21, 14, 2, 1, 17, 1, 1] => QQFieldElem[-1, 1//2, 1//2, 0],
	[19, 20, 16, 21, 21, 1, 1, 19, 2, 2] => QQFieldElem[5//4, 1//4, -3//2, -5//4],
	[19, 20, 16, 21, 9, 1, 1, 18, 1, 1] => QQFieldElem[4//11, 13//11, 14//11, 8//11],
	[19, 20, 16, 21, 14, 2, 1, 18, 2, 1] => QQFieldElem[5//22, 19//22, 6//11, -1//22],
	[19, 20, 16, 21, 10, 1, 1, 11, 1, 1] => QQFieldElem[2, 0, -2, -2],
	[19, 20, 16, 21, 10, 1, 1, 19, 2, 1] => QQFieldElem[-1//10, -1//5, -3//10, -3//20],
	[19, 20, 16, 21, 16, 2, 1, 11, 1, 1] => QQFieldElem[-1//2, -1, -1//2, -1//2],
	[19, 20, 16, 21, 10, 1, 1, 18, 1, 1] => QQFieldElem[-35//44, -14//11, -73//44, -13//22],
	[19, 20, 16, 21, 16, 1, 1, 12, 1, 1] => QQFieldElem[1, 3, 6, 5],
	[19, 20, 16, 21, 14, 1, 1, 19, 1, 1] => QQFieldElem[-2, -3, -2, 0],
	[19, 20, 16, 21, 16, 1, 1, 20, 1, 1] => QQFieldElem[1//5, 2//5, 3//5, 4//5],
	[19, 20, 16, 21, 16, 2, 1, 19, 2, 1] => QQFieldElem[-3//5, -6//5, -4//5, -7//5],
	[19, 20, 16, 21, 22, 1, 1, 20, 2, 1] => QQFieldElem[0, 0, 0, 0],
	[19, 20, 16, 21, 15, 1, 1, 11, 1, 1] => QQFieldElem[-1//2, -1//2, -1//2, -1//2],
	[19, 20, 16, 21, 22, 2, 1, 17, 1, 1] => QQFieldElem[1//44, 3//22, 9//44, 1//22],
	[19, 20, 16, 21, 21, 2, 1, 20, 2, 1] => QQFieldElem[1//2, 1//2, 1, 1],
	[19, 20, 16, 21, 16, 2, 1, 18, 1, 1] => QQFieldElem[0, 2, 2, 0],
	[19, 20, 16, 21, 22, 2, 1, 18, 2, 1] => QQFieldElem[0, 1//2, 1, 1],
	[19, 20, 16, 21, 21, 1, 1, 17, 2, 1] => QQFieldElem[-6//11, -14//11, -31//22, -12//11],
	[19, 20, 16, 21, 9, 1, 1, 20, 2, 1] => QQFieldElem[8//5, 16//5, 4//5, 12//5],
	[19, 20, 16, 21, 16, 1, 1, 19, 2, 2] => QQFieldElem[4, 2, 0, 4],
	[19, 20, 16, 21, 15, 1, 1, 19, 2, 1] => QQFieldElem[-1//2, -5//2, -3, -3//2],
	[19, 20, 16, 21, 15, 1, 1, 18, 1, 1] => QQFieldElem[-34//11, -50//11, -42//11, -24//11],
	[19, 20, 16, 21, 13, 1, 1, 11, 1, 1] => QQFieldElem[-2, -3, -9//4, -1//4],
	[19, 20, 16, 21, 13, 1, 1, 19, 2, 1] => QQFieldElem[-1//4, -1, -5//4, -1//2],
	[19, 20, 16, 21, 22, 1, 1, 19, 1, 1] => QQFieldElem[3//4, 5//4, 1, 3//4],
	[19, 20, 16, 21, 14, 2, 1, 11, 1, 1] => QQFieldElem[0, 0, 1//4, -1//4],
	[19, 20, 16, 21, 10, 1, 1, 20, 2, 1] => QQFieldElem[-3//5, -6//5, -4//5, -7//5],
	[19, 20, 16, 21, 13, 1, 1, 18, 1, 1] => QQFieldElem[-15//44, -6//11, -3//44, -2//11],
	[19, 20, 16, 21, 21, 2, 1, 19, 1, 1] => QQFieldElem[1, 0, 1, 1],
	[19, 20, 16, 21, 14, 1, 1, 12, 1, 1] => QQFieldElem[1//2, 2, 2, 1],
	[19, 20, 16, 21, 9, 1, 1, 19, 1, 1] => QQFieldElem[-4//5, -11//10, -2//5, 3//10],
	[19, 20, 16, 21, 14, 1, 1, 20, 1, 1] => QQFieldElem[-12, -2, -8, -8],
	[19, 20, 16, 21, 14, 2, 1, 19, 2, 1] => QQFieldElem[3//2, 3, 3//2, -1//2],
	[19, 20, 16, 21, 21, 1, 1, 19, 1, 2] => QQFieldElem[-1, 0, 1, 0],
	[19, 20, 16, 21, 16, 2, 1, 20, 2, 1] => QQFieldElem[-1//10, -7//10, -13//10, -7//5],
	[19, 20, 16, 21, 14, 2, 1, 18, 1, 1] => QQFieldElem[1//11, 23//22, 20//11, 15//22],
	[19, 20, 16, 21, 16, 1, 1, 17, 2, 1] => QQFieldElem[-7//88, -31//88, -41//88, -7//44],
	[19, 20, 16, 21, 14, 1, 1, 19, 2, 2] => QQFieldElem[-1, 1, 1, -1],
	[19, 20, 16, 21, 15, 1, 1, 20, 2, 1] => QQFieldElem[0, 0, 1, 0],
	[19, 20, 16, 21, 10, 1, 1, 19, 1, 1] => QQFieldElem[-1//8, 1//8, 3//8, 1//4],
	[19, 20, 16, 21, 22, 2, 1, 11, 1, 1] => QQFieldElem[1, 1, 1//2, 0],
	[19, 20, 16, 21, 22, 1, 1, 12, 1, 1] => QQFieldElem[2, 4, 2, 2],
	[19, 20, 16, 21, 21, 2, 1, 12, 1, 1] => QQFieldElem[0, -1//2, 0, 1//2],
	[19, 20, 16, 21, 13, 1, 1, 20, 2, 1] => QQFieldElem[-1//5, -2//5, 2//5, 1//5],
	[19, 20, 16, 21, 16, 2, 1, 19, 1, 1] => QQFieldElem[-8//5, -16//5, -4//5, -12//5],
	[19, 20, 16, 21, 22, 2, 1, 19, 2, 1] => QQFieldElem[-1//2, 1//2, 0, 0],
	[19, 20, 16, 21, 22, 1, 1, 20, 1, 1] => QQFieldElem[-3, -2, -1, -4],
	[19, 20, 16, 21, 9, 1, 1, 12, 1, 1] => QQFieldElem[-1, -2, -2, -1],
	[19, 20, 16, 21, 21, 2, 1, 20, 1, 1] => QQFieldElem[3//10, 1//10, -1//10, 1//5],
	[19, 20, 16, 21, 22, 2, 1, 18, 1, 1] => QQFieldElem[0, -1, 1//2, 1//2],
	[19, 20, 16, 21, 21, 1, 1, 17, 1, 1] => QQFieldElem[-3//88, -7//88, -5//88, -3//44],
	[19, 20, 16, 21, 9, 1, 1, 20, 1, 1] => QQFieldElem[6//5, 2//5, 8//5, 4//5],
	[19, 20, 16, 21, 16, 1, 1, 19, 1, 2] => QQFieldElem[1//2, 1, 0, 0],
	[19, 20, 16, 21, 22, 1, 1, 19, 2, 2] => QQFieldElem[4, 0, 0, -4],
	[19, 20, 16, 21, 21, 1, 1, 18, 2, 1] => QQFieldElem[-3, 1, -3, 0],
	[19, 20, 16, 21, 14, 2, 1, 20, 2, 1] => QQFieldElem[1, 0, 1, 1],
	[19, 20, 16, 21, 15, 1, 1, 19, 1, 1] => QQFieldElem[1, 6, 10, 8],
	[19, 20, 16, 21, 21, 2, 1, 19, 2, 2] => QQFieldElem[-1//2, -1//2, -5//2, -2],
	[19, 20, 16, 21, 14, 1, 1, 17, 2, 1] => QQFieldElem[0, -3, 1, -3],
	[19, 20, 16, 21, 9, 1, 1, 19, 2, 2] => QQFieldElem[9//10, 13//10, 7//10, -3//20],
	[19, 20, 16, 21, 10, 1, 1, 12, 1, 1] => QQFieldElem[2, 4, 2, 0],
	[19, 20, 16, 21, 13, 1, 1, 19, 1, 1] => QQFieldElem[0, 2, 3, 5//2],
	[19, 20, 16, 21, 10, 1, 1, 20, 1, 1] => QQFieldElem[-1//2, -1, -1, -2],
	[19, 20, 16, 21, 16, 2, 1, 12, 1, 1] => QQFieldElem[-1//2, -2, -3//2, -1],
	[19, 20, 16, 21, 10, 1, 1, 19, 2, 2] => QQFieldElem[-1//4, 0, 1//4, 1//4],
	[19, 20, 16, 21, 14, 2, 1, 19, 1, 1] => QQFieldElem[2, 4, 4, 2],
	[19, 20, 16, 21, 16, 2, 1, 20, 1, 1] => QQFieldElem[-2//5, -4//5, -6//5, 2//5],
	[19, 20, 16, 21, 22, 2, 1, 20, 2, 1] => QQFieldElem[0, 0, 1//2, 1//2])