Dict(
	[19, 21, 21, 18, 11, 1, 1, 16, 2, 1] => QQFieldElem[1//2, -1, -5//4, -3//4],
	[19, 21, 21, 18, 20, 2, 1, 13, 1, 1] => QQFieldElem[15//4, -1, -8, -29//4],
	[19, 21, 21, 18, 6, 1, 1, 21, 2, 2] => QQFieldElem[-3//2, -1//2, 3//4, 5//4],
	[19, 21, 21, 18, 3, 1, 1, 14, 1, 1] => QQFieldElem[-8, -12, -8, 0],
	[19, 21, 21, 18, 20, 1, 1, 21, 1, 1] => QQFieldElem[-2//5, -4//5, -6//5, -8//5],
	[19, 21, 21, 18, 19, 1, 1, 14, 1, 1] => QQFieldElem[2//5, -1//5, -9//5, -7//5],
	[19, 21, 21, 18, 12, 1, 1, 22, 1, 1] => QQFieldElem[12//5, -11//5, -34//5, -27//5],
	[19, 21, 21, 18, 18, 1, 1, 21, 2, 2] => QQFieldElem[0, 0, 0, 0],
	[19, 21, 21, 18, 8, 1, 1, 14, 1, 1] => QQFieldElem[0, -1//2, -1, -1//2],
	[19, 21, 21, 18, 20, 2, 2, 21, 2, 1] => QQFieldElem[2//5, 9//5, 11//5, 8//5],
	[19, 21, 21, 18, 11, 1, 1, 14, 2, 1] => QQFieldElem[1//2, 13//8, 3//2, 3//4],
	[19, 21, 21, 18, 6, 1, 1, 10, 1, 1] => QQFieldElem[-2, -3//2, 1//2, 3//2],
	[19, 21, 21, 18, 17, 1, 1, 13, 1, 1] => QQFieldElem[1//4, 1//4, -1//4, -1//4],
	[19, 21, 21, 18, 18, 1, 1, 10, 1, 1] => QQFieldElem[9//4, 7//2, 15//8, -1//8],
	[19, 21, 21, 18, 19, 1, 2, 22, 2, 1] => QQFieldElem[2, -1, -9//2, -9//2],
	[19, 21, 21, 18, 20, 1, 2, 21, 2, 2] => QQFieldElem[-7, 1//2, 25//2, 25//2],
	[19, 21, 21, 18, 20, 1, 1, 15, 1, 1] => QQFieldElem[10, 23, 43//2, 27//4],
	[19, 21, 21, 18, 20, 2, 1, 22, 2, 2] => QQFieldElem[-53//4, -33//2, -19//4, 23//4],
	[19, 21, 21, 18, 17, 1, 2, 21, 2, 1] => QQFieldElem[-1, -5//2, -7//4, 1//4],
	[19, 21, 21, 18, 3, 1, 1, 21, 2, 2] => QQFieldElem[-9//5, -18//5, -17//5, -6//5],
	[19, 21, 21, 18, 20, 1, 1, 16, 1, 1] => QQFieldElem[5//8, 5//8, -3//8, -7//8],
	[19, 21, 21, 18, 11, 1, 1, 22, 1, 2] => QQFieldElem[12//5, 44//5, 56//5, 28//5],
	[19, 21, 21, 18, 20, 1, 2, 10, 1, 1] => QQFieldElem[11//4, 11//2, 9//2, 1],
	[19, 21, 21, 18, 19, 1, 1, 21, 2, 2] => QQFieldElem[-1, 1, 2, 2],
	[19, 21, 21, 18, 6, 1, 1, 22, 2, 1] => QQFieldElem[-2//5, -4//5, -1//5, 2//5],
	[19, 21, 21, 18, 20, 2, 2, 16, 2, 1] => QQFieldElem[-3//2, 0, 2, 2],
	[19, 21, 21, 18, 8, 1, 1, 21, 2, 2] => QQFieldElem[-5//2, -7//2, -7//4, 1//4],
	[19, 21, 21, 18, 3, 1, 1, 10, 1, 1] => QQFieldElem[8, 12, 8, 0],
	[19, 21, 21, 18, 20, 1, 1, 14, 1, 1] => QQFieldElem[1//2, 3//4, 7//8, 3//8],
	[19, 21, 21, 18, 18, 1, 1, 22, 2, 1] => QQFieldElem[-24, -24, 0, 16],
	[19, 21, 21, 18, 19, 1, 1, 10, 1, 1] => QQFieldElem[-7//4, -3//2, 1//2, 3//2],
	[19, 21, 21, 18, 17, 1, 1, 22, 2, 2] => QQFieldElem[-17//2, -37//2, -33//2, -21//4],
	[19, 21, 21, 18, 12, 1, 1, 13, 1, 1] => QQFieldElem[1//2, 1//2, 1//2, 0],
	[19, 21, 21, 18, 20, 2, 2, 14, 2, 1] => QQFieldElem[-2, 0, 5//2, 5//2],
	[19, 21, 21, 18, 8, 1, 1, 10, 1, 1] => QQFieldElem[-9//4, -9//2, -7//2, -1],
	[19, 21, 21, 18, 18, 1, 2, 21, 1, 2] => QQFieldElem[2//5, 6//5, 12//5, 2],
	[19, 21, 21, 18, 17, 1, 2, 16, 2, 1] => QQFieldElem[-7//2, 0, 6, 6],
	[19, 21, 21, 18, 20, 1, 2, 22, 2, 1] => QQFieldElem[-3//4, -7//4, -2, -1//2],
	[19, 21, 21, 18, 20, 2, 1, 21, 2, 1] => QQFieldElem[-6//5, -7//5, -3//5, 1//5],
	[19, 21, 21, 18, 11, 1, 1, 21, 1, 1] => QQFieldElem[-1, 1, 5//2, 5//2],
	[19, 21, 21, 18, 3, 1, 1, 22, 2, 1] => QQFieldElem[-2//5, -22//5, -6, -16//5],
	[19, 21, 21, 18, 17, 1, 2, 14, 2, 1] => QQFieldElem[-9//2, -9, -29//4, -7//4],
	[19, 21, 21, 18, 20, 2, 2, 22, 1, 2] => QQFieldElem[-2, -11//2, -6, -5//2],
	[19, 21, 21, 18, 19, 1, 1, 22, 2, 1] => QQFieldElem[1//2, 7//2, 9//2, 2],
	[19, 21, 21, 18, 20, 1, 1, 21, 2, 2] => QQFieldElem[-25//2, -18, -33//4, 5//2],
	[19, 21, 21, 18, 12, 1, 1, 22, 2, 2] => QQFieldElem[14//5, 33//5, 32//5, 11//5],
	[19, 21, 21, 18, 8, 1, 1, 22, 2, 1] => QQFieldElem[-3//5, -26//5, -34//5, -17//5],
	[19, 21, 21, 18, 19, 1, 2, 21, 1, 2] => QQFieldElem[-5//2, -4, -2, 0],
	[19, 21, 21, 18, 17, 1, 1, 21, 2, 1] => QQFieldElem[13//8, 13//8, -5//8, -11//8],
	[19, 21, 21, 18, 20, 1, 1, 10, 1, 1] => QQFieldElem[1//2, 9//2, 51//8, 29//8],
	[19, 21, 21, 18, 11, 1, 1, 15, 1, 1] => QQFieldElem[-1, 3, 6, 4],
	[19, 21, 21, 18, 18, 1, 2, 22, 1, 1] => QQFieldElem[-2, 6, 13, 9],
	[19, 21, 21, 18, 20, 2, 1, 16, 2, 1] => QQFieldElem[-2, -5//2, -5//4, 3//4],
	[19, 21, 21, 18, 17, 1, 2, 22, 1, 2] => QQFieldElem[-16//5, -22//5, -13//5, 1//5],
	[19, 21, 21, 18, 11, 1, 1, 16, 1, 1] => QQFieldElem[1//5, 2//5, 3//5, 4//5],
	[19, 21, 21, 18, 6, 1, 1, 21, 1, 2] => QQFieldElem[1//5, 2//5, 3//5, 4//5],
	[19, 21, 21, 18, 20, 2, 1, 14, 2, 1] => QQFieldElem[-11//4, -7//2, -5//4, 5//4],
	[19, 21, 21, 18, 18, 1, 1, 21, 1, 2] => QQFieldElem[2//5, -1//5, -9//5, -7//5],
	[19, 21, 21, 18, 20, 2, 2, 21, 1, 1] => QQFieldElem[9//2, 5//2, -4, -11//2],
	[19, 21, 21, 18, 11, 1, 1, 14, 1, 1] => QQFieldElem[-1//2, -1//2, -1//2, 0],
	[19, 21, 21, 18, 17, 1, 1, 16, 2, 1] => QQFieldElem[-1, 3, 15//2, 11//2],
	[19, 21, 21, 18, 12, 1, 1, 21, 2, 1] => QQFieldElem[-15//4, -9//2, -1, 7//4],
	[19, 21, 21, 18, 20, 1, 1, 22, 2, 1] => QQFieldElem[5, 0, -15//2, -8],
	[19, 21, 21, 18, 19, 1, 2, 22, 1, 1] => QQFieldElem[-15//4, -15//4, 3//4, 3],
	[19, 21, 21, 18, 20, 1, 2, 21, 1, 2] => QQFieldElem[3, 9//2, 5//2, -1//2],
	[19, 21, 21, 18, 17, 1, 1, 14, 2, 1] => QQFieldElem[-21//4, -8, -9//2, 1//4],
	[19, 21, 21, 18, 20, 2, 1, 22, 1, 2] => QQFieldElem[-5//4, 5//2, 23//4, 17//4],
	[19, 21, 21, 18, 17, 1, 2, 21, 1, 1] => QQFieldElem[1, 1, 1, 0],
	[19, 21, 21, 18, 3, 1, 1, 21, 1, 2] => QQFieldElem[3//2, 1//2, -3//2, -2],
	[19, 21, 21, 18, 20, 2, 2, 15, 1, 1] => QQFieldElem[3, -6, -15, -12],
	[19, 21, 21, 18, 19, 1, 1, 21, 1, 2] => QQFieldElem[-6//5, -8//5, -6//5, 0],
	[19, 21, 21, 18, 18, 1, 2, 13, 1, 1] => QQFieldElem[-1//4, 0, 0, 1//4],
	[19, 21, 21, 18, 6, 1, 1, 22, 1, 1] => QQFieldElem[14//5, 22//5, 14//5, 0],
	[19, 21, 21, 18, 20, 2, 2, 16, 1, 1] => QQFieldElem[3//10, 3//5, 2//5, 1//5],
	[19, 21, 21, 18, 8, 1, 1, 21, 1, 2] => QQFieldElem[-1//5, -2//5, 2//5, 1//5],
	[19, 21, 21, 18, 11, 1, 1, 21, 2, 2] => QQFieldElem[8, 8, -4, -8],
	[19, 21, 21, 18, 12, 1, 1, 16, 2, 1] => QQFieldElem[1//2, 1, 1, 0],
	[19, 21, 21, 18, 18, 1, 1, 22, 1, 1] => QQFieldElem[-10, -25//2, -7//2, 4],
	[19, 21, 21, 18, 17, 1, 1, 22, 1, 2] => QQFieldElem[2, -5//2, -15//2, -6],
	[19, 21, 21, 18, 17, 1, 2, 15, 1, 1] => QQFieldElem[1, 1, 0, 0],
	[19, 21, 21, 18, 20, 2, 2, 14, 1, 1] => QQFieldElem[1//5, 2//5, 1//10, 3//10],
	[19, 21, 21, 18, 11, 1, 1, 10, 1, 1] => QQFieldElem[-3//2, -1//2, 3//2, 2],
	[19, 21, 21, 18, 12, 1, 1, 14, 2, 1] => QQFieldElem[-1//2, -1//2, 1//4, 3//4],
	[19, 21, 21, 18, 17, 1, 2, 16, 1, 1] => QQFieldElem[-13//2, -8, -11//4, 9//4],
	[19, 21, 21, 18, 20, 1, 2, 22, 1, 1] => QQFieldElem[5, 1, -13//2, -15//2],
	[19, 21, 21, 18, 20, 2, 1, 21, 1, 1] => QQFieldElem[-24//5, 32//5, 88//5, 64//5],
	[19, 21, 21, 18, 19, 1, 2, 13, 1, 1] => QQFieldElem[0, 0, 0, 1//2],
	[19, 21, 21, 18, 18, 1, 2, 22, 2, 2] => QQFieldElem[-1, -2, -3//2, -1//2],
	[19, 21, 21, 18, 3, 1, 1, 22, 1, 1] => QQFieldElem[-48//5, 0, 64//5, 64//5],
	[19, 21, 21, 18, 17, 1, 2, 14, 1, 1] => QQFieldElem[-1//2, -51//8, -19//2, -11//2],
	[19, 21, 21, 18, 19, 1, 1, 22, 1, 1] => QQFieldElem[0, 0, 0, 0],
	[19, 21, 21, 18, 20, 1, 1, 21, 1, 2] => QQFieldElem[-1, -4, -17//4, -2],
	[19, 21, 21, 18, 12, 1, 1, 22, 1, 2] => QQFieldElem[4//5, -27//5, -48//5, -29//5],
	[19, 21, 21, 18, 8, 1, 1, 22, 1, 1] => QQFieldElem[12//5, 19//5, 16//5, 3//5],
	[19, 21, 21, 18, 11, 1, 1, 22, 2, 1] => QQFieldElem[-29//5, -18//5, 18//5, 29//5],
	[19, 21, 21, 18, 6, 1, 1, 13, 1, 1] => QQFieldElem[1//2, 11//2, 15//2, 4],
	[19, 21, 21, 18, 17, 1, 1, 21, 1, 1] => QQFieldElem[1//4, -1//2, -1, -5//4],
	[19, 21, 21, 18, 20, 2, 2, 21, 2, 2] => QQFieldElem[7, 18, 18, 6],
	[19, 21, 21, 18, 20, 2, 1, 15, 1, 1] => QQFieldElem[23//2, 21//2, -3, -9],
	[19, 21, 21, 18, 18, 1, 1, 13, 1, 1] => QQFieldElem[-3//4, -11//8, -5//8, 1//4],
	[19, 21, 21, 18, 20, 2, 1, 16, 1, 1] => QQFieldElem[0, -1//2, -3//4, -1//4],
	[19, 21, 21, 18, 19, 1, 2, 22, 2, 2] => QQFieldElem[-19, -23, -13//2, 15//2],
	[19, 21, 21, 18, 20, 2, 2, 10, 1, 1] => QQFieldElem[5//2, 3//2, -3//2, -5//2],
	[19, 21, 21, 18, 18, 1, 2, 21, 2, 1] => QQFieldElem[0, 0, 0, 0],
	[19, 21, 21, 18, 17, 1, 2, 21, 2, 2] => QQFieldElem[3, 3//2, -13//4, -15//4],
	[19, 21, 21, 18, 17, 1, 1, 15, 1, 1] => QQFieldElem[1//2, 0, -1//2, 0],
	[19, 21, 21, 18, 20, 1, 2, 13, 1, 1] => QQFieldElem[25//4, 15//4, -15//4, -25//4],
	[19, 21, 21, 18, 20, 2, 1, 14, 1, 1] => QQFieldElem[-1//4, 0, -1//4, -1//4],
	[19, 21, 21, 18, 17, 1, 1, 16, 1, 1] => QQFieldElem[1//5, 2//5, -2//5, -1//5],
	[19, 21, 21, 18, 6, 1, 1, 22, 2, 2] => QQFieldElem[-5//2, 1//2, 9//2, 9//2],
	[19, 21, 21, 18, 3, 1, 1, 13, 1, 1] => QQFieldElem[4, 0, -8, -8],
	[19, 21, 21, 18, 12, 1, 1, 21, 1, 1] => QQFieldElem[-1//2, 3//2, 4, 3],
	[19, 21, 21, 18, 20, 1, 1, 22, 1, 1] => QQFieldElem[-4, 11, 24, 17],
	[19, 21, 21, 18, 17, 1, 2, 10, 1, 1] => QQFieldElem[1//2, 1//2, 1//2, 0],
	[19, 21, 21, 18, 19, 1, 1, 13, 1, 1] => QQFieldElem[-1//4, -3//4, -3//4, -3//4],
	[19, 21, 21, 18, 18, 1, 1, 22, 2, 2] => QQFieldElem[4//5, 18//5, 22//5, 11//5],
	[19, 21, 21, 18, 8, 1, 1, 13, 1, 1] => QQFieldElem[-9//4, -5//4, 5//4, 9//4],
	[19, 21, 21, 18, 20, 2, 2, 22, 2, 1] => QQFieldElem[0, 0, -1//2, 0],
	[19, 21, 21, 18, 17, 1, 1, 14, 1, 1] => QQFieldElem[0, 1//2, 1//2, 0],
	[19, 21, 21, 18, 19, 1, 2, 21, 2, 1] => QQFieldElem[-6//5, -17//5, -18//5, -9//5],
	[19, 21, 21, 18, 18, 1, 2, 16, 2, 1] => QQFieldElem[3//4, 3//2, 3//2, 1//4],
	[19, 21, 21, 18, 20, 1, 2, 22, 2, 2] => QQFieldElem[-14, -43//2, -25//2, 1//2],
	[19, 21, 21, 18, 12, 1, 1, 15, 1, 1] => QQFieldElem[1, 2, 2, 1],
	[19, 21, 21, 18, 20, 2, 1, 21, 2, 2] => QQFieldElem[-5, 9//2, 14, 23//2],
	[19, 21, 21, 18, 11, 1, 1, 21, 1, 2] => QQFieldElem[1, 4, 4, 1],
	[19, 21, 21, 18, 17, 1, 2, 22, 2, 1] => QQFieldElem[3//2, 5, 11//2, 2],
	[19, 21, 21, 18, 12, 1, 1, 16, 1, 1] => QQFieldElem[-1, -1, -1//2, -1//2],
	[19, 21, 21, 18, 18, 1, 2, 14, 2, 1] => QQFieldElem[3//2, 9//4, 7//4, 0],
	[19, 21, 21, 18, 3, 1, 1, 22, 2, 2] => QQFieldElem[-12//5, -32//5, -8, -16//5],
	[19, 21, 21, 18, 6, 1, 1, 21, 2, 1] => QQFieldElem[1//2, 1//2, 1//2, 0],
	[19, 21, 21, 18, 19, 1, 1, 22, 2, 2] => QQFieldElem[-33//2, -27//2, 9//2, 13],
	[19, 21, 21, 18, 20, 2, 1, 10, 1, 1] => QQFieldElem[15//4, 11//2, 11//4, -3//4],
	[19, 21, 21, 18, 8, 1, 1, 22, 2, 2] => QQFieldElem[-15//2, -23//2, -13//2, 1//2],
	[19, 21, 21, 18, 18, 1, 1, 21, 2, 1] => QQFieldElem[0, 0, 0, 0],
	[19, 21, 21, 18, 12, 1, 1, 14, 1, 1] => QQFieldElem[1//4, 0, 0, -1//4],
	[19, 21, 21, 18, 17, 1, 1, 21, 2, 2] => QQFieldElem[33//8, 59//8, 43//8, 5//8],
	[19, 21, 21, 18, 20, 1, 1, 13, 1, 1] => QQFieldElem[8, 99//8, 55//8, -1],
	[19, 21, 21, 18, 19, 1, 2, 16, 2, 1] => QQFieldElem[-4//5, -3//5, -2//5, -1//5],
	[19, 21, 21, 18, 18, 1, 2, 22, 1, 2] => QQFieldElem[2, -6, -12, -8],
	[19, 21, 21, 18, 17, 1, 1, 10, 1, 1] => QQFieldElem[1//4, 1//2, 1//2, 0],
	[19, 21, 21, 18, 20, 1, 2, 21, 2, 1] => QQFieldElem[3//2, 3//2, 0, -1//2],
	[19, 21, 21, 18, 19, 1, 2, 14, 2, 1] => QQFieldElem[0, 0, 0, 0],
	[19, 21, 21, 18, 6, 1, 1, 16, 2, 1] => QQFieldElem[-9//5, -18//5, -17//5, -6//5],
	[19, 21, 21, 18, 20, 2, 1, 22, 2, 1] => QQFieldElem[-1, 3, 13//2, 9//2],
	[19, 21, 21, 18, 3, 1, 1, 21, 2, 1] => QQFieldElem[-2//5, -9//5, -11//5, -3//5],
	[19, 21, 21, 18, 11, 1, 1, 22, 1, 1] => QQFieldElem[-4, 1, 8, 7],
	[19, 21, 21, 18, 20, 2, 2, 21, 1, 2] => QQFieldElem[1, 0, -2, -2],
	[19, 21, 21, 18, 19, 1, 1, 21, 2, 1] => QQFieldElem[1//5, 7//5, 8//5, 4//5],
	[19, 21, 21, 18, 18, 1, 1, 16, 2, 1] => QQFieldElem[3//2, 1//2, -1, -1],
	[19, 21, 21, 18, 12, 1, 1, 21, 2, 2] => QQFieldElem[-3//2, -7//2, -3, -1],
	[19, 21, 21, 18, 8, 1, 1, 21, 2, 1] => QQFieldElem[1//2, -1, -2, -1],
	[19, 21, 21, 18, 20, 1, 1, 22, 2, 2] => QQFieldElem[-23//4, -161//8, -95//4, -11],
	[19, 21, 21, 18, 6, 1, 1, 14, 2, 1] => QQFieldElem[3//2, 1//2, -3//2, -2],
	[19, 21, 21, 18, 19, 1, 2, 22, 1, 2] => QQFieldElem[-57//4, -127//4, -115//4, -9],
	[19, 21, 21, 18, 17, 1, 1, 22, 2, 1] => QQFieldElem[-6, -11//2, 1, 17//4],
	[19, 21, 21, 18, 18, 1, 1, 14, 2, 1] => QQFieldElem[6//5, 2//5, -7//5, -17//10],
	[19, 21, 21, 18, 20, 1, 2, 16, 2, 1] => QQFieldElem[-11//4, -9//2, -11//4, 0],
	[19, 21, 21, 18, 12, 1, 1, 10, 1, 1] => QQFieldElem[0, -3//2, -5//2, -3//2],
	[19, 21, 21, 18, 18, 1, 2, 21, 1, 1] => QQFieldElem[1//2, -4, -8, -6],
	[19, 21, 21, 18, 17, 1, 2, 21, 1, 2] => QQFieldElem[3//2, 1, 0, -1],
	[19, 21, 21, 18, 3, 1, 1, 16, 2, 1] => QQFieldElem[-2, -5, -5, -3],
	[19, 21, 21, 18, 6, 1, 1, 22, 1, 2] => QQFieldElem[0, 0, 0, 0],
	[19, 21, 21, 18, 19, 1, 1, 16, 2, 1] => QQFieldElem[-1//4, 1//2, 1//2, 1//4],
	[19, 21, 21, 18, 20, 1, 2, 14, 2, 1] => QQFieldElem[-3, -5, -3, 0],
	[19, 21, 21, 18, 8, 1, 1, 16, 2, 1] => QQFieldElem[1//2, 1//2, 1//2, 0],
	[19, 21, 21, 18, 18, 1, 1, 22, 1, 2] => QQFieldElem[9, 13, 11//2, -5//2],
	[19, 21, 21, 18, 3, 1, 1, 14, 2, 1] => QQFieldElem[3, 5//2, -1, -5//2],
	[19, 21, 21, 18, 20, 2, 2, 22, 1, 1] => QQFieldElem[31//4, 61//4, 12, 5//2],
	[19, 21, 21, 18, 11, 1, 1, 13, 1, 1] => QQFieldElem[1, 3, 7//2, 3//2],
	[19, 21, 21, 18, 18, 1, 2, 15, 1, 1] => QQFieldElem[1//2, 3//2, 2, 1],
	[19, 21, 21, 18, 20, 1, 1, 21, 2, 1] => QQFieldElem[-22//5, -49//5, -41//5, -8//5],
	[19, 21, 21, 18, 19, 1, 1, 14, 2, 1] => QQFieldElem[0, -1//4, -1//4, 0],
	[19, 21, 21, 18, 12, 1, 1, 22, 2, 1] => QQFieldElem[8, 10, 7//2, -3],
	[19, 21, 21, 18, 19, 1, 2, 21, 1, 1] => QQFieldElem[-1//2, 1, 3, 2],
	[19, 21, 21, 18, 18, 1, 2, 16, 1, 1] => QQFieldElem[-8//5, -16//5, -4//5, 8//5],
	[19, 21, 21, 18, 8, 1, 1, 14, 2, 1] => QQFieldElem[-1//4, -1//2, -1//2, 0],
	[19, 21, 21, 18, 20, 1, 2, 22, 1, 2] => QQFieldElem[6, 5, -3//2, -9//2],
	[19, 21, 21, 18, 20, 2, 1, 21, 1, 2] => QQFieldElem[-2, -5//2, -1, 1//2],
	[19, 21, 21, 18, 17, 1, 2, 22, 1, 1] => QQFieldElem[-4//5, -3//5, -2//5, -1//5],
	[19, 21, 21, 18, 18, 1, 2, 14, 1, 1] => QQFieldElem[-24//5, -28//5, -12//5, 4//5],
	[19, 21, 21, 18, 3, 1, 1, 22, 1, 2] => QQFieldElem[22//5, 14//5, -9//5, -22//5],
	[19, 21, 21, 18, 6, 1, 1, 21, 1, 1] => QQFieldElem[6//5, 7//5, 3//5, -1//5],
	[19, 21, 21, 18, 19, 1, 1, 22, 1, 2] => QQFieldElem[-12//5, -19//5, -16//5, -3//5],
	[19, 21, 21, 18, 19, 1, 2, 15, 1, 1] => QQFieldElem[-1, -2, -1, 0],
	[19, 21, 21, 18, 8, 1, 1, 22, 1, 2] => QQFieldElem[-12//5, -12//5, 0, 4//5],
	[19, 21, 21, 18, 20, 1, 1, 16, 2, 1] => QQFieldElem[-7//8, -29//8, -35//8, -19//8],
	[19, 21, 21, 18, 11, 1, 1, 22, 2, 2] => QQFieldElem[-104//5, -88//5, 8//5, 64//5],
	[19, 21, 21, 18, 18, 1, 1, 21, 1, 1] => QQFieldElem[25//4, 7, 7//4, -5//2],
	[19, 21, 21, 18, 17, 1, 1, 21, 1, 2] => QQFieldElem[-1//4, 1, 9//4, 2],
	[19, 21, 21, 18, 19, 1, 2, 16, 1, 1] => QQFieldElem[-3//10, -1//10, -2//5, -1//5],
	[19, 21, 21, 18, 20, 2, 2, 13, 1, 1] => QQFieldElem[-2, -9, -11, -11//2],
	[19, 21, 21, 18, 20, 1, 1, 14, 2, 1] => QQFieldElem[-5//4, -9//2, -43//8, -21//8],
	[19, 21, 21, 18, 6, 1, 1, 15, 1, 1] => QQFieldElem[-3, 2, 8, 7],
	[19, 21, 21, 18, 20, 1, 2, 21, 1, 1] => QQFieldElem[-14//5, -43//5, -47//5, -21//5],
	[19, 21, 21, 18, 19, 1, 2, 14, 1, 1] => QQFieldElem[-1//5, -2//5, -3//5, -3//10],
	[19, 21, 21, 18, 18, 1, 2, 21, 2, 2] => QQFieldElem[-2//5, -9//5, -11//5, -3//5],
	[19, 21, 21, 18, 6, 1, 1, 16, 1, 1] => QQFieldElem[3//2, 1//2, -3//2, -2],
	[19, 21, 21, 18, 20, 2, 1, 22, 1, 1] => QQFieldElem[-24, -36, -20, 4],
	[19, 21, 21, 18, 18, 1, 1, 15, 1, 1] => QQFieldElem[-5//2, -5//2, 0, 5//4],
	[19, 21, 21, 18, 3, 1, 1, 21, 1, 1] => QQFieldElem[-16//5, 8//5, 32//5, 16//5],
	[19, 21, 21, 18, 19, 1, 1, 21, 1, 1] => QQFieldElem[6//5, 6//5, 0, -2//5],
	[19, 21, 21, 18, 18, 1, 1, 16, 1, 1] => QQFieldElem[3, 8, 8, 3],
	[19, 21, 21, 18, 17, 1, 2, 13, 1, 1] => QQFieldElem[0, 0, -1//2, -1//2],
	[19, 21, 21, 18, 18, 1, 2, 10, 1, 1] => QQFieldElem[1//4, -1, -7//4, -5//4],
	[19, 21, 21, 18, 8, 1, 1, 21, 1, 1] => QQFieldElem[1, 1, 1//2, 1//2],
	[19, 21, 21, 18, 12, 1, 1, 21, 1, 2] => QQFieldElem[-1, 3, 6, 4],
	[19, 21, 21, 18, 6, 1, 1, 14, 1, 1] => QQFieldElem[9//4, 9//2, 7//2, 1],
	[19, 21, 21, 18, 11, 1, 1, 21, 2, 1] => QQFieldElem[-3//2, 0, 3, 3],
	[19, 21, 21, 18, 20, 1, 1, 22, 1, 2] => QQFieldElem[-27//4, -87//8, -27//4, 0],
	[19, 21, 21, 18, 20, 1, 2, 15, 1, 1] => QQFieldElem[13, 33//2, 13//2, -7//2],
	[19, 21, 21, 18, 17, 1, 1, 22, 1, 1] => QQFieldElem[-1, -1, -1//2, 0],
	[19, 21, 21, 18, 20, 2, 2, 22, 2, 2] => QQFieldElem[-7, 3//2, 13, 25//2],
	[19, 21, 21, 18, 18, 1, 1, 14, 1, 1] => QQFieldElem[-4, -5//2, 5//2, 4],
	[19, 21, 21, 18, 20, 1, 2, 16, 1, 1] => QQFieldElem[-1//4, 1//2, 3//4, 1//2],
	[19, 21, 21, 18, 3, 1, 1, 15, 1, 1] => QQFieldElem[16, 16, 0, -8],
	[19, 21, 21, 18, 19, 1, 2, 21, 2, 2] => QQFieldElem[4//5, 3//5, 2//5, 1//5],
	[19, 21, 21, 18, 19, 1, 1, 15, 1, 1] => QQFieldElem[0, -3//2, -7//2, -5//2],
	[19, 21, 21, 18, 3, 1, 1, 16, 1, 1] => QQFieldElem[-16//5, 8//5, 32//5, 16//5],
	[19, 21, 21, 18, 8, 1, 1, 15, 1, 1] => QQFieldElem[-13//2, -8, -5//2, 2],
	[19, 21, 21, 18, 19, 1, 1, 16, 1, 1] => QQFieldElem[2//5, -1//5, -9//5, -7//5],
	[19, 21, 21, 18, 20, 1, 2, 14, 1, 1] => QQFieldElem[-1//2, -1//2, 0, 0],
	[19, 21, 21, 18, 18, 1, 2, 22, 2, 1] => QQFieldElem[18//5, -24//5, -66//5, -53//5],
	[19, 21, 21, 18, 19, 1, 2, 10, 1, 1] => QQFieldElem[1//2, 3//2, 3//2, 1//2],
	[19, 21, 21, 18, 17, 1, 2, 22, 2, 2] => QQFieldElem[-19//2, -7, 7//2, 8],
	[19, 21, 21, 18, 8, 1, 1, 16, 1, 1] => QQFieldElem[2//5, -1//5, 1//5, 3//5])