Dict(
	[19, 11, 20, 17, 20, 1, 1, 19, 1, 1] => QQFieldElem[6//5, 14//5, 14//5, 6//5],
	[19, 11, 20, 17, 12, 1, 1, 19, 1, 1] => QQFieldElem[1//5, 2//5, -2//5, -1//5],
	[19, 11, 20, 17, 3, 1, 1, 7, 1, 1] => QQFieldElem[-4//5, 12//5, 28//5, 24//5],
	[19, 11, 20, 17, 20, 2, 1, 12, 1, 1] => QQFieldElem[0, 0, 0, 0],
	[19, 11, 20, 17, 18, 1, 1, 4, 1, 1] => QQFieldElem[-1//2, 0, 1//2, 1//2],
	[19, 11, 20, 17, 19, 1, 1, 7, 1, 1] => QQFieldElem[-6//5, -7//5, -3//5, 1//5],
	[19, 11, 20, 17, 3, 1, 1, 12, 1, 1] => QQFieldElem[-4, 0, 4, 4],
	[19, 11, 20, 17, 20, 2, 1, 20, 1, 1] => QQFieldElem[1, 1, 0, 0],
	[19, 11, 20, 17, 8, 1, 1, 7, 1, 1] => QQFieldElem[8//5, 8//5, 0, -6//5],
	[19, 11, 20, 17, 19, 1, 1, 12, 1, 1] => QQFieldElem[-1, -2, -1, 0],
	[19, 11, 20, 17, 20, 1, 1, 18, 1, 1] => QQFieldElem[0, 0, 0, 0],
	[19, 11, 20, 17, 12, 1, 1, 18, 1, 1] => QQFieldElem[0, 0, 0, 0],
	[19, 11, 20, 17, 20, 1, 1, 17, 1, 1] => QQFieldElem[0, 0, 0, 0],
	[19, 11, 20, 17, 3, 1, 1, 20, 1, 1] => QQFieldElem[8//5, -4//5, -16//5, -8//5],
	[19, 11, 20, 17, 12, 1, 1, 17, 1, 1] => QQFieldElem[0, 0, 0, 0],
	[19, 11, 20, 17, 17, 1, 1, 7, 1, 1] => QQFieldElem[0, 0, 0, 0],
	[19, 11, 20, 17, 8, 1, 1, 12, 1, 1] => QQFieldElem[4//5, 8//5, 2//5, -4//5],
	[19, 11, 20, 17, 20, 2, 1, 19, 1, 2] => QQFieldElem[-2//5, -4//5, 4//5, 2//5],
	[19, 11, 20, 17, 19, 1, 1, 20, 1, 1] => QQFieldElem[6//5, 7//5, 3//5, -1//5],
	[19, 11, 20, 17, 17, 1, 1, 12, 1, 1] => QQFieldElem[0, 0, 0, 0],
	[19, 11, 20, 17, 20, 2, 1, 4, 1, 1] => QQFieldElem[-1//2, -1, -1//2, -1//2],
	[19, 11, 20, 17, 3, 1, 1, 19, 1, 2] => QQFieldElem[12//5, 24//5, 16//5, 8//5],
	[19, 11, 20, 17, 8, 1, 1, 20, 1, 1] => QQFieldElem[-2//5, -2//5, 0, 4//5],
	[19, 11, 20, 17, 6, 1, 1, 5, 1, 1] => QQFieldElem[0, -2, -2, 0],
	[19, 11, 20, 17, 19, 1, 1, 19, 1, 2] => QQFieldElem[-6//5, -14//5, -14//5, -6//5],
	[19, 11, 20, 17, 6, 1, 1, 19, 1, 1] => QQFieldElem[0, 0, 0, 0],
	[19, 11, 20, 17, 3, 1, 1, 4, 1, 1] => QQFieldElem[0, 0, 2, 2],
	[19, 11, 20, 17, 17, 1, 1, 20, 1, 1] => QQFieldElem[3//5, 11//5, 14//5, 7//5],
	[19, 11, 20, 17, 8, 1, 1, 19, 1, 2] => QQFieldElem[0, 0, 0, 0],
	[19, 11, 20, 17, 19, 1, 1, 4, 1, 1] => QQFieldElem[-1//2, -1, -1//2, 0],
	[19, 11, 20, 17, 18, 1, 1, 5, 1, 1] => QQFieldElem[-1//2, -1, -1, -1//2],
	[19, 11, 20, 17, 18, 1, 1, 19, 1, 1] => QQFieldElem[0, 0, 0, 0],
	[19, 11, 20, 17, 8, 1, 1, 4, 1, 1] => QQFieldElem[2//5, 4//5, 1//5, -2//5],
	[19, 11, 20, 17, 17, 1, 1, 19, 1, 2] => QQFieldElem[0, 0, 0, 0],
	[19, 11, 20, 17, 6, 1, 1, 18, 1, 1] => QQFieldElem[-2, 0, -2, -2],
	[19, 11, 20, 17, 17, 1, 1, 4, 1, 1] => QQFieldElem[1//2, 0, -1//2, -1//2],
	[19, 11, 20, 17, 6, 1, 1, 17, 1, 1] => QQFieldElem[2, 0, 2, 2],
	[19, 11, 20, 17, 20, 1, 1, 7, 1, 1] => QQFieldElem[-6//5, -6//5, 0, 2//5],
	[19, 11, 20, 17, 12, 1, 1, 7, 1, 1] => QQFieldElem[-16//5, -32//5, -28//5, -4//5],
	[19, 11, 20, 17, 18, 1, 1, 18, 1, 1] => QQFieldElem[1//2, 0, 0, 0],
	[19, 11, 20, 17, 18, 1, 1, 17, 1, 1] => QQFieldElem[1//2, 0, 0, 0],
	[19, 11, 20, 17, 20, 2, 1, 5, 1, 1] => QQFieldElem[1//2, 0, 0, -1//2],
	[19, 11, 20, 17, 20, 1, 1, 12, 1, 1] => QQFieldElem[-4//5, -8//5, -2//5, 4//5],
	[19, 11, 20, 17, 12, 1, 1, 12, 1, 1] => QQFieldElem[0, -4, -4, 0],
	[19, 11, 20, 17, 20, 2, 1, 19, 1, 1] => QQFieldElem[0, 0, 0, 0],
	[19, 11, 20, 17, 3, 1, 1, 5, 1, 1] => QQFieldElem[0, 2, 2, 0],
	[19, 11, 20, 17, 3, 1, 1, 19, 1, 1] => QQFieldElem[12//5, 24//5, 16//5, 8//5],
	[19, 11, 20, 17, 20, 1, 1, 20, 1, 1] => QQFieldElem[6//5, 6//5, 0, -2//5],
	[19, 11, 20, 17, 12, 1, 1, 20, 1, 1] => QQFieldElem[12//5, 24//5, 16//5, 8//5],
	[19, 11, 20, 17, 19, 1, 1, 5, 1, 1] => QQFieldElem[-1//2, 0, 1//2, 1//2],
	[19, 11, 20, 17, 19, 1, 1, 19, 1, 1] => QQFieldElem[0, 0, 0, 0],
	[19, 11, 20, 17, 8, 1, 1, 5, 1, 1] => QQFieldElem[2//5, -1//5, -4//5, -2//5],
	[19, 11, 20, 17, 20, 2, 1, 18, 1, 1] => QQFieldElem[0, 0, 0, 0],
	[19, 11, 20, 17, 20, 1, 1, 19, 1, 2] => QQFieldElem[0, 0, 0, 0],
	[19, 11, 20, 17, 12, 1, 1, 19, 1, 2] => QQFieldElem[0, 0, 0, 0],
	[19, 11, 20, 17, 8, 1, 1, 19, 1, 1] => QQFieldElem[0, 0, 0, 0],
	[19, 11, 20, 17, 20, 2, 1, 17, 1, 1] => QQFieldElem[0, 0, 0, 0],
	[19, 11, 20, 17, 17, 1, 1, 5, 1, 1] => QQFieldElem[1//2, 1, 1, 1//2],
	[19, 11, 20, 17, 3, 1, 1, 18, 1, 1] => QQFieldElem[-2, 0, -2, -2],
	[19, 11, 20, 17, 20, 1, 1, 4, 1, 1] => QQFieldElem[-2//5, -4//5, -1//5, 2//5],
	[19, 11, 20, 17, 12, 1, 1, 4, 1, 1] => QQFieldElem[-2, -4, -4, -2],
	[19, 11, 20, 17, 17, 1, 1, 19, 1, 1] => QQFieldElem[0, 0, 0, 0],
	[19, 11, 20, 17, 6, 1, 1, 7, 1, 1] => QQFieldElem[4//5, -12//5, -28//5, -24//5],
	[19, 11, 20, 17, 3, 1, 1, 17, 1, 1] => QQFieldElem[2, 0, 2, 2],
	[19, 11, 20, 17, 19, 1, 1, 18, 1, 1] => QQFieldElem[1//2, 0, 0, 1//2],
	[19, 11, 20, 17, 19, 1, 1, 17, 1, 1] => QQFieldElem[-1//2, 0, 0, -1//2],
	[19, 11, 20, 17, 6, 1, 1, 12, 1, 1] => QQFieldElem[4, 0, -4, -4],
	[19, 11, 20, 17, 8, 1, 1, 18, 1, 1] => QQFieldElem[0, 0, 0, 0],
	[19, 11, 20, 17, 18, 1, 1, 7, 1, 1] => QQFieldElem[0, 0, 0, 0],
	[19, 11, 20, 17, 8, 1, 1, 17, 1, 1] => QQFieldElem[0, 0, 0, 0],
	[19, 11, 20, 17, 17, 1, 1, 18, 1, 1] => QQFieldElem[1//2, 0, 0, 0],
	[19, 11, 20, 17, 6, 1, 1, 20, 1, 1] => QQFieldElem[-8//5, 4//5, 16//5, 8//5],
	[19, 11, 20, 17, 18, 1, 1, 12, 1, 1] => QQFieldElem[0, 0, 0, 0],
	[19, 11, 20, 17, 17, 1, 1, 17, 1, 1] => QQFieldElem[1//2, 0, 0, 0],
	[19, 11, 20, 17, 6, 1, 1, 19, 1, 2] => QQFieldElem[0, 0, 0, 0],
	[19, 11, 20, 17, 18, 1, 1, 20, 1, 1] => QQFieldElem[-3//5, -11//5, -14//5, -7//5],
	[19, 11, 20, 17, 6, 1, 1, 4, 1, 1] => QQFieldElem[0, 0, -2, -2],
	[19, 11, 20, 17, 20, 1, 1, 5, 1, 1] => QQFieldElem[-2//5, 1//5, 4//5, 2//5],
	[19, 11, 20, 17, 20, 2, 1, 7, 1, 1] => QQFieldElem[0, 0, 0, 0],
	[19, 11, 20, 17, 12, 1, 1, 5, 1, 1] => QQFieldElem[-2, -2, 0, 2],
	[19, 11, 20, 17, 18, 1, 1, 19, 1, 2] => QQFieldElem[0, 0, 0, 0])