Dict(
	[19, 7, 20, 19, 6, 1, 1, 12, 1, 1] => QQFieldElem[0, 2, 2, 2],
	[19, 7, 20, 19, 18, 1, 1, 11, 1, 1] => QQFieldElem[-1, -1, 0, -3],
	[19, 7, 20, 19, 20, 2, 1, 19, 1, 1] => QQFieldElem[-2//5, -4//5, -1//5, 2//5],
	[19, 7, 20, 19, 20, 2, 1, 12, 1, 1] => QQFieldElem[-1//2, 1//2, 0, 0],
	[19, 7, 20, 19, 3, 1, 1, 19, 2, 2] => QQFieldElem[8, 6, 4, 2],
	[19, 7, 20, 19, 6, 1, 1, 19, 1, 1] => QQFieldElem[1, 3, 1, 0],
	[19, 7, 20, 19, 18, 1, 1, 19, 2, 2] => QQFieldElem[0, -2, -2, 0],
	[19, 7, 20, 19, 20, 1, 1, 19, 2, 1] => QQFieldElem[4//5, 8//5, 12//5, 16//5],
	[19, 7, 20, 19, 6, 1, 1, 19, 2, 1] => QQFieldElem[0, 1, 3, 1],
	[19, 7, 20, 19, 3, 1, 1, 19, 1, 1] => QQFieldElem[0, 0, 0, 0],
	[19, 7, 20, 19, 3, 1, 1, 12, 1, 1] => QQFieldElem[2, -2, 0, 0],
	[19, 7, 20, 19, 20, 2, 1, 19, 2, 1] => QQFieldElem[12//5, 12//5, 0, -4//5],
	[19, 7, 20, 19, 18, 1, 1, 19, 1, 1] => QQFieldElem[16//5, 12//5, 8//5, 4//5],
	[19, 7, 20, 19, 18, 1, 1, 12, 1, 1] => QQFieldElem[0, 1, -2, 1],
	[19, 7, 20, 19, 17, 1, 1, 19, 1, 2] => QQFieldElem[0, 0, 1, 0],
	[19, 7, 20, 19, 3, 1, 1, 19, 2, 1] => QQFieldElem[0, 0, 0, 0],
	[19, 7, 20, 19, 17, 1, 1, 11, 1, 1] => QQFieldElem[0, 1, -2, 1],
	[19, 7, 20, 19, 18, 1, 1, 19, 2, 1] => QQFieldElem[4//5, 16//5, 16//5, 4//5],
	[19, 7, 20, 19, 20, 1, 1, 19, 1, 2] => QQFieldElem[0, 2, 2, 2],
	[19, 7, 20, 19, 17, 1, 1, 19, 2, 2] => QQFieldElem[0, 0, 0, 1],
	[19, 7, 20, 19, 6, 1, 1, 19, 1, 2] => QQFieldElem[0, 0, 0, 0],
	[19, 7, 20, 19, 20, 2, 1, 19, 1, 2] => QQFieldElem[-2, -2, 0, 0],
	[19, 7, 20, 19, 20, 1, 1, 11, 1, 1] => QQFieldElem[-1//2, 1//2, 0, 0],
	[19, 7, 20, 19, 6, 1, 1, 11, 1, 1] => QQFieldElem[-2, -2, 0, 0],
	[19, 7, 20, 19, 20, 2, 1, 11, 1, 1] => QQFieldElem[0, 1//2, -1//2, 0],
	[19, 7, 20, 19, 20, 1, 1, 19, 2, 2] => QQFieldElem[3//5, 6//5, 4//5, 2//5],
	[19, 7, 20, 19, 17, 1, 1, 19, 1, 1] => QQFieldElem[4, 2, 2, 2],
	[19, 7, 20, 19, 17, 1, 1, 12, 1, 1] => QQFieldElem[1, -2, 1, 0],
	[19, 7, 20, 19, 6, 1, 1, 19, 2, 2] => QQFieldElem[0, 0, 0, 0],
	[19, 7, 20, 19, 3, 1, 1, 19, 1, 2] => QQFieldElem[2, 4, 6, 8],
	[19, 7, 20, 19, 20, 2, 1, 19, 2, 2] => QQFieldElem[2//5, -1//5, -4//5, -2//5],
	[19, 7, 20, 19, 18, 1, 1, 19, 1, 2] => QQFieldElem[-2, -2, 0, 0],
	[19, 7, 20, 19, 3, 1, 1, 11, 1, 1] => QQFieldElem[0, -2, 2, 0],
	[19, 7, 20, 19, 20, 1, 1, 19, 1, 1] => QQFieldElem[2//5, -1//5, -4//5, -2//5],
	[19, 7, 20, 19, 20, 1, 1, 12, 1, 1] => QQFieldElem[-1, -1//2, -1//2, -1//2],
	[19, 7, 20, 19, 17, 1, 1, 19, 2, 1] => QQFieldElem[2, -2, 0, 0])