Dict(
	[19, 16, 21, 19, 20, 2, 1, 21, 2, 1] => QQFieldElem[-1//5, 3//5, 2//5, 1//5],
	[19, 16, 21, 19, 20, 2, 1, 22, 2, 1] => QQFieldElem[3//10, -9//10, -8//5, -4//5],
	[19, 16, 21, 19, 19, 1, 1, 21, 1, 1] => QQFieldElem[111//22, 103//22, -9//22, -35//11],
	[19, 16, 21, 19, 11, 1, 1, 21, 1, 1] => QQFieldElem[-2, -7//4, -1//2, 1//2],
	[19, 16, 21, 19, 19, 1, 1, 22, 1, 1] => QQFieldElem[1//2, 1//2, 0, 0],
	[19, 16, 21, 19, 11, 1, 1, 22, 1, 1] => QQFieldElem[-1//2, 0, 1//2, 1],
	[19, 16, 21, 19, 20, 1, 1, 21, 1, 2] => QQFieldElem[4, 3, 3, 0],
	[19, 16, 21, 19, 12, 1, 1, 21, 1, 2] => QQFieldElem[0, 3//2, 5//2, 3//2],
	[19, 16, 21, 19, 8, 1, 1, 21, 1, 1] => QQFieldElem[2, 7//4, 1//2, -1//2],
	[19, 16, 21, 19, 19, 1, 1, 21, 2, 1] => QQFieldElem[-39//11, -123//11, -122//11, -31//11],
	[19, 16, 21, 19, 20, 1, 1, 22, 1, 2] => QQFieldElem[0, 2, 2, 1],
	[19, 16, 21, 19, 11, 1, 1, 21, 2, 1] => QQFieldElem[0, 2, 2, 1],
	[19, 16, 21, 19, 8, 1, 1, 22, 1, 1] => QQFieldElem[1//2, 0, -1//2, -1],
	[19, 16, 21, 19, 12, 1, 1, 22, 1, 2] => QQFieldElem[0, -1, -5//4, -1//4],
	[19, 16, 21, 19, 19, 1, 1, 22, 2, 1] => QQFieldElem[-1, 0, -3, -1],
	[19, 16, 21, 19, 11, 1, 1, 22, 2, 1] => QQFieldElem[3//5, 6//5, 4//5, 2//5],
	[19, 16, 21, 19, 6, 1, 1, 13, 1, 1] => QQFieldElem[1//2, 1, 1, 1//2],
	[19, 16, 21, 19, 20, 1, 1, 21, 2, 2] => QQFieldElem[1, 1, 1//2, 0],
	[19, 16, 21, 19, 17, 1, 1, 21, 1, 1] => QQFieldElem[-3, -4, 2, 5],
	[19, 16, 21, 19, 8, 1, 1, 21, 2, 1] => QQFieldElem[0, 2, 2, 1],
	[19, 16, 21, 19, 12, 1, 1, 21, 2, 2] => QQFieldElem[-8//5, -11//5, -4//5, 3//5],
	[19, 16, 21, 19, 20, 1, 1, 22, 2, 2] => QQFieldElem[-3//2, -2, -1, 0],
	[19, 16, 21, 19, 17, 1, 1, 22, 1, 1] => QQFieldElem[3//2, 3, 2, -3//2],
	[19, 16, 21, 19, 8, 1, 1, 22, 2, 1] => QQFieldElem[3//5, 6//5, 4//5, 2//5],
	[19, 16, 21, 19, 12, 1, 1, 22, 2, 2] => QQFieldElem[1//2, 1//2, -1//2, -1],
	[19, 16, 21, 19, 20, 2, 1, 15, 1, 1] => QQFieldElem[3//20, -1//5, -11//20, -2//5],
	[19, 16, 21, 19, 19, 1, 2, 21, 1, 2] => QQFieldElem[-24//11, -74//11, -81//11, -36//11],
	[19, 16, 21, 19, 17, 1, 1, 21, 2, 1] => QQFieldElem[4, 6, 8, 4],
	[19, 16, 21, 19, 18, 1, 1, 13, 1, 1] => QQFieldElem[1//2, 1, 1, 1//2],
	[19, 16, 21, 19, 19, 1, 2, 22, 1, 2] => QQFieldElem[0, -1//2, -1//2, 0],
	[19, 16, 21, 19, 17, 1, 1, 22, 2, 1] => QQFieldElem[-1, -2, -4, -3],
	[19, 16, 21, 19, 19, 1, 2, 21, 2, 2] => QQFieldElem[0, 0, 0, 0],
	[19, 16, 21, 19, 19, 1, 1, 15, 1, 1] => QQFieldElem[-1//4, -5//4, -2, -3//2],
	[19, 16, 21, 19, 11, 1, 1, 15, 1, 1] => QQFieldElem[1//4, 7//4, 2, 1],
	[19, 16, 21, 19, 19, 1, 2, 22, 2, 2] => QQFieldElem[0, 1, 3//2, 1],
	[19, 16, 21, 19, 8, 1, 1, 15, 1, 1] => QQFieldElem[-3//20, 1//5, 11//20, 2//5],
	[19, 16, 21, 19, 6, 1, 1, 21, 1, 2] => QQFieldElem[-5//2, -15//2, -5, 0],
	[19, 16, 21, 19, 17, 1, 1, 15, 1, 1] => QQFieldElem[-3//8, -5//8, -3//8, 0],
	[19, 16, 21, 19, 6, 1, 1, 22, 1, 2] => QQFieldElem[-3, -5, -2, 0],
	[19, 16, 21, 19, 20, 2, 1, 13, 1, 1] => QQFieldElem[-1//2, -1, -1, -1//2],
	[19, 16, 21, 19, 6, 1, 1, 21, 2, 2] => QQFieldElem[1, -1, -6, -4],
	[19, 16, 21, 19, 6, 1, 1, 22, 2, 2] => QQFieldElem[0, -2, -4, -2],
	[19, 16, 21, 19, 18, 1, 1, 21, 1, 2] => QQFieldElem[-171//11, -277//11, -188//11, -9//11],
	[19, 16, 21, 19, 20, 1, 1, 21, 1, 1] => QQFieldElem[0, -1, -1, 2],
	[19, 16, 21, 19, 12, 1, 1, 21, 1, 1] => QQFieldElem[5, 2, -2, -5],
	[19, 16, 21, 19, 18, 1, 1, 22, 1, 2] => QQFieldElem[-1, -2, -1, -1],
	[19, 16, 21, 19, 20, 1, 1, 22, 1, 1] => QQFieldElem[2, 6, 6, 1],
	[19, 16, 21, 19, 12, 1, 1, 22, 1, 1] => QQFieldElem[-1//2, 1, 2, 5//2],
	[19, 16, 21, 19, 19, 1, 1, 13, 1, 1] => QQFieldElem[1//2, -1//2, -1//2, 1//2],
	[19, 16, 21, 19, 11, 1, 1, 13, 1, 1] => QQFieldElem[-7//2, -7//2, -5//2, -1//2],
	[19, 16, 21, 19, 18, 1, 1, 21, 2, 2] => QQFieldElem[50//11, -86//11, -208//11, -156//11],
	[19, 16, 21, 19, 20, 1, 1, 21, 2, 1] => QQFieldElem[1, 1, 1//2, 0],
	[19, 16, 21, 19, 12, 1, 1, 21, 2, 1] => QQFieldElem[4, 10, 8, 4],
	[19, 16, 21, 19, 18, 1, 1, 22, 2, 2] => QQFieldElem[1, 0, -1, 0],
	[19, 16, 21, 19, 20, 1, 1, 22, 2, 1] => QQFieldElem[-3//2, -2, -1, 0],
	[19, 16, 21, 19, 12, 1, 1, 22, 2, 1] => QQFieldElem[-3, -4, -2, -1],
	[19, 16, 21, 19, 8, 1, 1, 13, 1, 1] => QQFieldElem[-1//2, -1, -1, -1//2],
	[19, 16, 21, 19, 19, 1, 2, 21, 1, 1] => QQFieldElem[24//11, 74//11, 81//11, 36//11],
	[19, 16, 21, 19, 19, 1, 2, 22, 1, 1] => QQFieldElem[0, 1//2, 1//2, 0],
	[19, 16, 21, 19, 17, 1, 1, 13, 1, 1] => QQFieldElem[1//2, 1//2, -1//4, -3//4],
	[19, 16, 21, 19, 19, 1, 2, 21, 2, 1] => QQFieldElem[-54//11, -18//11, 68//11, 84//11],
	[19, 16, 21, 19, 20, 2, 1, 21, 1, 2] => QQFieldElem[2, -2, -2, -2],
	[19, 16, 21, 19, 19, 1, 2, 22, 2, 1] => QQFieldElem[-1, 0, -1, 2],
	[19, 16, 21, 19, 20, 2, 1, 22, 1, 2] => QQFieldElem[1, 2, -1, -1],
	[19, 16, 21, 19, 20, 1, 1, 15, 1, 1] => QQFieldElem[3//8, 5//8, 3//8, 0],
	[19, 16, 21, 19, 12, 1, 1, 15, 1, 1] => QQFieldElem[-1, -1, 1//2, 1],
	[19, 16, 21, 19, 20, 2, 1, 21, 2, 2] => QQFieldElem[1//5, -3//5, -2//5, -1//5],
	[19, 16, 21, 19, 20, 2, 1, 22, 2, 2] => QQFieldElem[-3//10, 9//10, 8//5, 4//5],
	[19, 16, 21, 19, 19, 1, 1, 21, 1, 2] => QQFieldElem[111//22, 103//22, -9//22, -35//11],
	[19, 16, 21, 19, 6, 1, 1, 21, 1, 1] => QQFieldElem[-1//2, -3//2, -2, -1],
	[19, 16, 21, 19, 11, 1, 1, 21, 1, 2] => QQFieldElem[8//5, 11//5, 4//5, -3//5],
	[19, 16, 21, 19, 19, 1, 1, 22, 1, 2] => QQFieldElem[1//2, 1//2, 0, 0],
	[19, 16, 21, 19, 6, 1, 1, 22, 1, 1] => QQFieldElem[-3//5, -6//5, -4//5, -2//5],
	[19, 16, 21, 19, 11, 1, 1, 22, 1, 2] => QQFieldElem[-1//2, -1//2, 0, 1//2],
	[19, 16, 21, 19, 8, 1, 1, 21, 1, 2] => QQFieldElem[1//2, 7//2, 4, 2],
	[19, 16, 21, 19, 19, 1, 1, 21, 2, 2] => QQFieldElem[0, 0, 0, 0],
	[19, 16, 21, 19, 6, 1, 1, 21, 2, 1] => QQFieldElem[-1//2, -3//2, -2, -1],
	[19, 16, 21, 19, 11, 1, 1, 21, 2, 2] => QQFieldElem[8//5, 11//5, 4//5, -3//5],
	[19, 16, 21, 19, 8, 1, 1, 22, 1, 2] => QQFieldElem[3, 5, 2, 0],
	[19, 16, 21, 19, 19, 1, 2, 15, 1, 1] => QQFieldElem[-1, -1, -1//2, 0],
	[19, 16, 21, 19, 19, 1, 1, 22, 2, 2] => QQFieldElem[0, -1, -3//2, -1],
	[19, 16, 21, 19, 6, 1, 1, 22, 2, 1] => QQFieldElem[-3//5, -6//5, -4//5, -2//5],
	[19, 16, 21, 19, 11, 1, 1, 22, 2, 2] => QQFieldElem[-1//2, -1//2, 0, 1//2],
	[19, 16, 21, 19, 18, 1, 1, 21, 1, 1] => QQFieldElem[20//11, 58//11, 62//11, 30//11],
	[19, 16, 21, 19, 17, 1, 1, 21, 1, 2] => QQFieldElem[0, -3//2, -5//2, -3//2],
	[19, 16, 21, 19, 18, 1, 1, 22, 1, 1] => QQFieldElem[1//5, 2//5, 3//5, 3//10],
	[19, 16, 21, 19, 8, 1, 1, 21, 2, 2] => QQFieldElem[1, 1, 0, -2],
	[19, 16, 21, 19, 17, 1, 1, 22, 1, 2] => QQFieldElem[0, 1, 5//4, 1//4],
	[19, 16, 21, 19, 8, 1, 1, 22, 2, 2] => QQFieldElem[0, -2, -4, -2],
	[19, 16, 21, 19, 18, 1, 1, 21, 2, 1] => QQFieldElem[-20//11, -58//11, -62//11, -30//11],
	[19, 16, 21, 19, 17, 1, 1, 21, 2, 2] => QQFieldElem[-8//5, -11//5, -4//5, 3//5],
	[19, 16, 21, 19, 18, 1, 1, 22, 2, 1] => QQFieldElem[-1//5, -2//5, -3//5, -3//10],
	[19, 16, 21, 19, 20, 1, 1, 13, 1, 1] => QQFieldElem[1//2, 1//2, -1//4, -3//4],
	[19, 16, 21, 19, 12, 1, 1, 13, 1, 1] => QQFieldElem[1, -2, -2, -2],
	[19, 16, 21, 19, 17, 1, 1, 22, 2, 2] => QQFieldElem[1//2, 1//2, -1//2, -1],
	[19, 16, 21, 19, 6, 1, 1, 15, 1, 1] => QQFieldElem[-3//20, 1//5, 11//20, 2//5],
	[19, 16, 21, 19, 20, 2, 1, 21, 1, 1] => QQFieldElem[-2, -2, -2, -2],
	[19, 16, 21, 19, 19, 1, 2, 13, 1, 1] => QQFieldElem[1, 0, 2, 2],
	[19, 16, 21, 19, 20, 2, 1, 22, 1, 1] => QQFieldElem[-1, 0, 3, 5],
	[19, 16, 21, 19, 18, 1, 1, 15, 1, 1] => QQFieldElem[3//20, -1//5, -11//20, -2//5])