Dict(
	[19, 5, 4, 19, 7, 2, 1, 8, 1, 1] => QQFieldElem[1, 3//2, 3//2, 1],
	[19, 5, 4, 19, 4, 1, 1, 11, 1, 1] => QQFieldElem[3//5, 1//5, -1//5, -3//5],
	[19, 5, 4, 19, 7, 1, 1, 11, 1, 1] => QQFieldElem[-4//5, -3//5, 3//5, 4//5],
	[19, 5, 4, 19, 7, 2, 1, 11, 1, 1] => QQFieldElem[0, 2, 2, 1],
	[19, 5, 4, 19, 4, 1, 1, 19, 1, 1] => QQFieldElem[1//2, 1//2, 1//2, 0],
	[19, 5, 4, 19, 4, 1, 1, 12, 1, 1] => QQFieldElem[1//5, 3//20, -3//20, -1//5],
	[19, 5, 4, 19, 2, 1, 1, 8, 1, 1] => QQFieldElem[-1//2, 0, 1, 1],
	[19, 5, 4, 19, 7, 1, 1, 19, 1, 1] => QQFieldElem[-1, -3//2, -1, 0],
	[19, 5, 4, 19, 7, 1, 1, 12, 1, 1] => QQFieldElem[-1//5, -3//20, 3//20, 1//5],
	[19, 5, 4, 19, 7, 2, 1, 19, 1, 1] => QQFieldElem[-1, 0, 1//2, 1//2],
	[19, 5, 4, 19, 7, 2, 1, 12, 1, 1] => QQFieldElem[0, 1//2, 1//2, 1//4],
	[19, 5, 4, 19, 2, 1, 1, 11, 1, 1] => QQFieldElem[-3//5, -1//5, 1//5, 3//5],
	[19, 5, 4, 19, 4, 1, 1, 8, 1, 1] => QQFieldElem[1//2, 0, -1//2, -1//2],
	[19, 5, 4, 19, 7, 1, 1, 8, 1, 1] => QQFieldElem[-1//2, 0, 1, 1],
	[19, 5, 4, 19, 2, 1, 1, 19, 1, 1] => QQFieldElem[-1//2, -1, -1//2, 0],
	[19, 5, 4, 19, 2, 1, 1, 12, 1, 1] => QQFieldElem[-1//5, -3//20, 3//20, 1//5])