Dict(
	[19, 12, 12, 19, 2, 1, 1, 5, 1, 1] => QQFieldElem[0, -1//4, -1//2, -1//2],
	[19, 12, 12, 19, 8, 1, 1, 20, 1, 1] => QQFieldElem[-1//5, 1//10, 2//5, 1//5],
	[19, 12, 12, 19, 2, 1, 1, 19, 1, 1] => QQFieldElem[0, 0, -1, -1],
	[19, 12, 12, 19, 1, 1, 1, 7, 1, 1] => QQFieldElem[0, 0, 0, 0],
	[19, 12, 12, 19, 18, 1, 1, 11, 1, 1] => QQFieldElem[0, 0, 0, 0],
	[19, 12, 12, 19, 17, 1, 1, 20, 1, 1] => QQFieldElem[0, 0, 0, 0],
	[19, 12, 12, 19, 7, 1, 1, 11, 1, 1] => QQFieldElem[-1//2, -1, -1//2, 0],
	[19, 12, 12, 19, 18, 1, 1, 5, 1, 1] => QQFieldElem[0, 1//4, 1//2, 1//2],
	[19, 12, 12, 19, 18, 1, 1, 19, 1, 1] => QQFieldElem[0, 0, 0, 0],
	[19, 12, 12, 19, 7, 1, 1, 5, 1, 1] => QQFieldElem[0, -1//4, -1//2, -1//2],
	[19, 12, 12, 19, 7, 2, 1, 7, 1, 1] => QQFieldElem[0, 0, 0, 0],
	[19, 12, 12, 19, 8, 1, 1, 4, 1, 1] => QQFieldElem[-1//8, -1//4, -1//8, 0],
	[19, 12, 12, 19, 2, 1, 1, 18, 1, 1] => QQFieldElem[-1//5, 3//5, 7//5, 6//5],
	[19, 12, 12, 19, 7, 1, 1, 19, 1, 1] => QQFieldElem[0, 0, 0, 0],
	[19, 12, 12, 19, 2, 1, 1, 17, 1, 1] => QQFieldElem[3//10, 7//20, 3//20, -1//20],
	[19, 12, 12, 19, 1, 1, 1, 20, 1, 1] => QQFieldElem[-2//5, 1//5, 4//5, 2//5],
	[19, 12, 12, 19, 17, 1, 1, 4, 1, 1] => QQFieldElem[-1//2, -3//4, -3//4, -1//2],
	[19, 12, 12, 19, 12, 1, 1, 7, 1, 1] => QQFieldElem[-1//10, -3//40, 3//40, 1//10],
	[19, 12, 12, 19, 18, 1, 1, 18, 1, 1] => QQFieldElem[0, 0, 0, 0],
	[19, 12, 12, 19, 7, 2, 1, 20, 1, 1] => QQFieldElem[0, 0, 0, 0],
	[19, 12, 12, 19, 18, 1, 1, 17, 1, 1] => QQFieldElem[0, 0, 0, 0],
	[19, 12, 12, 19, 7, 1, 1, 18, 1, 1] => QQFieldElem[-2//5, 1//5, 4//5, 2//5],
	[19, 12, 12, 19, 1, 1, 1, 4, 1, 1] => QQFieldElem[1//2, 3//4, 1//2, 0],
	[19, 12, 12, 19, 7, 1, 1, 17, 1, 1] => QQFieldElem[3//10, 7//20, 3//20, -1//20],
	[19, 12, 12, 19, 8, 1, 1, 11, 1, 1] => QQFieldElem[0, 0, 0, 0],
	[19, 12, 12, 19, 12, 1, 1, 20, 1, 1] => QQFieldElem[1//5, -1//10, -2//5, -1//5],
	[19, 12, 12, 19, 7, 2, 1, 4, 1, 1] => QQFieldElem[-1//4, -1//2, -1//4, 0],
	[19, 12, 12, 19, 8, 1, 1, 5, 1, 1] => QQFieldElem[1//8, 0, -1//8, 0],
	[19, 12, 12, 19, 17, 1, 1, 11, 1, 1] => QQFieldElem[1, 3//2, 3//2, 1],
	[19, 12, 12, 19, 8, 1, 1, 19, 1, 1] => QQFieldElem[0, 0, -1//2, -1//2],
	[19, 12, 12, 19, 17, 1, 1, 5, 1, 1] => QQFieldElem[-1//2, 1//4, -1//4, 1//2],
	[19, 12, 12, 19, 2, 1, 1, 7, 1, 1] => QQFieldElem[0, 0, 0, 0],
	[19, 12, 12, 19, 12, 1, 1, 4, 1, 1] => QQFieldElem[-1//8, -1//4, -1//8, 0],
	[19, 12, 12, 19, 17, 1, 1, 19, 1, 1] => QQFieldElem[0, 0, 0, 0],
	[19, 12, 12, 19, 1, 1, 1, 11, 1, 1] => QQFieldElem[-1, -3//2, -1, 0],
	[19, 12, 12, 19, 8, 1, 1, 18, 1, 1] => QQFieldElem[0, 0, 0, 0],
	[19, 12, 12, 19, 1, 1, 1, 5, 1, 1] => QQFieldElem[0, -1//4, -1//2, -1//2],
	[19, 12, 12, 19, 18, 1, 1, 7, 1, 1] => QQFieldElem[1//5, 3//20, -3//20, -1//5],
	[19, 12, 12, 19, 8, 1, 1, 17, 1, 1] => QQFieldElem[0, 0, 0, 0],
	[19, 12, 12, 19, 1, 1, 1, 19, 1, 1] => QQFieldElem[0, 0, 1, 1],
	[19, 12, 12, 19, 2, 1, 1, 20, 1, 1] => QQFieldElem[2//5, -1//5, -4//5, -2//5],
	[19, 12, 12, 19, 7, 2, 1, 11, 1, 1] => QQFieldElem[1//2, 1//2, 1//2, 0],
	[19, 12, 12, 19, 17, 1, 1, 18, 1, 1] => QQFieldElem[1, 1, -1, -1],
	[19, 12, 12, 19, 7, 1, 1, 7, 1, 1] => QQFieldElem[0, 0, 0, 0],
	[19, 12, 12, 19, 17, 1, 1, 17, 1, 1] => QQFieldElem[-1//4, -1//2, -1//2, 0],
	[19, 12, 12, 19, 7, 2, 1, 5, 1, 1] => QQFieldElem[-1//4, 0, 1//4, 0],
	[19, 12, 12, 19, 7, 2, 1, 19, 1, 1] => QQFieldElem[0, 0, 0, 0],
	[19, 12, 12, 19, 18, 1, 1, 20, 1, 1] => QQFieldElem[0, 0, 0, 0],
	[19, 12, 12, 19, 1, 1, 1, 18, 1, 1] => QQFieldElem[-1//5, 3//5, 7//5, 6//5],
	[19, 12, 12, 19, 12, 1, 1, 11, 1, 1] => QQFieldElem[0, 0, 0, 0],
	[19, 12, 12, 19, 2, 1, 1, 4, 1, 1] => QQFieldElem[1//2, 3//4, 1//2, 0],
	[19, 12, 12, 19, 7, 1, 1, 20, 1, 1] => QQFieldElem[0, 0, 0, 0],
	[19, 12, 12, 19, 1, 1, 1, 17, 1, 1] => QQFieldElem[3//10, 7//20, 3//20, -1//20],
	[19, 12, 12, 19, 12, 1, 1, 5, 1, 1] => QQFieldElem[1//8, 0, -1//8, 0],
	[19, 12, 12, 19, 12, 1, 1, 19, 1, 1] => QQFieldElem[0, 0, 1//2, 1//2],
	[19, 12, 12, 19, 7, 2, 1, 18, 1, 1] => QQFieldElem[2//5, -1//5, -4//5, -2//5],
	[19, 12, 12, 19, 18, 1, 1, 4, 1, 1] => QQFieldElem[1//2, 3//4, 1//2, 0],
	[19, 12, 12, 19, 7, 2, 1, 17, 1, 1] => QQFieldElem[-3//10, -7//20, -3//20, 1//20],
	[19, 12, 12, 19, 7, 1, 1, 4, 1, 1] => QQFieldElem[1//2, 3//4, 1//2, 0],
	[19, 12, 12, 19, 8, 1, 1, 7, 1, 1] => QQFieldElem[-1//10, -3//40, 3//40, 1//10],
	[19, 12, 12, 19, 12, 1, 1, 18, 1, 1] => QQFieldElem[0, 0, 0, 0],
	[19, 12, 12, 19, 12, 1, 1, 17, 1, 1] => QQFieldElem[0, 0, 0, 0],
	[19, 12, 12, 19, 17, 1, 1, 7, 1, 1] => QQFieldElem[0, 0, 0, 0],
	[19, 12, 12, 19, 2, 1, 1, 11, 1, 1] => QQFieldElem[-1, -3//2, -1, 0])