Dict(
	[19, 20, 16, 9, 21, 1, 1, 20, 2, 1] => QQFieldElem[0, 1, 0, 0],
	[19, 20, 16, 9, 21, 1, 1, 17, 1, 1] => QQFieldElem[0, -1//2, -1//2, 1],
	[19, 20, 16, 9, 15, 1, 1, 17, 2, 1] => QQFieldElem[-1//2, 0, 1//2, 0],
	[19, 20, 16, 9, 22, 1, 1, 17, 2, 1] => QQFieldElem[1//2, 0, -1//2, 0],
	[19, 20, 16, 9, 21, 1, 1, 17, 2, 1] => QQFieldElem[0, 0, 0, 1],
	[19, 20, 16, 9, 13, 1, 1, 20, 1, 1] => QQFieldElem[0, -3//2, -1//2, -1//2],
	[19, 20, 16, 9, 15, 1, 1, 20, 1, 1] => QQFieldElem[-4, -2, -4, 0],
	[19, 20, 16, 9, 13, 1, 1, 20, 2, 1] => QQFieldElem[0, -1, 0, 0],
	[19, 20, 16, 9, 13, 1, 1, 17, 1, 1] => QQFieldElem[0, 1//2, -1//2, 0],
	[19, 20, 16, 9, 22, 1, 1, 20, 1, 1] => QQFieldElem[4, 2, 0, 4],
	[19, 20, 16, 9, 21, 1, 1, 20, 1, 1] => QQFieldElem[1, 1//2, 1//2, 1//2],
	[19, 20, 16, 9, 15, 1, 1, 20, 2, 1] => QQFieldElem[0, 1//2, -1//2, 0],
	[19, 20, 16, 9, 15, 1, 1, 17, 1, 1] => QQFieldElem[2, -2, 0, 0],
	[19, 20, 16, 9, 13, 1, 1, 17, 2, 1] => QQFieldElem[0, 0, 0, -1],
	[19, 20, 16, 9, 22, 1, 1, 20, 2, 1] => QQFieldElem[0, -1//2, 1//2, 0],
	[19, 20, 16, 9, 22, 1, 1, 17, 1, 1] => QQFieldElem[-2, -2, 0, 4])