Dict(
	[19, 12, 11, 20, 20, 2, 1, 18, 1, 1] => QQFieldElem[-1//5, 0, 1//10, 1//10],
	[19, 12, 11, 20, 20, 2, 1, 17, 1, 1] => QQFieldElem[0, 0, 0, 0],
	[19, 12, 11, 20, 19, 1, 1, 20, 1, 1] => QQFieldElem[-1//10, -1//5, -1//20, 1//10],
	[19, 12, 11, 20, 19, 2, 1, 20, 1, 1] => QQFieldElem[-1//10, -1//5, -1//20, 1//10],
	[19, 12, 11, 20, 19, 1, 1, 18, 1, 1] => QQFieldElem[0, 0, 0, 0],
	[19, 12, 11, 20, 20, 1, 1, 19, 1, 1] => QQFieldElem[0, -1//8, 0, 0],
	[19, 12, 11, 20, 19, 2, 1, 18, 1, 1] => QQFieldElem[0, 0, 0, 0],
	[19, 12, 11, 20, 19, 1, 1, 17, 1, 1] => QQFieldElem[-3//80, -3//40, -1//20, -1//40],
	[19, 12, 11, 20, 20, 2, 1, 19, 1, 1] => QQFieldElem[0, 0, 0, 0],
	[19, 12, 11, 20, 19, 2, 1, 17, 1, 1] => QQFieldElem[3//80, 3//40, 1//20, 1//40],
	[19, 12, 11, 20, 20, 1, 1, 20, 1, 1] => QQFieldElem[-1//2, -1//2, -1//2, -1//2],
	[19, 12, 11, 20, 20, 2, 1, 20, 1, 1] => QQFieldElem[0, 0, 0, 0],
	[19, 12, 11, 20, 19, 1, 1, 19, 1, 1] => QQFieldElem[0, 0, 0, 0],
	[19, 12, 11, 20, 20, 1, 1, 18, 1, 1] => QQFieldElem[0, 0, 0, 0],
	[19, 12, 11, 20, 19, 2, 1, 19, 1, 1] => QQFieldElem[0, 0, 0, 0],
	[19, 12, 11, 20, 20, 1, 1, 17, 1, 1] => QQFieldElem[0, 0, 0, 0])