Dict(
	[19, 22, 20, 22, 13, 1, 2, 9, 1, 1] => QQFieldElem[-1//2, -1//2, 0, 1//2],
	[19, 22, 20, 22, 21, 2, 1, 13, 1, 1] => QQFieldElem[1//2, 2, 5//2, 3//2],
	[19, 22, 20, 22, 16, 1, 1, 14, 2, 1] => QQFieldElem[-4, -4, 2, 4],
	[19, 22, 20, 22, 21, 1, 1, 21, 1, 1] => QQFieldElem[-2//5, -1//10, 2//5, 1//10],
	[19, 22, 20, 22, 9, 1, 1, 13, 1, 1] => QQFieldElem[12//5, 44//5, 56//5, 28//5],
	[19, 22, 20, 22, 22, 1, 2, 21, 2, 1] => QQFieldElem[-1//4, -1//2, 0, 1//4],
	[19, 22, 20, 22, 13, 1, 1, 21, 1, 2] => QQFieldElem[0, -1, 0, 0],
	[19, 22, 20, 22, 16, 2, 1, 9, 1, 1] => QQFieldElem[-3//2, -3, -5//2, -1//2],
	[19, 22, 20, 22, 16, 2, 1, 22, 1, 1] => QQFieldElem[1, 3//2, 1, 0],
	[19, 22, 20, 22, 15, 1, 1, 15, 1, 2] => QQFieldElem[-1//4, 1//4, 3//4, 1//2],
	[19, 22, 20, 22, 22, 2, 1, 22, 2, 1] => QQFieldElem[7//5, 4//5, -13//10, -19//10],
	[19, 22, 20, 22, 21, 2, 2, 21, 2, 1] => QQFieldElem[-1//2, 0, 1//2, 1//2],
	[19, 22, 20, 22, 21, 1, 1, 13, 1, 2] => QQFieldElem[1//2, 1//2, 0, 1//4],
	[19, 22, 20, 22, 14, 1, 1, 21, 2, 1] => QQFieldElem[8//5, -8//5, -28//5, -32//5],
	[19, 22, 20, 22, 15, 1, 2, 13, 1, 1] => QQFieldElem[1, 5, 6, 3],
	[19, 22, 20, 22, 22, 2, 2, 21, 1, 2] => QQFieldElem[2, 1, -1, -1],
	[19, 22, 20, 22, 16, 1, 1, 22, 1, 2] => QQFieldElem[-4, -4, -4, 0],
	[19, 22, 20, 22, 22, 1, 1, 22, 2, 2] => QQFieldElem[0, -1, -7//4, -1],
	[19, 22, 20, 22, 21, 1, 2, 21, 2, 2] => QQFieldElem[16//5, 12//5, 8//5, 4//5],
	[19, 22, 20, 22, 14, 2, 1, 21, 1, 2] => QQFieldElem[1//5, 1//5, 0, -2//5],
	[19, 22, 20, 22, 21, 1, 1, 15, 1, 1] => QQFieldElem[-2//11, 2//11, -1//22, 7//44],
	[19, 22, 20, 22, 15, 1, 1, 22, 1, 1] => QQFieldElem[4//5, 8//5, 9//10, -3//10],
	[19, 22, 20, 22, 15, 1, 1, 9, 1, 1] => QQFieldElem[3//4, 1//4, -1//4, -3//4],
	[19, 22, 20, 22, 21, 2, 1, 22, 2, 2] => QQFieldElem[4, 7, 4, 0],
	[19, 22, 20, 22, 13, 1, 1, 15, 1, 2] => QQFieldElem[-3//22, -4//11, -9//22, -7//22],
	[19, 22, 20, 22, 21, 1, 1, 16, 1, 1] => QQFieldElem[-4//11, -19//44, -17//22, -21//44],
	[19, 22, 20, 22, 10, 1, 1, 13, 1, 1] => QQFieldElem[-3//2, -3, -5//2, -1//2],
	[19, 22, 20, 22, 22, 1, 2, 16, 2, 1] => QQFieldElem[3//44, 29//44, 27//44, 3//22],
	[19, 22, 20, 22, 9, 1, 1, 22, 2, 2] => QQFieldElem[-16//5, -22//5, -8//5, 6//5],
	[19, 22, 20, 22, 21, 1, 2, 10, 1, 1] => QQFieldElem[-1//4, -7//4, -2, -1],
	[19, 22, 20, 22, 13, 1, 2, 13, 1, 1] => QQFieldElem[11//5, 7//5, -7//5, -11//5],
	[19, 22, 20, 22, 21, 2, 2, 16, 2, 1] => QQFieldElem[5//22, 15//11, 45//22, 21//22],
	[19, 22, 20, 22, 22, 2, 2, 15, 1, 2] => QQFieldElem[2//11, 9//11, 6//11, -9//22],
	[19, 22, 20, 22, 14, 1, 1, 16, 2, 1] => QQFieldElem[-3//44, -17//176, -9//176, -1//88],
	[19, 22, 20, 22, 21, 1, 1, 14, 1, 1] => QQFieldElem[1//2, 7//4, 2, 3//4],
	[19, 22, 20, 22, 15, 1, 2, 22, 2, 2] => QQFieldElem[0, 5, 8, 5],
	[19, 22, 20, 22, 14, 2, 1, 15, 1, 2] => QQFieldElem[-2//11, -9//11, -23//22, -13//22],
	[19, 22, 20, 22, 13, 1, 1, 22, 1, 1] => QQFieldElem[-1//5, 7//5, 14//5, 2],
	[19, 22, 20, 22, 22, 1, 2, 14, 2, 1] => QQFieldElem[-9//4, -19//4, -15//4, -1//2],
	[19, 22, 20, 22, 13, 1, 1, 9, 1, 1] => QQFieldElem[1//4, 1//4, -1//4, -1//4],
	[19, 22, 20, 22, 16, 2, 1, 13, 1, 1] => QQFieldElem[-5, -5, 0, 3],
	[19, 22, 20, 22, 21, 2, 2, 14, 2, 1] => QQFieldElem[1//2, 0, -3//2, -3//2],
	[19, 22, 20, 22, 14, 1, 1, 14, 2, 1] => QQFieldElem[1//8, 1//16, -1//16, -1//8],
	[19, 22, 20, 22, 22, 2, 2, 9, 1, 1] => QQFieldElem[0, 0, 0, 0],
	[19, 22, 20, 22, 22, 2, 2, 22, 1, 1] => QQFieldElem[0, 3//2, 5//2, 3//2],
	[19, 22, 20, 22, 16, 1, 1, 21, 1, 1] => QQFieldElem[0, -3//4, -1//4, 0],
	[19, 22, 20, 22, 22, 1, 1, 21, 2, 1] => QQFieldElem[0, 1//4, 0, -1//4],
	[19, 22, 20, 22, 21, 1, 2, 22, 2, 1] => QQFieldElem[-1//4, -1//4, -1//2, -1//4],
	[19, 22, 20, 22, 14, 2, 1, 9, 1, 1] => QQFieldElem[1//2, 0, -1//2, -1//2],
	[19, 22, 20, 22, 10, 1, 1, 22, 2, 2] => QQFieldElem[0, -6//5, -8//5, -6//5],
	[19, 22, 20, 22, 21, 2, 1, 21, 2, 1] => QQFieldElem[1//5, 2//5, -2//5, -1//5],
	[19, 22, 20, 22, 14, 2, 1, 22, 1, 1] => QQFieldElem[4, 4, 0, -4],
	[19, 22, 20, 22, 16, 1, 1, 13, 1, 2] => QQFieldElem[0, 4, 8, 6],
	[19, 22, 20, 22, 13, 1, 2, 22, 2, 2] => QQFieldElem[0, 1, 2, 1],
	[19, 22, 20, 22, 15, 1, 1, 13, 1, 1] => QQFieldElem[-1//2, -2, -2, -1//2],
	[19, 22, 20, 22, 9, 1, 1, 21, 2, 1] => QQFieldElem[0, 0, 0, 0],
	[19, 22, 20, 22, 22, 1, 2, 22, 1, 2] => QQFieldElem[-1//2, -2, -5//2, -5//4],
	[19, 22, 20, 22, 22, 2, 1, 21, 1, 2] => QQFieldElem[1//4, 0, -1//2, -3//4],
	[19, 22, 20, 22, 21, 2, 2, 22, 1, 2] => QQFieldElem[-1//2, 0, 1//2, 1//2],
	[19, 22, 20, 22, 14, 1, 1, 22, 1, 2] => QQFieldElem[0, 0, -1//2, -1//2],
	[19, 22, 20, 22, 21, 1, 1, 21, 2, 2] => QQFieldElem[3//2, 3, 3, 3//2],
	[19, 22, 20, 22, 16, 1, 1, 15, 1, 1] => QQFieldElem[1//2, 2, 2, 1//2],
	[19, 22, 20, 22, 15, 1, 2, 21, 2, 1] => QQFieldElem[-2//5, 6//5, 9//5, 7//5],
	[19, 22, 20, 22, 16, 2, 1, 22, 2, 2] => QQFieldElem[-2, -5, -4, -1],
	[19, 22, 20, 22, 16, 1, 1, 16, 1, 1] => QQFieldElem[7//22, 47//88, 4//11, 1//88],
	[19, 22, 20, 22, 22, 1, 1, 16, 2, 1] => QQFieldElem[3//88, 5//11, 49//88, 7//22],
	[19, 22, 20, 22, 21, 1, 1, 10, 1, 1] => QQFieldElem[0, 0, 0, 0],
	[19, 22, 20, 22, 13, 1, 1, 13, 1, 1] => QQFieldElem[-6//5, -7//5, -1//10, 7//10],
	[19, 22, 20, 22, 21, 2, 1, 16, 2, 1] => QQFieldElem[-2//11, 9//22, 15//11, 25//22],
	[19, 22, 20, 22, 22, 2, 1, 15, 1, 2] => QQFieldElem[-3//11, -43//44, -47//44, -7//11],
	[19, 22, 20, 22, 10, 1, 1, 21, 2, 1] => QQFieldElem[-2//5, 0, 0, 2//5],
	[19, 22, 20, 22, 9, 1, 1, 16, 2, 1] => QQFieldElem[31//55, 32//55, -7//55, -26//55],
	[19, 22, 20, 22, 22, 2, 2, 13, 1, 1] => QQFieldElem[-1, 2, 4, 5//2],
	[19, 22, 20, 22, 15, 1, 1, 22, 2, 2] => QQFieldElem[-3//2, -3, -5//2, -1//2],
	[19, 22, 20, 22, 16, 1, 1, 14, 1, 1] => QQFieldElem[3//4, 15//8, 7//4, 5//8],
	[19, 22, 20, 22, 22, 1, 1, 14, 2, 1] => QQFieldElem[3//8, 1//2, 3//8, 0],
	[19, 22, 20, 22, 13, 1, 2, 21, 2, 1] => QQFieldElem[4//5, 3//5, 2//5, 1//5],
	[19, 22, 20, 22, 22, 1, 2, 21, 1, 1] => QQFieldElem[11//20, 3//5, 2//5, -1//20],
	[19, 22, 20, 22, 14, 2, 1, 13, 1, 1] => QQFieldElem[-1, -3, -3, -1],
	[19, 22, 20, 22, 21, 2, 1, 14, 2, 1] => QQFieldElem[2, 5//2, 1, -1//2],
	[19, 22, 20, 22, 22, 2, 1, 9, 1, 1] => QQFieldElem[1, 1, 0, -3//4],
	[19, 22, 20, 22, 22, 2, 1, 22, 1, 1] => QQFieldElem[-1, 0, 3//2, 3//2],
	[19, 22, 20, 22, 21, 2, 2, 21, 1, 1] => QQFieldElem[4//5, 3//5, 2//5, 1//5],
	[19, 22, 20, 22, 15, 1, 2, 16, 2, 1] => QQFieldElem[5//88, -3//88, -5//44, -3//22],
	[19, 22, 20, 22, 14, 1, 1, 21, 1, 1] => QQFieldElem[-4//5, -3//5, -2//5, -6//5],
	[19, 22, 20, 22, 9, 1, 1, 14, 2, 1] => QQFieldElem[1, 2, 1, 0],
	[19, 22, 20, 22, 22, 1, 2, 13, 1, 2] => QQFieldElem[-3//4, 5//4, 7//2, 9//4],
	[19, 22, 20, 22, 21, 1, 1, 22, 2, 1] => QQFieldElem[-1, -1//2, 1, 3//2],
	[19, 22, 20, 22, 16, 2, 1, 21, 2, 1] => QQFieldElem[-8//5, -11//5, -4//5, 3//5],
	[19, 22, 20, 22, 21, 2, 2, 13, 1, 2] => QQFieldElem[-1//2, -5//2, -3, -3//2],
	[19, 22, 20, 22, 14, 1, 1, 13, 1, 2] => QQFieldElem[-1//4, 1//4, 3//4, 1//2],
	[19, 22, 20, 22, 13, 1, 1, 22, 2, 2] => QQFieldElem[1, 0, -1, -1],
	[19, 22, 20, 22, 22, 1, 1, 22, 1, 2] => QQFieldElem[-1//2, -3//4, -1//4, 1//4],
	[19, 22, 20, 22, 21, 1, 2, 21, 1, 2] => QQFieldElem[-1//4, -1//4, 0, 3//4],
	[19, 22, 20, 22, 15, 1, 2, 14, 2, 1] => QQFieldElem[3//8, 3//8, 0, -1//4],
	[19, 22, 20, 22, 22, 1, 2, 15, 1, 1] => QQFieldElem[-9//44, 31//44, 25//22, 23//44],
	[19, 22, 20, 22, 10, 1, 1, 16, 2, 1] => QQFieldElem[9//44, 5//22, 1//11, -1//11],
	[19, 22, 20, 22, 21, 2, 1, 22, 1, 2] => QQFieldElem[-2, -3, -2, 0],
	[19, 22, 20, 22, 22, 2, 2, 22, 2, 2] => QQFieldElem[2, 0, -3, -3],
	[19, 22, 20, 22, 16, 1, 1, 21, 2, 2] => QQFieldElem[-1//10, -6//5, -9//5, -9//10],
	[19, 22, 20, 22, 13, 1, 2, 16, 2, 1] => QQFieldElem[-7//220, -16//55, -24//55, -29//110],
	[19, 22, 20, 22, 21, 2, 2, 15, 1, 1] => QQFieldElem[-17//22, -27//22, -9//11, -3//22],
	[19, 22, 20, 22, 22, 1, 2, 16, 1, 1] => QQFieldElem[39//44, 69//44, 65//44, 3//11],
	[19, 22, 20, 22, 14, 1, 1, 15, 1, 1] => QQFieldElem[-17//55, 6//55, 63//110, 49//110],
	[19, 22, 20, 22, 9, 1, 1, 22, 1, 2] => QQFieldElem[2, 4, 4, 1],
	[19, 22, 20, 22, 15, 1, 1, 21, 2, 1] => QQFieldElem[1//10, 7//10, 4//5, 2//5],
	[19, 22, 20, 22, 14, 2, 1, 22, 2, 2] => QQFieldElem[4//5, 8//5, 7//5, 1//5],
	[19, 22, 20, 22, 21, 2, 2, 16, 1, 1] => QQFieldElem[-7//22, 1//11, 3//22, -3//22],
	[19, 22, 20, 22, 14, 1, 1, 16, 1, 1] => QQFieldElem[-13//220, -57//440, -29//220, -19//440],
	[19, 22, 20, 22, 10, 1, 1, 14, 2, 1] => QQFieldElem[11//20, 11//10, 9//10, 1//5],
	[19, 22, 20, 22, 16, 1, 1, 10, 1, 1] => QQFieldElem[1//2, 3//2, 7//4, 3//4],
	[19, 22, 20, 22, 13, 1, 2, 14, 2, 1] => QQFieldElem[-1//4, 0, 1//2, 1//2],
	[19, 22, 20, 22, 21, 1, 2, 15, 1, 2] => QQFieldElem[17//44, 27//44, 9//22, 3//44],
	[19, 22, 20, 22, 15, 1, 2, 22, 1, 2] => QQFieldElem[1, 3//2, 1, 0],
	[19, 22, 20, 22, 16, 2, 1, 16, 2, 1] => QQFieldElem[4//11, 24//11, 14//11, 8//11],
	[19, 22, 20, 22, 22, 1, 2, 14, 1, 1] => QQFieldElem[-1//4, -3//4, -1//4, 0],
	[19, 22, 20, 22, 21, 2, 2, 14, 1, 1] => QQFieldElem[-3//2, -2, -1//2, 1//2],
	[19, 22, 20, 22, 22, 2, 1, 13, 1, 1] => QQFieldElem[3//2, 9//4, 5//4, 0],
	[19, 22, 20, 22, 14, 1, 1, 14, 1, 1] => QQFieldElem[0, 1//8, 1//4, 1//8],
	[19, 22, 20, 22, 13, 1, 1, 21, 2, 1] => QQFieldElem[0, 0, 0, 0],
	[19, 22, 20, 22, 22, 1, 1, 21, 1, 1] => QQFieldElem[-1, -1//4, 1, 3//4],
	[19, 22, 20, 22, 16, 2, 1, 14, 2, 1] => QQFieldElem[-4, -4, -2, 0],
	[19, 22, 20, 22, 21, 1, 2, 9, 1, 1] => QQFieldElem[-3//2, -7//4, -3//4, 1//4],
	[19, 22, 20, 22, 21, 1, 2, 22, 1, 1] => QQFieldElem[-3//2, -1, 1, 3//2],
	[19, 22, 20, 22, 10, 1, 1, 22, 1, 2] => QQFieldElem[-4//5, 2//5, 8//5, 9//5],
	[19, 22, 20, 22, 21, 2, 1, 21, 1, 1] => QQFieldElem[1, 4//5, 2//5, -1//5],
	[19, 22, 20, 22, 15, 1, 1, 16, 2, 1] => QQFieldElem[-1//11, -19//176, -1//176, 3//44],
	[19, 22, 20, 22, 22, 2, 2, 21, 2, 1] => QQFieldElem[-1, -1//2, 1//2, 1//2],
	[19, 22, 20, 22, 22, 1, 1, 13, 1, 2] => QQFieldElem[-7//8, -17//8, -15//8, -3//4],
	[19, 22, 20, 22, 13, 1, 2, 22, 1, 2] => QQFieldElem[0, 0, 0, 0],
	[19, 22, 20, 22, 9, 1, 1, 21, 1, 1] => QQFieldElem[0, 32//5, 32//5, 16//5],
	[19, 22, 20, 22, 16, 1, 1, 22, 2, 1] => QQFieldElem[-1//2, 0, 1//2, 1//2],
	[19, 22, 20, 22, 21, 2, 1, 13, 1, 2] => QQFieldElem[1//2, 0, -3//2, -3//2],
	[19, 22, 20, 22, 14, 2, 1, 21, 2, 1] => QQFieldElem[8//5, 16//5, 4//5, -8//5],
	[19, 22, 20, 22, 21, 1, 1, 21, 1, 2] => QQFieldElem[1//2, 0, 0, -1//2],
	[19, 22, 20, 22, 9, 1, 1, 13, 1, 2] => QQFieldElem[4, 4, 0, -4],
	[19, 22, 20, 22, 15, 1, 1, 14, 2, 1] => QQFieldElem[-3//8, -9//16, -5//16, 0],
	[19, 22, 20, 22, 22, 1, 2, 21, 2, 2] => QQFieldElem[0, -3//2, -3, -7//4],
	[19, 22, 20, 22, 22, 1, 1, 15, 1, 1] => QQFieldElem[15//88, 7//88, 1//88, 1//44],
	[19, 22, 20, 22, 15, 1, 2, 21, 1, 1] => QQFieldElem[-3//5, -1//5, 6//5, 8//5],
	[19, 22, 20, 22, 16, 2, 1, 22, 1, 2] => QQFieldElem[-12, -20, -12, 0],
	[19, 22, 20, 22, 22, 2, 1, 22, 2, 2] => QQFieldElem[3//4, 2, 2, 3//4],
	[19, 22, 20, 22, 21, 2, 2, 21, 2, 2] => QQFieldElem[0, -4, -4, 0],
	[19, 22, 20, 22, 13, 1, 1, 16, 2, 1] => QQFieldElem[-1//22, 9//88, 1//11, 3//88],
	[19, 22, 20, 22, 14, 1, 1, 21, 2, 2] => QQFieldElem[-1//2, -7//10, -3//5, -1//5],
	[19, 22, 20, 22, 21, 2, 1, 15, 1, 1] => QQFieldElem[-9//22, -1//11, -5//22, 1//22],
	[19, 22, 20, 22, 22, 1, 1, 16, 1, 1] => QQFieldElem[5//88, 1//11, -21//88, -3//22],
	[19, 22, 20, 22, 15, 1, 2, 13, 1, 2] => QQFieldElem[1, 0, -3//2, -3//2],
	[19, 22, 20, 22, 22, 1, 2, 10, 1, 1] => QQFieldElem[15//4, 15//4, 0, -5//2],
	[19, 22, 20, 22, 9, 1, 1, 15, 1, 1] => QQFieldElem[4//11, -4//11, -32//11, -20//11],
	[19, 22, 20, 22, 21, 2, 1, 16, 1, 1] => QQFieldElem[5//11, 27//22, 12//11, 9//22],
	[19, 22, 20, 22, 22, 2, 2, 16, 2, 1] => QQFieldElem[-7//11, -9//11, -27//22, -3//11],
	[19, 22, 20, 22, 21, 2, 2, 10, 1, 1] => QQFieldElem[0, 0, 0, 0],
	[19, 22, 20, 22, 14, 1, 1, 10, 1, 1] => QQFieldElem[1//2, 1, 3//4, 1//4],
	[19, 22, 20, 22, 10, 1, 1, 21, 1, 1] => QQFieldElem[3//5, 1, 2//5, 0],
	[19, 22, 20, 22, 9, 1, 1, 16, 1, 1] => QQFieldElem[1//11, 6//11, 9//11, 2//11],
	[19, 22, 20, 22, 21, 1, 1, 15, 1, 2] => QQFieldElem[-5//11, -23//22, -19//22, -21//44],
	[19, 22, 20, 22, 15, 1, 1, 22, 1, 2] => QQFieldElem[-1//2, -1//4, 1//4, 1//2],
	[19, 22, 20, 22, 13, 1, 1, 14, 2, 1] => QQFieldElem[-1//2, -5//8, -1//4, 1//8],
	[19, 22, 20, 22, 22, 1, 1, 14, 1, 1] => QQFieldElem[-3//8, -1//2, -3//8, 0],
	[19, 22, 20, 22, 14, 2, 1, 16, 2, 1] => QQFieldElem[13//88, 23//88, 9//44, 1//22],
	[19, 22, 20, 22, 13, 1, 2, 21, 1, 1] => QQFieldElem[-2//5, -8//5, -8//5, -2//5],
	[19, 22, 20, 22, 15, 1, 2, 15, 1, 1] => QQFieldElem[9//11, -9//11, -28//11, -23//11],
	[19, 22, 20, 22, 21, 1, 2, 13, 1, 1] => QQFieldElem[-5//4, -9//4, -3//2, -1//4],
	[19, 22, 20, 22, 21, 2, 1, 14, 1, 1] => QQFieldElem[-1, -5//2, -2, -1//2],
	[19, 22, 20, 22, 10, 1, 1, 13, 1, 2] => QQFieldElem[14//5, 18//5, 7//5, -4//5],
	[19, 22, 20, 22, 22, 2, 2, 14, 2, 1] => QQFieldElem[3, 4, 3//2, -1],
	[19, 22, 20, 22, 13, 1, 2, 13, 1, 2] => QQFieldElem[0, -2, -3, -2],
	[19, 22, 20, 22, 15, 1, 2, 16, 1, 1] => QQFieldElem[9//44, 8//11, 37//44, 9//22],
	[19, 22, 20, 22, 9, 1, 1, 14, 1, 1] => QQFieldElem[3//5, -4//5, -11//5, -8//5],
	[19, 22, 20, 22, 21, 1, 1, 9, 1, 1] => QQFieldElem[0, 0, 0, 0],
	[19, 22, 20, 22, 14, 2, 1, 14, 2, 1] => QQFieldElem[-1//8, -3//8, -1//2, -1//4],
	[19, 22, 20, 22, 21, 1, 1, 22, 1, 1] => QQFieldElem[0, -1//2, -1, -1//2],
	[19, 22, 20, 22, 16, 2, 1, 21, 1, 1] => QQFieldElem[2//5, 3//10, 1//5, -2//5],
	[19, 22, 20, 22, 22, 1, 2, 22, 2, 1] => QQFieldElem[-3//4, -3//2, -1, -1//4],
	[19, 22, 20, 22, 22, 2, 1, 21, 2, 1] => QQFieldElem[-1, -1, -1//2, 1//2],
	[19, 22, 20, 22, 10, 1, 1, 15, 1, 1] => QQFieldElem[1//22, -6//11, -19//22, -5//22],
	[19, 22, 20, 22, 13, 1, 1, 22, 1, 2] => QQFieldElem[0, -1, -2, -2],
	[19, 22, 20, 22, 21, 2, 2, 22, 2, 1] => QQFieldElem[1//2, 0, -1//2, -1//2],
	[19, 22, 20, 22, 15, 1, 2, 14, 1, 1] => QQFieldElem[1//4, -1//2, -5//4, -1],
	[19, 22, 20, 22, 13, 1, 2, 15, 1, 1] => QQFieldElem[9//11, 13//11, 5//11, -1//11],
	[19, 22, 20, 22, 14, 1, 1, 22, 2, 1] => QQFieldElem[0, 8, 12, 8],
	[19, 22, 20, 22, 16, 2, 1, 13, 1, 2] => QQFieldElem[0, 4, 4, 2],
	[19, 22, 20, 22, 10, 1, 1, 16, 1, 1] => QQFieldElem[-5//44, -27//88, -3//11, -9//88],
	[19, 22, 20, 22, 22, 2, 2, 22, 1, 2] => QQFieldElem[-3, 0, 5, 5],
	[19, 22, 20, 22, 16, 1, 1, 21, 1, 2] => QQFieldElem[-4//5, -12//5, -4//5, 0],
	[19, 22, 20, 22, 13, 1, 2, 16, 1, 1] => QQFieldElem[2//11, 1//11, -5//44, -3//22],
	[19, 22, 20, 22, 22, 1, 1, 21, 2, 2] => QQFieldElem[1//4, 5//4, 3//4, 1//4],
	[19, 22, 20, 22, 15, 1, 1, 21, 1, 1] => QQFieldElem[0, -1, -1//2, -1//2],
	[19, 22, 20, 22, 21, 1, 2, 22, 2, 2] => QQFieldElem[-4, 0, 8, 8],
	[19, 22, 20, 22, 14, 2, 1, 22, 1, 2] => QQFieldElem[1//5, 7//5, 8//5, 4//5],
	[19, 22, 20, 22, 21, 2, 1, 21, 2, 2] => QQFieldElem[-2, -3, -2, 0],
	[19, 22, 20, 22, 16, 2, 1, 15, 1, 1] => QQFieldElem[-17//11, -27//11, -18//11, -3//11],
	[19, 22, 20, 22, 10, 1, 1, 14, 1, 1] => QQFieldElem[-1//4, -5//8, -3//4, -3//8],
	[19, 22, 20, 22, 15, 1, 1, 13, 1, 2] => QQFieldElem[-5//4, -5//4, 1//4, 1],
	[19, 22, 20, 22, 9, 1, 1, 21, 2, 2] => QQFieldElem[0, 2//5, 0, -2//5],
	[19, 22, 20, 22, 22, 1, 1, 10, 1, 1] => QQFieldElem[0, 1, 7//4, 1],
	[19, 22, 20, 22, 13, 1, 2, 14, 1, 1] => QQFieldElem[7//10, 9//10, 7//20, -1//5],
	[19, 22, 20, 22, 16, 2, 1, 16, 1, 1] => QQFieldElem[-17//44, -7//22, 1//44, 5//22],
	[19, 22, 20, 22, 22, 2, 1, 16, 2, 1] => QQFieldElem[-7//22, -9//22, -27//44, -3//22],
	[19, 22, 20, 22, 21, 2, 1, 10, 1, 1] => QQFieldElem[-3//4, -7//4, -7//4, -3//4],
	[19, 22, 20, 22, 16, 1, 1, 15, 1, 2] => QQFieldElem[28//11, 16//11, -4//11, -30//11],
	[19, 22, 20, 22, 15, 1, 2, 21, 2, 2] => QQFieldElem[0, -1, -2, -3],
	[19, 22, 20, 22, 9, 1, 1, 10, 1, 1] => QQFieldElem[0, 0, 0, 0],
	[19, 22, 20, 22, 13, 1, 1, 21, 1, 1] => QQFieldElem[-1//5, -1//5, 0, 2//5],
	[19, 22, 20, 22, 15, 1, 1, 15, 1, 1] => QQFieldElem[-3//22, 7//11, 12//11, 15//22],
	[19, 22, 20, 22, 21, 1, 1, 13, 1, 1] => QQFieldElem[1//2, 0, -1, -3//4],
	[19, 22, 20, 22, 16, 2, 1, 14, 1, 1] => QQFieldElem[-5//4, -2, -5//4, 0],
	[19, 22, 20, 22, 22, 2, 1, 14, 2, 1] => QQFieldElem[-1//2, -1//2, -1//4, 0],
	[19, 22, 20, 22, 13, 1, 1, 13, 1, 2] => QQFieldElem[1//2, 1, 1//2, 1//2],
	[19, 22, 20, 22, 15, 1, 1, 16, 1, 1] => QQFieldElem[-5//44, -27//88, -3//11, -9//88],
	[19, 22, 20, 22, 22, 2, 2, 21, 1, 1] => QQFieldElem[-4//5, -11//10, -9//10, 3//10],
	[19, 22, 20, 22, 15, 1, 2, 10, 1, 1] => QQFieldElem[-1//2, -1, -1, -1//2],
	[19, 22, 20, 22, 16, 1, 1, 9, 1, 1] => QQFieldElem[-1//2, -1//4, 1//4, 1//2],
	[19, 22, 20, 22, 16, 1, 1, 22, 1, 1] => QQFieldElem[-1//2, -5//4, -5//4, -1//2],
	[19, 22, 20, 22, 22, 1, 1, 22, 2, 1] => QQFieldElem[1, 7//4, 3//2, 3//4],
	[19, 22, 20, 22, 21, 1, 2, 21, 2, 1] => QQFieldElem[-1//4, -1//4, -1//2, -1//4],
	[19, 22, 20, 22, 14, 2, 1, 21, 1, 1] => QQFieldElem[0, 0, 0, 0],
	[19, 22, 20, 22, 10, 1, 1, 21, 2, 2] => QQFieldElem[0, -6//5, -8//5, -6//5],
	[19, 22, 20, 22, 22, 2, 2, 13, 1, 2] => QQFieldElem[-1, -4, -5, -5//2],
	[19, 22, 20, 22, 13, 1, 2, 21, 2, 2] => QQFieldElem[-4//5, -3//5, -2//5, -1//5],
	[19, 22, 20, 22, 21, 2, 1, 22, 2, 1] => QQFieldElem[1, 2, 2, 1],
	[19, 22, 20, 22, 15, 1, 1, 14, 1, 1] => QQFieldElem[1//2, 5//8, 1//4, -1//8],
	[19, 22, 20, 22, 22, 1, 2, 21, 1, 2] => QQFieldElem[0, 0, 1//2, 3//4],
	[19, 22, 20, 22, 13, 1, 1, 15, 1, 1] => QQFieldElem[2//11, 9//11, 23//22, 13//22],
	[19, 22, 20, 22, 14, 2, 1, 13, 1, 2] => QQFieldElem[1, 0, -3//2, -3//2],
	[19, 22, 20, 22, 9, 1, 1, 22, 2, 1] => QQFieldElem[-64//5, -64//5, 0, 48//5],
	[19, 22, 20, 22, 21, 2, 2, 21, 1, 2] => QQFieldElem[1//2, 0, -1//2, -1//2],
	[19, 22, 20, 22, 22, 2, 1, 22, 1, 2] => QQFieldElem[3//4, 2, 2, 3//4],
	[19, 22, 20, 22, 10, 1, 1, 10, 1, 1] => QQFieldElem[4, 0, -4, -4],
	[19, 22, 20, 22, 13, 1, 1, 16, 1, 1] => QQFieldElem[-1//44, -1//88, 1//22, 7//88],
	[19, 22, 20, 22, 14, 1, 1, 21, 1, 2] => QQFieldElem[2//5, -1//5, -3//10, 1//10],
	[19, 22, 20, 22, 22, 2, 2, 15, 1, 1] => QQFieldElem[30//11, 25//11, -9//11, -47//22],
	[19, 22, 20, 22, 13, 1, 2, 10, 1, 1] => QQFieldElem[3//2, 1, -1, -3//2],
	[19, 22, 20, 22, 21, 1, 1, 22, 2, 2] => QQFieldElem[-3//2, -6, -6, -3//2],
	[19, 22, 20, 22, 16, 2, 1, 21, 2, 2] => QQFieldElem[6//5, 11//5, 2, 3//5],
	[19, 22, 20, 22, 22, 2, 2, 16, 1, 1] => QQFieldElem[5//11, -25//11, -97//22, -34//11],
	[19, 22, 20, 22, 14, 2, 1, 15, 1, 1] => QQFieldElem[-7//55, 51//55, 89//55, 57//55],
	[19, 22, 20, 22, 15, 1, 2, 22, 2, 1] => QQFieldElem[-4//5, -22//5, -29//5, -3],
	[19, 22, 20, 22, 13, 1, 1, 14, 1, 1] => QQFieldElem[-1//5, -11//40, -1//10, 3//40],
	[19, 22, 20, 22, 21, 1, 2, 16, 2, 1] => QQFieldElem[13//22, 35//44, 7//22, -3//44],
	[19, 22, 20, 22, 22, 1, 2, 15, 1, 2] => QQFieldElem[1//4, -3//4, -1//2, -1//4],
	[19, 22, 20, 22, 14, 2, 1, 16, 1, 1] => QQFieldElem[-19//110, -24//55, -89//220, -8//55],
	[19, 22, 20, 22, 16, 2, 1, 10, 1, 1] => QQFieldElem[1//2, 1, 1//2, 0],
	[19, 22, 20, 22, 21, 2, 2, 15, 1, 2] => QQFieldElem[-13//22, -9//22, 8//11, 21//22],
	[19, 22, 20, 22, 22, 2, 2, 14, 1, 1] => QQFieldElem[-3, -2, 1//2, 2],
	[19, 22, 20, 22, 14, 1, 1, 15, 1, 2] => QQFieldElem[5//44, 17//44, 15//44, 2//11],
	[19, 22, 20, 22, 15, 1, 1, 21, 2, 2] => QQFieldElem[1//2, 1, 3//2, 3//2],
	[19, 22, 20, 22, 10, 1, 1, 22, 2, 1] => QQFieldElem[-14//5, -8//5, 8//5, 14//5],
	[19, 22, 20, 22, 16, 1, 1, 13, 1, 1] => QQFieldElem[9//2, 7, 4, -1//2],
	[19, 22, 20, 22, 21, 1, 2, 14, 2, 1] => QQFieldElem[0, -3//4, -1, -3//4],
	[19, 22, 20, 22, 14, 2, 1, 14, 1, 1] => QQFieldElem[0, 1//2, 3//4, 1//2],
	[19, 22, 20, 22, 13, 1, 2, 22, 2, 1] => QQFieldElem[0, -1, -2, -1],
	[19, 22, 20, 22, 22, 1, 2, 9, 1, 1] => QQFieldElem[0, 1//4, 3//4, 1//4],
	[19, 22, 20, 22, 22, 1, 2, 22, 1, 1] => QQFieldElem[-3//4, -2, -2, -3//4],
	[19, 22, 20, 22, 22, 2, 1, 21, 1, 1] => QQFieldElem[-1//5, -7//5, -21//10, -13//10],
	[19, 22, 20, 22, 15, 1, 1, 10, 1, 1] => QQFieldElem[1//4, 1, 3//2, 1],
	[19, 22, 20, 22, 21, 2, 2, 9, 1, 1] => QQFieldElem[3, 7, 7, 3],
	[19, 22, 20, 22, 21, 2, 2, 22, 1, 1] => QQFieldElem[8//5, 11//5, 4//5, -3//5],
	[19, 22, 20, 22, 14, 1, 1, 9, 1, 1] => QQFieldElem[-1, -5//4, -1//4, 1//2],
	[19, 22, 20, 22, 14, 1, 1, 22, 1, 1] => QQFieldElem[-4, -7, -4, 0],
	[19, 22, 20, 22, 21, 1, 1, 21, 2, 1] => QQFieldElem[1//5, -1//10, -2//5, -7//10],
	[19, 22, 20, 22, 22, 2, 1, 13, 1, 2] => QQFieldElem[3//2, 9//4, 5//4, 0],
	[19, 22, 20, 22, 13, 1, 1, 21, 2, 2] => QQFieldElem[1//5, 2//5, 3//5, -1//5],
	[19, 22, 20, 22, 16, 2, 1, 22, 2, 1] => QQFieldElem[0, -1, -2, -1],
	[19, 22, 20, 22, 22, 1, 1, 21, 1, 2] => QQFieldElem[-1//4, 0, 1//4, 0],
	[19, 22, 20, 22, 21, 1, 2, 22, 1, 2] => QQFieldElem[3//4, 3//4, 0, -1//4],
	[19, 22, 20, 22, 21, 2, 1, 21, 1, 2] => QQFieldElem[0, -1, 0, 0],
	[19, 22, 20, 22, 22, 2, 2, 21, 2, 2] => QQFieldElem[1, 3, 3, 1],
	[19, 22, 20, 22, 22, 2, 1, 15, 1, 1] => QQFieldElem[-3//11, -43//44, -47//44, -7//11],
	[19, 22, 20, 22, 13, 1, 1, 10, 1, 1] => QQFieldElem[-5//4, -2, -1, 1//2],
	[19, 22, 20, 22, 9, 1, 1, 21, 1, 2] => QQFieldElem[-2//5, -2//5, 0, -1//5],
	[19, 22, 20, 22, 16, 1, 1, 22, 2, 2] => QQFieldElem[1//2, 3, 4, 5//2],
	[19, 22, 20, 22, 14, 2, 1, 21, 2, 2] => QQFieldElem[6//5, 8//5, 1//5, -1],
	[19, 22, 20, 22, 15, 1, 1, 22, 2, 1] => QQFieldElem[-7//10, -7//10, 0, 2//5],
	[19, 22, 20, 22, 22, 2, 1, 16, 1, 1] => QQFieldElem[-8//11, -15//11, -35//44, 1//22],
	[19, 22, 20, 22, 22, 2, 2, 10, 1, 1] => QQFieldElem[-3, 0, 4, 4],
	[19, 22, 20, 22, 21, 1, 1, 16, 2, 1] => QQFieldElem[-6//11, -45//44, -9//22, 7//44],
	[19, 22, 20, 22, 22, 1, 1, 15, 1, 2] => QQFieldElem[-1//8, 3//8, 7//8, 3//4],
	[19, 22, 20, 22, 15, 1, 2, 21, 1, 2] => QQFieldElem[0, -1//2, -1, 0],
	[19, 22, 20, 22, 14, 2, 1, 10, 1, 1] => QQFieldElem[1//2, -1, -5//2, -2],
	[19, 22, 20, 22, 21, 2, 1, 15, 1, 2] => QQFieldElem[-25//22, -15//11, -9//22, 15//22],
	[19, 22, 20, 22, 22, 1, 2, 13, 1, 1] => QQFieldElem[1//4, -3//4, -1//2, -1//4],
	[19, 22, 20, 22, 22, 2, 1, 14, 1, 1] => QQFieldElem[0, 1, 7//4, 1],
	[19, 22, 20, 22, 9, 1, 1, 15, 1, 2] => QQFieldElem[124//55, 228//55, 152//55, -4//55],
	[19, 22, 20, 22, 21, 2, 2, 13, 1, 1] => QQFieldElem[3//2, 5//2, 2, 1//2],
	[19, 22, 20, 22, 21, 1, 1, 14, 2, 1] => QQFieldElem[1//2, 5//4, 1, -1//4],
	[19, 22, 20, 22, 14, 1, 1, 13, 1, 1] => QQFieldElem[-1, 0, 3//2, 3//2],
	[19, 22, 20, 22, 13, 1, 1, 22, 2, 1] => QQFieldElem[0, 0, 0, 0],
	[19, 22, 20, 22, 22, 1, 1, 9, 1, 1] => QQFieldElem[-1, -7//4, -1, 0],
	[19, 22, 20, 22, 22, 1, 1, 22, 1, 1] => QQFieldElem[1, 5//4, 1//2, -1//4],
	[19, 22, 20, 22, 21, 1, 2, 21, 1, 1] => QQFieldElem[-1//2, 0, 0, 1//2],
	[19, 22, 20, 22, 10, 1, 1, 21, 1, 2] => QQFieldElem[0, 0, 0, -1],
	[19, 22, 20, 22, 13, 1, 2, 21, 1, 2] => QQFieldElem[-4//5, 12//5, 8//5, 4//5],
	[19, 22, 20, 22, 21, 2, 1, 22, 1, 1] => QQFieldElem[-3, -4, -2, 1],
	[19, 22, 20, 22, 21, 2, 1, 9, 1, 1] => QQFieldElem[1, 1, 0, -3//4],
	[19, 22, 20, 22, 15, 1, 2, 15, 1, 2] => QQFieldElem[-2//11, -9//11, -23//22, -13//22],
	[19, 22, 20, 22, 22, 2, 2, 22, 2, 1] => QQFieldElem[1, -3//2, -9//2, -7//2],
	[19, 22, 20, 22, 16, 1, 1, 21, 2, 1] => QQFieldElem[3//2, 2, 5//2, 1//2],
	[19, 22, 20, 22, 21, 1, 2, 13, 1, 2] => QQFieldElem[-5//4, -7//4, -1, 1//4],
	[19, 22, 20, 22, 9, 1, 1, 9, 1, 1] => QQFieldElem[4, 8, 8, 4],
	[19, 22, 20, 22, 9, 1, 1, 22, 1, 1] => QQFieldElem[0, 0, 0, 0],
	[19, 22, 20, 22, 14, 2, 1, 22, 2, 1] => QQFieldElem[0, 16//5, 28//5, 16//5],
	[19, 22, 20, 22, 21, 1, 1, 22, 1, 2] => QQFieldElem[3//2, 1, -1, -3//2],
	[19, 22, 20, 22, 16, 2, 1, 21, 1, 2] => QQFieldElem[4, 4, 4, 0],
	[19, 22, 20, 22, 22, 1, 2, 22, 2, 2] => QQFieldElem[-5//2, -5//2, 0, 5//4],
	[19, 22, 20, 22, 22, 2, 1, 21, 2, 2] => QQFieldElem[-3//4, -1, -1//2, 1//4],
	[19, 22, 20, 22, 15, 1, 2, 9, 1, 1] => QQFieldElem[-1//2, -5//2, -3, -3//2],
	[19, 22, 20, 22, 21, 1, 2, 15, 1, 1] => QQFieldElem[1//44, 21//44, 9//11, 17//44],
	[19, 22, 20, 22, 10, 1, 1, 15, 1, 2] => QQFieldElem[8//11, 14//11, 13//11, 4//11],
	[19, 22, 20, 22, 15, 1, 2, 22, 1, 1] => QQFieldElem[1//5, -7//5, -14//5, -2],
	[19, 22, 20, 22, 21, 2, 2, 22, 2, 2] => QQFieldElem[-4, 0, 4, 4],
	[19, 22, 20, 22, 14, 1, 1, 22, 2, 2] => QQFieldElem[-13//10, -21//10, -7//5, -1//5],
	[19, 22, 20, 22, 13, 1, 2, 15, 1, 2] => QQFieldElem[-38//55, -6//55, 51//55, 58//55],
	[19, 22, 20, 22, 21, 1, 2, 16, 1, 1] => QQFieldElem[5//22, 27//44, 6//11, 9//44],
	[19, 22, 20, 22, 22, 2, 1, 10, 1, 1] => QQFieldElem[-3//4, -7//4, -7//4, -3//4],
	[19, 22, 20, 22, 16, 1, 1, 16, 2, 1] => QQFieldElem[12//11, -16//11, -46//11, -20//11],
	[19, 22, 20, 22, 15, 1, 1, 21, 1, 2] => QQFieldElem[0, 1//4, 1//4, 0],
	[19, 22, 20, 22, 10, 1, 1, 9, 1, 1] => QQFieldElem[0, 0, 0, 0],
	[19, 22, 20, 22, 10, 1, 1, 22, 1, 1] => QQFieldElem[-1//5, -7//5, -8//5, -4//5],
	[19, 22, 20, 22, 21, 1, 2, 14, 1, 1] => QQFieldElem[0, 1//4, 1//2, 1//4],
	[19, 22, 20, 22, 16, 2, 1, 15, 1, 2] => QQFieldElem[-20//11, -24//11, -16//11, -10//11],
	[19, 22, 20, 22, 22, 1, 1, 13, 1, 1] => QQFieldElem[-5//8, -3//8, 1//8, 1//4],
	[19, 22, 20, 22, 13, 1, 2, 22, 1, 1] => QQFieldElem[2//5, 8//5, 8//5, 2//5])