Dict(
	[19, 8, 22, 21, 14, 1, 1, 4, 1, 1] => QQFieldElem[13//55, 1//55, -26//55, -18//55],
	[19, 8, 22, 21, 16, 2, 1, 4, 1, 1] => QQFieldElem[0, 0, 0, 0],
	[19, 8, 22, 21, 22, 2, 1, 18, 1, 2] => QQFieldElem[0, 2, -2, 0],
	[19, 8, 22, 21, 21, 1, 1, 18, 1, 2] => QQFieldElem[-1//4, 1//2, -1//4, -1//2],
	[19, 8, 22, 21, 22, 2, 1, 17, 1, 2] => QQFieldElem[2, 4, 2, 2],
	[19, 8, 22, 21, 21, 1, 1, 17, 1, 2] => QQFieldElem[0, 1//2, 3//4, 3//4],
	[19, 8, 22, 21, 14, 1, 1, 18, 1, 2] => QQFieldElem[1//10, -3//10, -1//5, -3//5],
	[19, 8, 22, 21, 16, 2, 1, 18, 1, 2] => QQFieldElem[0, 0, 0, 0],
	[19, 8, 22, 21, 14, 1, 1, 17, 1, 2] => QQFieldElem[0, 1//8, 1//4, 1//8],
	[19, 8, 22, 21, 16, 2, 1, 17, 1, 2] => QQFieldElem[0, 1, 1, 0],
	[19, 8, 22, 21, 22, 2, 1, 5, 1, 1] => QQFieldElem[-2//11, -12//11, 26//11, 18//11],
	[19, 8, 22, 21, 21, 1, 1, 5, 1, 1] => QQFieldElem[3//11, 3//22, 9//44, 13//44],
	[19, 8, 22, 21, 22, 2, 1, 19, 1, 1] => QQFieldElem[1//2, -1//2, -1//2, -1//2],
	[19, 8, 22, 21, 21, 1, 1, 19, 1, 1] => QQFieldElem[0, 0, 0, -2],
	[19, 8, 22, 21, 14, 1, 1, 5, 1, 1] => QQFieldElem[26//11, 24//11, -8//11, -14//11],
	[19, 8, 22, 21, 16, 2, 1, 5, 1, 1] => QQFieldElem[0, 1//2, 0, 0],
	[19, 8, 22, 21, 14, 1, 1, 19, 1, 1] => QQFieldElem[0, 0, 0, 0],
	[19, 8, 22, 21, 16, 2, 1, 19, 1, 1] => QQFieldElem[0, -1, 1, -1],
	[19, 8, 22, 21, 22, 2, 1, 18, 1, 1] => QQFieldElem[-3//2, -1//2, -3//2, -3//2],
	[19, 8, 22, 21, 22, 1, 1, 19, 1, 2] => QQFieldElem[0, 0, 0, 0],
	[19, 8, 22, 21, 21, 1, 1, 18, 1, 1] => QQFieldElem[0, 0, 0, 2],
	[19, 8, 22, 21, 22, 2, 1, 17, 1, 1] => QQFieldElem[0, -1//2, -1, -1],
	[19, 8, 22, 21, 21, 1, 1, 17, 1, 1] => QQFieldElem[-2, -4, -4, -2],
	[19, 8, 22, 21, 14, 1, 1, 18, 1, 1] => QQFieldElem[0, 0, 0, 0],
	[19, 8, 22, 21, 16, 2, 1, 18, 1, 1] => QQFieldElem[0, -1, 1, -1],
	[19, 8, 22, 21, 16, 1, 1, 19, 1, 2] => QQFieldElem[0, -2, 2, 0],
	[19, 8, 22, 21, 22, 1, 1, 4, 1, 1] => QQFieldElem[-3//22, 2//11, 3//11, 5//22],
	[19, 8, 22, 21, 21, 2, 1, 19, 1, 2] => QQFieldElem[-1//10, 3//10, -3//10, 1//10],
	[19, 8, 22, 21, 14, 1, 1, 17, 1, 1] => QQFieldElem[-1//5, -7//5, -8//5, -4//5],
	[19, 8, 22, 21, 16, 2, 1, 17, 1, 1] => QQFieldElem[0, 0, 0, 0],
	[19, 8, 22, 21, 14, 2, 1, 19, 1, 2] => QQFieldElem[2//5, -1//5, 1//5, 3//5],
	[19, 8, 22, 21, 16, 1, 1, 4, 1, 1] => QQFieldElem[1//44, 1//88, -1//22, -7//88],
	[19, 8, 22, 21, 21, 2, 1, 4, 1, 1] => QQFieldElem[0, 0, 0, 0],
	[19, 8, 22, 21, 22, 1, 1, 18, 1, 2] => QQFieldElem[4, 2, 2, 2],
	[19, 8, 22, 21, 14, 2, 1, 4, 1, 1] => QQFieldElem[13//55, 1//55, -26//55, -18//55],
	[19, 8, 22, 21, 22, 1, 1, 17, 1, 2] => QQFieldElem[0, 1, 2, 2],
	[19, 8, 22, 21, 16, 1, 1, 18, 1, 2] => QQFieldElem[0, 2, -2, 0],
	[19, 8, 22, 21, 21, 2, 1, 18, 1, 2] => QQFieldElem[-1//2, -1//2, -1//2, -1//2],
	[19, 8, 22, 21, 16, 1, 1, 17, 1, 2] => QQFieldElem[1//2, 1, 1, 1//2],
	[19, 8, 22, 21, 21, 2, 1, 17, 1, 2] => QQFieldElem[0, 1//2, 0, 0],
	[19, 8, 22, 21, 14, 2, 1, 18, 1, 2] => QQFieldElem[2//5, -1//5, 1//5, 3//5],
	[19, 8, 22, 21, 14, 2, 1, 17, 1, 2] => QQFieldElem[0, 0, 0, 0],
	[19, 8, 22, 21, 22, 1, 1, 5, 1, 1] => QQFieldElem[-4//11, 9//11, 8//11, -8//11],
	[19, 8, 22, 21, 22, 1, 1, 19, 1, 1] => QQFieldElem[-1//4, 0, -1//4, 0],
	[19, 8, 22, 21, 16, 1, 1, 5, 1, 1] => QQFieldElem[5//22, 4//11, 13//44, 9//44],
	[19, 8, 22, 21, 21, 2, 1, 5, 1, 1] => QQFieldElem[0, -1//2, -1, -1],
	[19, 8, 22, 21, 16, 1, 1, 19, 1, 1] => QQFieldElem[1//2, 1//2, 0, 1],
	[19, 8, 22, 21, 21, 2, 1, 19, 1, 1] => QQFieldElem[-8//5, 4//5, -4//5, -2//5],
	[19, 8, 22, 21, 14, 2, 1, 5, 1, 1] => QQFieldElem[-18//11, -20//11, -8//11, -14//11],
	[19, 8, 22, 21, 14, 2, 1, 19, 1, 1] => QQFieldElem[-8//5, 24//5, -24//5, 8//5],
	[19, 8, 22, 21, 22, 1, 1, 18, 1, 1] => QQFieldElem[1//4, -1//2, 1//4, 0],
	[19, 8, 22, 21, 22, 1, 1, 17, 1, 1] => QQFieldElem[1//2, 0, -1//4, -1//4],
	[19, 8, 22, 21, 16, 1, 1, 18, 1, 1] => QQFieldElem[1//2, 1//2, 0, 1],
	[19, 8, 22, 21, 21, 2, 1, 18, 1, 1] => QQFieldElem[-8, -4, -4, -6],
	[19, 8, 22, 21, 21, 1, 1, 19, 1, 2] => QQFieldElem[-3//20, 1//5, 1//20, -1//10],
	[19, 8, 22, 21, 22, 2, 1, 19, 1, 2] => QQFieldElem[0, -2, 2, 0],
	[19, 8, 22, 21, 16, 1, 1, 17, 1, 1] => QQFieldElem[0, -1//8, -1//4, -1//8],
	[19, 8, 22, 21, 21, 2, 1, 17, 1, 1] => QQFieldElem[2, 0, -4, -2],
	[19, 8, 22, 21, 14, 2, 1, 18, 1, 1] => QQFieldElem[8//5, -24//5, 24//5, -8//5],
	[19, 8, 22, 21, 14, 1, 1, 19, 1, 2] => QQFieldElem[1//10, -3//10, -1//5, -3//5],
	[19, 8, 22, 21, 16, 2, 1, 19, 1, 2] => QQFieldElem[0, 0, 0, 0],
	[19, 8, 22, 21, 22, 2, 1, 4, 1, 1] => QQFieldElem[2//11, 1//11, 7//11, 4//11],
	[19, 8, 22, 21, 21, 1, 1, 4, 1, 1] => QQFieldElem[-1//44, -1//88, 1//22, 7//88],
	[19, 8, 22, 21, 14, 2, 1, 17, 1, 1] => QQFieldElem[-1//5, -7//5, -8//5, -4//5])