Dict(
	[19, 16, 9, 11, 7, 1, 1, 21, 1, 1] => QQFieldElem[1, 0, -1, 0],
	[19, 16, 9, 11, 7, 1, 1, 22, 1, 1] => QQFieldElem[3, 2, 1, 4],
	[19, 16, 9, 11, 5, 1, 1, 21, 2, 1] => QQFieldElem[1//2, 1//2, 1//2, 1//2],
	[19, 16, 9, 11, 5, 1, 1, 22, 2, 1] => QQFieldElem[0, 0, 0, -1//2],
	[19, 16, 9, 11, 7, 1, 1, 21, 2, 1] => QQFieldElem[1//2, 1//2, 1//2, 1//2],
	[19, 16, 9, 11, 7, 1, 1, 22, 2, 1] => QQFieldElem[0, 0, 0, 1//2],
	[19, 16, 9, 11, 17, 1, 1, 21, 1, 1] => QQFieldElem[0, 0, 0, 1//2],
	[19, 16, 9, 11, 17, 1, 1, 22, 1, 1] => QQFieldElem[1, -1, 0, 0],
	[19, 16, 9, 11, 20, 1, 1, 21, 1, 1] => QQFieldElem[0, 0, 1, 1//2],
	[19, 16, 9, 11, 17, 1, 1, 21, 2, 1] => QQFieldElem[0, 0, 0, 0],
	[19, 16, 9, 11, 20, 1, 1, 22, 1, 1] => QQFieldElem[1, -1, 0, 0],
	[19, 16, 9, 11, 17, 1, 1, 22, 2, 1] => QQFieldElem[1//2, 1//2, 1//2, 1//2],
	[19, 16, 9, 11, 20, 1, 1, 21, 2, 1] => QQFieldElem[0, 0, 0, 0],
	[19, 16, 9, 11, 20, 1, 1, 22, 2, 1] => QQFieldElem[-1//2, -1//2, -1//2, -1//2],
	[19, 16, 9, 11, 5, 1, 1, 21, 1, 1] => QQFieldElem[1, 0, -1, 0],
	[19, 16, 9, 11, 5, 1, 1, 22, 1, 1] => QQFieldElem[1, -2, 1, 0])