Dict(
	[19, 17, 17, 20, 19, 2, 1, 11, 1, 1] => QQFieldElem[0, 0, 0, 0],
	[19, 17, 17, 20, 20, 2, 1, 20, 1, 1] => QQFieldElem[3//5, 2//5, 2//5, 3//5],
	[19, 17, 17, 20, 19, 1, 1, 12, 1, 1] => QQFieldElem[0, 0, 0, 0],
	[19, 17, 17, 20, 11, 1, 1, 12, 1, 1] => QQFieldElem[0, 0, 0, 0],
	[19, 17, 17, 20, 20, 1, 1, 18, 1, 1] => QQFieldElem[1//20, 1//10, -1//20, 3//20],
	[19, 17, 17, 20, 12, 1, 1, 18, 1, 1] => QQFieldElem[0, 0, 0, 0],
	[19, 17, 17, 20, 19, 2, 1, 19, 1, 1] => QQFieldElem[8//5, 16//5, 4//5, -8//5],
	[19, 17, 17, 20, 20, 1, 1, 17, 1, 1] => QQFieldElem[0, 0, 0, 0],
	[19, 17, 17, 20, 12, 1, 1, 17, 1, 1] => QQFieldElem[-4, -8, -4, 0],
	[19, 17, 17, 20, 20, 2, 1, 20, 2, 1] => QQFieldElem[-1//5, 1//5, 1//5, -1//5],
	[19, 17, 17, 20, 17, 2, 1, 11, 1, 1] => QQFieldElem[-1//5, 1//10, 2//5, 1//5],
	[19, 17, 17, 20, 20, 2, 1, 19, 1, 2] => QQFieldElem[-1//5, -1//5, 0, -3//5],
	[19, 17, 17, 20, 19, 1, 1, 20, 1, 1] => QQFieldElem[2//5, -6//5, -14//5, -12//5],
	[19, 17, 17, 20, 11, 1, 1, 20, 1, 1] => QQFieldElem[-1//10, -7//10, -4//5, -2//5],
	[19, 17, 17, 20, 17, 1, 1, 12, 1, 1] => QQFieldElem[0, 0, 1, 1],
	[19, 17, 17, 20, 17, 2, 1, 19, 1, 1] => QQFieldElem[0, 0, 0, 0],
	[19, 17, 17, 20, 19, 1, 1, 20, 2, 1] => QQFieldElem[3//5, 6//5, 4//5, 2//5],
	[19, 17, 17, 20, 11, 1, 1, 20, 2, 1] => QQFieldElem[0, 0, 0, 0],
	[19, 17, 17, 20, 19, 2, 1, 18, 1, 1] => QQFieldElem[0, 0, 0, 0],
	[19, 17, 17, 20, 19, 1, 1, 19, 1, 2] => QQFieldElem[-1//5, -7//5, -8//5, -4//5],
	[19, 17, 17, 20, 11, 1, 1, 19, 1, 2] => QQFieldElem[0, 0, 0, 0],
	[19, 17, 17, 20, 19, 2, 1, 17, 1, 1] => QQFieldElem[-4//5, -3//5, -2//5, -1//5],
	[19, 17, 17, 20, 17, 1, 1, 20, 1, 1] => QQFieldElem[1//10, 1//40, 1//20, 3//40],
	[19, 17, 17, 20, 17, 1, 1, 20, 2, 1] => QQFieldElem[-1//20, 0, -1//40, -1//20],
	[19, 17, 17, 20, 17, 2, 1, 18, 1, 1] => QQFieldElem[1//10, -3//10, -7//10, -3//5],
	[19, 17, 17, 20, 17, 1, 1, 19, 1, 2] => QQFieldElem[-1//40, 1//20, -1//20, 1//40],
	[19, 17, 17, 20, 17, 2, 1, 17, 1, 1] => QQFieldElem[0, -3, -5, -3],
	[19, 17, 17, 20, 20, 2, 1, 11, 1, 1] => QQFieldElem[0, 0, 0, 0],
	[19, 17, 17, 20, 20, 1, 1, 12, 1, 1] => QQFieldElem[0, 0, 0, 0],
	[19, 17, 17, 20, 12, 1, 1, 12, 1, 1] => QQFieldElem[0, -4, -4, 0],
	[19, 17, 17, 20, 20, 2, 1, 19, 1, 1] => QQFieldElem[2//5, 2//5, 0, 1//5],
	[19, 17, 17, 20, 19, 1, 1, 11, 1, 1] => QQFieldElem[-1//20, -1//10, 1//20, -3//20],
	[19, 17, 17, 20, 11, 1, 1, 11, 1, 1] => QQFieldElem[1//5, -3//5, -7//5, -6//5],
	[19, 17, 17, 20, 20, 1, 1, 20, 1, 1] => QQFieldElem[-1//10, -1//5, 1//10, -3//10],
	[19, 17, 17, 20, 12, 1, 1, 20, 1, 1] => QQFieldElem[1//20, 7//20, 2//5, 1//5],
	[19, 17, 17, 20, 19, 1, 1, 19, 1, 1] => QQFieldElem[0, 0, 0, 0],
	[19, 17, 17, 20, 11, 1, 1, 19, 1, 1] => QQFieldElem[-2//5, -4//5, -7//10, -1//10],
	[19, 17, 17, 20, 17, 1, 1, 11, 1, 1] => QQFieldElem[-1//5, 1//10, 2//5, 1//5],
	[19, 17, 17, 20, 12, 1, 1, 20, 2, 1] => QQFieldElem[1//20, 7//20, 2//5, 1//5],
	[19, 17, 17, 20, 19, 2, 1, 12, 1, 1] => QQFieldElem[1//5, 2//5, -2//5, 4//5],
	[19, 17, 17, 20, 20, 2, 1, 18, 1, 1] => QQFieldElem[0, 0, 0, 0],
	[19, 17, 17, 20, 20, 1, 1, 19, 1, 2] => QQFieldElem[0, 0, 0, 0],
	[19, 17, 17, 20, 12, 1, 1, 19, 1, 2] => QQFieldElem[1//5, 2//5, 7//20, 1//20],
	[19, 17, 17, 20, 20, 1, 1, 20, 2, 1] => QQFieldElem[1//10, 1//5, 0, 1//5],
	[19, 17, 17, 20, 20, 2, 1, 17, 1, 1] => QQFieldElem[-4//5, -3//5, -2//5, -1//5],
	[19, 17, 17, 20, 17, 1, 1, 19, 1, 1] => QQFieldElem[1//40, -1//40, 1//40, -1//40],
	[19, 17, 17, 20, 19, 2, 1, 20, 1, 1] => QQFieldElem[8//5, 16//5, 24//5, 12//5],
	[19, 17, 17, 20, 19, 1, 1, 18, 1, 1] => QQFieldElem[1//20, 1//10, -1//20, 3//20],
	[19, 17, 17, 20, 17, 2, 1, 12, 1, 1] => QQFieldElem[0, 0, -1, -1],
	[19, 17, 17, 20, 11, 1, 1, 18, 1, 1] => QQFieldElem[-2//5, 1//5, 4//5, 2//5],
	[19, 17, 17, 20, 19, 1, 1, 17, 1, 1] => QQFieldElem[0, 0, 0, 0],
	[19, 17, 17, 20, 11, 1, 1, 17, 1, 1] => QQFieldElem[0, 0, 0, 0],
	[19, 17, 17, 20, 19, 2, 1, 20, 2, 1] => QQFieldElem[-1, 0, 2, 2],
	[19, 17, 17, 20, 19, 2, 1, 19, 1, 2] => QQFieldElem[1//5, 7//5, 8//5, 4//5],
	[19, 17, 17, 20, 17, 2, 1, 20, 1, 1] => QQFieldElem[0, 0, 0, 0],
	[19, 17, 17, 20, 17, 1, 1, 18, 1, 1] => QQFieldElem[1//10, -3//10, -7//10, -3//5],
	[19, 17, 17, 20, 17, 1, 1, 17, 1, 1] => QQFieldElem[0, 3, 5, 3],
	[19, 17, 17, 20, 17, 2, 1, 20, 2, 1] => QQFieldElem[0, 0, 0, 0],
	[19, 17, 17, 20, 17, 2, 1, 19, 1, 2] => QQFieldElem[0, 0, 0, 0],
	[19, 17, 17, 20, 20, 1, 1, 11, 1, 1] => QQFieldElem[-1//20, -1//10, 1//20, -3//20],
	[19, 17, 17, 20, 12, 1, 1, 11, 1, 1] => QQFieldElem[0, 0, 0, 0],
	[19, 17, 17, 20, 20, 1, 1, 19, 1, 1] => QQFieldElem[0, 0, 0, 0],
	[19, 17, 17, 20, 12, 1, 1, 19, 1, 1] => QQFieldElem[1//5, 2//5, 7//20, 1//20],
	[19, 17, 17, 20, 20, 2, 1, 12, 1, 1] => QQFieldElem[1//5, 2//5, -2//5, 4//5])