Dict(
	[19, 13, 10, 17, 17, 1, 1, 13, 1, 1] => QQFieldElem[1, 0, -1, -1],
	[19, 13, 10, 17, 6, 1, 1, 14, 1, 1] => QQFieldElem[4, 4, 2, 0],
	[19, 13, 10, 17, 8, 1, 1, 22, 1, 1] => QQFieldElem[4//5, 8//5, 2//5, -4//5],
	[19, 13, 10, 17, 19, 1, 1, 10, 1, 1] => QQFieldElem[0, 2, 3, 2],
	[19, 13, 10, 17, 6, 1, 1, 13, 1, 1] => QQFieldElem[-2, -10, -12, -6],
	[19, 13, 10, 17, 17, 1, 1, 22, 1, 1] => QQFieldElem[2//5, -6//5, -14//5, -12//5],
	[19, 13, 10, 17, 8, 1, 1, 10, 1, 1] => QQFieldElem[1, 0, -1, -1],
	[19, 13, 10, 17, 19, 1, 1, 14, 1, 1] => QQFieldElem[0, -2, -3, -2],
	[19, 13, 10, 17, 17, 1, 1, 10, 1, 1] => QQFieldElem[0, -1, -1, 0],
	[19, 13, 10, 17, 6, 1, 1, 22, 1, 1] => QQFieldElem[-4, -12, -12, -4],
	[19, 13, 10, 17, 19, 1, 1, 13, 1, 1] => QQFieldElem[-2, -2, 0, 1],
	[19, 13, 10, 17, 8, 1, 1, 14, 1, 1] => QQFieldElem[0, 0, 1, 1],
	[19, 13, 10, 17, 6, 1, 1, 10, 1, 1] => QQFieldElem[-4, -6, -2, 2],
	[19, 13, 10, 17, 8, 1, 1, 13, 1, 1] => QQFieldElem[1, 2, 1, 0],
	[19, 13, 10, 17, 17, 1, 1, 14, 1, 1] => QQFieldElem[0, 1, 1, 0],
	[19, 13, 10, 17, 19, 1, 1, 22, 1, 1] => QQFieldElem[-14//5, -8//5, 8//5, 14//5])