Dict(
	[19, 20, 18, 4, 19, 1, 2, 17, 2, 1] => QQFieldElem[-1, -2, -1, -1],
	[19, 20, 18, 4, 19, 1, 1, 17, 2, 1] => QQFieldElem[4, 4, 8, 4],
	[19, 20, 18, 4, 11, 1, 1, 17, 2, 1] => QQFieldElem[0, 0, 0, 0],
	[19, 20, 18, 4, 12, 1, 1, 20, 1, 1] => QQFieldElem[16//5, 32//5, 8//5, -16//5],
	[19, 20, 18, 4, 12, 1, 1, 20, 2, 1] => QQFieldElem[0, 0, 0, 0],
	[19, 20, 18, 4, 12, 1, 1, 17, 1, 1] => QQFieldElem[-2, 0, 0, 2],
	[19, 20, 18, 4, 19, 1, 2, 20, 1, 1] => QQFieldElem[4//5, 8//5, 2//5, -4//5],
	[19, 20, 18, 4, 19, 1, 1, 20, 1, 1] => QQFieldElem[1, 2, 1, 0],
	[19, 20, 18, 4, 11, 1, 1, 20, 1, 1] => QQFieldElem[4//5, 8//5, 2//5, -4//5],
	[19, 20, 18, 4, 12, 1, 1, 17, 2, 1] => QQFieldElem[0, 0, 0, 0],
	[19, 20, 18, 4, 19, 1, 2, 20, 2, 1] => QQFieldElem[-1, -1, 0, 0],
	[19, 20, 18, 4, 19, 1, 1, 20, 2, 1] => QQFieldElem[4, 4, 4, 0],
	[19, 20, 18, 4, 19, 1, 2, 17, 1, 1] => QQFieldElem[2, 2, 2, 2],
	[19, 20, 18, 4, 11, 1, 1, 20, 2, 1] => QQFieldElem[0, 0, 0, 0],
	[19, 20, 18, 4, 19, 1, 1, 17, 1, 1] => QQFieldElem[1, 1, 2, 1],
	[19, 20, 18, 4, 11, 1, 1, 17, 1, 1] => QQFieldElem[0, -1//2, 1//2, 0])