Dict(
	[19, 21, 4, 22, 13, 1, 1, 21, 1, 1] => QQFieldElem[12//5, 24//5, 16//5, 8//5],
	[19, 21, 4, 22, 13, 1, 1, 22, 1, 1] => QQFieldElem[0, 0, 0, 0],
	[19, 21, 4, 22, 22, 1, 1, 15, 1, 1] => QQFieldElem[-1//4, 1//4, 0, 0],
	[19, 21, 4, 22, 13, 1, 1, 21, 2, 1] => QQFieldElem[3//2, 4, 9//2, 5//2],
	[19, 21, 4, 22, 22, 2, 1, 15, 1, 1] => QQFieldElem[0, 0, 0, 0],
	[19, 21, 4, 22, 21, 1, 1, 15, 1, 1] => QQFieldElem[-9//4, -15//4, -2, 1//2],
	[19, 21, 4, 22, 22, 1, 1, 21, 1, 1] => QQFieldElem[1, -5//4, -17//4, -3],
	[19, 21, 4, 22, 13, 1, 1, 22, 2, 1] => QQFieldElem[1//2, 0, 1//2, 1//2],
	[19, 21, 4, 22, 21, 2, 1, 15, 1, 1] => QQFieldElem[2, 1, -1, -2],
	[19, 21, 4, 22, 22, 1, 1, 22, 1, 1] => QQFieldElem[-2, -9//4, -3//4, 1],
	[19, 21, 4, 22, 22, 2, 1, 21, 1, 1] => QQFieldElem[3//2, 4, 9//2, 5//2],
	[19, 21, 4, 22, 21, 1, 1, 21, 1, 1] => QQFieldElem[-2, -4, -2, 0],
	[19, 21, 4, 22, 22, 2, 1, 22, 1, 1] => QQFieldElem[3//2, 0, -3//2, -3//2],
	[19, 21, 4, 22, 21, 1, 1, 22, 1, 1] => QQFieldElem[0, 0, 0, 0],
	[19, 21, 4, 22, 21, 2, 1, 21, 1, 1] => QQFieldElem[1//2, 0, -1//2, -1//2],
	[19, 21, 4, 22, 22, 1, 1, 21, 2, 1] => QQFieldElem[-1, -5//4, -1//4, 0],
	[19, 21, 4, 22, 21, 2, 1, 22, 1, 1] => QQFieldElem[3//2, 0, -1//2, 3//2],
	[19, 21, 4, 22, 22, 1, 1, 22, 2, 1] => QQFieldElem[0, -1//4, 1//4, 0],
	[19, 21, 4, 22, 22, 2, 1, 21, 2, 1] => QQFieldElem[1//2, 0, 1//2, 1//2],
	[19, 21, 4, 22, 21, 1, 1, 21, 2, 1] => QQFieldElem[0, 0, 0, 0],
	[19, 21, 4, 22, 22, 2, 1, 22, 2, 1] => QQFieldElem[1//2, 0, 1//2, 1//2],
	[19, 21, 4, 22, 21, 1, 1, 22, 2, 1] => QQFieldElem[-2, 0, -2, 0],
	[19, 21, 4, 22, 21, 2, 1, 21, 2, 1] => QQFieldElem[-1, -3, -5, -3],
	[19, 21, 4, 22, 21, 2, 1, 22, 2, 1] => QQFieldElem[-1, -1, 1, 1],
	[19, 21, 4, 22, 13, 1, 1, 15, 1, 1] => QQFieldElem[-2, -2, 0, 1])