Dict(
	[20, 20, 12, 17, 20, 1, 1, 12, 1, 1] => QQFieldElem[0, 0, 0, 0],
	[20, 20, 12, 17, 19, 2, 1, 18, 1, 1] => QQFieldElem[0, 0, 0, 0],
	[20, 20, 12, 17, 11, 1, 1, 17, 1, 1] => QQFieldElem[1//2, 0, 1, 1],
	[20, 20, 12, 17, 17, 1, 1, 19, 2, 1] => QQFieldElem[0, 0, 0, 0],
	[20, 20, 12, 17, 19, 2, 1, 17, 1, 1] => QQFieldElem[0, 0, 0, 0],
	[20, 20, 12, 17, 17, 1, 1, 20, 1, 1] => QQFieldElem[-2//5, -3//10, 3//10, 2//5],
	[20, 20, 12, 17, 20, 1, 1, 19, 2, 1] => QQFieldElem[0, 0, 1, 1],
	[20, 20, 12, 17, 20, 1, 1, 20, 1, 1] => QQFieldElem[0, 0, 0, 0],
	[20, 20, 12, 17, 17, 1, 1, 18, 1, 1] => QQFieldElem[1//4, 0, 0, -1//4],
	[20, 20, 12, 17, 18, 1, 1, 19, 1, 1] => QQFieldElem[0, 0, 0, 0],
	[20, 20, 12, 17, 18, 1, 1, 12, 1, 1] => QQFieldElem[-3//4, 0, -1//4, -1//4],
	[20, 20, 12, 17, 17, 1, 1, 17, 1, 1] => QQFieldElem[1//4, 0, 0, -1//4],
	[20, 20, 12, 17, 19, 1, 1, 19, 1, 1] => QQFieldElem[1//2, 0, -3//2, -3//2],
	[20, 20, 12, 17, 11, 1, 1, 19, 1, 1] => QQFieldElem[2, 2, 1, 0],
	[20, 20, 12, 17, 11, 1, 1, 12, 1, 1] => QQFieldElem[0, 0, 0, 0],
	[20, 20, 12, 17, 20, 1, 1, 18, 1, 1] => QQFieldElem[-1, 0, 0, 0],
	[20, 20, 12, 17, 19, 1, 1, 12, 1, 1] => QQFieldElem[0, 0, 0, 0],
	[20, 20, 12, 17, 19, 2, 1, 19, 1, 1] => QQFieldElem[1//4, 0, -1//4, 0],
	[20, 20, 12, 17, 19, 2, 1, 12, 1, 1] => QQFieldElem[0, 1//2, 0, -1//2],
	[20, 20, 12, 17, 20, 1, 1, 17, 1, 1] => QQFieldElem[1, 0, 0, 0],
	[20, 20, 12, 17, 18, 1, 1, 19, 2, 1] => QQFieldElem[-8//5, -6//5, -4//5, -2//5],
	[20, 20, 12, 17, 19, 1, 1, 19, 2, 1] => QQFieldElem[-1//4, 1//2, -1//4, 0],
	[20, 20, 12, 17, 11, 1, 1, 19, 2, 1] => QQFieldElem[0, 0, 0, 0],
	[20, 20, 12, 17, 18, 1, 1, 20, 1, 1] => QQFieldElem[0, 1//2, 1//2, 0],
	[20, 20, 12, 17, 19, 2, 1, 19, 2, 1] => QQFieldElem[2, 2, 4, 2],
	[20, 20, 12, 17, 11, 1, 1, 20, 1, 1] => QQFieldElem[0, 0, 0, 0],
	[20, 20, 12, 17, 19, 1, 1, 20, 1, 1] => QQFieldElem[0, 0, 0, 0],
	[20, 20, 12, 17, 17, 1, 1, 19, 1, 1] => QQFieldElem[0, 0, 0, 0],
	[20, 20, 12, 17, 18, 1, 1, 18, 1, 1] => QQFieldElem[3//4, 1//2, 1//2, 3//4],
	[20, 20, 12, 17, 17, 1, 1, 12, 1, 1] => QQFieldElem[-1//4, -1//2, -1//4, -1//4],
	[20, 20, 12, 17, 19, 2, 1, 20, 1, 1] => QQFieldElem[2//5, -1//5, -4//5, -2//5],
	[20, 20, 12, 17, 19, 1, 1, 18, 1, 1] => QQFieldElem[2, 2, 2, 4],
	[20, 20, 12, 17, 11, 1, 1, 18, 1, 1] => QQFieldElem[-1//2, 0, -1, -1],
	[20, 20, 12, 17, 18, 1, 1, 17, 1, 1] => QQFieldElem[3//4, 1//2, 1//2, 3//4],
	[20, 20, 12, 17, 20, 1, 1, 19, 1, 1] => QQFieldElem[0, 0, 0, 0],
	[20, 20, 12, 17, 19, 1, 1, 17, 1, 1] => QQFieldElem[2, 2, 2, 4])