Dict(
	[20, 15, 18, 22, 15, 1, 1, 21, 1, 2] => QQFieldElem[9//44, 13//44, 5//44, -1//44],
	[20, 15, 18, 22, 10, 1, 1, 21, 1, 1] => QQFieldElem[1//2, 3//2, 2, 1],
	[20, 15, 18, 22, 15, 1, 1, 22, 1, 2] => QQFieldElem[0, 0, 0, 0],
	[20, 15, 18, 22, 10, 1, 1, 22, 1, 1] => QQFieldElem[-2//5, -4//5, -6//5, 2//5],
	[20, 15, 18, 22, 22, 1, 1, 14, 1, 1] => QQFieldElem[1, 5//4, 1//2, -1//4],
	[20, 15, 18, 22, 15, 1, 1, 21, 2, 2] => QQFieldElem[-5//44, -17//44, -13//22, -13//11],
	[20, 15, 18, 22, 10, 1, 1, 21, 2, 1] => QQFieldElem[3//2, 7//2, 3, 1],
	[20, 15, 18, 22, 13, 2, 1, 21, 1, 1] => QQFieldElem[-1, -7//2, -9//2, -5//2],
	[20, 15, 18, 22, 15, 1, 1, 22, 2, 2] => QQFieldElem[-82//11, -31//11, -32//11, -90//11],
	[20, 15, 18, 22, 21, 2, 1, 14, 1, 1] => QQFieldElem[2, 2, 1, 0],
	[20, 15, 18, 22, 10, 1, 1, 22, 2, 1] => QQFieldElem[-2, -4, -2, 2],
	[20, 15, 18, 22, 13, 2, 1, 22, 1, 1] => QQFieldElem[3, 5, 3, 0],
	[20, 15, 18, 22, 13, 2, 1, 21, 2, 1] => QQFieldElem[0, 0, -2, -3],
	[20, 15, 18, 22, 22, 2, 1, 21, 1, 1] => QQFieldElem[-50//11, -60//11, -40//11, -25//11],
	[20, 15, 18, 22, 15, 2, 1, 16, 1, 1] => QQFieldElem[3//4, 3//2, 5//4, 1//4],
	[20, 15, 18, 22, 13, 2, 1, 22, 2, 1] => QQFieldElem[0, 2, 0, -2],
	[20, 15, 18, 22, 21, 1, 1, 21, 1, 1] => QQFieldElem[-15//88, -9//44, -1//88, 9//88],
	[20, 15, 18, 22, 22, 2, 1, 22, 1, 1] => QQFieldElem[37//11, 93//11, 118//11, 72//11],
	[20, 15, 18, 22, 21, 1, 1, 22, 1, 1] => QQFieldElem[-3//11, -12//11, 5//11, -10//11],
	[20, 15, 18, 22, 14, 1, 1, 21, 1, 1] => QQFieldElem[11//2, 5, 11, 7//2],
	[20, 15, 18, 22, 13, 1, 1, 21, 1, 2] => QQFieldElem[1//2, 3//4, 1//4, -1//4],
	[20, 15, 18, 22, 22, 2, 1, 21, 2, 1] => QQFieldElem[-1//11, 13//22, 5//22, -1//22],
	[20, 15, 18, 22, 14, 1, 1, 22, 1, 1] => QQFieldElem[-5//2, 5, 15//2, 0],
	[20, 15, 18, 22, 21, 1, 1, 21, 2, 1] => QQFieldElem[7//44, 15//44, 5//22, -1//22],
	[20, 15, 18, 22, 13, 1, 1, 22, 1, 2] => QQFieldElem[0, 0, 0, 0],
	[20, 15, 18, 22, 22, 2, 1, 22, 2, 1] => QQFieldElem[13//11, -3//11, -47//22, -19//11],
	[20, 15, 18, 22, 21, 1, 1, 22, 2, 1] => QQFieldElem[2//11, -3//11, 4//11, -8//11],
	[20, 15, 18, 22, 14, 1, 1, 21, 2, 1] => QQFieldElem[3, 15, 16, 6],
	[20, 15, 18, 22, 13, 1, 1, 21, 2, 2] => QQFieldElem[-1//2, 0, 1//2, 1//2],
	[20, 15, 18, 22, 14, 1, 1, 22, 2, 1] => QQFieldElem[5, 15, 20, 10],
	[20, 15, 18, 22, 22, 1, 1, 21, 1, 2] => QQFieldElem[21//11, 12//11, 8//11, -6//11],
	[20, 15, 18, 22, 13, 1, 1, 22, 2, 2] => QQFieldElem[-1//2, -1//2, 1, 1//2],
	[20, 15, 18, 22, 10, 1, 1, 16, 1, 1] => QQFieldElem[-1//4, -3//4, -3//4, -1//4],
	[20, 15, 18, 22, 15, 2, 1, 14, 1, 1] => QQFieldElem[0, -4, -7, -4],
	[20, 15, 18, 22, 22, 1, 1, 22, 1, 2] => QQFieldElem[-31//22, -7//11, -7//22, -4//11],
	[20, 15, 18, 22, 21, 2, 1, 21, 1, 2] => QQFieldElem[-39//220, -19//110, -7//220, 19//220],
	[20, 15, 18, 22, 22, 1, 1, 21, 2, 2] => QQFieldElem[1//11, 7//44, 1//44, 13//44],
	[20, 15, 18, 22, 21, 2, 1, 22, 1, 2] => QQFieldElem[9//55, 3//55, 7//55, -14//55],
	[20, 15, 18, 22, 22, 1, 1, 22, 2, 2] => QQFieldElem[1//11, 4//11, 2//11, 3//22],
	[20, 15, 18, 22, 15, 1, 1, 21, 1, 1] => QQFieldElem[-1//2, -1, 1, 1//2],
	[20, 15, 18, 22, 13, 2, 1, 16, 1, 1] => QQFieldElem[-5//4, -7//4, 0, 1],
	[20, 15, 18, 22, 15, 1, 1, 22, 1, 1] => QQFieldElem[-7//2, -2, -1//2, 1],
	[20, 15, 18, 22, 21, 2, 1, 21, 2, 2] => QQFieldElem[-3//22, -19//22, -10//11, -9//11],
	[20, 15, 18, 22, 21, 2, 1, 22, 2, 2] => QQFieldElem[-15//22, 17//22, 18//11, 27//22],
	[20, 15, 18, 22, 15, 1, 1, 21, 2, 1] => QQFieldElem[1//2, 1//4, 1//2, 0],
	[20, 15, 18, 22, 10, 1, 1, 14, 1, 1] => QQFieldElem[-1//2, 1, 5//2, 2],
	[20, 15, 18, 22, 15, 1, 1, 22, 2, 1] => QQFieldElem[0, 0, 0, 0],
	[20, 15, 18, 22, 21, 1, 1, 16, 1, 1] => QQFieldElem[-1//4, -3//4, -1, -1//2],
	[20, 15, 18, 22, 22, 2, 1, 16, 1, 1] => QQFieldElem[7//20, 7//10, 11//20, 3//20],
	[20, 15, 18, 22, 14, 1, 1, 16, 1, 1] => QQFieldElem[-7//2, -7//2, -1//2, 3//2],
	[20, 15, 18, 22, 13, 2, 1, 14, 1, 1] => QQFieldElem[5, 10, 10, 5//2],
	[20, 15, 18, 22, 15, 2, 1, 21, 1, 2] => QQFieldElem[69//220, 63//220, -13//220, -59//220],
	[20, 15, 18, 22, 15, 2, 1, 22, 1, 2] => QQFieldElem[0, 0, 0, 0],
	[20, 15, 18, 22, 13, 1, 1, 21, 1, 1] => QQFieldElem[0, -7//4, -7//4, -3//4],
	[20, 15, 18, 22, 22, 2, 1, 14, 1, 1] => QQFieldElem[0, -1, -2, -1],
	[20, 15, 18, 22, 21, 1, 1, 14, 1, 1] => QQFieldElem[0, 1, 3, 7//2],
	[20, 15, 18, 22, 13, 1, 1, 22, 1, 1] => QQFieldElem[2, 2, 2, 0],
	[20, 15, 18, 22, 15, 2, 1, 21, 2, 2] => QQFieldElem[21//22, 1//22, -25//22, -17//22],
	[20, 15, 18, 22, 14, 1, 1, 14, 1, 1] => QQFieldElem[12, 24, 21, 8],
	[20, 15, 18, 22, 15, 2, 1, 22, 2, 2] => QQFieldElem[28//11, 2//11, 12//11, -2//11],
	[20, 15, 18, 22, 13, 1, 1, 21, 2, 1] => QQFieldElem[0, 1, 3, 1],
	[20, 15, 18, 22, 13, 1, 1, 22, 2, 1] => QQFieldElem[-2, -5, -4, -4],
	[20, 15, 18, 22, 15, 1, 1, 16, 1, 1] => QQFieldElem[3//8, 3//4, 5//8, 1//8],
	[20, 15, 18, 22, 22, 1, 1, 21, 1, 1] => QQFieldElem[-4//11, -18//11, -12//11, 9//11],
	[20, 15, 18, 22, 22, 1, 1, 22, 1, 1] => QQFieldElem[43//22, 20//11, 141//22, 13//11],
	[20, 15, 18, 22, 10, 1, 1, 21, 1, 2] => QQFieldElem[5, 5, 5, 0],
	[20, 15, 18, 22, 10, 1, 1, 22, 1, 2] => QQFieldElem[2, -1, 4, 10],
	[20, 15, 18, 22, 21, 2, 1, 21, 1, 1] => QQFieldElem[-15//44, -9//22, -1//44, 9//44],
	[20, 15, 18, 22, 22, 1, 1, 21, 2, 1] => QQFieldElem[-1//22, 13//44, 5//44, -1//44],
	[20, 15, 18, 22, 21, 2, 1, 22, 1, 1] => QQFieldElem[-5//11, -9//11, 1//11, -2//11],
	[20, 15, 18, 22, 22, 1, 1, 22, 2, 1] => QQFieldElem[7//11, -5//11, -8//11, -23//22],
	[20, 15, 18, 22, 10, 1, 1, 21, 2, 2] => QQFieldElem[6, 12, 8, -1],
	[20, 15, 18, 22, 13, 2, 1, 21, 1, 2] => QQFieldElem[-1, -3//2, -3//2, -1//2],
	[20, 15, 18, 22, 10, 1, 1, 22, 2, 2] => QQFieldElem[-8, -6, 4, 10],
	[20, 15, 18, 22, 21, 2, 1, 21, 2, 1] => QQFieldElem[-17//22, -5//22, -7//22, -3//22],
	[20, 15, 18, 22, 13, 2, 1, 22, 1, 2] => QQFieldElem[1, 1, 1, 0],
	[20, 15, 18, 22, 21, 2, 1, 22, 2, 1] => QQFieldElem[20//11, -30//11, 40//11, -14//11],
	[20, 15, 18, 22, 15, 1, 1, 14, 1, 1] => QQFieldElem[0, -9//4, -3, -9//4],
	[20, 15, 18, 22, 13, 2, 1, 21, 2, 2] => QQFieldElem[-1//2, 2, 7//2, 5//2],
	[20, 15, 18, 22, 13, 2, 1, 22, 2, 2] => QQFieldElem[-3//2, 3//2, 5, 5//2],
	[20, 15, 18, 22, 21, 1, 1, 21, 1, 2] => QQFieldElem[-3//88, -1//11, -9//88, -7//88],
	[20, 15, 18, 22, 22, 2, 1, 21, 1, 2] => QQFieldElem[8//11, -8//11, 2//11, -7//11],
	[20, 15, 18, 22, 22, 2, 1, 22, 1, 2] => QQFieldElem[15//11, 5//11, 8//11, 6//11],
	[20, 15, 18, 22, 21, 1, 1, 22, 1, 2] => QQFieldElem[5//11, -2//11, -1//11, 2//11],
	[20, 15, 18, 22, 13, 1, 1, 16, 1, 1] => QQFieldElem[-17//20, -29//20, -21//20, -3//20],
	[20, 15, 18, 22, 14, 1, 1, 21, 1, 2] => QQFieldElem[1//2, -3//4, -2, -3//2],
	[20, 15, 18, 22, 14, 1, 1, 22, 1, 2] => QQFieldElem[0, 0, -3, -2],
	[20, 15, 18, 22, 21, 1, 1, 21, 2, 2] => QQFieldElem[-1//22, 1//22, -7//11, -3//11],
	[20, 15, 18, 22, 22, 2, 1, 21, 2, 2] => QQFieldElem[3//11, 5//22, 7//22, 3//22],
	[20, 15, 18, 22, 22, 2, 1, 22, 2, 2] => QQFieldElem[1//55, -18//55, -29//110, -26//55],
	[20, 15, 18, 22, 21, 1, 1, 22, 2, 2] => QQFieldElem[-9//22, -3//22, 2//11, 3//22],
	[20, 15, 18, 22, 15, 2, 1, 21, 1, 1] => QQFieldElem[3, 3, 0, 4],
	[20, 15, 18, 22, 14, 1, 1, 21, 2, 2] => QQFieldElem[1//2, -2, -9//2, -4],
	[20, 15, 18, 22, 15, 2, 1, 22, 1, 1] => QQFieldElem[3, -1, -2, 0],
	[20, 15, 18, 22, 22, 1, 1, 16, 1, 1] => QQFieldElem[-1//8, 0, 1//8, 1//8],
	[20, 15, 18, 22, 14, 1, 1, 22, 2, 2] => QQFieldElem[2, -1, -9//2, -4],
	[20, 15, 18, 22, 15, 2, 1, 21, 2, 1] => QQFieldElem[1//2, 0, -1//2, 0],
	[20, 15, 18, 22, 15, 2, 1, 22, 2, 1] => QQFieldElem[0, 0, -3//2, -1],
	[20, 15, 18, 22, 21, 2, 1, 16, 1, 1] => QQFieldElem[-1//2, -1//2, 1//2, 1//2],
	[20, 15, 18, 22, 13, 1, 1, 14, 1, 1] => QQFieldElem[1//2, 4, 11//2, 3])