Dict(
	[20, 18, 6, 17, 19, 2, 1, 19, 1, 1] => QQFieldElem[-1, 1, 4, 3],
	[20, 18, 6, 17, 4, 1, 1, 19, 2, 1] => QQFieldElem[-12//5, -14//5, -6//5, 2//5],
	[20, 18, 6, 17, 18, 1, 1, 19, 2, 1] => QQFieldElem[6//5, 2//5, -2//5, -6//5],
	[20, 18, 6, 17, 19, 1, 1, 19, 2, 1] => QQFieldElem[-3//2, -1//2, 1, 1],
	[20, 18, 6, 17, 19, 2, 1, 19, 2, 1] => QQFieldElem[-1, -3, -4, -2],
	[20, 18, 6, 17, 4, 1, 1, 17, 1, 1] => QQFieldElem[0, -2, -2, 0],
	[20, 18, 6, 17, 18, 1, 1, 17, 1, 1] => QQFieldElem[-1, 0, 1, 1],
	[20, 18, 6, 17, 19, 1, 1, 17, 1, 1] => QQFieldElem[-1//2, 0, 0, 1//2],
	[20, 18, 6, 17, 19, 2, 1, 17, 1, 1] => QQFieldElem[0, -1, -1, -1],
	[20, 18, 6, 17, 4, 1, 1, 5, 1, 1] => QQFieldElem[2, 2, 0, -2],
	[20, 18, 6, 17, 18, 1, 1, 5, 1, 1] => QQFieldElem[0, -1, -1, 0],
	[20, 18, 6, 17, 19, 1, 1, 5, 1, 1] => QQFieldElem[-1//2, -1//2, -1, -1//2],
	[20, 18, 6, 17, 4, 1, 1, 19, 1, 1] => QQFieldElem[4//5, -12//5, -28//5, -24//5],
	[20, 18, 6, 17, 18, 1, 1, 19, 1, 1] => QQFieldElem[-1, -2, -1, 0],
	[20, 18, 6, 17, 19, 2, 1, 5, 1, 1] => QQFieldElem[1, 1, 1, 0],
	[20, 18, 6, 17, 19, 1, 1, 19, 1, 1] => QQFieldElem[-4, -10, -8, -2])