Dict(
	[20, 11, 17, 18, 19, 2, 1, 12, 1, 1] => QQFieldElem[-3//5, -1//5, 1//5, -2//5],
	[20, 11, 17, 18, 19, 1, 1, 12, 1, 1] => QQFieldElem[0, 0, -1, -1],
	[20, 11, 17, 18, 18, 1, 1, 20, 1, 1] => QQFieldElem[0, 0, 0, 4],
	[20, 11, 17, 18, 19, 1, 1, 20, 1, 1] => QQFieldElem[0, 0, 0, 0],
	[20, 11, 17, 18, 11, 1, 1, 20, 1, 1] => QQFieldElem[-24//5, -48//5, -32//5, -16//5],
	[20, 11, 17, 18, 18, 1, 1, 8, 1, 1] => QQFieldElem[-2, 0, 0, -2],
	[20, 11, 17, 18, 17, 1, 1, 3, 1, 1] => QQFieldElem[-4, 0, 6, 6],
	[20, 11, 17, 18, 17, 1, 1, 19, 1, 1] => QQFieldElem[4//5, 8//5, 7//5, 1//5],
	[20, 11, 17, 18, 17, 1, 1, 12, 1, 1] => QQFieldElem[2//5, 1//5, 2//5, 0],
	[20, 11, 17, 18, 19, 2, 1, 20, 1, 1] => QQFieldElem[0, 0, 0, 0],
	[20, 11, 17, 18, 19, 1, 1, 8, 1, 1] => QQFieldElem[0, 0, -1, -1],
	[20, 11, 17, 18, 18, 1, 1, 18, 1, 1] => QQFieldElem[0, 0, 4, 4],
	[20, 11, 17, 18, 11, 1, 1, 8, 1, 1] => QQFieldElem[-12//5, -4//5, 4//5, -8//5],
	[20, 11, 17, 18, 19, 1, 1, 18, 1, 1] => QQFieldElem[0, 0, 0, 0],
	[20, 11, 17, 18, 11, 1, 1, 18, 1, 1] => QQFieldElem[-32//5, -24//5, -16//5, -8//5],
	[20, 11, 17, 18, 20, 1, 1, 3, 1, 1] => QQFieldElem[2, 0, -4, -4],
	[20, 11, 17, 18, 19, 2, 1, 8, 1, 1] => QQFieldElem[-3//5, -1//5, 1//5, -2//5],
	[20, 11, 17, 18, 20, 1, 1, 19, 1, 1] => QQFieldElem[-4//5, -8//5, -7//5, -1//5],
	[20, 11, 17, 18, 19, 2, 1, 18, 1, 1] => QQFieldElem[0, 0, 0, 0],
	[20, 11, 17, 18, 20, 1, 1, 12, 1, 1] => QQFieldElem[-1//5, -3//5, -1//5, 0],
	[20, 11, 17, 18, 17, 1, 1, 20, 1, 1] => QQFieldElem[2//5, 0, -6//5, -6//5],
	[20, 11, 17, 18, 17, 1, 1, 8, 1, 1] => QQFieldElem[-2//5, -1//5, -2//5, 0],
	[20, 11, 17, 18, 17, 1, 1, 18, 1, 1] => QQFieldElem[0, -6//5, -8//5, -6//5],
	[20, 11, 17, 18, 20, 1, 1, 20, 1, 1] => QQFieldElem[-2//5, 0, 6//5, 6//5],
	[20, 11, 17, 18, 18, 1, 1, 3, 1, 1] => QQFieldElem[12, 12, 0, -4],
	[20, 11, 17, 18, 18, 1, 1, 19, 1, 1] => QQFieldElem[0, -4, -4, -2],
	[20, 11, 17, 18, 18, 1, 1, 12, 1, 1] => QQFieldElem[2, 0, 0, 2],
	[20, 11, 17, 18, 19, 1, 1, 3, 1, 1] => QQFieldElem[0, 0, 0, 0],
	[20, 11, 17, 18, 11, 1, 1, 3, 1, 1] => QQFieldElem[16, 32, 24, 8],
	[20, 11, 17, 18, 19, 1, 1, 19, 1, 1] => QQFieldElem[0, -1, -2, -2],
	[20, 11, 17, 18, 11, 1, 1, 19, 1, 1] => QQFieldElem[0, 0, -4, -4],
	[20, 11, 17, 18, 11, 1, 1, 12, 1, 1] => QQFieldElem[12//5, 4//5, -4//5, 8//5],
	[20, 11, 17, 18, 20, 1, 1, 18, 1, 1] => QQFieldElem[0, 6//5, 8//5, 6//5],
	[20, 11, 17, 18, 19, 2, 1, 3, 1, 1] => QQFieldElem[0, 0, 0, 0],
	[20, 11, 17, 18, 20, 1, 1, 8, 1, 1] => QQFieldElem[1//5, 3//5, 1//5, 0],
	[20, 11, 17, 18, 19, 2, 1, 19, 1, 1] => QQFieldElem[0, 1, 1, 1])