Dict(
	[20, 18, 21, 22, 16, 1, 1, 4, 1, 1] => QQFieldElem[1//2, 1//2, 0, 0],
	[20, 18, 21, 22, 21, 2, 1, 19, 2, 2] => QQFieldElem[-6//5, -2//5, -18//5, -24//5],
	[20, 18, 21, 22, 21, 1, 1, 20, 1, 2] => QQFieldElem[6//5, 7//5, -2//5, -6//5],
	[20, 18, 21, 22, 22, 1, 1, 18, 1, 2] => QQFieldElem[3, 5, 5, 3],
	[20, 18, 21, 22, 22, 2, 2, 17, 1, 2] => QQFieldElem[0, 1, 0, -1],
	[20, 18, 21, 22, 21, 2, 1, 18, 1, 2] => QQFieldElem[0, 4, 4, 0],
	[20, 18, 21, 22, 10, 1, 1, 12, 1, 1] => QQFieldElem[6//55, -83//55, -147//55, -96//55],
	[20, 18, 21, 22, 13, 2, 1, 7, 1, 1] => QQFieldElem[-5//11, -9//11, -10//11, -2//11],
	[20, 18, 21, 22, 13, 1, 1, 19, 1, 1] => QQFieldElem[0, 8, 8, 0],
	[20, 18, 21, 22, 21, 1, 2, 11, 1, 1] => QQFieldElem[-35//44, -27//22, -21//22, 3//22],
	[20, 18, 21, 22, 10, 1, 1, 20, 1, 1] => QQFieldElem[-4, -4, 0, 4],
	[20, 18, 21, 22, 21, 1, 1, 7, 1, 1] => QQFieldElem[109//44, 10//11, -101//44, -32//11],
	[20, 18, 21, 22, 21, 1, 2, 5, 1, 1] => QQFieldElem[3//11, -3//88, -5//11, -41//88],
	[20, 18, 21, 22, 22, 2, 2, 19, 1, 1] => QQFieldElem[0, -2//5, -6//5, -2//5],
	[20, 18, 21, 22, 21, 1, 2, 19, 2, 1] => QQFieldElem[8//5, 16//5, -16//5, -8//5],
	[20, 18, 21, 22, 10, 1, 1, 19, 2, 2] => QQFieldElem[4, 10, 8, 2],
	[20, 18, 21, 22, 22, 1, 2, 19, 1, 2] => QQFieldElem[-1, 0, 0, 1//2],
	[20, 18, 21, 22, 21, 1, 2, 18, 1, 1] => QQFieldElem[0, 4, 0, 0],
	[20, 18, 21, 22, 10, 1, 1, 18, 1, 2] => QQFieldElem[0, -8//5, 16//5, -8//5],
	[20, 18, 21, 22, 15, 2, 1, 11, 1, 1] => QQFieldElem[1//44, 5//44, 5//22, 19//44],
	[20, 18, 21, 22, 16, 1, 1, 17, 1, 1] => QQFieldElem[-7//11, -4//11, 1//11, 2//11],
	[20, 18, 21, 22, 22, 1, 2, 4, 1, 1] => QQFieldElem[2, 7//4, 1//2, -1//2],
	[20, 18, 21, 22, 21, 2, 2, 19, 1, 2] => QQFieldElem[1, 0, 1, 1],
	[20, 18, 21, 22, 14, 1, 1, 19, 1, 2] => QQFieldElem[2, 3, 2, 1],
	[20, 18, 21, 22, 15, 2, 1, 5, 1, 1] => QQFieldElem[7//88, -5//88, -19//88, -17//88],
	[20, 18, 21, 22, 15, 1, 1, 12, 1, 1] => QQFieldElem[6//11, 5//11, -4//11, -8//11],
	[20, 18, 21, 22, 21, 2, 2, 4, 1, 1] => QQFieldElem[1//2, -1//2, -3//2, -1],
	[20, 18, 21, 22, 14, 1, 1, 4, 1, 1] => QQFieldElem[-1, -5, -6, -3],
	[20, 18, 21, 22, 16, 1, 1, 20, 1, 2] => QQFieldElem[1, -1//2, -1, 0],
	[20, 18, 21, 22, 15, 2, 1, 19, 2, 1] => QQFieldElem[6, 6, 0, -2],
	[20, 18, 21, 22, 15, 1, 1, 20, 1, 1] => QQFieldElem[6//5, 12//5, 3//5, -6//5],
	[20, 18, 21, 22, 22, 2, 1, 17, 1, 2] => QQFieldElem[1, 1, 0, 0],
	[20, 18, 21, 22, 15, 2, 1, 18, 1, 1] => QQFieldElem[-1, -2, -1, 1],
	[20, 18, 21, 22, 13, 2, 1, 11, 1, 1] => QQFieldElem[-1//11, -5//11, -10//11, -8//11],
	[20, 18, 21, 22, 13, 2, 1, 5, 1, 1] => QQFieldElem[19//110, 43//110, 27//110, 1//110],
	[20, 18, 21, 22, 15, 1, 1, 19, 2, 2] => QQFieldElem[-11//2, -43//4, -31//4, -1],
	[20, 18, 21, 22, 13, 1, 1, 12, 1, 1] => QQFieldElem[8//55, -19//55, -31//55, -18//55],
	[20, 18, 21, 22, 21, 1, 1, 11, 1, 1] => QQFieldElem[155//44, 225//44, 30//11, -25//44],
	[20, 18, 21, 22, 16, 1, 1, 7, 1, 1] => QQFieldElem[-5//22, -9//22, -5//11, -1//11],
	[20, 18, 21, 22, 15, 1, 1, 18, 1, 2] => QQFieldElem[-6//5, -2//5, 2//5, 6//5],
	[20, 18, 21, 22, 21, 1, 1, 5, 1, 1] => QQFieldElem[-5//8, 3//8, 13//8, 11//8],
	[20, 18, 21, 22, 13, 1, 1, 20, 1, 1] => QQFieldElem[2, 2, 0, -2],
	[20, 18, 21, 22, 13, 2, 1, 19, 2, 1] => QQFieldElem[3//2, -11//2, -12, -17//2],
	[20, 18, 21, 22, 22, 2, 2, 12, 1, 1] => QQFieldElem[1//11, -1//11, -5//22, -9//44],
	[20, 18, 21, 22, 22, 2, 1, 19, 1, 1] => QQFieldElem[8//5, 4, 16//5, 16//5],
	[20, 18, 21, 22, 13, 2, 1, 18, 1, 1] => QQFieldElem[-8//5, 4//5, 16//5, 8//5],
	[20, 18, 21, 22, 21, 1, 1, 19, 2, 1] => QQFieldElem[0, 12//5, 16//5, 12//5],
	[20, 18, 21, 22, 22, 2, 2, 20, 1, 1] => QQFieldElem[0, 1//2, 0, -1//2],
	[20, 18, 21, 22, 13, 1, 1, 19, 2, 2] => QQFieldElem[2, 4, 5, 3],
	[20, 18, 21, 22, 22, 1, 2, 17, 1, 1] => QQFieldElem[1//4, 0, 1//2, 1//2],
	[20, 18, 21, 22, 22, 1, 1, 19, 1, 2] => QQFieldElem[11//5, 9//10, -12//5, -27//10],
	[20, 18, 21, 22, 21, 1, 1, 18, 1, 1] => QQFieldElem[2//5, 4//5, 6//5, 8//5],
	[20, 18, 21, 22, 21, 2, 2, 17, 1, 1] => QQFieldElem[-1, -1, 0, 0],
	[20, 18, 21, 22, 13, 1, 1, 18, 1, 2] => QQFieldElem[-8//5, -16//5, 16//5, 8//5],
	[20, 18, 21, 22, 21, 2, 1, 19, 1, 2] => QQFieldElem[-6//5, -12//5, -3//5, 6//5],
	[20, 18, 21, 22, 14, 1, 1, 17, 1, 1] => QQFieldElem[1//2, 1//2, 0, 0],
	[20, 18, 21, 22, 22, 1, 1, 4, 1, 1] => QQFieldElem[1//2, -1, -5//2, -2],
	[20, 18, 21, 22, 22, 1, 2, 20, 1, 2] => QQFieldElem[1//4, 1//2, 1//2, 1//2],
	[20, 18, 21, 22, 22, 2, 2, 19, 2, 2] => QQFieldElem[2//5, 4//5, 6//5, 3//5],
	[20, 18, 21, 22, 21, 2, 1, 4, 1, 1] => QQFieldElem[3//2, 13//2, 8, 4],
	[20, 18, 21, 22, 21, 2, 2, 20, 1, 2] => QQFieldElem[2//5, 3//10, 1//5, 1//10],
	[20, 18, 21, 22, 14, 1, 1, 20, 1, 2] => QQFieldElem[11//10, 27//10, 19//5, 19//10],
	[20, 18, 21, 22, 22, 2, 2, 18, 1, 2] => QQFieldElem[0, 0, 0, -1],
	[20, 18, 21, 22, 21, 1, 2, 17, 1, 2] => QQFieldElem[-5//4, -7//4, -1, 1//4],
	[20, 18, 21, 22, 22, 1, 2, 7, 1, 1] => QQFieldElem[-25//22, -35//44, 5//22, 35//44],
	[20, 18, 21, 22, 16, 1, 1, 11, 1, 1] => QQFieldElem[1//11, -1//22, -1//11, 5//22],
	[20, 18, 21, 22, 21, 2, 2, 7, 1, 1] => QQFieldElem[5//22, 10//11, 16//11, 13//22],
	[20, 18, 21, 22, 16, 1, 1, 5, 1, 1] => QQFieldElem[0, 0, 0, 0],
	[20, 18, 21, 22, 14, 1, 1, 7, 1, 1] => QQFieldElem[20//11, 47//11, 40//11, 8//11],
	[20, 18, 21, 22, 21, 1, 2, 19, 1, 1] => QQFieldElem[0, -24//5, -32//5, -24//5],
	[20, 18, 21, 22, 10, 1, 1, 19, 1, 2] => QQFieldElem[-22//5, -34//5, -16//5, 2//5],
	[20, 18, 21, 22, 22, 2, 1, 12, 1, 1] => QQFieldElem[7//110, -51//110, -89//110, -57//110],
	[20, 18, 21, 22, 15, 2, 1, 17, 1, 2] => QQFieldElem[-7//22, -15//22, -5//11, 1//11],
	[20, 18, 21, 22, 10, 1, 1, 4, 1, 1] => QQFieldElem[-2, -6, -6, -2],
	[20, 18, 21, 22, 16, 1, 1, 19, 2, 1] => QQFieldElem[1, 3//2, 0, -5//2],
	[20, 18, 21, 22, 22, 2, 1, 20, 1, 1] => QQFieldElem[-6//5, -9//10, 2//5, 7//10],
	[20, 18, 21, 22, 22, 1, 1, 17, 1, 1] => QQFieldElem[-3//4, -11//4, -7//2, -7//4],
	[20, 18, 21, 22, 16, 1, 1, 18, 1, 1] => QQFieldElem[0, 8//5, 24//5, 8//5],
	[20, 18, 21, 22, 21, 2, 1, 17, 1, 1] => QQFieldElem[2, 2, 0, 0],
	[20, 18, 21, 22, 22, 2, 1, 19, 2, 2] => QQFieldElem[4//5, 4//5, 2, 2//5],
	[20, 18, 21, 22, 22, 1, 1, 20, 1, 2] => QQFieldElem[-1//10, 13//10, 7//10, 1//10],
	[20, 18, 21, 22, 13, 2, 1, 17, 1, 2] => QQFieldElem[-23//44, -27//22, -47//44, -3//22],
	[20, 18, 21, 22, 15, 2, 1, 19, 1, 1] => QQFieldElem[-2, 2, 5, 4],
	[20, 18, 21, 22, 21, 2, 1, 20, 1, 2] => QQFieldElem[-2//5, 6//5, 4//5, 2//5],
	[20, 18, 21, 22, 22, 2, 1, 18, 1, 2] => QQFieldElem[12//5, 24//5, 6//5, -2//5],
	[20, 18, 21, 22, 21, 1, 1, 17, 1, 2] => QQFieldElem[2, 3, 1, -1],
	[20, 18, 21, 22, 15, 1, 1, 19, 1, 2] => QQFieldElem[0, -5//4, -9//4, -3//2],
	[20, 18, 21, 22, 22, 1, 2, 11, 1, 1] => QQFieldElem[-39//44, -13//11, -49//44, -15//44],
	[20, 18, 21, 22, 15, 1, 1, 4, 1, 1] => QQFieldElem[0, -2, -4, -4],
	[20, 18, 21, 22, 13, 2, 1, 19, 1, 1] => QQFieldElem[1//2, 1//2, 0, -1//2],
	[20, 18, 21, 22, 22, 1, 1, 7, 1, 1] => QQFieldElem[-15//22, -5//22, 7//11, 8//11],
	[20, 18, 21, 22, 22, 1, 2, 5, 1, 1] => QQFieldElem[3//8, 1//4, -1//4, -3//8],
	[20, 18, 21, 22, 21, 2, 2, 11, 1, 1] => QQFieldElem[-23//22, -8//11, 1//22, 3//22],
	[20, 18, 21, 22, 14, 1, 1, 11, 1, 1] => QQFieldElem[-10//11, 5//11, 21//11, 19//11],
	[20, 18, 21, 22, 21, 2, 1, 7, 1, 1] => QQFieldElem[-31//22, -91//22, -53//11, -26//11],
	[20, 18, 21, 22, 21, 2, 2, 5, 1, 1] => QQFieldElem[-1//22, -19//44, -13//22, -7//22],
	[20, 18, 21, 22, 10, 1, 1, 17, 1, 1] => QQFieldElem[-34//11, -54//11, -36//11, -6//11],
	[20, 18, 21, 22, 21, 1, 1, 19, 1, 1] => QQFieldElem[1//4, 1//2, 2, 1],
	[20, 18, 21, 22, 21, 1, 2, 12, 1, 1] => QQFieldElem[5//22, 35//88, 2//11, -1//88],
	[20, 18, 21, 22, 14, 1, 1, 5, 1, 1] => QQFieldElem[-19//22, -43//22, -19//11, -6//11],
	[20, 18, 21, 22, 22, 1, 2, 19, 2, 1] => QQFieldElem[3//5, 7//10, 4//5, -1//10],
	[20, 18, 21, 22, 13, 1, 1, 19, 1, 2] => QQFieldElem[-6, -12, -9, -2],
	[20, 18, 21, 22, 21, 1, 2, 20, 1, 1] => QQFieldElem[2//5, -6//5, -4//5, 8//5],
	[20, 18, 21, 22, 21, 2, 2, 19, 2, 1] => QQFieldElem[-8//5, -6//5, 1//5, -2//5],
	[20, 18, 21, 22, 10, 1, 1, 20, 1, 2] => QQFieldElem[4, 4, 0, -4],
	[20, 18, 21, 22, 14, 1, 1, 19, 2, 1] => QQFieldElem[-1, 1//2, 1, 2],
	[20, 18, 21, 22, 22, 1, 2, 18, 1, 1] => QQFieldElem[-1, 1, 2, 1//2],
	[20, 18, 21, 22, 13, 1, 1, 4, 1, 1] => QQFieldElem[-2, -2, -2, -2],
	[20, 18, 21, 22, 22, 2, 2, 19, 1, 2] => QQFieldElem[-3//5, -1//5, 6//5, -2//5],
	[20, 18, 21, 22, 21, 2, 2, 18, 1, 1] => QQFieldElem[-12//5, -14//5, -6//5, 2//5],
	[20, 18, 21, 22, 14, 1, 1, 18, 1, 1] => QQFieldElem[2//5, -4//5, 2//5, 0],
	[20, 18, 21, 22, 22, 2, 2, 4, 1, 1] => QQFieldElem[0, -2, -2, -1],
	[20, 18, 21, 22, 21, 1, 2, 19, 2, 2] => QQFieldElem[0, -16//5, -8//5, -16//5],
	[20, 18, 21, 22, 15, 2, 1, 12, 1, 1] => QQFieldElem[9//88, 13//88, 5//88, -1//88],
	[20, 18, 21, 22, 21, 1, 2, 18, 1, 2] => QQFieldElem[0, 3//2, 1, 1//2],
	[20, 18, 21, 22, 15, 2, 1, 20, 1, 1] => QQFieldElem[1, 0, 1//2, 0],
	[20, 18, 21, 22, 10, 1, 1, 7, 1, 1] => QQFieldElem[14//11, 34//11, 28//11, 10//11],
	[20, 18, 21, 22, 16, 1, 1, 17, 1, 2] => QQFieldElem[4//11, -5//44, -9//22, -3//44],
	[20, 18, 21, 22, 15, 1, 1, 17, 1, 1] => QQFieldElem[17//22, 49//22, 20//11, 7//11],
	[20, 18, 21, 22, 22, 1, 1, 11, 1, 1] => QQFieldElem[-27//22, -7//11, 5//22, 13//11],
	[20, 18, 21, 22, 15, 1, 1, 20, 1, 2] => QQFieldElem[0, 0, -1, 1],
	[20, 18, 21, 22, 15, 2, 1, 19, 2, 2] => QQFieldElem[-5, -5//2, 3, 9//2],
	[20, 18, 21, 22, 13, 2, 1, 12, 1, 1] => QQFieldElem[-7//110, 51//110, 89//110, 57//110],
	[20, 18, 21, 22, 22, 1, 1, 5, 1, 1] => QQFieldElem[-3//44, -3//11, -17//44, -5//22],
	[20, 18, 21, 22, 21, 2, 1, 11, 1, 1] => QQFieldElem[17//11, -17//22, -39//11, -69//22],
	[20, 18, 21, 22, 15, 2, 1, 18, 1, 2] => QQFieldElem[-18//5, -6//5, 6//5, 8//5],
	[20, 18, 21, 22, 21, 2, 1, 5, 1, 1] => QQFieldElem[19//22, 43//22, 19//11, 6//11],
	[20, 18, 21, 22, 13, 2, 1, 20, 1, 1] => QQFieldElem[-16//5, -22//5, -8//5, 6//5],
	[20, 18, 21, 22, 21, 1, 1, 12, 1, 1] => QQFieldElem[-65//88, -89//88, -41//88, 17//88],
	[20, 18, 21, 22, 16, 1, 1, 19, 1, 1] => QQFieldElem[2, 19//4, 2, 0],
	[20, 18, 21, 22, 22, 1, 1, 19, 2, 1] => QQFieldElem[2//5, 14//5, 16//5, 8//5],
	[20, 18, 21, 22, 13, 1, 1, 17, 1, 1] => QQFieldElem[7//11, 15//11, 10//11, -2//11],
	[20, 18, 21, 22, 21, 1, 1, 20, 1, 1] => QQFieldElem[0, -1, 0, 1],
	[20, 18, 21, 22, 21, 2, 1, 19, 2, 1] => QQFieldElem[8//5, -4//5, -16//5, -8//5],
	[20, 18, 21, 22, 22, 1, 1, 18, 1, 1] => QQFieldElem[0, -7//2, -5, -5//2],
	[20, 18, 21, 22, 13, 1, 1, 20, 1, 2] => QQFieldElem[-8//5, -16//5, -24//5, 8//5],
	[20, 18, 21, 22, 13, 2, 1, 19, 2, 2] => QQFieldElem[3, 9, 8, 3],
	[20, 18, 21, 22, 22, 2, 2, 17, 1, 1] => QQFieldElem[1//2, 1, 1//2, 1//2],
	[20, 18, 21, 22, 22, 2, 1, 19, 1, 2] => QQFieldElem[-1, -4, -4, -2],
	[20, 18, 21, 22, 21, 2, 1, 18, 1, 1] => QQFieldElem[48//5, 76//5, 24//5, -8//5],
	[20, 18, 21, 22, 15, 1, 1, 7, 1, 1] => QQFieldElem[-18//11, -6//11, 8//11, 6//11],
	[20, 18, 21, 22, 22, 2, 1, 4, 1, 1] => QQFieldElem[-1, -3, -3, -1],
	[20, 18, 21, 22, 13, 2, 1, 18, 1, 2] => QQFieldElem[0, 0, 1, 0],
	[20, 18, 21, 22, 21, 1, 1, 19, 2, 2] => QQFieldElem[-2//5, 6//5, -6//5, 2//5],
	[20, 18, 21, 22, 22, 2, 2, 20, 1, 2] => QQFieldElem[1//2, 1//2, 0, 0],
	[20, 18, 21, 22, 22, 1, 2, 17, 1, 2] => QQFieldElem[-3//4, 1//2, 5//4, 1//4],
	[20, 18, 21, 22, 21, 1, 1, 18, 1, 2] => QQFieldElem[2, 2, 0, 0],
	[20, 18, 21, 22, 10, 1, 1, 11, 1, 1] => QQFieldElem[-14//11, 18//11, 36//11, 20//11],
	[20, 18, 21, 22, 21, 2, 2, 17, 1, 2] => QQFieldElem[0, -1//2, -1, -1//2],
	[20, 18, 21, 22, 10, 1, 1, 5, 1, 1] => QQFieldElem[-42//55, -69//55, -51//55, -8//55],
	[20, 18, 21, 22, 14, 1, 1, 17, 1, 2] => QQFieldElem[-27//44, 4//11, 73//44, 29//22],
	[20, 18, 21, 22, 13, 1, 1, 7, 1, 1] => QQFieldElem[6//11, 2//11, 12//11, -2//11],
	[20, 18, 21, 22, 10, 1, 1, 19, 2, 1] => QQFieldElem[12//5, 4//5, 16//5, -12//5],
	[20, 18, 21, 22, 22, 2, 2, 7, 1, 1] => QQFieldElem[5//11, 29//22, 31//22, 15//22],
	[20, 18, 21, 22, 22, 1, 2, 19, 1, 1] => QQFieldElem[8//5, 12//5, -8//5, 8//5],
	[20, 18, 21, 22, 10, 1, 1, 18, 1, 1] => QQFieldElem[0, 8, 16, 8],
	[20, 18, 21, 22, 21, 2, 2, 19, 1, 1] => QQFieldElem[0, 24//5, 32//5, 24//5],
	[20, 18, 21, 22, 16, 1, 1, 12, 1, 1] => QQFieldElem[0, 0, 0, 0],
	[20, 18, 21, 22, 14, 1, 1, 19, 1, 1] => QQFieldElem[22//5, 34//5, 16//5, -12//5],
	[20, 18, 21, 22, 16, 1, 1, 20, 1, 1] => QQFieldElem[-2, -2, 0, 0],
	[20, 18, 21, 22, 15, 1, 1, 11, 1, 1] => QQFieldElem[-6//11, -8//11, 6//11, 18//11],
	[20, 18, 21, 22, 21, 1, 2, 19, 1, 2] => QQFieldElem[-2, 0, 2, 0],
	[20, 18, 21, 22, 22, 2, 1, 17, 1, 1] => QQFieldElem[-2, -5//2, -1, 1//2],
	[20, 18, 21, 22, 15, 1, 1, 5, 1, 1] => QQFieldElem[-4//11, -5//11, -8//11, -6//11],
	[20, 18, 21, 22, 21, 1, 2, 4, 1, 1] => QQFieldElem[3//2, 1, -1//4, -1],
	[20, 18, 21, 22, 16, 1, 1, 19, 2, 2] => QQFieldElem[2, -2, -8, -5],
	[20, 18, 21, 22, 22, 2, 1, 20, 1, 2] => QQFieldElem[0, 0, 0, -1],
	[20, 18, 21, 22, 15, 1, 1, 19, 2, 1] => QQFieldElem[4, 3, 0, -2],
	[20, 18, 21, 22, 22, 1, 1, 17, 1, 2] => QQFieldElem[3//2, 2, 3//2, 0],
	[20, 18, 21, 22, 16, 1, 1, 18, 1, 2] => QQFieldElem[-1, -1, -1, 0],
	[20, 18, 21, 22, 21, 2, 1, 17, 1, 2] => QQFieldElem[2, 4, 2, 2],
	[20, 18, 21, 22, 15, 1, 1, 18, 1, 1] => QQFieldElem[6//5, -8//5, -22//5, -16//5],
	[20, 18, 21, 22, 13, 1, 1, 11, 1, 1] => QQFieldElem[-18//11, -2//11, -4//11, -12//11],
	[20, 18, 21, 22, 13, 1, 1, 5, 1, 1] => QQFieldElem[4//55, -17//55, -3//55, 6//55],
	[20, 18, 21, 22, 15, 2, 1, 19, 1, 2] => QQFieldElem[1, 3//2, 0, -1//2],
	[20, 18, 21, 22, 22, 2, 2, 11, 1, 1] => QQFieldElem[-6//11, 3//11, 6//11, 7//11],
	[20, 18, 21, 22, 15, 2, 1, 4, 1, 1] => QQFieldElem[0, -3//4, -5//4, -1//2],
	[20, 18, 21, 22, 22, 2, 1, 7, 1, 1] => QQFieldElem[3//11, 12//11, 17//11, 10//11],
	[20, 18, 21, 22, 13, 1, 1, 19, 2, 1] => QQFieldElem[0, 0, 1, 0],
	[20, 18, 21, 22, 22, 2, 2, 5, 1, 1] => QQFieldElem[-3//11, -13//22, -6//11, -7//44],
	[20, 18, 21, 22, 22, 1, 2, 12, 1, 1] => QQFieldElem[21//88, 17//44, 15//44, 5//88],
	[20, 18, 21, 22, 22, 1, 1, 19, 1, 1] => QQFieldElem[-2//5, -4//5, -6//5, -8//5],
	[20, 18, 21, 22, 21, 2, 2, 12, 1, 1] => QQFieldElem[3//22, 5//44, -1//11, -2//11],
	[20, 18, 21, 22, 21, 2, 1, 19, 1, 1] => QQFieldElem[1//2, 1//2, 0, -1],
	[20, 18, 21, 22, 13, 1, 1, 18, 1, 1] => QQFieldElem[0, -12//5, -16//5, -12//5],
	[20, 18, 21, 22, 14, 1, 1, 12, 1, 1] => QQFieldElem[5//22, -5//22, -9//11, -7//11],
	[20, 18, 21, 22, 22, 1, 2, 20, 1, 1] => QQFieldElem[1//2, 3//4, 1//2, 1//2],
	[20, 18, 21, 22, 22, 2, 2, 19, 2, 1] => QQFieldElem[1//5, 0, 2//5, 2//5],
	[20, 18, 21, 22, 13, 2, 1, 19, 1, 2] => QQFieldElem[-1, 1, 9//2, 3],
	[20, 18, 21, 22, 21, 2, 2, 20, 1, 1] => QQFieldElem[-2//5, -4//5, -1//5, 2//5],
	[20, 18, 21, 22, 22, 2, 2, 18, 1, 1] => QQFieldElem[1, 1, 2, 0],
	[20, 18, 21, 22, 14, 1, 1, 20, 1, 1] => QQFieldElem[0, 0, 1, 0],
	[20, 18, 21, 22, 13, 2, 1, 4, 1, 1] => QQFieldElem[1, 2, 2, 1],
	[20, 18, 21, 22, 21, 1, 2, 17, 1, 1] => QQFieldElem[-2, -2, 0, 0],
	[20, 18, 21, 22, 10, 1, 1, 17, 1, 2] => QQFieldElem[6//11, -6//11, -4//11, 14//11],
	[20, 18, 21, 22, 21, 1, 1, 19, 1, 2] => QQFieldElem[2//5, -4//5, 2//5, 0],
	[20, 18, 21, 22, 22, 1, 2, 19, 2, 2] => QQFieldElem[-1//2, -1//2, 0, 1//2],
	[20, 18, 21, 22, 21, 1, 1, 4, 1, 1] => QQFieldElem[-9//2, -11//4, 11//4, 9//2],
	[20, 18, 21, 22, 21, 2, 2, 19, 2, 2] => QQFieldElem[1, 1, 1, 0],
	[20, 18, 21, 22, 21, 1, 2, 20, 1, 2] => QQFieldElem[0, -3//4, -3//4, -1//2],
	[20, 18, 21, 22, 22, 1, 2, 18, 1, 2] => QQFieldElem[1//2, 1//2, 1, 1//2],
	[20, 18, 21, 22, 14, 1, 1, 19, 2, 2] => QQFieldElem[6, -10, -28, -20],
	[20, 18, 21, 22, 21, 2, 2, 18, 1, 2] => QQFieldElem[-1, 0, 0, 0],
	[20, 18, 21, 22, 14, 1, 1, 18, 1, 2] => QQFieldElem[18//5, 26//5, 9//5, -8//5],
	[20, 18, 21, 22, 10, 1, 1, 19, 1, 1] => QQFieldElem[20, 28, 16, -4],
	[20, 18, 21, 22, 15, 2, 1, 17, 1, 1] => QQFieldElem[8//11, 3//11, -25//44, -39//44],
	[20, 18, 21, 22, 22, 2, 1, 11, 1, 1] => QQFieldElem[-7//11, 9//11, 18//11, 10//11],
	[20, 18, 21, 22, 21, 1, 2, 7, 1, 1] => QQFieldElem[-19//22, 1//22, 45//44, 31//44],
	[20, 18, 21, 22, 15, 2, 1, 20, 1, 2] => QQFieldElem[-17//5, -19//5, -16//5, -3//5],
	[20, 18, 21, 22, 22, 2, 1, 5, 1, 1] => QQFieldElem[-19//110, -43//110, -27//110, -1//110],
	[20, 18, 21, 22, 22, 1, 1, 12, 1, 1] => QQFieldElem[19//44, 7//22, -9//44, -9//22],
	[20, 18, 21, 22, 15, 1, 1, 17, 1, 2] => QQFieldElem[3//22, -7//11, -12//11, -15//22],
	[20, 18, 21, 22, 21, 2, 1, 12, 1, 1] => QQFieldElem[-5//22, 5//22, 9//11, 7//11],
	[20, 18, 21, 22, 22, 1, 1, 20, 1, 1] => QQFieldElem[-11//10, -49//20, -41//20, -2//5],
	[20, 18, 21, 22, 22, 2, 1, 19, 2, 1] => QQFieldElem[-8//5, 4//5, -4//5, 8//5],
	[20, 18, 21, 22, 13, 2, 1, 17, 1, 1] => QQFieldElem[-14//11, -41//11, -42//11, -18//11],
	[20, 18, 21, 22, 21, 2, 1, 20, 1, 1] => QQFieldElem[2, 2, 0, 0],
	[20, 18, 21, 22, 22, 2, 1, 18, 1, 1] => QQFieldElem[-3, -4, -2, 0],
	[20, 18, 21, 22, 21, 1, 1, 17, 1, 1] => QQFieldElem[1//11, -13//22, -5//22, 1//22],
	[20, 18, 21, 22, 13, 2, 1, 20, 1, 2] => QQFieldElem[1//2, 3//2, 1, -1//2],
	[20, 18, 21, 22, 16, 1, 1, 19, 1, 2] => QQFieldElem[13//2, 11//2, 1//2, -5//2],
	[20, 18, 21, 22, 15, 2, 1, 7, 1, 1] => QQFieldElem[-1//4, 1//2, 5//4, 1],
	[20, 18, 21, 22, 22, 1, 1, 19, 2, 2] => QQFieldElem[-9//5, -3//5, 3//5, -1//5],
	[20, 18, 21, 22, 13, 1, 1, 17, 1, 2] => QQFieldElem[6//11, -6//11, -4//11, 14//11],
	[20, 18, 21, 22, 15, 1, 1, 19, 1, 1] => QQFieldElem[-2, -2, -8, -4])