Dict(
	[20, 15, 17, 21, 22, 1, 1, 21, 1, 2] => QQFieldElem[0, 0, 1//2, -1//2],
	[20, 15, 17, 21, 13, 1, 1, 22, 2, 2] => QQFieldElem[-9//22, -3//22, 2//11, 3//22],
	[20, 15, 17, 21, 15, 2, 1, 14, 1, 1] => QQFieldElem[0, -3//4, -3//4, -3//4],
	[20, 15, 17, 21, 22, 1, 1, 22, 1, 2] => QQFieldElem[-1, -1//2, -1//2, -3//2],
	[20, 15, 17, 21, 16, 1, 1, 21, 1, 2] => QQFieldElem[0, -2, -1, -2],
	[20, 15, 17, 21, 21, 2, 1, 21, 1, 2] => QQFieldElem[-1, -3//2, -3//2, -1//2],
	[20, 15, 17, 21, 22, 1, 1, 21, 2, 2] => QQFieldElem[0, -1//4, 0, -1//4],
	[20, 15, 17, 21, 16, 1, 1, 22, 1, 2] => QQFieldElem[-28//5, -11//5, -24//5, -17//5],
	[20, 15, 17, 21, 21, 2, 1, 22, 1, 2] => QQFieldElem[-1, -1, -1, 0],
	[20, 15, 17, 21, 22, 1, 1, 22, 2, 2] => QQFieldElem[0, 0, 0, 0],
	[20, 15, 17, 21, 13, 2, 1, 16, 1, 1] => QQFieldElem[27//44, 17//44, 15//44, 19//44],
	[20, 15, 17, 21, 15, 1, 1, 21, 1, 1] => QQFieldElem[-7//20, -11//20, -17//20, -1//4],
	[20, 15, 17, 21, 16, 1, 1, 21, 2, 2] => QQFieldElem[6, 12, 8, -1],
	[20, 15, 17, 21, 15, 1, 1, 22, 1, 1] => QQFieldElem[59//11, 21//22, 49//22, 67//22],
	[20, 15, 17, 21, 9, 1, 1, 21, 1, 2] => QQFieldElem[7//11, 4//11, 10//11, 9//11],
	[20, 15, 17, 21, 21, 2, 1, 21, 2, 2] => QQFieldElem[-1//2, 2, 7//2, 5//2],
	[20, 15, 17, 21, 16, 1, 1, 22, 2, 2] => QQFieldElem[8, 6, -4, -10],
	[20, 15, 17, 21, 9, 1, 1, 22, 1, 2] => QQFieldElem[64//11, 3//11, 40//11, 41//11],
	[20, 15, 17, 21, 21, 2, 1, 22, 2, 2] => QQFieldElem[1//2, 3//2, 1, 1//2],
	[20, 15, 17, 21, 15, 1, 1, 21, 2, 1] => QQFieldElem[-1//40, 3//40, 7//40, 3//20],
	[20, 15, 17, 21, 15, 1, 1, 22, 2, 1] => QQFieldElem[-5//22, 1//11, -5//11, 9//22],
	[20, 15, 17, 21, 21, 1, 1, 16, 1, 1] => QQFieldElem[9//220, 13//220, 27//220, 21//220],
	[20, 15, 17, 21, 9, 1, 1, 21, 2, 2] => QQFieldElem[-50//11, -60//11, -40//11, -25//11],
	[20, 15, 17, 21, 22, 2, 1, 16, 1, 1] => QQFieldElem[39//220, 19//110, 7//220, -19//220],
	[20, 15, 17, 21, 9, 1, 1, 22, 2, 2] => QQFieldElem[-28//11, -2//11, -12//11, 2//11],
	[20, 15, 17, 21, 13, 2, 1, 14, 1, 1] => QQFieldElem[3//2, 5//2, 3, 1//2],
	[20, 15, 17, 21, 15, 2, 1, 21, 1, 2] => QQFieldElem[1//2, 1//2, -1//2, -1//2],
	[20, 15, 17, 21, 15, 2, 1, 22, 1, 2] => QQFieldElem[-35//11, 25//11, -26//11, -14//11],
	[20, 15, 17, 21, 13, 1, 1, 21, 1, 1] => QQFieldElem[-1//22, 1//22, -3//22, -1//44],
	[20, 15, 17, 21, 22, 2, 1, 14, 1, 1] => QQFieldElem[1, 2, 1, 0],
	[20, 15, 17, 21, 21, 1, 1, 14, 1, 1] => QQFieldElem[1//2, 1//2, 1, 3//2],
	[20, 15, 17, 21, 13, 1, 1, 22, 1, 1] => QQFieldElem[38//55, 31//55, -1//55, 57//55],
	[20, 15, 17, 21, 15, 2, 1, 21, 2, 2] => QQFieldElem[-7//20, -7//10, -11//20, -3//20],
	[20, 15, 17, 21, 15, 2, 1, 22, 2, 2] => QQFieldElem[-1//11, -4//11, -15//22, -7//11],
	[20, 15, 17, 21, 13, 1, 1, 21, 2, 1] => QQFieldElem[-1//11, -10//11, -3//11, -6//11],
	[20, 15, 17, 21, 22, 1, 1, 21, 1, 1] => QQFieldElem[1, -2, 1//2, -7//2],
	[20, 15, 17, 21, 15, 1, 1, 16, 1, 1] => QQFieldElem[-21//22, -1//22, 25//22, 17//22],
	[20, 15, 17, 21, 13, 1, 1, 22, 2, 1] => QQFieldElem[26//55, 27//55, 8//55, 39//55],
	[20, 15, 17, 21, 22, 1, 1, 22, 1, 1] => QQFieldElem[7//5, 13//10, -3//10, 21//10],
	[20, 15, 17, 21, 16, 1, 1, 21, 1, 1] => QQFieldElem[1//2, 3//2, 2, 1],
	[20, 15, 17, 21, 21, 2, 1, 21, 1, 1] => QQFieldElem[-1, -7//2, -9//2, -5//2],
	[20, 15, 17, 21, 22, 1, 1, 21, 2, 1] => QQFieldElem[-2//5, -11//20, -1//5, 3//20],
	[20, 15, 17, 21, 16, 1, 1, 22, 1, 1] => QQFieldElem[2//5, 4//5, 6//5, -2//5],
	[20, 15, 17, 21, 21, 2, 1, 22, 1, 1] => QQFieldElem[-3, -5, -3, 0],
	[20, 15, 17, 21, 22, 1, 1, 22, 2, 1] => QQFieldElem[1//5, 1//5, 0, 3//5],
	[20, 15, 17, 21, 16, 1, 1, 21, 2, 1] => QQFieldElem[3//2, 7//2, 3, 1],
	[20, 15, 17, 21, 13, 2, 1, 21, 1, 2] => QQFieldElem[3//11, 5//22, 7//22, 3//22],
	[20, 15, 17, 21, 21, 2, 1, 21, 2, 1] => QQFieldElem[0, 0, -2, -3],
	[20, 15, 17, 21, 9, 1, 1, 21, 1, 1] => QQFieldElem[-1//22, 1//22, -7//11, -3//11],
	[20, 15, 17, 21, 16, 1, 1, 22, 2, 1] => QQFieldElem[2, 4, 2, -2],
	[20, 15, 17, 21, 13, 2, 1, 22, 1, 2] => QQFieldElem[-9//55, -3//55, -7//55, 14//55],
	[20, 15, 17, 21, 21, 2, 1, 22, 2, 1] => QQFieldElem[0, -2, 0, 2],
	[20, 15, 17, 21, 9, 1, 1, 22, 1, 1] => QQFieldElem[0, 0, 0, 0],
	[20, 15, 17, 21, 15, 1, 1, 14, 1, 1] => QQFieldElem[-12, -9, 4, 12],
	[20, 15, 17, 21, 13, 2, 1, 21, 2, 2] => QQFieldElem[17//20, 29//20, 21//20, 3//20],
	[20, 15, 17, 21, 9, 1, 1, 21, 2, 1] => QQFieldElem[-3//22, -19//22, -10//11, -9//11],
	[20, 15, 17, 21, 22, 2, 1, 21, 1, 2] => QQFieldElem[3, 3, 0, 4],
	[20, 15, 17, 21, 13, 2, 1, 22, 2, 2] => QQFieldElem[-15//22, 17//22, 18//11, 27//22],
	[20, 15, 17, 21, 21, 1, 1, 21, 1, 2] => QQFieldElem[-1//10, -1//5, -3//10, -3//20],
	[20, 15, 17, 21, 9, 1, 1, 22, 2, 1] => QQFieldElem[0, 0, 0, 0],
	[20, 15, 17, 21, 22, 2, 1, 22, 1, 2] => QQFieldElem[1, -1, 0, 0],
	[20, 15, 17, 21, 21, 1, 1, 22, 1, 2] => QQFieldElem[0, 0, 0, 0],
	[20, 15, 17, 21, 13, 1, 1, 16, 1, 1] => QQFieldElem[-69//220, -63//220, 13//220, 59//220],
	[20, 15, 17, 21, 22, 2, 1, 21, 2, 2] => QQFieldElem[1//2, 0, -1//2, 0],
	[20, 15, 17, 21, 21, 1, 1, 21, 2, 2] => QQFieldElem[-1//2, 0, 1//2, 1//2],
	[20, 15, 17, 21, 22, 2, 1, 22, 2, 2] => QQFieldElem[0, 0, -1//2, 0],
	[20, 15, 17, 21, 21, 1, 1, 22, 2, 2] => QQFieldElem[-1//10, 3//10, 1//5, 1//10],
	[20, 15, 17, 21, 15, 2, 1, 21, 1, 1] => QQFieldElem[7//2, 7//2, 1//2, -3//2],
	[20, 15, 17, 21, 15, 2, 1, 22, 1, 1] => QQFieldElem[1, 7, 8, 4],
	[20, 15, 17, 21, 22, 1, 1, 16, 1, 1] => QQFieldElem[3//88, 7//440, 1//440, 1//220],
	[20, 15, 17, 21, 15, 2, 1, 21, 2, 1] => QQFieldElem[-3//4, -3//2, -5//4, -1//4],
	[20, 15, 17, 21, 16, 1, 1, 16, 1, 1] => QQFieldElem[15//44, 9//22, 1//44, -9//44],
	[20, 15, 17, 21, 15, 2, 1, 22, 2, 1] => QQFieldElem[9//11, 3//11, -41//22, -14//11],
	[20, 15, 17, 21, 21, 2, 1, 16, 1, 1] => QQFieldElem[17//22, 5//22, 7//22, 3//22],
	[20, 15, 17, 21, 13, 1, 1, 14, 1, 1] => QQFieldElem[-7//2, -5, -5//2, 1//2],
	[20, 15, 17, 21, 15, 1, 1, 21, 1, 2] => QQFieldElem[3//20, 1//20, -1//20, -3//20],
	[20, 15, 17, 21, 9, 1, 1, 16, 1, 1] => QQFieldElem[-9//44, -13//44, -5//44, 1//44],
	[20, 15, 17, 21, 15, 1, 1, 22, 1, 2] => QQFieldElem[-5//11, 15//22, -9//22, 7//22],
	[20, 15, 17, 21, 22, 1, 1, 14, 1, 1] => QQFieldElem[3//10, 7//20, 3//20, -1//20],
	[20, 15, 17, 21, 15, 1, 1, 21, 2, 2] => QQFieldElem[-1//40, -3//40, -1//40, 0],
	[20, 15, 17, 21, 16, 1, 1, 14, 1, 1] => QQFieldElem[4, 7, 4, 0],
	[20, 15, 17, 21, 15, 1, 1, 22, 2, 2] => QQFieldElem[-31//110, 4//55, -9//55, -19//110],
	[20, 15, 17, 21, 13, 2, 1, 21, 1, 1] => QQFieldElem[-1//11, 13//22, 5//22, -1//22],
	[20, 15, 17, 21, 21, 2, 1, 14, 1, 1] => QQFieldElem[0, 1, 2, 2],
	[20, 15, 17, 21, 13, 2, 1, 22, 1, 1] => QQFieldElem[5//11, 9//11, -1//11, 2//11],
	[20, 15, 17, 21, 13, 2, 1, 21, 2, 1] => QQFieldElem[8//11, -8//11, 2//11, -7//11],
	[20, 15, 17, 21, 9, 1, 1, 14, 1, 1] => QQFieldElem[-3//2, -3, -5//2, -1//2],
	[20, 15, 17, 21, 22, 2, 1, 21, 1, 1] => QQFieldElem[3, 15, 16, 6],
	[20, 15, 17, 21, 15, 2, 1, 16, 1, 1] => QQFieldElem[-13//440, -31//440, -39//440, -3//110],
	[20, 15, 17, 21, 13, 2, 1, 22, 2, 1] => QQFieldElem[-20//11, 30//11, -40//11, 14//11],
	[20, 15, 17, 21, 21, 1, 1, 21, 1, 1] => QQFieldElem[-1//10, -3//10, 2//5, 1//4],
	[20, 15, 17, 21, 22, 2, 1, 22, 1, 1] => QQFieldElem[3, 3, 2, 2],
	[20, 15, 17, 21, 21, 1, 1, 22, 1, 1] => QQFieldElem[0, 4//5, 2//5, 4//5],
	[20, 15, 17, 21, 13, 1, 1, 21, 1, 2] => QQFieldElem[21//110, 6//55, 4//55, 43//220],
	[20, 15, 17, 21, 22, 2, 1, 21, 2, 1] => QQFieldElem[1//2, -2, -9//2, -4],
	[20, 15, 17, 21, 21, 1, 1, 21, 2, 1] => QQFieldElem[0, 0, 0, -1],
	[20, 15, 17, 21, 13, 1, 1, 22, 1, 2] => QQFieldElem[-12//55, 7//55, -13//55, -7//55],
	[20, 15, 17, 21, 22, 2, 1, 22, 2, 1] => QQFieldElem[0, -1, -3//2, -1],
	[20, 15, 17, 21, 21, 1, 1, 22, 2, 1] => QQFieldElem[2, 1, 0, 1],
	[20, 15, 17, 21, 13, 1, 1, 21, 2, 2] => QQFieldElem[1//4, 3//4, 3//4, 1//4])