Dict(
	[20, 19, 7, 19, 19, 2, 2, 19, 2, 2] => QQFieldElem[0, 0, 0, 0],
	[20, 19, 7, 19, 19, 2, 1, 19, 2, 2] => QQFieldElem[0, 0, 0, 0],
	[20, 19, 7, 19, 19, 1, 2, 19, 1, 1] => QQFieldElem[0, 0, 0, 0],
	[20, 19, 7, 19, 19, 1, 2, 12, 1, 1] => QQFieldElem[0, 0, 0, 0],
	[20, 19, 7, 19, 19, 1, 1, 19, 1, 1] => QQFieldElem[0, 0, 0, 0],
	[20, 19, 7, 19, 19, 1, 1, 12, 1, 1] => QQFieldElem[0, 0, 0, 0],
	[20, 19, 7, 19, 11, 1, 1, 12, 1, 1] => QQFieldElem[-2//5, -4//5, -6//5, 2//5],
	[20, 19, 7, 19, 11, 1, 1, 19, 1, 1] => QQFieldElem[0, 0, 0, 0],
	[20, 19, 7, 19, 19, 2, 2, 19, 1, 1] => QQFieldElem[1//5, 2//5, 3//5, 3//10],
	[20, 19, 7, 19, 19, 2, 2, 12, 1, 1] => QQFieldElem[-2, -1, -1, -1],
	[20, 19, 7, 19, 19, 2, 1, 19, 1, 1] => QQFieldElem[6//5, 2//5, 8//5, 4//5],
	[20, 19, 7, 19, 19, 2, 1, 12, 1, 1] => QQFieldElem[-8, -4, -4, -4],
	[20, 19, 7, 19, 12, 1, 1, 19, 1, 2] => QQFieldElem[0, 1//5, 2//5, 2//5],
	[20, 19, 7, 19, 19, 1, 2, 19, 2, 1] => QQFieldElem[0, -2, 0, 2],
	[20, 19, 7, 19, 19, 1, 1, 19, 2, 1] => QQFieldElem[0, 0, 0, 0],
	[20, 19, 7, 19, 11, 1, 1, 19, 2, 1] => QQFieldElem[0, 0, 0, 0],
	[20, 19, 7, 19, 12, 1, 1, 11, 1, 1] => QQFieldElem[1//5, 7//5, 8//5, 4//5],
	[20, 19, 7, 19, 19, 2, 2, 19, 2, 1] => QQFieldElem[0, 0, 0, 0],
	[20, 19, 7, 19, 19, 2, 1, 19, 2, 1] => QQFieldElem[3//5, 1//5, -1//5, -3//5],
	[20, 19, 7, 19, 12, 1, 1, 19, 2, 2] => QQFieldElem[0, 0, 0, 0],
	[20, 19, 7, 19, 19, 1, 2, 19, 1, 2] => QQFieldElem[0, 0, 0, 0],
	[20, 19, 7, 19, 12, 1, 1, 19, 1, 1] => QQFieldElem[0, 0, 0, 0],
	[20, 19, 7, 19, 19, 1, 1, 19, 1, 2] => QQFieldElem[0, 0, 0, 0],
	[20, 19, 7, 19, 12, 1, 1, 12, 1, 1] => QQFieldElem[0, 0, 0, 0],
	[20, 19, 7, 19, 11, 1, 1, 19, 1, 2] => QQFieldElem[0, 0, 0, 0],
	[20, 19, 7, 19, 19, 2, 2, 19, 1, 2] => QQFieldElem[-12//5, -4//5, 4//5, 12//5],
	[20, 19, 7, 19, 19, 1, 2, 11, 1, 1] => QQFieldElem[0, 0, 0, 0],
	[20, 19, 7, 19, 19, 2, 1, 19, 1, 2] => QQFieldElem[0, 0, 0, 0],
	[20, 19, 7, 19, 19, 1, 1, 11, 1, 1] => QQFieldElem[2, 0, -2, 0],
	[20, 19, 7, 19, 11, 1, 1, 11, 1, 1] => QQFieldElem[0, 0, 0, 0],
	[20, 19, 7, 19, 19, 2, 2, 11, 1, 1] => QQFieldElem[0, 0, 0, 0],
	[20, 19, 7, 19, 19, 1, 2, 19, 2, 2] => QQFieldElem[-4, -2, -2, -2],
	[20, 19, 7, 19, 12, 1, 1, 19, 2, 1] => QQFieldElem[0, 0, 0, 0],
	[20, 19, 7, 19, 19, 1, 1, 19, 2, 2] => QQFieldElem[-16, 0, -8, -16],
	[20, 19, 7, 19, 19, 2, 1, 11, 1, 1] => QQFieldElem[0, 0, 0, 0],
	[20, 19, 7, 19, 11, 1, 1, 19, 2, 2] => QQFieldElem[-1//10, 3//10, 1//5, 1//10])