Dict(
	[20, 12, 18, 20, 19, 1, 1, 18, 1, 1] => QQFieldElem[0, 0, 0, 0],
	[20, 12, 18, 20, 18, 1, 1, 17, 1, 1] => QQFieldElem[0, -3//4, -5//4, -3//4],
	[20, 12, 18, 20, 18, 1, 1, 19, 1, 2] => QQFieldElem[1//4, 1//8, 1//8, 1//8],
	[20, 12, 18, 20, 20, 1, 1, 19, 1, 1] => QQFieldElem[-1//10, -1//5, -3//10, -3//20],
	[20, 12, 18, 20, 12, 1, 1, 19, 1, 1] => QQFieldElem[-1//10, -1//5, -1//20, 1//10],
	[20, 12, 18, 20, 19, 2, 1, 18, 1, 1] => QQFieldElem[-1//10, -1//5, -3//10, -2//5],
	[20, 12, 18, 20, 19, 1, 1, 17, 1, 1] => QQFieldElem[0, 0, 0, 0],
	[20, 12, 18, 20, 18, 1, 1, 11, 1, 1] => QQFieldElem[-1//10, 3//10, 7//10, 3//5],
	[20, 12, 18, 20, 19, 1, 1, 19, 1, 2] => QQFieldElem[3//40, 3//20, 1//10, 1//20],
	[20, 12, 18, 20, 19, 2, 1, 17, 1, 1] => QQFieldElem[-1//2, 0, 1, 1],
	[20, 12, 18, 20, 19, 2, 1, 19, 1, 2] => QQFieldElem[0, 0, 0, 0],
	[20, 12, 18, 20, 19, 1, 1, 11, 1, 1] => QQFieldElem[0, 1//2, 1, 1//2],
	[20, 12, 18, 20, 17, 1, 1, 20, 1, 1] => QQFieldElem[1//8, 1//4, 1//8, 0],
	[20, 12, 18, 20, 19, 2, 1, 11, 1, 1] => QQFieldElem[0, 0, 0, 0],
	[20, 12, 18, 20, 17, 1, 1, 18, 1, 1] => QQFieldElem[1//10, 1//5, 3//10, 3//20],
	[20, 12, 18, 20, 12, 1, 1, 20, 1, 1] => QQFieldElem[0, 0, 0, 0],
	[20, 12, 18, 20, 20, 1, 1, 20, 1, 1] => QQFieldElem[0, 0, 0, 0],
	[20, 12, 18, 20, 18, 1, 1, 19, 1, 1] => QQFieldElem[-3//20, -1//20, 1//20, 3//20],
	[20, 12, 18, 20, 17, 1, 1, 17, 1, 1] => QQFieldElem[0, -3//4, -5//4, -3//4],
	[20, 12, 18, 20, 17, 1, 1, 19, 1, 2] => QQFieldElem[0, 0, 0, 0],
	[20, 12, 18, 20, 19, 1, 1, 19, 1, 1] => QQFieldElem[-1//10, 1//20, 1//5, 1//10],
	[20, 12, 18, 20, 20, 1, 1, 18, 1, 1] => QQFieldElem[-1//2, -1//4, -1//4, -1//4],
	[20, 12, 18, 20, 12, 1, 1, 18, 1, 1] => QQFieldElem[2//5, 3//10, 1//5, 1//10],
	[20, 12, 18, 20, 17, 1, 1, 11, 1, 1] => QQFieldElem[1//10, -3//10, -7//10, -3//5],
	[20, 12, 18, 20, 19, 2, 1, 19, 1, 1] => QQFieldElem[3//40, 3//20, 1//10, 1//20],
	[20, 12, 18, 20, 20, 1, 1, 17, 1, 1] => QQFieldElem[-3//4, -1, -3//4, 0],
	[20, 12, 18, 20, 12, 1, 1, 17, 1, 1] => QQFieldElem[1, 3//2, 1, 0],
	[20, 12, 18, 20, 12, 1, 1, 19, 1, 2] => QQFieldElem[1//20, -1//40, -1//10, -1//20],
	[20, 12, 18, 20, 20, 1, 1, 19, 1, 2] => QQFieldElem[-1//8, -1//8, -1//8, -1//4],
	[20, 12, 18, 20, 18, 1, 1, 20, 1, 1] => QQFieldElem[-1//8, -1//4, -1//8, 0],
	[20, 12, 18, 20, 20, 1, 1, 11, 1, 1] => QQFieldElem[0, 0, 0, 0],
	[20, 12, 18, 20, 12, 1, 1, 11, 1, 1] => QQFieldElem[0, 0, 0, 0],
	[20, 12, 18, 20, 19, 1, 1, 20, 1, 1] => QQFieldElem[0, -1//8, 0, 1//8],
	[20, 12, 18, 20, 17, 1, 1, 19, 1, 1] => QQFieldElem[1//20, -1//40, -1//10, -1//20],
	[20, 12, 18, 20, 19, 2, 1, 20, 1, 1] => QQFieldElem[0, 0, 0, 0],
	[20, 12, 18, 20, 18, 1, 1, 18, 1, 1] => QQFieldElem[1//10, 1//5, 3//10, 3//20])