Dict(
	[20, 22, 14, 19, 18, 2, 1, 22, 2, 2] => QQFieldElem[0, 1//5, 3//5, 1//5],
	[20, 22, 14, 19, 20, 2, 1, 22, 2, 1] => QQFieldElem[4//5, 8//5, 7//5, 1//5],
	[20, 22, 14, 19, 18, 1, 1, 15, 2, 1] => QQFieldElem[-4//11, -42//11, -62//11, -32//11],
	[20, 22, 14, 19, 11, 1, 1, 21, 1, 1] => QQFieldElem[3//10, 3//5, 2//5, 1//5],
	[20, 22, 14, 19, 19, 2, 1, 13, 2, 1] => QQFieldElem[1//2, 0, -1//2, -1//2],
	[20, 22, 14, 19, 19, 1, 1, 21, 1, 1] => QQFieldElem[-1//80, 0, 3//80, 3//80],
	[20, 22, 14, 19, 19, 2, 2, 21, 1, 1] => QQFieldElem[-1//40, -3//40, -1//40, 0],
	[20, 22, 14, 19, 19, 1, 1, 22, 1, 1] => QQFieldElem[1//10, 3//40, 1//20, 1//40],
	[20, 22, 14, 19, 11, 1, 1, 22, 1, 1] => QQFieldElem[0, -1//10, -7//40, -1//10],
	[20, 22, 14, 19, 19, 2, 2, 22, 1, 1] => QQFieldElem[3//20, 3//10, 1//5, 1//10],
	[20, 22, 14, 19, 20, 1, 1, 21, 1, 2] => QQFieldElem[1//10, 1//2, 7//10, 1//5],
	[20, 22, 14, 19, 12, 1, 1, 21, 1, 2] => QQFieldElem[-2, 0, 4, 4],
	[20, 22, 14, 19, 17, 2, 1, 13, 1, 1] => QQFieldElem[0, -1//4, -1//4, -1//4],
	[20, 22, 14, 19, 19, 1, 1, 21, 2, 1] => QQFieldElem[3//20, 7//40, 3//40, -1//40],
	[20, 22, 14, 19, 20, 1, 1, 22, 1, 2] => QQFieldElem[-1//5, -2//5, -3//5, 1//5],
	[20, 22, 14, 19, 11, 1, 1, 21, 2, 1] => QQFieldElem[1//5, 2//5, -2//5, -1//5],
	[20, 22, 14, 19, 12, 1, 1, 22, 1, 2] => QQFieldElem[11//10, 6//5, 3//10, -1//10],
	[20, 22, 14, 19, 19, 2, 2, 21, 2, 1] => QQFieldElem[1//40, 3//40, 1//40, 0],
	[20, 22, 14, 19, 19, 1, 1, 22, 2, 1] => QQFieldElem[-1//4, -1//2, -1//2, 0],
	[20, 22, 14, 19, 11, 1, 1, 22, 2, 1] => QQFieldElem[3//20, 3//20, 0, -1//20],
	[20, 22, 14, 19, 19, 2, 2, 22, 2, 1] => QQFieldElem[-3//20, -3//10, -1//5, -1//10],
	[20, 22, 14, 19, 20, 1, 1, 21, 2, 2] => QQFieldElem[3//5, 0, 1//5, 1//5],
	[20, 22, 14, 19, 17, 1, 1, 21, 1, 1] => QQFieldElem[1, 2, 1, 0],
	[20, 22, 14, 19, 12, 1, 1, 21, 2, 2] => QQFieldElem[0, 0, 0, 0],
	[20, 22, 14, 19, 17, 2, 1, 13, 2, 1] => QQFieldElem[-1//2, 0, 0, 0],
	[20, 22, 14, 19, 20, 1, 1, 22, 2, 2] => QQFieldElem[-6//5, -2//5, 2//5, 6//5],
	[20, 22, 14, 19, 12, 1, 1, 22, 2, 2] => QQFieldElem[-3//20, -3//20, 0, 1//20],
	[20, 22, 14, 19, 17, 1, 1, 22, 1, 1] => QQFieldElem[3//10, 1//5, -1//20, -1//5],
	[20, 22, 14, 19, 20, 2, 1, 15, 1, 1] => QQFieldElem[5//44, 3//44, -5//44, -1//11],
	[20, 22, 14, 19, 19, 1, 2, 21, 1, 2] => QQFieldElem[-1//20, 0, -1//10, -1//10],
	[20, 22, 14, 19, 17, 1, 1, 21, 2, 1] => QQFieldElem[2, 0, -4, -4],
	[20, 22, 14, 19, 18, 1, 1, 13, 1, 1] => QQFieldElem[0, -1//2, -1, -1//2],
	[20, 22, 14, 19, 19, 1, 2, 22, 1, 2] => QQFieldElem[2//5, 4//5, 7//10, 1//10],
	[20, 22, 14, 19, 19, 2, 1, 21, 1, 2] => QQFieldElem[3//80, 3//80, 0, -1//80],
	[20, 22, 14, 19, 17, 1, 1, 22, 2, 1] => QQFieldElem[1//2, 3//5, 3//10, 1//10],
	[20, 22, 14, 19, 20, 2, 1, 15, 2, 1] => QQFieldElem[7//22, 1//11, -7//22, -5//11],
	[20, 22, 14, 19, 19, 2, 1, 22, 1, 2] => QQFieldElem[-1//40, -1//20, -3//40, 1//40],
	[20, 22, 14, 19, 19, 1, 2, 21, 2, 2] => QQFieldElem[-1//20, 0, 3//20, 3//20],
	[20, 22, 14, 19, 18, 1, 1, 13, 2, 1] => QQFieldElem[0, 0, -1, -1],
	[20, 22, 14, 19, 11, 1, 1, 15, 1, 1] => QQFieldElem[-1//11, -21//22, -31//22, -8//11],
	[20, 22, 14, 19, 19, 1, 1, 15, 1, 1] => QQFieldElem[-1//11, 1//22, 1//11, 1//44],
	[20, 22, 14, 19, 19, 1, 2, 22, 2, 2] => QQFieldElem[-1//5, 1//10, 2//5, 1//5],
	[20, 22, 14, 19, 19, 2, 2, 15, 1, 1] => QQFieldElem[-5//22, -3//22, 5//22, 2//11],
	[20, 22, 14, 19, 19, 2, 1, 21, 2, 2] => QQFieldElem[1//10, 3//10, 1//10, 0],
	[20, 22, 14, 19, 19, 2, 1, 22, 2, 2] => QQFieldElem[1//5, 2//5, 3//5, -1//5],
	[20, 22, 14, 19, 18, 2, 1, 21, 1, 1] => QQFieldElem[-1//4, -1//4, -1//4, 0],
	[20, 22, 14, 19, 19, 1, 1, 15, 2, 1] => QQFieldElem[19//22, 7//22, -4//11, -13//22],
	[20, 22, 14, 19, 11, 1, 1, 15, 2, 1] => QQFieldElem[-12//11, -16//11, -10//11, 3//11],
	[20, 22, 14, 19, 18, 2, 1, 22, 1, 1] => QQFieldElem[-3//5, -4//5, -3//5, 0],
	[20, 22, 14, 19, 17, 2, 1, 21, 1, 2] => QQFieldElem[-1//2, -1//2, -1//2, 0],
	[20, 22, 14, 19, 19, 2, 2, 15, 2, 1] => QQFieldElem[7//22, 1//11, -7//22, -5//11],
	[20, 22, 14, 19, 17, 2, 1, 22, 1, 2] => QQFieldElem[-3//5, -3//5, 0, 1//5],
	[20, 22, 14, 19, 18, 2, 1, 21, 2, 1] => QQFieldElem[1//2, 1, 1//2, 0],
	[20, 22, 14, 19, 17, 1, 1, 15, 1, 1] => QQFieldElem[1//11, -50//11, -78//11, -58//11],
	[20, 22, 14, 19, 17, 2, 1, 21, 2, 2] => QQFieldElem[-1//2, -1//2, -1//2, 0],
	[20, 22, 14, 19, 18, 2, 1, 22, 2, 1] => QQFieldElem[6//5, 1, -3//5, -3//5],
	[20, 22, 14, 19, 20, 2, 1, 13, 1, 1] => QQFieldElem[1//2, 0, -1//2, -1//2],
	[20, 22, 14, 19, 17, 2, 1, 22, 2, 2] => QQFieldElem[-3//5, -3//5, 0, 1//5],
	[20, 22, 14, 19, 17, 1, 1, 15, 2, 1] => QQFieldElem[156//11, 274//11, 174//11, 16//11],
	[20, 22, 14, 19, 18, 1, 1, 21, 1, 2] => QQFieldElem[1//2, 1//2, 0, -1//2],
	[20, 22, 14, 19, 20, 1, 1, 21, 1, 1] => QQFieldElem[-1//2, -1//2, -1//2, 0],
	[20, 22, 14, 19, 12, 1, 1, 21, 1, 1] => QQFieldElem[1, 2, 1, 0],
	[20, 22, 14, 19, 18, 1, 1, 22, 1, 2] => QQFieldElem[-9//5, -4//5, 1, 8//5],
	[20, 22, 14, 19, 20, 2, 1, 13, 2, 1] => QQFieldElem[-1, -1, -1, 0],
	[20, 22, 14, 19, 20, 1, 1, 22, 1, 1] => QQFieldElem[-1, 0, 1, 1],
	[20, 22, 14, 19, 12, 1, 1, 22, 1, 1] => QQFieldElem[-3//5, -1//5, 9//20, 3//5],
	[20, 22, 14, 19, 19, 1, 1, 13, 1, 1] => QQFieldElem[0, 1//2, 1, 1],
	[20, 22, 14, 19, 11, 1, 1, 13, 1, 1] => QQFieldElem[-1//4, -1//2, -1//2, -1//4],
	[20, 22, 14, 19, 18, 1, 1, 21, 2, 2] => QQFieldElem[2, 2, 0, -1],
	[20, 22, 14, 19, 19, 2, 2, 13, 1, 1] => QQFieldElem[0, 0, 0, 0],
	[20, 22, 14, 19, 12, 1, 1, 21, 2, 1] => QQFieldElem[0, 0, 0, 0],
	[20, 22, 14, 19, 20, 1, 1, 21, 2, 1] => QQFieldElem[1, 2, 1, 1],
	[20, 22, 14, 19, 18, 1, 1, 22, 2, 2] => QQFieldElem[-4//5, -4//5, 0, -2//5],
	[20, 22, 14, 19, 20, 1, 1, 22, 2, 1] => QQFieldElem[-2, -6, -6, -2],
	[20, 22, 14, 19, 12, 1, 1, 22, 2, 1] => QQFieldElem[3//40, 0, -1//10, -1//10],
	[20, 22, 14, 19, 18, 2, 1, 15, 1, 1] => QQFieldElem[3//11, 15//11, 19//11, 13//11],
	[20, 22, 14, 19, 19, 1, 1, 13, 2, 1] => QQFieldElem[-2, -1, 1, 2],
	[20, 22, 14, 19, 11, 1, 1, 13, 2, 1] => QQFieldElem[0, 0, -1//2, -1//2],
	[20, 22, 14, 19, 19, 1, 2, 21, 1, 1] => QQFieldElem[1//80, 0, -3//80, -3//80],
	[20, 22, 14, 19, 19, 2, 2, 13, 2, 1] => QQFieldElem[1, 1, 1, 0],
	[20, 22, 14, 19, 19, 1, 2, 22, 1, 1] => QQFieldElem[-1//10, -3//40, -1//20, -1//40],
	[20, 22, 14, 19, 18, 2, 1, 15, 2, 1] => QQFieldElem[38//11, 58//11, 28//11, -4//11],
	[20, 22, 14, 19, 19, 2, 1, 21, 1, 1] => QQFieldElem[-1//40, -3//40, -1//40, 0],
	[20, 22, 14, 19, 17, 1, 1, 13, 1, 1] => QQFieldElem[0, 3//2, 2, 3//2],
	[20, 22, 14, 19, 19, 2, 1, 22, 1, 1] => QQFieldElem[3//20, 3//10, 1//5, 1//10],
	[20, 22, 14, 19, 19, 1, 2, 21, 2, 1] => QQFieldElem[-3//20, -3//10, -1//5, -1//10],
	[20, 22, 14, 19, 20, 2, 1, 21, 1, 2] => QQFieldElem[-3//20, -1//10, 3//20, 1//10],
	[20, 22, 14, 19, 19, 1, 2, 22, 2, 1] => QQFieldElem[1, 2, 3//2, 1//2],
	[20, 22, 14, 19, 19, 2, 1, 21, 2, 1] => QQFieldElem[-3//80, -3//80, 0, 1//80],
	[20, 22, 14, 19, 17, 1, 1, 13, 2, 1] => QQFieldElem[2, 0, -1, -1],
	[20, 22, 14, 19, 20, 2, 1, 22, 1, 2] => QQFieldElem[1//5, -1//10, -2//5, -1//5],
	[20, 22, 14, 19, 19, 2, 1, 22, 2, 1] => QQFieldElem[1//40, 1//20, 3//40, -1//40],
	[20, 22, 14, 19, 20, 1, 1, 15, 1, 1] => QQFieldElem[-9//22, -1//22, -1//11, 5//22],
	[20, 22, 14, 19, 12, 1, 1, 15, 1, 1] => QQFieldElem[-1//11, -21//22, -31//22, -8//11],
	[20, 22, 14, 19, 20, 2, 1, 21, 2, 2] => QQFieldElem[1//10, -1//10, -1//10, 1//10],
	[20, 22, 14, 19, 17, 2, 1, 21, 1, 1] => QQFieldElem[0, 0, 0, 0],
	[20, 22, 14, 19, 20, 2, 1, 22, 2, 2] => QQFieldElem[-4//5, -8//5, -7//5, -1//5],
	[20, 22, 14, 19, 17, 2, 1, 22, 1, 1] => QQFieldElem[-3//40, 0, 1//10, 1//10],
	[20, 22, 14, 19, 19, 1, 1, 21, 1, 2] => QQFieldElem[0, -1//40, -3//40, -1//40],
	[20, 22, 14, 19, 11, 1, 1, 21, 1, 2] => QQFieldElem[3//10, 3//5, 2//5, 1//5],
	[20, 22, 14, 19, 20, 1, 1, 15, 2, 1] => QQFieldElem[-6//11, -8//11, 6//11, 7//11],
	[20, 22, 14, 19, 19, 2, 2, 21, 1, 2] => QQFieldElem[1//40, 3//40, 1//40, 0],
	[20, 22, 14, 19, 19, 1, 1, 22, 1, 2] => QQFieldElem[3//20, 3//10, 1//5, 1//10],
	[20, 22, 14, 19, 11, 1, 1, 22, 1, 2] => QQFieldElem[0, 1//10, 7//40, 1//10],
	[20, 22, 14, 19, 17, 2, 1, 21, 2, 1] => QQFieldElem[0, 0, 0, 0],
	[20, 22, 14, 19, 12, 1, 1, 15, 2, 1] => QQFieldElem[12//11, 16//11, 10//11, -3//11],
	[20, 22, 14, 19, 19, 2, 2, 22, 1, 2] => QQFieldElem[-3//20, -3//10, -1//5, -1//10],
	[20, 22, 14, 19, 18, 2, 1, 13, 1, 1] => QQFieldElem[0, 1//4, 1//4, 1//4],
	[20, 22, 14, 19, 17, 2, 1, 22, 2, 1] => QQFieldElem[-3//20, -3//20, 0, 1//20],
	[20, 22, 14, 19, 19, 1, 1, 21, 2, 2] => QQFieldElem[1//20, 0, -3//20, -3//20],
	[20, 22, 14, 19, 11, 1, 1, 21, 2, 2] => QQFieldElem[-1//5, -2//5, 2//5, 1//5],
	[20, 22, 14, 19, 19, 1, 2, 15, 1, 1] => QQFieldElem[1//11, -1//22, -1//11, -1//44],
	[20, 22, 14, 19, 19, 2, 2, 21, 2, 2] => QQFieldElem[1//10, 3//10, 1//10, 0],
	[20, 22, 14, 19, 19, 1, 1, 22, 2, 2] => QQFieldElem[-1//5, 1//10, 2//5, 1//5],
	[20, 22, 14, 19, 11, 1, 1, 22, 2, 2] => QQFieldElem[3//20, 3//20, 0, -1//20],
	[20, 22, 14, 19, 18, 1, 1, 21, 1, 1] => QQFieldElem[1//2, 1//2, 1, 1//2],
	[20, 22, 14, 19, 19, 2, 2, 22, 2, 2] => QQFieldElem[-1//5, -2//5, -3//5, 1//5],
	[20, 22, 14, 19, 18, 2, 1, 13, 2, 1] => QQFieldElem[-1//2, 0, 0, 0],
	[20, 22, 14, 19, 17, 1, 1, 21, 1, 2] => QQFieldElem[0, 0, 0, 1//4],
	[20, 22, 14, 19, 18, 1, 1, 22, 1, 1] => QQFieldElem[3, 4, 3, 0],
	[20, 22, 14, 19, 19, 2, 1, 15, 1, 1] => QQFieldElem[-5//22, -3//22, 5//22, 2//11],
	[20, 22, 14, 19, 19, 1, 2, 15, 2, 1] => QQFieldElem[-20//11, -12//11, 20//11, 27//11],
	[20, 22, 14, 19, 17, 1, 1, 22, 1, 2] => QQFieldElem[1//2, 7//5, 17//10, 9//10],
	[20, 22, 14, 19, 18, 1, 1, 21, 2, 1] => QQFieldElem[0, -2, -2, -1],
	[20, 22, 14, 19, 19, 2, 1, 15, 2, 1] => QQFieldElem[-5//44, -3//44, 5//44, 1//11],
	[20, 22, 14, 19, 17, 1, 1, 21, 2, 2] => QQFieldElem[0, 0, 0, -1//4],
	[20, 22, 14, 19, 18, 1, 1, 22, 2, 1] => QQFieldElem[-8, -8, 0, 2],
	[20, 22, 14, 19, 20, 1, 1, 13, 1, 1] => QQFieldElem[0, -1, -1, 0],
	[20, 22, 14, 19, 12, 1, 1, 13, 1, 1] => QQFieldElem[1//4, 1//2, 1//2, 1//4],
	[20, 22, 14, 19, 17, 1, 1, 22, 2, 2] => QQFieldElem[1//2, 3//5, 3//10, 1//10],
	[20, 22, 14, 19, 17, 2, 1, 15, 1, 1] => QQFieldElem[3//11, 15//11, 19//11, 13//11],
	[20, 22, 14, 19, 20, 1, 1, 13, 2, 1] => QQFieldElem[-2, 0, 0, 0],
	[20, 22, 14, 19, 12, 1, 1, 13, 2, 1] => QQFieldElem[0, 0, -1//2, -1//2],
	[20, 22, 14, 19, 17, 2, 1, 15, 2, 1] => QQFieldElem[-38//11, -58//11, -28//11, 4//11],
	[20, 22, 14, 19, 18, 2, 1, 21, 1, 2] => QQFieldElem[1//4, 1//4, 1//4, 0],
	[20, 22, 14, 19, 20, 2, 1, 21, 1, 1] => QQFieldElem[3//20, 1//5, 3//20, 0],
	[20, 22, 14, 19, 18, 2, 1, 22, 1, 2] => QQFieldElem[0, -4//5, -7//5, -4//5],
	[20, 22, 14, 19, 19, 1, 2, 13, 1, 1] => QQFieldElem[0, 1//2, 1, 1],
	[20, 22, 14, 19, 20, 2, 1, 22, 1, 1] => QQFieldElem[1//5, -1//10, -2//5, -1//5],
	[20, 22, 14, 19, 18, 1, 1, 15, 1, 1] => QQFieldElem[13//11, 10//11, -2//11, -6//11],
	[20, 22, 14, 19, 19, 2, 1, 13, 1, 1] => QQFieldElem[0, 0, 0, 0],
	[20, 22, 14, 19, 18, 2, 1, 21, 2, 2] => QQFieldElem[1//2, 1, 1//2, 0],
	[20, 22, 14, 19, 20, 2, 1, 21, 2, 1] => QQFieldElem[-3//10, -1//2, -1//10, -1//10],
	[20, 22, 14, 19, 19, 1, 2, 13, 2, 1] => QQFieldElem[-2, -4, -4, 0])