Dict(
	[20, 22, 8, 14, 22, 1, 1, 22, 2, 1] => QQFieldElem[0, 1, -1, 0],
	[20, 22, 8, 14, 14, 1, 1, 22, 1, 1] => QQFieldElem[-1//2, -1//4, -1//4, -1//4],
	[20, 22, 8, 14, 21, 1, 1, 21, 2, 1] => QQFieldElem[0, 0, -1, -1],
	[20, 22, 8, 14, 16, 1, 1, 21, 2, 1] => QQFieldElem[0, 0, -1, -1],
	[20, 22, 8, 14, 21, 1, 1, 22, 2, 1] => QQFieldElem[0, 0, 0, 0],
	[20, 22, 8, 14, 14, 1, 1, 21, 2, 1] => QQFieldElem[0, 0, 0, 0],
	[20, 22, 8, 14, 16, 1, 1, 22, 2, 1] => QQFieldElem[0, 0, 0, 0],
	[20, 22, 8, 14, 14, 1, 1, 22, 2, 1] => QQFieldElem[0, 1, -1, 0],
	[20, 22, 8, 14, 22, 1, 1, 21, 1, 1] => QQFieldElem[1//4, 1//4, 0, -1//2],
	[20, 22, 8, 14, 22, 1, 1, 22, 1, 1] => QQFieldElem[1//2, 1//4, 1//4, 1//4],
	[20, 22, 8, 14, 21, 1, 1, 21, 1, 1] => QQFieldElem[-1//4, -1//4, 0, 0],
	[20, 22, 8, 14, 16, 1, 1, 21, 1, 1] => QQFieldElem[1//4, 1//4, 0, 0],
	[20, 22, 8, 14, 21, 1, 1, 22, 1, 1] => QQFieldElem[-1//2, -1//4, -1//4, -1//4],
	[20, 22, 8, 14, 22, 1, 1, 21, 2, 1] => QQFieldElem[0, 0, 0, 0],
	[20, 22, 8, 14, 14, 1, 1, 21, 1, 1] => QQFieldElem[-1//4, -1//4, 0, 1//2],
	[20, 22, 8, 14, 16, 1, 1, 22, 1, 1] => QQFieldElem[1//2, 1//4, 1//4, 1//4])