Dict(
	[20, 22, 12, 15, 14, 1, 1, 14, 1, 1] => QQFieldElem[0, 1//2, 1//2, 1],
	[20, 22, 12, 15, 22, 1, 1, 21, 1, 1] => QQFieldElem[-1//20, -7//20, -2//5, -1//5],
	[20, 22, 12, 15, 22, 1, 1, 22, 1, 1] => QQFieldElem[-1//4, -1//4, -1//2, -1//2],
	[20, 22, 12, 15, 16, 1, 1, 21, 1, 1] => QQFieldElem[-1//10, -2//5, -2//5, -1//10],
	[20, 22, 12, 15, 21, 2, 1, 21, 1, 1] => QQFieldElem[2//5, 4//5, 6//5, 3//5],
	[20, 22, 12, 15, 22, 1, 1, 21, 2, 1] => QQFieldElem[1//4, 1//4, 0, 0],
	[20, 22, 12, 15, 16, 1, 1, 22, 1, 1] => QQFieldElem[-1//2, 0, 0, -1//2],
	[20, 22, 12, 15, 21, 2, 1, 22, 1, 1] => QQFieldElem[2//5, 4//5, 6//5, 3//5],
	[20, 22, 12, 15, 22, 1, 1, 22, 2, 1] => QQFieldElem[-3//20, -1//20, 3//10, -1//10],
	[20, 22, 12, 15, 16, 1, 1, 21, 2, 1] => QQFieldElem[4//5, 4//5, 0, -3//5],
	[20, 22, 12, 15, 21, 2, 1, 21, 2, 1] => QQFieldElem[-1, -1, 0, 1//2],
	[20, 22, 12, 15, 16, 1, 1, 22, 2, 1] => QQFieldElem[0, 0, 0, 1],
	[20, 22, 12, 15, 21, 2, 1, 22, 2, 1] => QQFieldElem[-3//5, -6//5, -4//5, 1//10],
	[20, 22, 12, 15, 22, 1, 1, 16, 1, 1] => QQFieldElem[1//4, 1//2, 1//2, 0],
	[20, 22, 12, 15, 16, 1, 1, 16, 1, 1] => QQFieldElem[0, 1//2, 1//2, 0],
	[20, 22, 12, 15, 21, 2, 1, 16, 1, 1] => QQFieldElem[1//2, 0, -1//2, 0],
	[20, 22, 12, 15, 22, 1, 1, 14, 1, 1] => QQFieldElem[1//4, 1//2, 1//2, 0],
	[20, 22, 12, 15, 16, 1, 1, 14, 1, 1] => QQFieldElem[-1, -1//2, 1//2, 1],
	[20, 22, 12, 15, 21, 2, 1, 14, 1, 1] => QQFieldElem[3//2, 2, 3//2, 0],
	[20, 22, 12, 15, 22, 2, 1, 21, 1, 1] => QQFieldElem[4//5, 11//10, 9//10, 1//5],
	[20, 22, 12, 15, 21, 1, 1, 21, 1, 1] => QQFieldElem[-1//10, -1//5, 1//5, 1//10],
	[20, 22, 12, 15, 22, 2, 1, 22, 1, 1] => QQFieldElem[0, 3//2, 3//2, 1],
	[20, 22, 12, 15, 21, 1, 1, 22, 1, 1] => QQFieldElem[-1//10, -1//5, 1//5, 1//10],
	[20, 22, 12, 15, 14, 1, 1, 21, 1, 1] => QQFieldElem[-3//5, -3//5, -1, -4//5],
	[20, 22, 12, 15, 22, 2, 1, 21, 2, 1] => QQFieldElem[1, 3//2, 1//2, 0],
	[20, 22, 12, 15, 14, 1, 1, 22, 1, 1] => QQFieldElem[1, -1, -1, 0],
	[20, 22, 12, 15, 21, 1, 1, 21, 2, 1] => QQFieldElem[-4//5, -8//5, -2//5, 3//10],
	[20, 22, 12, 15, 22, 2, 1, 22, 2, 1] => QQFieldElem[3//5, 7//10, 3//10, 2//5],
	[20, 22, 12, 15, 21, 1, 1, 22, 2, 1] => QQFieldElem[0, -1, 0, -1//2],
	[20, 22, 12, 15, 14, 1, 1, 21, 2, 1] => QQFieldElem[-1//5, 3//5, 7//5, 6//5],
	[20, 22, 12, 15, 14, 1, 1, 22, 2, 1] => QQFieldElem[3//5, 1//5, -1//5, 2//5],
	[20, 22, 12, 15, 22, 2, 1, 16, 1, 1] => QQFieldElem[3//2, 2, 3//2, 0],
	[20, 22, 12, 15, 21, 1, 1, 16, 1, 1] => QQFieldElem[-1//4, -1//2, -1//2, 0],
	[20, 22, 12, 15, 14, 1, 1, 16, 1, 1] => QQFieldElem[-1, -5//2, -3//2, 0],
	[20, 22, 12, 15, 22, 2, 1, 14, 1, 1] => QQFieldElem[1//2, 0, -1//2, 0],
	[20, 22, 12, 15, 21, 1, 1, 14, 1, 1] => QQFieldElem[-1//4, -1//2, -1//2, 0])