Dict(
	[20, 8, 20, 6, 20, 1, 1, 11, 1, 1] => QQFieldElem[0, 0, 0, 0],
	[20, 8, 20, 6, 12, 1, 1, 11, 1, 1] => QQFieldElem[0, 0, 0, 0],
	[20, 8, 20, 6, 11, 1, 1, 20, 1, 1] => QQFieldElem[0, 0, 0, 0],
	[20, 8, 20, 6, 20, 1, 2, 12, 1, 1] => QQFieldElem[0, 0, 0, 0],
	[20, 8, 20, 6, 11, 1, 1, 20, 2, 1] => QQFieldElem[-4//5, 0, 12//5, 12//5],
	[20, 8, 20, 6, 20, 1, 1, 12, 1, 1] => QQFieldElem[0, 2, -4, 2],
	[20, 8, 20, 6, 12, 1, 1, 12, 1, 1] => QQFieldElem[2, 2, 2, 0],
	[20, 8, 20, 6, 11, 1, 1, 11, 1, 1] => QQFieldElem[0, -4, -4, -4],
	[20, 8, 20, 6, 20, 1, 2, 20, 1, 1] => QQFieldElem[0, 0, 0, 0],
	[20, 8, 20, 6, 20, 1, 1, 20, 1, 1] => QQFieldElem[0, 0, 4, 0],
	[20, 8, 20, 6, 12, 1, 1, 20, 1, 1] => QQFieldElem[4, 4, 4, 0],
	[20, 8, 20, 6, 11, 1, 1, 12, 1, 1] => QQFieldElem[0, 0, 0, 0],
	[20, 8, 20, 6, 20, 1, 2, 20, 2, 1] => QQFieldElem[0, 0, -1, -1],
	[20, 8, 20, 6, 20, 1, 1, 20, 2, 1] => QQFieldElem[0, 0, 0, 0],
	[20, 8, 20, 6, 12, 1, 1, 20, 2, 1] => QQFieldElem[0, 0, 0, 0],
	[20, 8, 20, 6, 20, 1, 2, 11, 1, 1] => QQFieldElem[0, 0, 1, 1])