Dict(
	[20, 20, 16, 13, 21, 2, 1, 11, 1, 1] => QQFieldElem[2, 4, 2, 2],
	[20, 20, 16, 13, 14, 1, 1, 11, 1, 1] => QQFieldElem[-1//2, 0, 1//2, 0],
	[20, 20, 16, 13, 22, 1, 1, 19, 1, 1] => QQFieldElem[0, -1, 0, -1],
	[20, 20, 16, 13, 22, 1, 1, 12, 1, 1] => QQFieldElem[1//2, 1, 1//2, 1//2],
	[20, 20, 16, 13, 22, 2, 1, 19, 1, 1] => QQFieldElem[-4, 0, -4, -4],
	[20, 20, 16, 13, 22, 2, 1, 12, 1, 1] => QQFieldElem[0, 0, -1, -1],
	[20, 20, 16, 13, 21, 1, 1, 12, 1, 1] => QQFieldElem[-1, -1, -1//2, 0],
	[20, 20, 16, 13, 21, 1, 1, 19, 1, 1] => QQFieldElem[0, 0, 1//2, -1//2],
	[20, 20, 16, 13, 16, 1, 1, 19, 1, 1] => QQFieldElem[0, 0, -1//2, 1//2],
	[20, 20, 16, 13, 16, 1, 1, 12, 1, 1] => QQFieldElem[1, 3, 0, 1],
	[20, 20, 16, 13, 21, 2, 1, 19, 1, 1] => QQFieldElem[1, 1, 0, 1],
	[20, 20, 16, 13, 22, 1, 1, 19, 2, 1] => QQFieldElem[0, 0, 0, 0],
	[20, 20, 16, 13, 21, 2, 1, 12, 1, 1] => QQFieldElem[-2, -4, -2, -2],
	[20, 20, 16, 13, 14, 1, 1, 12, 1, 1] => QQFieldElem[-1//2, 0, 1//2, 0],
	[20, 20, 16, 13, 14, 1, 1, 19, 1, 1] => QQFieldElem[-1//2, -1, 0, -1],
	[20, 20, 16, 13, 22, 2, 1, 19, 2, 1] => QQFieldElem[2//5, 4//5, -4//5, 8//5],
	[20, 20, 16, 13, 21, 1, 1, 19, 2, 1] => QQFieldElem[1, 0, 1, 0],
	[20, 20, 16, 13, 22, 1, 1, 20, 1, 1] => QQFieldElem[0, 0, -1//2, 1//2],
	[20, 20, 16, 13, 16, 1, 1, 19, 2, 1] => QQFieldElem[2, -2, 2, -2],
	[20, 20, 16, 13, 22, 2, 1, 20, 1, 1] => QQFieldElem[-3//5, -1//5, -4//5, -7//5],
	[20, 20, 16, 13, 21, 2, 1, 19, 2, 1] => QQFieldElem[0, 0, 0, 0],
	[20, 20, 16, 13, 21, 1, 1, 20, 1, 1] => QQFieldElem[1, 1, 1//2, 1//2],
	[20, 20, 16, 13, 14, 1, 1, 19, 2, 1] => QQFieldElem[1, -1, 2, -2],
	[20, 20, 16, 13, 16, 1, 1, 20, 1, 1] => QQFieldElem[1, -1, 2, -2],
	[20, 20, 16, 13, 22, 1, 1, 18, 1, 1] => QQFieldElem[0, 0, 0, 0],
	[20, 20, 16, 13, 21, 2, 1, 20, 1, 1] => QQFieldElem[2, 2, 2, 2],
	[20, 20, 16, 13, 14, 1, 1, 20, 1, 1] => QQFieldElem[-1//2, 0, 0, 0],
	[20, 20, 16, 13, 22, 2, 1, 18, 1, 1] => QQFieldElem[2//5, 4//5, -4//5, 8//5],
	[20, 20, 16, 13, 21, 1, 1, 18, 1, 1] => QQFieldElem[0, 1, 0, 1],
	[20, 20, 16, 13, 16, 1, 1, 18, 1, 1] => QQFieldElem[0, 0, 0, 0],
	[20, 20, 16, 13, 21, 2, 1, 18, 1, 1] => QQFieldElem[4, 0, 4, 4],
	[20, 20, 16, 13, 22, 1, 1, 11, 1, 1] => QQFieldElem[-1//2, -1, -1//2, -1//2],
	[20, 20, 16, 13, 14, 1, 1, 18, 1, 1] => QQFieldElem[1, 0, 1, 0],
	[20, 20, 16, 13, 22, 2, 1, 11, 1, 1] => QQFieldElem[0, 0, -1, -1],
	[20, 20, 16, 13, 21, 1, 1, 11, 1, 1] => QQFieldElem[1, 1, 1//2, 0],
	[20, 20, 16, 13, 16, 1, 1, 11, 1, 1] => QQFieldElem[1, 3, 0, 1])