Dict(
	[21, 15, 12, 8, 22, 1, 1, 7, 1, 1] => QQFieldElem[0, 0, 0, 0],
	[21, 15, 12, 8, 21, 1, 1, 7, 1, 1] => QQFieldElem[2//11, 8//11, 26//11, 14//11],
	[21, 15, 12, 8, 16, 1, 1, 7, 1, 1] => QQFieldElem[6//11, 2//11, 1//11, -2//11],
	[21, 15, 12, 8, 22, 1, 1, 12, 1, 1] => QQFieldElem[0, 0, 0, 0],
	[21, 15, 12, 8, 14, 1, 1, 7, 1, 1] => QQFieldElem[3//11, 1//11, -5//11, -1//11],
	[21, 15, 12, 8, 21, 1, 1, 12, 1, 1] => QQFieldElem[-2, -4, -2, -2],
	[21, 15, 12, 8, 16, 1, 1, 12, 1, 1] => QQFieldElem[0, 0, -1, 0],
	[21, 15, 12, 8, 14, 1, 1, 12, 1, 1] => QQFieldElem[-1, -1, -1, -1],
	[21, 15, 12, 8, 22, 1, 1, 20, 1, 1] => QQFieldElem[-2, 2, 2, -2],
	[21, 15, 12, 8, 21, 1, 1, 20, 1, 1] => QQFieldElem[0, -1, 0, -1],
	[21, 15, 12, 8, 16, 1, 1, 20, 1, 1] => QQFieldElem[2, -2, -2, 2],
	[21, 15, 12, 8, 22, 1, 1, 20, 2, 1] => QQFieldElem[-1, 0, 0, -1],
	[21, 15, 12, 8, 14, 1, 1, 20, 1, 1] => QQFieldElem[0, -1, 0, -1],
	[21, 15, 12, 8, 21, 1, 1, 20, 2, 1] => QQFieldElem[1, 0, 0, 0],
	[21, 15, 12, 8, 16, 1, 1, 20, 2, 1] => QQFieldElem[1, 0, 0, 1],
	[21, 15, 12, 8, 14, 1, 1, 20, 2, 1] => QQFieldElem[1, 0, 0, 0])