Dict(
	[21, 16, 19, 4, 13, 1, 1, 19, 2, 1] => QQFieldElem[-54//55, -78//55, -52//55, -16//55],
	[21, 16, 19, 4, 22, 1, 2, 19, 1, 1] => QQFieldElem[5//11, 17//11, 15//11, 8//11],
	[21, 16, 19, 4, 22, 1, 2, 12, 1, 1] => QQFieldElem[0, -1//2, -1, -1],
	[21, 16, 19, 4, 22, 1, 1, 19, 1, 1] => QQFieldElem[-4//11, 4//11, -12//11, -13//11],
	[21, 16, 19, 4, 22, 1, 1, 12, 1, 1] => QQFieldElem[3, 0, -4, -4],
	[21, 16, 19, 4, 21, 1, 2, 19, 1, 1] => QQFieldElem[-10//11, -12//11, 14//11, 28//11],
	[21, 16, 19, 4, 21, 1, 2, 12, 1, 1] => QQFieldElem[-1, 1, 3, 2],
	[21, 16, 19, 4, 21, 1, 1, 19, 1, 1] => QQFieldElem[-4//55, -18//55, -12//55, -46//55],
	[21, 16, 19, 4, 21, 1, 1, 12, 1, 1] => QQFieldElem[2, 2, 0, -1],
	[21, 16, 19, 4, 13, 1, 1, 8, 1, 1] => QQFieldElem[0, 1, 1, 1],
	[21, 16, 19, 4, 22, 1, 2, 19, 2, 1] => QQFieldElem[-9//11, -15//22, -16//11, -10//11],
	[21, 16, 19, 4, 22, 1, 1, 19, 2, 1] => QQFieldElem[-9//11, -24//11, -60//11, -32//11],
	[21, 16, 19, 4, 21, 1, 2, 19, 2, 1] => QQFieldElem[2//11, 9//11, 6//11, 12//11],
	[21, 16, 19, 4, 21, 1, 1, 19, 2, 1] => QQFieldElem[1//11, -1//11, 3//11, 6//11],
	[21, 16, 19, 4, 13, 1, 1, 11, 1, 1] => QQFieldElem[-14//5, -28//5, -22//5, -6//5],
	[21, 16, 19, 4, 22, 1, 2, 8, 1, 1] => QQFieldElem[0, -1, -1, -1//2],
	[21, 16, 19, 4, 22, 1, 1, 8, 1, 1] => QQFieldElem[1, -4, -5, -2],
	[21, 16, 19, 4, 21, 1, 2, 8, 1, 1] => QQFieldElem[1, 2, 2, 1],
	[21, 16, 19, 4, 21, 1, 1, 8, 1, 1] => QQFieldElem[1, 0, -1, -1],
	[21, 16, 19, 4, 22, 1, 2, 11, 1, 1] => QQFieldElem[1, 1, 1, 0],
	[21, 16, 19, 4, 22, 1, 1, 11, 1, 1] => QQFieldElem[6, 8, 6, 0],
	[21, 16, 19, 4, 13, 1, 1, 12, 1, 1] => QQFieldElem[-2, -1, 2, 2],
	[21, 16, 19, 4, 13, 1, 1, 19, 1, 1] => QQFieldElem[-6//55, 28//55, -18//55, -14//55],
	[21, 16, 19, 4, 21, 1, 2, 11, 1, 1] => QQFieldElem[-16//5, -22//5, -8//5, 6//5],
	[21, 16, 19, 4, 21, 1, 1, 11, 1, 1] => QQFieldElem[2//5, 14//5, 16//5, 8//5])