Dict(
	[21, 13, 15, 21, 6, 1, 1, 17, 1, 1] => QQFieldElem[0, 0, 0, 0],
	[21, 13, 15, 21, 19, 2, 1, 20, 2, 2] => QQFieldElem[2, 0, -3, -3],
	[21, 13, 15, 21, 4, 1, 1, 20, 1, 1] => QQFieldElem[3//5, 2//5, 0, 0],
	[21, 13, 15, 21, 18, 2, 1, 20, 1, 1] => QQFieldElem[0, 0, 0, 0],
	[21, 13, 15, 21, 17, 2, 1, 20, 1, 2] => QQFieldElem[-28//5, -44//5, -28//5, 0],
	[21, 13, 15, 21, 18, 1, 1, 18, 1, 1] => QQFieldElem[-56, -56, 0, 32],
	[21, 13, 15, 21, 4, 1, 1, 20, 2, 1] => QQFieldElem[-2//5, -4//5, -4//5, 0],
	[21, 13, 15, 21, 18, 1, 1, 17, 1, 1] => QQFieldElem[-12, -8, -12, -8],
	[21, 13, 15, 21, 6, 1, 1, 20, 1, 2] => QQFieldElem[-1//5, 0, -2//5, -2//5],
	[21, 13, 15, 21, 3, 1, 1, 11, 1, 1] => QQFieldElem[-3//5, -6//5, -4//5, -2//5],
	[21, 13, 15, 21, 18, 2, 1, 20, 2, 1] => QQFieldElem[-92//5, -144//5, -76//5, 12//5],
	[21, 13, 15, 21, 17, 2, 1, 20, 2, 2] => QQFieldElem[0, 0, 0, 0],
	[21, 13, 15, 21, 19, 1, 1, 11, 1, 1] => QQFieldElem[2, 2, 0, 0],
	[21, 13, 15, 21, 6, 1, 1, 20, 2, 2] => QQFieldElem[-3//5, 0, 4//5, 4//5],
	[21, 13, 15, 21, 18, 1, 1, 20, 1, 2] => QQFieldElem[-48//5, -36//5, 16//5, 48//5],
	[21, 13, 15, 21, 3, 1, 1, 19, 1, 1] => QQFieldElem[1//5, 0, -8//5, -8//5],
	[21, 13, 15, 21, 8, 1, 1, 11, 1, 1] => QQFieldElem[0, 0, 0, 0],
	[21, 13, 15, 21, 19, 2, 1, 7, 1, 1] => QQFieldElem[4//5, 8//5, 7//5, 1//5],
	[21, 13, 15, 21, 19, 1, 1, 19, 1, 1] => QQFieldElem[-2, 0, 2, 0],
	[21, 13, 15, 21, 18, 1, 1, 20, 2, 2] => QQFieldElem[1, 0, -2, -2],
	[21, 13, 15, 21, 17, 1, 1, 11, 1, 1] => QQFieldElem[0, 0, 0, 0],
	[21, 13, 15, 21, 19, 2, 1, 12, 1, 1] => QQFieldElem[-2//5, 1//5, -1//5, 2//5],
	[21, 13, 15, 21, 8, 1, 1, 19, 1, 1] => QQFieldElem[-1//2, -3//5, -3//10, -1//10],
	[21, 13, 15, 21, 17, 2, 1, 7, 1, 1] => QQFieldElem[7//5, 14//5, 11//5, 3//5],
	[21, 13, 15, 21, 3, 1, 1, 18, 1, 1] => QQFieldElem[-6, -16, -16, -6],
	[21, 13, 15, 21, 17, 1, 1, 19, 1, 1] => QQFieldElem[1//10, 3//5, 1//2, 3//10],
	[21, 13, 15, 21, 19, 2, 1, 20, 1, 1] => QQFieldElem[-1//10, -1//5, -4//5, -2//5],
	[21, 13, 15, 21, 6, 1, 1, 7, 1, 1] => QQFieldElem[-8//5, -16//5, -14//5, -2//5],
	[21, 13, 15, 21, 3, 1, 1, 17, 1, 1] => QQFieldElem[0, 0, 0, 0],
	[21, 13, 15, 21, 19, 1, 1, 18, 1, 1] => QQFieldElem[12, 24, 20, 4],
	[21, 13, 15, 21, 17, 2, 1, 12, 1, 1] => QQFieldElem[1//5, 2//5, -2//5, -1//5],
	[21, 13, 15, 21, 19, 1, 1, 17, 1, 1] => QQFieldElem[2, 0, 2, 2],
	[21, 13, 15, 21, 4, 1, 1, 11, 1, 1] => QQFieldElem[4//5, 8//5, 7//5, 1//5],
	[21, 13, 15, 21, 6, 1, 1, 12, 1, 1] => QQFieldElem[-4//5, 2//5, -2//5, 4//5],
	[21, 13, 15, 21, 19, 2, 1, 20, 2, 1] => QQFieldElem[0, 0, 0, 0],
	[21, 13, 15, 21, 8, 1, 1, 18, 1, 1] => QQFieldElem[-2, 1, 5, 4],
	[21, 13, 15, 21, 18, 2, 1, 11, 1, 1] => QQFieldElem[2, 4, 4, 0],
	[21, 13, 15, 21, 18, 1, 1, 7, 1, 1] => QQFieldElem[0, 0, 0, 0],
	[21, 13, 15, 21, 3, 1, 1, 20, 1, 2] => QQFieldElem[4//5, 8//5, 8//5, 0],
	[21, 13, 15, 21, 8, 1, 1, 17, 1, 1] => QQFieldElem[-1//10, -1//5, -4//5, -2//5],
	[21, 13, 15, 21, 17, 2, 1, 20, 1, 1] => QQFieldElem[-2//5, 6//5, 24//5, 22//5],
	[21, 13, 15, 21, 17, 1, 1, 18, 1, 1] => QQFieldElem[4, 5, 1, -2],
	[21, 13, 15, 21, 4, 1, 1, 19, 1, 1] => QQFieldElem[-3//5, 0, 4//5, 4//5],
	[21, 13, 15, 21, 6, 1, 1, 20, 1, 1] => QQFieldElem[-28//5, -12//5, -12//5, -8//5],
	[21, 13, 15, 21, 18, 1, 1, 12, 1, 1] => QQFieldElem[0, 0, 0, 0],
	[21, 13, 15, 21, 19, 1, 1, 20, 1, 2] => QQFieldElem[-8, -68, -84, -40],
	[21, 13, 15, 21, 17, 1, 1, 17, 1, 1] => QQFieldElem[1//10, 1//5, -1//5, -3//5],
	[21, 13, 15, 21, 3, 1, 1, 20, 2, 2] => QQFieldElem[-1//5, 2//5, 2//5, 2//5],
	[21, 13, 15, 21, 17, 2, 1, 20, 2, 1] => QQFieldElem[0, 0, -1, -1],
	[21, 13, 15, 21, 18, 2, 1, 19, 1, 1] => QQFieldElem[2, 2, 4, 2],
	[21, 13, 15, 21, 8, 1, 1, 20, 1, 2] => QQFieldElem[1//10, 3//5, 1//2, 3//10],
	[21, 13, 15, 21, 19, 1, 1, 20, 2, 2] => QQFieldElem[0, 12, 16, 8],
	[21, 13, 15, 21, 6, 1, 1, 20, 2, 1] => QQFieldElem[2//5, 4//5, 4//5, 0],
	[21, 13, 15, 21, 18, 1, 1, 20, 1, 1] => QQFieldElem[0, 0, 0, 0],
	[21, 13, 15, 21, 17, 1, 1, 20, 1, 2] => QQFieldElem[12//5, 16//5, 12//5, 0],
	[21, 13, 15, 21, 8, 1, 1, 20, 2, 2] => QQFieldElem[1//5, 0, -3//5, -3//5],
	[21, 13, 15, 21, 4, 1, 1, 18, 1, 1] => QQFieldElem[4, 10, 10, 4],
	[21, 13, 15, 21, 18, 1, 1, 20, 2, 1] => QQFieldElem[48, 32, -24, -48],
	[21, 13, 15, 21, 4, 1, 1, 17, 1, 1] => QQFieldElem[0, 0, 0, 0],
	[21, 13, 15, 21, 18, 2, 1, 18, 1, 1] => QQFieldElem[16, 20, 8, -4],
	[21, 13, 15, 21, 17, 1, 1, 20, 2, 2] => QQFieldElem[32//5, 56//5, 32//5, 0],
	[21, 13, 15, 21, 18, 2, 1, 17, 1, 1] => QQFieldElem[0, 2, 2, 0],
	[21, 13, 15, 21, 3, 1, 1, 7, 1, 1] => QQFieldElem[0, 0, 0, 0],
	[21, 13, 15, 21, 19, 2, 1, 11, 1, 1] => QQFieldElem[-1//5, -2//5, -3//5, 1//5],
	[21, 13, 15, 21, 4, 1, 1, 20, 1, 2] => QQFieldElem[88//5, 56//5, 24//5, -8//5],
	[21, 13, 15, 21, 19, 1, 1, 7, 1, 1] => QQFieldElem[-2, -4, -2, 0],
	[21, 13, 15, 21, 3, 1, 1, 12, 1, 1] => QQFieldElem[0, 0, 0, 0],
	[21, 13, 15, 21, 18, 2, 1, 20, 1, 2] => QQFieldElem[16//5, 28//5, 16//5, 0],
	[21, 13, 15, 21, 8, 1, 1, 7, 1, 1] => QQFieldElem[1//10, -4//5, -17//10, -11//10],
	[21, 13, 15, 21, 19, 1, 1, 12, 1, 1] => QQFieldElem[-2, 0, -2, -2],
	[21, 13, 15, 21, 4, 1, 1, 20, 2, 2] => QQFieldElem[-4, -28//5, -24//5, -8//5],
	[21, 13, 15, 21, 19, 2, 1, 19, 1, 1] => QQFieldElem[0, 0, -1, -1],
	[21, 13, 15, 21, 18, 2, 1, 20, 2, 2] => QQFieldElem[-3, 0, 5, 5],
	[21, 13, 15, 21, 3, 1, 1, 20, 1, 1] => QQFieldElem[0, 0, 2//5, -2//5],
	[21, 13, 15, 21, 17, 2, 1, 11, 1, 1] => QQFieldElem[0, 0, 0, 0],
	[21, 13, 15, 21, 17, 1, 1, 7, 1, 1] => QQFieldElem[-9//10, -4//5, 3//10, 9//10],
	[21, 13, 15, 21, 8, 1, 1, 12, 1, 1] => QQFieldElem[7//10, 2//5, 3//5, 3//10],
	[21, 13, 15, 21, 19, 1, 1, 20, 1, 1] => QQFieldElem[4, 0, -6, -6],
	[21, 13, 15, 21, 6, 1, 1, 11, 1, 1] => QQFieldElem[-6//5, -12//5, -8//5, -4//5],
	[21, 13, 15, 21, 3, 1, 1, 20, 2, 1] => QQFieldElem[-2//5, -4//5, -4//5, 0],
	[21, 13, 15, 21, 17, 1, 1, 12, 1, 1] => QQFieldElem[-3//10, -3//5, -2//5, -7//10],
	[21, 13, 15, 21, 17, 2, 1, 19, 1, 1] => QQFieldElem[-1//5, 0, 3//5, 3//5],
	[21, 13, 15, 21, 8, 1, 1, 20, 1, 1] => QQFieldElem[4//5, 0, -2//5, -2//5],
	[21, 13, 15, 21, 19, 1, 1, 20, 2, 1] => QQFieldElem[1//10, 1//5, -1//5, -3//5],
	[21, 13, 15, 21, 19, 2, 1, 18, 1, 1] => QQFieldElem[-4, -10, -10, -4],
	[21, 13, 15, 21, 6, 1, 1, 19, 1, 1] => QQFieldElem[0, 0, -2, -2],
	[21, 13, 15, 21, 18, 1, 1, 11, 1, 1] => QQFieldElem[-8, -12, 0, 0],
	[21, 13, 15, 21, 19, 2, 1, 17, 1, 1] => QQFieldElem[0, 0, 0, 0],
	[21, 13, 15, 21, 17, 1, 1, 20, 1, 1] => QQFieldElem[-4, -16, -16, -12],
	[21, 13, 15, 21, 8, 1, 1, 20, 2, 1] => QQFieldElem[-1//2, -3//5, -3//10, -1//10],
	[21, 13, 15, 21, 4, 1, 1, 7, 1, 1] => QQFieldElem[-7//5, -14//5, -11//5, -3//5],
	[21, 13, 15, 21, 18, 2, 1, 7, 1, 1] => QQFieldElem[-2, -2, 0, 2],
	[21, 13, 15, 21, 17, 1, 1, 20, 2, 1] => QQFieldElem[-2//5, 16//5, 14//5, 12//5],
	[21, 13, 15, 21, 4, 1, 1, 12, 1, 1] => QQFieldElem[-1//5, -2//5, 2//5, 1//5],
	[21, 13, 15, 21, 18, 1, 1, 19, 1, 1] => QQFieldElem[4, -8, -8, 4],
	[21, 13, 15, 21, 17, 2, 1, 18, 1, 1] => QQFieldElem[4, 10, 10, 4],
	[21, 13, 15, 21, 19, 2, 1, 20, 1, 2] => QQFieldElem[-8, 4, 20, 18],
	[21, 13, 15, 21, 18, 2, 1, 12, 1, 1] => QQFieldElem[0, -2, 0, -2],
	[21, 13, 15, 21, 17, 2, 1, 17, 1, 1] => QQFieldElem[0, 0, 0, 0],
	[21, 13, 15, 21, 6, 1, 1, 18, 1, 1] => QQFieldElem[-8, -20, -20, -8])