Dict(
	[21, 4, 19, 21, 19, 1, 1, 22, 1, 1] => QQFieldElem[3//4, 3//2, 3//2, 3//4],
	[21, 4, 19, 21, 19, 2, 1, 21, 1, 1] => QQFieldElem[1//2, 0, 1//2, 0],
	[21, 4, 19, 21, 11, 1, 1, 22, 1, 1] => QQFieldElem[6//5, 8//5, 6//5, 0],
	[21, 4, 19, 21, 12, 1, 1, 21, 1, 2] => QQFieldElem[-1, -2, -1, 0],
	[21, 4, 19, 21, 19, 2, 1, 22, 1, 1] => QQFieldElem[1//2, 0, -1, -1],
	[21, 4, 19, 21, 8, 1, 1, 21, 1, 1] => QQFieldElem[1//20, -3//20, -7//20, -3//10],
	[21, 4, 19, 21, 12, 1, 1, 22, 1, 2] => QQFieldElem[-4//5, -8//5, -7//5, -1//5],
	[21, 4, 19, 21, 8, 1, 1, 22, 1, 1] => QQFieldElem[0, 0, 0, 0],
	[21, 4, 19, 21, 12, 1, 1, 13, 1, 1] => QQFieldElem[0, 0, 0, 0],
	[21, 4, 19, 21, 12, 1, 1, 21, 1, 1] => QQFieldElem[-1//8, 1//8, 3//8, 1//4],
	[21, 4, 19, 21, 19, 1, 1, 21, 1, 2] => QQFieldElem[-1//4, -3//4, -1//4, 0],
	[21, 4, 19, 21, 11, 1, 1, 21, 1, 2] => QQFieldElem[1//16, 1//16, -1//16, -1//16],
	[21, 4, 19, 21, 12, 1, 1, 22, 1, 1] => QQFieldElem[0, 0, 0, 0],
	[21, 4, 19, 21, 19, 1, 1, 22, 1, 2] => QQFieldElem[-3//4, -2, -2, -3//4],
	[21, 4, 19, 21, 19, 2, 1, 21, 1, 2] => QQFieldElem[3//2, 2, 3//2, 0],
	[21, 4, 19, 21, 11, 1, 1, 22, 1, 2] => QQFieldElem[1//2, 0, -1, -1],
	[21, 4, 19, 21, 19, 1, 1, 13, 1, 1] => QQFieldElem[0, -1//16, -1//8, -1//8],
	[21, 4, 19, 21, 11, 1, 1, 13, 1, 1] => QQFieldElem[-1//8, -1//16, 0, -1//8],
	[21, 4, 19, 21, 19, 2, 1, 22, 1, 2] => QQFieldElem[11//10, 11//5, 9//5, 2//5],
	[21, 4, 19, 21, 8, 1, 1, 21, 1, 2] => QQFieldElem[1//16, 1//16, 1//16, 1//16],
	[21, 4, 19, 21, 19, 2, 1, 13, 1, 1] => QQFieldElem[0, 1//4, 1//2, 1//4],
	[21, 4, 19, 21, 8, 1, 1, 22, 1, 2] => QQFieldElem[-1//2, 0, 1, 1],
	[21, 4, 19, 21, 8, 1, 1, 13, 1, 1] => QQFieldElem[0, -1//4, -1//2, -1//4],
	[21, 4, 19, 21, 19, 1, 1, 21, 1, 1] => QQFieldElem[1//4, 1//4, 1//4, 1//2],
	[21, 4, 19, 21, 11, 1, 1, 21, 1, 1] => QQFieldElem[3//40, 1//40, -1//40, 1//20])