Dict(
	[21, 21, 9, 22, 12, 1, 1, 20, 2, 1] => QQFieldElem[2//5, 0, 0, -2//5],
	[21, 21, 9, 22, 19, 2, 1, 12, 1, 1] => QQFieldElem[0, -2//5, 0, 2//5],
	[21, 21, 9, 22, 20, 2, 1, 18, 1, 1] => QQFieldElem[2//5, 4//5, 6//5, 3//5],
	[21, 21, 9, 22, 20, 1, 1, 20, 2, 1] => QQFieldElem[-7//10, -9//10, -3//5, -3//10],
	[21, 21, 9, 22, 19, 1, 1, 19, 2, 1] => QQFieldElem[-7//10, -2//5, -1//10, 1//5],
	[21, 21, 9, 22, 11, 1, 1, 19, 2, 1] => QQFieldElem[2//5, 2//5, -2//5, -2//5],
	[21, 21, 9, 22, 20, 2, 1, 18, 2, 1] => QQFieldElem[-2//5, -4//5, -1//5, 2//5],
	[21, 21, 9, 22, 17, 1, 1, 19, 1, 1] => QQFieldElem[2//5, 0, -1//5, -1//5],
	[21, 21, 9, 22, 19, 2, 1, 20, 1, 1] => QQFieldElem[1//5, 0, 2//5, 2//5],
	[21, 21, 9, 22, 19, 1, 1, 18, 1, 1] => QQFieldElem[0, 0, -1, -1],
	[21, 21, 9, 22, 17, 2, 1, 12, 1, 1] => QQFieldElem[0, 0, 0, 0],
	[21, 21, 9, 22, 11, 1, 1, 18, 1, 1] => QQFieldElem[0, 0, 0, 0],
	[21, 21, 9, 22, 17, 1, 1, 19, 2, 1] => QQFieldElem[1, 6//5, -2//5, -4//5],
	[21, 21, 9, 22, 19, 2, 1, 20, 2, 1] => QQFieldElem[-1//5, -3//5, -1//5, 0],
	[21, 21, 9, 22, 19, 1, 1, 18, 2, 1] => QQFieldElem[-1//2, -1//2, -1//2, 0],
	[21, 21, 9, 22, 11, 1, 1, 18, 2, 1] => QQFieldElem[0, -2, -2, 0],
	[21, 21, 9, 22, 17, 2, 1, 20, 1, 1] => QQFieldElem[8//5, 8//5, 4//5, 0],
	[21, 21, 9, 22, 17, 1, 1, 18, 1, 1] => QQFieldElem[2, 3, 1, -1],
	[21, 21, 9, 22, 17, 2, 1, 20, 2, 1] => QQFieldElem[0, 0, 0, 0],
	[21, 21, 9, 22, 17, 1, 1, 18, 2, 1] => QQFieldElem[-1, -3, -4, -2],
	[21, 21, 9, 22, 20, 1, 1, 11, 1, 1] => QQFieldElem[0, 0, 1//2, 1//2],
	[21, 21, 9, 22, 12, 1, 1, 11, 1, 1] => QQFieldElem[1//5, 0, 2//5, 2//5],
	[21, 21, 9, 22, 20, 1, 1, 19, 1, 1] => QQFieldElem[-3//10, -3//5, -2//5, 3//10],
	[21, 21, 9, 22, 12, 1, 1, 19, 1, 1] => QQFieldElem[-1, -6//5, -3//5, -1//5],
	[21, 21, 9, 22, 20, 2, 1, 12, 1, 1] => QQFieldElem[2//5, 0, -2//5, 0],
	[21, 21, 9, 22, 20, 1, 1, 19, 2, 1] => QQFieldElem[-3//10, -1//10, 1//10, 3//10],
	[21, 21, 9, 22, 12, 1, 1, 19, 2, 1] => QQFieldElem[-2//5, 0, 0, 2//5],
	[21, 21, 9, 22, 19, 2, 1, 11, 1, 1] => QQFieldElem[2//5, 2//5, 0, 1//5],
	[21, 21, 9, 22, 20, 2, 1, 20, 1, 1] => QQFieldElem[2//5, 0, -1//5, -1//5],
	[21, 21, 9, 22, 19, 1, 1, 12, 1, 1] => QQFieldElem[-1//5, 1//5, 1//5, -1//5],
	[21, 21, 9, 22, 11, 1, 1, 12, 1, 1] => QQFieldElem[4//5, 6//5, 6//5, 4//5],
	[21, 21, 9, 22, 20, 1, 1, 18, 1, 1] => QQFieldElem[1//2, 1, 0, -1//2],
	[21, 21, 9, 22, 12, 1, 1, 18, 1, 1] => QQFieldElem[-1, 0, 3, 3],
	[21, 21, 9, 22, 19, 2, 1, 19, 1, 1] => QQFieldElem[1//5, 0, 2//5, 2//5],
	[21, 21, 9, 22, 20, 2, 1, 20, 2, 1] => QQFieldElem[1//5, 2//5, -2//5, -1//5],
	[21, 21, 9, 22, 17, 2, 1, 11, 1, 1] => QQFieldElem[-2//5, 0, 1//5, 1//5],
	[21, 21, 9, 22, 20, 1, 1, 18, 2, 1] => QQFieldElem[1//2, 3//2, 1, 1//2],
	[21, 21, 9, 22, 12, 1, 1, 18, 2, 1] => QQFieldElem[0, 2, 2, 0],
	[21, 21, 9, 22, 19, 1, 1, 20, 1, 1] => QQFieldElem[-1//5, -2//5, 2//5, 1//5],
	[21, 21, 9, 22, 19, 2, 1, 19, 2, 1] => QQFieldElem[2//5, 3//5, 3//5, 2//5],
	[21, 21, 9, 22, 11, 1, 1, 20, 1, 1] => QQFieldElem[-2//5, -8//5, -8//5, -2//5],
	[21, 21, 9, 22, 17, 1, 1, 12, 1, 1] => QQFieldElem[-1//5, 0, 3//5, 3//5],
	[21, 21, 9, 22, 17, 2, 1, 19, 1, 1] => QQFieldElem[0, 0, 0, 0],
	[21, 21, 9, 22, 19, 1, 1, 20, 2, 1] => QQFieldElem[-3//10, -3//5, -9//10, -1//5],
	[21, 21, 9, 22, 11, 1, 1, 20, 2, 1] => QQFieldElem[-2//5, -2//5, 2//5, 2//5],
	[21, 21, 9, 22, 19, 2, 1, 18, 1, 1] => QQFieldElem[0, 0, 0, 0],
	[21, 21, 9, 22, 17, 1, 1, 20, 1, 1] => QQFieldElem[-1//5, -6//5, -2, -8//5],
	[21, 21, 9, 22, 17, 2, 1, 19, 2, 1] => QQFieldElem[0, 4//5, 8//5, 8//5],
	[21, 21, 9, 22, 19, 2, 1, 18, 2, 1] => QQFieldElem[0, 0, 0, 0],
	[21, 21, 9, 22, 17, 1, 1, 20, 2, 1] => QQFieldElem[2//5, 0, -1//5, -1//5],
	[21, 21, 9, 22, 17, 2, 1, 18, 1, 1] => QQFieldElem[0, 2, 4, 2],
	[21, 21, 9, 22, 17, 2, 1, 18, 2, 1] => QQFieldElem[2, 4, 2, 0],
	[21, 21, 9, 22, 20, 2, 1, 11, 1, 1] => QQFieldElem[0, -2//5, -1//5, -2//5],
	[21, 21, 9, 22, 20, 1, 1, 12, 1, 1] => QQFieldElem[-2//5, -1//5, -2//5, 0],
	[21, 21, 9, 22, 12, 1, 1, 12, 1, 1] => QQFieldElem[0, 0, 0, 0],
	[21, 21, 9, 22, 20, 2, 1, 19, 1, 1] => QQFieldElem[-1//5, -2//5, -3//5, -4//5],
	[21, 21, 9, 22, 19, 1, 1, 11, 1, 1] => QQFieldElem[0, -1//2, -1//2, -1//2],
	[21, 21, 9, 22, 11, 1, 1, 11, 1, 1] => QQFieldElem[0, 0, 0, 0],
	[21, 21, 9, 22, 20, 2, 1, 19, 2, 1] => QQFieldElem[2//5, 0, -1//5, -1//5],
	[21, 21, 9, 22, 12, 1, 1, 20, 1, 1] => QQFieldElem[1//5, 6//5, 1, 3//5],
	[21, 21, 9, 22, 20, 1, 1, 20, 1, 1] => QQFieldElem[-1//5, -2//5, -3//5, -3//10],
	[21, 21, 9, 22, 19, 1, 1, 19, 1, 1] => QQFieldElem[1//5, 2//5, 3//5, 4//5],
	[21, 21, 9, 22, 11, 1, 1, 19, 1, 1] => QQFieldElem[-2//5, -8//5, -8//5, -2//5],
	[21, 21, 9, 22, 17, 1, 1, 11, 1, 1] => QQFieldElem[-1//2, -1, -1//2, 0])