Dict(
	[22, 16, 17, 17, 22, 2, 1, 11, 1, 1] => QQFieldElem[0, 0, 0, 0],
	[22, 16, 17, 17, 21, 1, 1, 11, 1, 1] => QQFieldElem[0, 0, 0, 0],
	[22, 16, 17, 17, 14, 1, 1, 11, 1, 1] => QQFieldElem[0, 1, 1, 0],
	[22, 16, 17, 17, 22, 1, 1, 12, 1, 1] => QQFieldElem[-4//5, -3//5, -2//5, -1//5],
	[22, 16, 17, 17, 22, 2, 1, 19, 1, 1] => QQFieldElem[4//5, 8//5, 12//5, -4//5],
	[22, 16, 17, 17, 21, 1, 1, 19, 1, 1] => QQFieldElem[-8//11, -7//11, 8//11, 13//11],
	[22, 16, 17, 17, 16, 1, 1, 12, 1, 1] => QQFieldElem[-6//5, -2//5, 2//5, 6//5],
	[22, 16, 17, 17, 21, 2, 1, 12, 1, 1] => QQFieldElem[16//5, 12//5, -2//5, -6//5],
	[22, 16, 17, 17, 14, 1, 1, 19, 1, 1] => QQFieldElem[0, 1, 1, 1],
	[22, 16, 17, 17, 22, 1, 1, 20, 1, 1] => QQFieldElem[0, 0, 0, 0],
	[22, 16, 17, 17, 21, 1, 1, 19, 2, 1] => QQFieldElem[-2, 0, 2, 2],
	[22, 16, 17, 17, 22, 2, 1, 19, 2, 1] => QQFieldElem[2//5, 4//5, 6//5, 8//5],
	[22, 16, 17, 17, 14, 1, 1, 19, 2, 1] => QQFieldElem[17//11, -3//11, -39//11, -40//11],
	[22, 16, 17, 17, 16, 1, 1, 20, 1, 1] => QQFieldElem[0, 0, 0, 0],
	[22, 16, 17, 17, 21, 2, 1, 20, 1, 1] => QQFieldElem[0, 0, 0, -2],
	[22, 16, 17, 17, 22, 2, 1, 8, 1, 1] => QQFieldElem[4//11, 9//11, 7//11, -1//11],
	[22, 16, 17, 17, 21, 1, 1, 8, 1, 1] => QQFieldElem[3//11, 4//11, -3//11, -9//11],
	[22, 16, 17, 17, 15, 1, 1, 11, 1, 1] => QQFieldElem[-1, -3, -4, -2],
	[22, 16, 17, 17, 22, 2, 1, 17, 1, 1] => QQFieldElem[6//55, 52//55, 38//55, 4//55],
	[22, 16, 17, 17, 21, 1, 1, 17, 1, 1] => QQFieldElem[-2//11, -10//11, 2//11, 6//11],
	[22, 16, 17, 17, 14, 1, 1, 8, 1, 1] => QQFieldElem[0, 0, 0, 0],
	[22, 16, 17, 17, 14, 1, 1, 17, 1, 1] => QQFieldElem[42//55, 34//55, 46//55, 28//55],
	[22, 16, 17, 17, 15, 1, 1, 19, 1, 1] => QQFieldElem[-16//11, -36//11, -28//11, 4//11],
	[22, 16, 17, 17, 15, 1, 1, 19, 2, 1] => QQFieldElem[-5//11, -14//11, -28//11, -18//11],
	[22, 16, 17, 17, 15, 1, 1, 8, 1, 1] => QQFieldElem[-9//11, -12//11, -13//11, -6//11],
	[22, 16, 17, 17, 15, 1, 1, 17, 1, 1] => QQFieldElem[-10//11, -28//11, -34//11, -14//11],
	[22, 16, 17, 17, 22, 1, 1, 11, 1, 1] => QQFieldElem[1, 2, 2, 1],
	[22, 16, 17, 17, 16, 1, 1, 11, 1, 1] => QQFieldElem[-2, -4, -2, 0],
	[22, 16, 17, 17, 21, 2, 1, 11, 1, 1] => QQFieldElem[0, 2, 2, 2],
	[22, 16, 17, 17, 22, 1, 1, 19, 1, 1] => QQFieldElem[2, 2, 2, 2],
	[22, 16, 17, 17, 22, 2, 1, 12, 1, 1] => QQFieldElem[-6//5, -7//5, -3//5, 1//5],
	[22, 16, 17, 17, 21, 1, 1, 12, 1, 1] => QQFieldElem[1, 0, -1, -1],
	[22, 16, 17, 17, 16, 1, 1, 19, 1, 1] => QQFieldElem[8//11, -4//11, -8//11, -2//11],
	[22, 16, 17, 17, 21, 2, 1, 19, 1, 1] => QQFieldElem[2//5, -6//5, -14//5, -12//5],
	[22, 16, 17, 17, 22, 1, 1, 19, 2, 1] => QQFieldElem[4//5, -2//5, -8//5, -4//5],
	[22, 16, 17, 17, 14, 1, 1, 12, 1, 1] => QQFieldElem[0, 0, 0, 0],
	[22, 16, 17, 17, 16, 1, 1, 19, 2, 1] => QQFieldElem[-6//11, 14//11, 28//11, 18//11],
	[22, 16, 17, 17, 22, 2, 1, 20, 1, 1] => QQFieldElem[4//5, 3//5, 2//5, 1//5],
	[22, 16, 17, 17, 21, 1, 1, 20, 1, 1] => QQFieldElem[1, 0, 0, 0],
	[22, 16, 17, 17, 21, 2, 1, 19, 2, 1] => QQFieldElem[4//5, 28//5, 32//5, 16//5],
	[22, 16, 17, 17, 22, 1, 1, 8, 1, 1] => QQFieldElem[2//11, -1//11, -2//11, 5//11],
	[22, 16, 17, 17, 14, 1, 1, 20, 1, 1] => QQFieldElem[-2//5, 1//5, -1//5, -3//5],
	[22, 16, 17, 17, 22, 1, 1, 17, 1, 1] => QQFieldElem[48//55, 86//55, 84//55, 32//55],
	[22, 16, 17, 17, 16, 1, 1, 8, 1, 1] => QQFieldElem[2//11, 10//11, -2//11, -6//11],
	[22, 16, 17, 17, 21, 2, 1, 8, 1, 1] => QQFieldElem[12//11, 16//11, 10//11, -14//11],
	[22, 16, 17, 17, 16, 1, 1, 17, 1, 1] => QQFieldElem[-36//55, -92//55, -8//55, -24//55],
	[22, 16, 17, 17, 21, 2, 1, 17, 1, 1] => QQFieldElem[-92//55, -64//55, 4//55, 12//55],
	[22, 16, 17, 17, 15, 1, 1, 12, 1, 1] => QQFieldElem[1, 2, 1, 0],
	[22, 16, 17, 17, 15, 1, 1, 20, 1, 1] => QQFieldElem[-1, -1, -1, 0])