Dict(
	[22, 19, 21, 12, 22, 1, 2, 10, 1, 1] => QQFieldElem[1//2, -1//2, 0, 0],
	[22, 19, 21, 12, 16, 1, 1, 16, 1, 1] => QQFieldElem[1, 4, 6, 4],
	[22, 19, 21, 12, 9, 1, 1, 15, 1, 1] => QQFieldElem[1, 0, -1, 0],
	[22, 19, 21, 12, 14, 1, 2, 16, 1, 1] => QQFieldElem[0, 1, 2, 1],
	[22, 19, 21, 12, 22, 1, 1, 16, 2, 1] => QQFieldElem[0, -5//4, 0, 5//4],
	[22, 19, 21, 12, 13, 1, 1, 14, 1, 1] => QQFieldElem[0, -1, -2, -1],
	[22, 19, 21, 12, 21, 1, 1, 10, 1, 1] => QQFieldElem[0, 1//2, 1//2, 1//4],
	[22, 19, 21, 12, 21, 1, 2, 16, 2, 1] => QQFieldElem[-1//2, -1, -1, 0],
	[22, 19, 21, 12, 16, 1, 2, 10, 1, 1] => QQFieldElem[0, 0, 1//2, 1//2],
	[22, 19, 21, 12, 13, 1, 1, 13, 1, 1] => QQFieldElem[0, 0, 0, 0],
	[22, 19, 21, 12, 16, 1, 1, 16, 2, 1] => QQFieldElem[-1//2, 1//2, 1, 1],
	[22, 19, 21, 12, 14, 1, 1, 10, 1, 1] => QQFieldElem[1//2, 0, 0, -1//4],
	[22, 19, 21, 12, 10, 1, 1, 21, 1, 1] => QQFieldElem[0, 0, 0, 0],
	[22, 19, 21, 12, 13, 1, 1, 14, 2, 1] => QQFieldElem[1//5, -3//5, -2//5, -1//5],
	[22, 19, 21, 12, 9, 1, 1, 16, 1, 1] => QQFieldElem[4, 4, 0, -4],
	[22, 19, 21, 12, 10, 1, 1, 9, 1, 1] => QQFieldElem[1, 0, -2, -2],
	[22, 19, 21, 12, 10, 1, 1, 22, 1, 1] => QQFieldElem[6//5, 2//5, -2//5, -6//5],
	[22, 19, 21, 12, 14, 1, 2, 16, 2, 1] => QQFieldElem[-7//5, -14//5, -11//5, -3//5],
	[22, 19, 21, 12, 22, 1, 1, 14, 1, 1] => QQFieldElem[1//2, 3//4, -1//2, -3//4],
	[22, 19, 21, 12, 21, 1, 2, 14, 1, 1] => QQFieldElem[1//2, -1//2, -1, -1],
	[22, 19, 21, 12, 22, 1, 1, 13, 1, 1] => QQFieldElem[0, 1//4, -1//2, 1//4],
	[22, 19, 21, 12, 10, 1, 1, 21, 2, 1] => QQFieldElem[-1//2, 0, 0, -1//2],
	[22, 19, 21, 12, 9, 1, 1, 16, 2, 1] => QQFieldElem[0, 0, 0, 0],
	[22, 19, 21, 12, 16, 1, 1, 14, 1, 1] => QQFieldElem[3, 0, -4, -4],
	[22, 19, 21, 12, 21, 1, 2, 13, 1, 1] => QQFieldElem[1, 3, 4, 2],
	[22, 19, 21, 12, 10, 1, 1, 22, 2, 1] => QQFieldElem[-1//2, -1, 0, -1//2],
	[22, 19, 21, 12, 14, 1, 2, 14, 1, 1] => QQFieldElem[4//5, 3//5, 2//5, 1//5],
	[22, 19, 21, 12, 22, 1, 1, 14, 2, 1] => QQFieldElem[1//2, 3//4, -1//2, -3//4],
	[22, 19, 21, 12, 16, 1, 1, 13, 1, 1] => QQFieldElem[1//4, 0, 1, 0],
	[22, 19, 21, 12, 14, 1, 2, 13, 1, 1] => QQFieldElem[-1//2, -1, -1//2, -1//2],
	[22, 19, 21, 12, 21, 1, 2, 14, 2, 1] => QQFieldElem[1//2, 1, 1, 0],
	[22, 19, 21, 12, 22, 1, 2, 21, 1, 1] => QQFieldElem[2, 2, -1//2, -3//2],
	[22, 19, 21, 12, 16, 1, 1, 14, 2, 1] => QQFieldElem[-1//2, -3//2, -2, -1],
	[22, 19, 21, 12, 22, 1, 2, 9, 1, 1] => QQFieldElem[3, 7//2, 3//2, -1//2],
	[22, 19, 21, 12, 9, 1, 1, 14, 1, 1] => QQFieldElem[0, 0, 0, 0],
	[22, 19, 21, 12, 14, 1, 2, 14, 2, 1] => QQFieldElem[-1, 0, 1, 1],
	[22, 19, 21, 12, 22, 1, 2, 22, 1, 1] => QQFieldElem[-1, 0, 3//2, 3//2],
	[22, 19, 21, 12, 21, 1, 1, 21, 1, 1] => QQFieldElem[0, 1//2, 1, 1//2],
	[22, 19, 21, 12, 16, 1, 2, 21, 1, 1] => QQFieldElem[1//5, -8//5, -7//5, -6//5],
	[22, 19, 21, 12, 9, 1, 1, 13, 1, 1] => QQFieldElem[-3, -4, -3, 0],
	[22, 19, 21, 12, 21, 1, 1, 9, 1, 1] => QQFieldElem[0, 1, 7//4, 1],
	[22, 19, 21, 12, 21, 1, 1, 22, 1, 1] => QQFieldElem[-1, -1//2, 0, -1//2],
	[22, 19, 21, 12, 16, 1, 2, 22, 1, 1] => QQFieldElem[1, 0, -1, 0],
	[22, 19, 21, 12, 15, 1, 1, 10, 1, 1] => QQFieldElem[1//2, 1, 1//2, 0],
	[22, 19, 21, 12, 14, 1, 1, 21, 1, 1] => QQFieldElem[1//10, 1//5, -1//5, -1//10],
	[22, 19, 21, 12, 16, 1, 2, 9, 1, 1] => QQFieldElem[1, 5//2, 5//2, 1],
	[22, 19, 21, 12, 9, 1, 1, 14, 2, 1] => QQFieldElem[-4//5, 12//5, 8//5, 4//5],
	[22, 19, 21, 12, 22, 1, 2, 22, 2, 1] => QQFieldElem[0, 2, -3//2, -1//2],
	[22, 19, 21, 12, 14, 1, 1, 9, 1, 1] => QQFieldElem[0, 1, 7//4, 1],
	[22, 19, 21, 12, 14, 1, 1, 22, 1, 1] => QQFieldElem[5//2, 0, 1, 3//2],
	[22, 19, 21, 12, 21, 1, 1, 21, 2, 1] => QQFieldElem[1//4, 1//4, 0, 0],
	[22, 19, 21, 12, 16, 1, 2, 21, 2, 1] => QQFieldElem[1//4, 5//4, 1//2, 1//2],
	[22, 19, 21, 12, 22, 1, 2, 21, 2, 1] => QQFieldElem[1, 0, -3//2, -3//2],
	[22, 19, 21, 12, 10, 1, 1, 15, 1, 1] => QQFieldElem[1, 0, -1, 0],
	[22, 19, 21, 12, 21, 1, 1, 22, 2, 1] => QQFieldElem[-1//4, 5//4, -1//2, 2],
	[22, 19, 21, 12, 16, 1, 2, 22, 2, 1] => QQFieldElem[3//4, 1//4, 1, 1//2],
	[22, 19, 21, 12, 14, 1, 1, 21, 2, 1] => QQFieldElem[-1//2, 0, 1//2, 1//2],
	[22, 19, 21, 12, 14, 1, 1, 22, 2, 1] => QQFieldElem[1//2, 1, 1//2, 1//2],
	[22, 19, 21, 12, 10, 1, 1, 16, 1, 1] => QQFieldElem[1//5, -3//5, -2//5, -1//5],
	[22, 19, 21, 12, 22, 1, 2, 15, 1, 1] => QQFieldElem[1, 1, 0, -2],
	[22, 19, 21, 12, 10, 1, 1, 16, 2, 1] => QQFieldElem[1//2, 1//2, 1//2, 1],
	[22, 19, 21, 12, 15, 1, 1, 21, 1, 1] => QQFieldElem[-1//2, 0, -1//2, -1//2],
	[22, 19, 21, 12, 15, 1, 1, 9, 1, 1] => QQFieldElem[1//2, 0, -1//2, -1//2],
	[22, 19, 21, 12, 13, 1, 1, 10, 1, 1] => QQFieldElem[1//10, 1//5, 3//10, 2//5],
	[22, 19, 21, 12, 16, 1, 2, 15, 1, 1] => QQFieldElem[1//2, 1, 1//2, 1//2],
	[22, 19, 21, 12, 21, 1, 1, 15, 1, 1] => QQFieldElem[0, 3//4, 1, 3//4],
	[22, 19, 21, 12, 15, 1, 1, 22, 1, 1] => QQFieldElem[1//2, 1, 3//2, -1//2],
	[22, 19, 21, 12, 22, 1, 2, 16, 1, 1] => QQFieldElem[1, 1//2, -1, -1],
	[22, 19, 21, 12, 14, 1, 1, 15, 1, 1] => QQFieldElem[3//4, 1, 1, 1],
	[22, 19, 21, 12, 15, 1, 1, 21, 2, 1] => QQFieldElem[0, 0, 0, 0],
	[22, 19, 21, 12, 10, 1, 1, 14, 1, 1] => QQFieldElem[1, 1, 0, -1],
	[22, 19, 21, 12, 15, 1, 1, 22, 2, 1] => QQFieldElem[2, 2, 2, 4],
	[22, 19, 21, 12, 21, 1, 1, 16, 1, 1] => QQFieldElem[1//2, 1, 1, 0],
	[22, 19, 21, 12, 16, 1, 2, 16, 1, 1] => QQFieldElem[-1, -2, -2, 0],
	[22, 19, 21, 12, 10, 1, 1, 13, 1, 1] => QQFieldElem[1, 0, 1, 0],
	[22, 19, 21, 12, 22, 1, 1, 10, 1, 1] => QQFieldElem[-1//2, -1//2, 0, -1//4],
	[22, 19, 21, 12, 22, 1, 2, 16, 2, 1] => QQFieldElem[-1, -5//2, -2, -2],
	[22, 19, 21, 12, 14, 1, 1, 16, 1, 1] => QQFieldElem[-1//2, -1//2, -1//2, -1],
	[22, 19, 21, 12, 21, 1, 2, 10, 1, 1] => QQFieldElem[-1//2, -3//2, -2, -1],
	[22, 19, 21, 12, 10, 1, 1, 14, 2, 1] => QQFieldElem[-1//2, -3//2, -1//2, 0],
	[22, 19, 21, 12, 16, 1, 1, 10, 1, 1] => QQFieldElem[0, -1//2, -1//2, -1//4],
	[22, 19, 21, 12, 16, 1, 2, 16, 2, 1] => QQFieldElem[1//4, 1//2, 0, -3//4],
	[22, 19, 21, 12, 21, 1, 1, 16, 2, 1] => QQFieldElem[3//4, 1//2, 1//2, 3//4],
	[22, 19, 21, 12, 14, 1, 2, 10, 1, 1] => QQFieldElem[2//5, 4//5, 7//10, 1//10],
	[22, 19, 21, 12, 14, 1, 1, 16, 2, 1] => QQFieldElem[0, 1//2, 1, 1//2],
	[22, 19, 21, 12, 22, 1, 2, 14, 1, 1] => QQFieldElem[-2, -3//2, 0, 1],
	[22, 19, 21, 12, 22, 1, 2, 13, 1, 1] => QQFieldElem[0, 0, 0, 0],
	[22, 19, 21, 12, 9, 1, 1, 10, 1, 1] => QQFieldElem[2, 3, 2, 0],
	[22, 19, 21, 12, 13, 1, 1, 21, 1, 1] => QQFieldElem[0, 0, 0, 0],
	[22, 19, 21, 12, 21, 1, 1, 14, 1, 1] => QQFieldElem[-1//2, -1, -1, 0],
	[22, 19, 21, 12, 16, 1, 2, 14, 1, 1] => QQFieldElem[1, 2, 0, 0],
	[22, 19, 21, 12, 13, 1, 1, 9, 1, 1] => QQFieldElem[-3//2, -3, -5//2, -1//2],
	[22, 19, 21, 12, 15, 1, 1, 15, 1, 1] => QQFieldElem[0, 0, 0, 0],
	[22, 19, 21, 12, 13, 1, 1, 22, 1, 1] => QQFieldElem[-6//5, -2//5, -8//5, -4//5],
	[22, 19, 21, 12, 22, 1, 2, 14, 2, 1] => QQFieldElem[0, 3//2, 1, 0],
	[22, 19, 21, 12, 21, 1, 1, 13, 1, 1] => QQFieldElem[0, -3//4, -1, -3//4],
	[22, 19, 21, 12, 16, 1, 2, 13, 1, 1] => QQFieldElem[1//2, 0, -1//2, -1//2],
	[22, 19, 21, 12, 14, 1, 1, 14, 1, 1] => QQFieldElem[1//2, -1//2, 1//2, 0],
	[22, 19, 21, 12, 13, 1, 1, 21, 2, 1] => QQFieldElem[6//5, 14//5, 14//5, 6//5],
	[22, 19, 21, 12, 14, 1, 1, 13, 1, 1] => QQFieldElem[1//4, 0, 1//2, 1//2],
	[22, 19, 21, 12, 16, 1, 2, 14, 2, 1] => QQFieldElem[-1//4, -1//2, 1//2, 1//4],
	[22, 19, 21, 12, 21, 1, 1, 14, 2, 1] => QQFieldElem[-3//4, -3//2, 0, -1//4],
	[22, 19, 21, 12, 22, 1, 1, 21, 1, 1] => QQFieldElem[-1//2, -1//4, 1//4, 1//2],
	[22, 19, 21, 12, 15, 1, 1, 16, 1, 1] => QQFieldElem[-1, -1//2, -1, -5//2],
	[22, 19, 21, 12, 13, 1, 1, 22, 2, 1] => QQFieldElem[0, 0, 0, 0],
	[22, 19, 21, 12, 22, 1, 1, 9, 1, 1] => QQFieldElem[1//2, -1, -13//4, -5//2],
	[22, 19, 21, 12, 14, 1, 1, 14, 2, 1] => QQFieldElem[0, 1//2, 0, -1//2],
	[22, 19, 21, 12, 22, 1, 1, 22, 1, 1] => QQFieldElem[0, -1//4, -5//4, -1],
	[22, 19, 21, 12, 21, 1, 2, 21, 1, 1] => QQFieldElem[-2//5, 6//5, 14//5, 19//10],
	[22, 19, 21, 12, 21, 1, 2, 9, 1, 1] => QQFieldElem[-1, -3//2, -1//2, 1//2],
	[22, 19, 21, 12, 16, 1, 1, 21, 1, 1] => QQFieldElem[-1, 2, 5, 4],
	[22, 19, 21, 12, 21, 1, 2, 22, 1, 1] => QQFieldElem[0, -1, -1, -1//2],
	[22, 19, 21, 12, 14, 1, 2, 21, 1, 1] => QQFieldElem[-2//5, -2//5, 0, 4//5],
	[22, 19, 21, 12, 16, 1, 1, 9, 1, 1] => QQFieldElem[0, 0, -3//4, -1//2],
	[22, 19, 21, 12, 15, 1, 1, 16, 2, 1] => QQFieldElem[1, 2, 1, 1],
	[22, 19, 21, 12, 22, 1, 1, 21, 2, 1] => QQFieldElem[-1//2, -7//4, -9//4, -1//2],
	[22, 19, 21, 12, 14, 1, 2, 9, 1, 1] => QQFieldElem[-1, -1//2, 1//2, 1],
	[22, 19, 21, 12, 14, 1, 2, 22, 1, 1] => QQFieldElem[0, 0, 0, 0],
	[22, 19, 21, 12, 22, 1, 1, 22, 2, 1] => QQFieldElem[1, -7//4, -3//4, -1],
	[22, 19, 21, 12, 21, 1, 2, 21, 2, 1] => QQFieldElem[-1//5, -9//10, -3//5, -3//10],
	[22, 19, 21, 12, 16, 1, 1, 22, 1, 1] => QQFieldElem[-1, -2, -5, -2],
	[22, 19, 21, 12, 16, 1, 1, 21, 2, 1] => QQFieldElem[-1, -1, 0, 1//2],
	[22, 19, 21, 12, 21, 1, 2, 22, 2, 1] => QQFieldElem[0, 1//2, 0, -1//2],
	[22, 19, 21, 12, 9, 1, 1, 21, 1, 1] => QQFieldElem[2, 6, 6, 2],
	[22, 19, 21, 12, 14, 1, 2, 21, 2, 1] => QQFieldElem[2//5, -6//5, -14//5, -12//5],
	[22, 19, 21, 12, 16, 1, 1, 22, 2, 1] => QQFieldElem[-1, -2, -1, 1//2],
	[22, 19, 21, 12, 9, 1, 1, 9, 1, 1] => QQFieldElem[3, 0, -4, -4],
	[22, 19, 21, 12, 9, 1, 1, 22, 1, 1] => QQFieldElem[2, 2, 2, 2],
	[22, 19, 21, 12, 14, 1, 2, 22, 2, 1] => QQFieldElem[0, 0, 0, 0],
	[22, 19, 21, 12, 15, 1, 1, 14, 1, 1] => QQFieldElem[1, 3//2, 2, 1//2],
	[22, 19, 21, 12, 13, 1, 1, 15, 1, 1] => QQFieldElem[-1, -2, -1, 0],
	[22, 19, 21, 12, 15, 1, 1, 13, 1, 1] => QQFieldElem[-1, -2, -1, 0],
	[22, 19, 21, 12, 9, 1, 1, 21, 2, 1] => QQFieldElem[2//5, -2//5, -2//5, 2//5],
	[22, 19, 21, 12, 9, 1, 1, 22, 2, 1] => QQFieldElem[2, 2, 2, 2],
	[22, 19, 21, 12, 15, 1, 1, 14, 2, 1] => QQFieldElem[-1, 0, 1, 1],
	[22, 19, 21, 12, 10, 1, 1, 10, 1, 1] => QQFieldElem[0, -1, 0, 0],
	[22, 19, 21, 12, 13, 1, 1, 16, 1, 1] => QQFieldElem[-4//5, -3//5, -2//5, -1//5],
	[22, 19, 21, 12, 22, 1, 1, 15, 1, 1] => QQFieldElem[0, -5//4, -5//2, -5//4],
	[22, 19, 21, 12, 21, 1, 2, 15, 1, 1] => QQFieldElem[0, 0, 0, 0],
	[22, 19, 21, 12, 16, 1, 1, 15, 1, 1] => QQFieldElem[-1//4, 0, -1//2, -1//2],
	[22, 19, 21, 12, 13, 1, 1, 16, 2, 1] => QQFieldElem[1, 1, 0, -1],
	[22, 19, 21, 12, 14, 1, 2, 15, 1, 1] => QQFieldElem[-1//2, 0, 1//2, 1//2],
	[22, 19, 21, 12, 22, 1, 1, 16, 1, 1] => QQFieldElem[0, -1//4, 0, 1//4],
	[22, 19, 21, 12, 21, 1, 2, 16, 1, 1] => QQFieldElem[1//2, 3//2, 2, 1])