Dict(
	[22, 16, 17, 18, 22, 2, 1, 11, 1, 1] => QQFieldElem[-10//11, 4//11, 24//11, 18//11],
	[22, 16, 17, 18, 21, 1, 1, 11, 1, 1] => QQFieldElem[28//11, 2//11, -54//11, -46//11],
	[22, 16, 17, 18, 15, 1, 1, 3, 1, 1] => QQFieldElem[3, 6, 5, 1],
	[22, 16, 17, 18, 14, 1, 1, 11, 1, 1] => QQFieldElem[2//11, -3//11, -7//11, -8//11],
	[22, 16, 17, 18, 22, 1, 1, 12, 1, 1] => QQFieldElem[-34//55, 17//55, 78//55, 69//55],
	[22, 16, 17, 18, 22, 2, 1, 19, 1, 1] => QQFieldElem[4//5, 8//5, 12//5, -4//5],
	[22, 16, 17, 18, 21, 1, 1, 19, 1, 1] => QQFieldElem[-32//5, 16//5, 64//5, 32//5],
	[22, 16, 17, 18, 16, 1, 1, 12, 1, 1] => QQFieldElem[30//11, 18//11, 14//11, -2//11],
	[22, 16, 17, 18, 21, 2, 1, 12, 1, 1] => QQFieldElem[-84//55, -68//55, 18//55, 54//55],
	[22, 16, 17, 18, 14, 1, 1, 19, 1, 1] => QQFieldElem[9//11, 1//11, -9//11, -16//11],
	[22, 16, 17, 18, 22, 2, 1, 19, 2, 1] => QQFieldElem[6//5, -8//5, -22//5, -16//5],
	[22, 16, 17, 18, 21, 1, 1, 19, 2, 1] => QQFieldElem[2, 0, -2, -2],
	[22, 16, 17, 18, 22, 1, 1, 20, 1, 1] => QQFieldElem[-6//5, -12//5, -8//5, -4//5],
	[22, 16, 17, 18, 9, 1, 1, 12, 1, 1] => QQFieldElem[16//55, -8//55, -192//55, -136//55],
	[22, 16, 17, 18, 14, 1, 1, 19, 2, 1] => QQFieldElem[0, 0, 0, 0],
	[22, 16, 17, 18, 16, 1, 1, 20, 1, 1] => QQFieldElem[0, 4, 4, 4],
	[22, 16, 17, 18, 21, 2, 1, 20, 1, 1] => QQFieldElem[4//5, -12//5, -28//5, -14//5],
	[22, 16, 17, 18, 22, 2, 1, 8, 1, 1] => QQFieldElem[0, -3, -5, -3],
	[22, 16, 17, 18, 21, 1, 1, 8, 1, 1] => QQFieldElem[-1, 4, 7, 5],
	[22, 16, 17, 18, 22, 2, 1, 18, 1, 1] => QQFieldElem[18//11, 24//11, 26//11, 12//11],
	[22, 16, 17, 18, 21, 1, 1, 18, 1, 1] => QQFieldElem[-2, -6, -6, -2],
	[22, 16, 17, 18, 15, 1, 1, 11, 1, 1] => QQFieldElem[-15//11, -5//11, 14//11, 16//11],
	[22, 16, 17, 18, 14, 1, 1, 8, 1, 1] => QQFieldElem[0, 2, 4, 2],
	[22, 16, 17, 18, 14, 1, 1, 18, 1, 1] => QQFieldElem[-42//55, -34//55, -46//55, -28//55],
	[22, 16, 17, 18, 9, 1, 1, 20, 1, 1] => QQFieldElem[48//5, 96//5, 104//5, 32//5],
	[22, 16, 17, 18, 15, 1, 1, 19, 1, 1] => QQFieldElem[-1, 0, 2, 2],
	[22, 16, 17, 18, 22, 1, 1, 3, 1, 1] => QQFieldElem[2, 3, 2, 0],
	[22, 16, 17, 18, 16, 1, 1, 3, 1, 1] => QQFieldElem[0, -4, -4, -2],
	[22, 16, 17, 18, 15, 1, 1, 19, 2, 1] => QQFieldElem[4//5, 8//5, 12//5, 6//5],
	[22, 16, 17, 18, 21, 2, 1, 3, 1, 1] => QQFieldElem[2, 4, 4, 2],
	[22, 16, 17, 18, 15, 1, 1, 8, 1, 1] => QQFieldElem[1, -2, -5, -4],
	[22, 16, 17, 18, 9, 1, 1, 3, 1, 1] => QQFieldElem[-4, -8, -4, 0],
	[22, 16, 17, 18, 15, 1, 1, 18, 1, 1] => QQFieldElem[10//11, 28//11, 34//11, 14//11],
	[22, 16, 17, 18, 22, 1, 1, 11, 1, 1] => QQFieldElem[-5//11, 2//11, 12//11, 9//11],
	[22, 16, 17, 18, 16, 1, 1, 11, 1, 1] => QQFieldElem[14//11, 12//11, 6//11, -12//11],
	[22, 16, 17, 18, 21, 2, 1, 11, 1, 1] => QQFieldElem[-8//11, -10//11, 6//11, 10//11],
	[22, 16, 17, 18, 22, 1, 1, 19, 1, 1] => QQFieldElem[-2, 2, 6, 6],
	[22, 16, 17, 18, 22, 2, 1, 12, 1, 1] => QQFieldElem[-10//11, 5//11, 21//11, 19//11],
	[22, 16, 17, 18, 9, 1, 1, 11, 1, 1] => QQFieldElem[24//11, 8//11, -40//11, -8//11],
	[22, 16, 17, 18, 21, 1, 1, 12, 1, 1] => QQFieldElem[3, 0, -5, -5],
	[22, 16, 17, 18, 16, 1, 1, 19, 1, 1] => QQFieldElem[4//55, -2//55, -48//55, -34//55],
	[22, 16, 17, 18, 21, 2, 1, 19, 1, 1] => QQFieldElem[-2//5, 6//5, 14//5, 12//5],
	[22, 16, 17, 18, 22, 1, 1, 19, 2, 1] => QQFieldElem[4//5, -2//5, -8//5, -4//5],
	[22, 16, 17, 18, 14, 1, 1, 12, 1, 1] => QQFieldElem[4//55, -2//55, -48//55, -34//55],
	[22, 16, 17, 18, 16, 1, 1, 19, 2, 1] => QQFieldElem[6//11, -3//11, -6//11, -7//11],
	[22, 16, 17, 18, 22, 2, 1, 20, 1, 1] => QQFieldElem[-14//5, -33//5, -32//5, -11//5],
	[22, 16, 17, 18, 21, 1, 1, 20, 1, 1] => QQFieldElem[3, 10, 10, 4],
	[22, 16, 17, 18, 22, 1, 1, 8, 1, 1] => QQFieldElem[0, -1, -2, -1],
	[22, 16, 17, 18, 9, 1, 1, 19, 1, 1] => QQFieldElem[96//55, -48//55, 168//55, 64//55],
	[22, 16, 17, 18, 21, 2, 1, 19, 2, 1] => QQFieldElem[-4, -4, 0, 0],
	[22, 16, 17, 18, 22, 1, 1, 18, 1, 1] => QQFieldElem[48//55, 86//55, 84//55, 32//55],
	[22, 16, 17, 18, 14, 1, 1, 20, 1, 1] => QQFieldElem[8//5, 21//5, 19//5, 7//5],
	[22, 16, 17, 18, 16, 1, 1, 8, 1, 1] => QQFieldElem[-2, -2, 2, 2],
	[22, 16, 17, 18, 21, 2, 1, 8, 1, 1] => QQFieldElem[0, 0, -2, -2],
	[22, 16, 17, 18, 16, 1, 1, 18, 1, 1] => QQFieldElem[36//11, 4//11, 8//11, 24//11],
	[22, 16, 17, 18, 9, 1, 1, 19, 2, 1] => QQFieldElem[-14//55, 7//55, 3//55, 9//55],
	[22, 16, 17, 18, 21, 2, 1, 18, 1, 1] => QQFieldElem[-92//55, -64//55, 4//55, 12//55],
	[22, 16, 17, 18, 9, 1, 1, 8, 1, 1] => QQFieldElem[0, 8, 16, 8],
	[22, 16, 17, 18, 9, 1, 1, 18, 1, 1] => QQFieldElem[288//55, -144//55, 64//55, 192//55],
	[22, 16, 17, 18, 15, 1, 1, 12, 1, 1] => QQFieldElem[-17//11, -8//11, 17//11, 18//11],
	[22, 16, 17, 18, 22, 2, 1, 3, 1, 1] => QQFieldElem[3, 5, 3, 0],
	[22, 16, 17, 18, 21, 1, 1, 3, 1, 1] => QQFieldElem[-7, -13, -9, -1],
	[22, 16, 17, 18, 14, 1, 1, 3, 1, 1] => QQFieldElem[-1, -2, -1, 0],
	[22, 16, 17, 18, 15, 1, 1, 20, 1, 1] => QQFieldElem[-1, -5, -7, -4])