Dict(
	[22, 18, 12, 21, 17, 1, 1, 13, 1, 1] => QQFieldElem[1, 0, -2, -2],
	[22, 18, 12, 21, 18, 2, 1, 16, 1, 1] => QQFieldElem[-1//10, 3//10, 7//10, 1//10],
	[22, 18, 12, 21, 19, 2, 1, 9, 1, 1] => QQFieldElem[7, 18, 18, 7],
	[22, 18, 12, 21, 19, 2, 1, 22, 1, 1] => QQFieldElem[1//10, 1//5, 3//10, -1//10],
	[22, 18, 12, 21, 19, 2, 1, 21, 2, 1] => QQFieldElem[-17//10, -12//5, -8//5, -3//10],
	[22, 18, 12, 21, 19, 2, 1, 22, 2, 1] => QQFieldElem[9//10, 4//5, -3//10, -9//10],
	[22, 18, 12, 21, 20, 1, 1, 15, 1, 1] => QQFieldElem[0, 0, 0, 0],
	[22, 18, 12, 21, 12, 1, 1, 15, 1, 1] => QQFieldElem[0, 0, 0, 0],
	[22, 18, 12, 21, 17, 2, 1, 21, 1, 1] => QQFieldElem[-1, -8//5, -4//5, 2//5],
	[22, 18, 12, 21, 17, 2, 1, 9, 1, 1] => QQFieldElem[-1//5, -7//5, -8//5, -4//5],
	[22, 18, 12, 21, 17, 2, 1, 22, 1, 1] => QQFieldElem[1, 6//5, 3//5, 1//5],
	[22, 18, 12, 21, 18, 2, 1, 14, 1, 1] => QQFieldElem[-3//10, -21//10, -29//10, -17//10],
	[22, 18, 12, 21, 20, 1, 1, 16, 1, 1] => QQFieldElem[0, 0, 0, 0],
	[22, 18, 12, 21, 12, 1, 1, 16, 1, 1] => QQFieldElem[0, 0, -2, -2],
	[22, 18, 12, 21, 17, 2, 1, 21, 2, 1] => QQFieldElem[-2//5, -3//10, 3//10, 2//5],
	[22, 18, 12, 21, 18, 2, 1, 13, 1, 1] => QQFieldElem[0, 2, 4, 3],
	[22, 18, 12, 21, 17, 2, 1, 22, 2, 1] => QQFieldElem[2//5, 3//10, -3//10, -2//5],
	[22, 18, 12, 21, 18, 1, 1, 21, 1, 1] => QQFieldElem[4//5, 3//5, -3//5, -4//5],
	[22, 18, 12, 21, 19, 2, 1, 15, 1, 1] => QQFieldElem[4, 0, -6, -6],
	[22, 18, 12, 21, 18, 1, 1, 9, 1, 1] => QQFieldElem[4//5, -22//5, -43//5, -29//5],
	[22, 18, 12, 21, 18, 1, 1, 22, 1, 1] => QQFieldElem[-4//5, -3//5, 3//5, 4//5],
	[22, 18, 12, 21, 18, 1, 1, 21, 2, 1] => QQFieldElem[-2//5, 1//5, -1//5, 2//5],
	[22, 18, 12, 21, 20, 1, 1, 14, 1, 1] => QQFieldElem[0, 0, 0, 0],
	[22, 18, 12, 21, 12, 1, 1, 14, 1, 1] => QQFieldElem[4, 0, -6, -6],
	[22, 18, 12, 21, 19, 2, 1, 16, 1, 1] => QQFieldElem[1//2, 0, -3//2, -3//2],
	[22, 18, 12, 21, 18, 1, 1, 22, 2, 1] => QQFieldElem[2//5, -1//5, 1//5, -2//5],
	[22, 18, 12, 21, 20, 1, 1, 13, 1, 1] => QQFieldElem[1, 4, 4, 1],
	[22, 18, 12, 21, 12, 1, 1, 13, 1, 1] => QQFieldElem[0, 0, 0, 0],
	[22, 18, 12, 21, 17, 2, 1, 15, 1, 1] => QQFieldElem[-7//5, -4//5, 4//5, 7//5],
	[22, 18, 12, 21, 17, 2, 1, 16, 1, 1] => QQFieldElem[-1//2, -1//2, 1//2, 1//2],
	[22, 18, 12, 21, 20, 2, 1, 21, 1, 1] => QQFieldElem[1, 4, 9//2, 2],
	[22, 18, 12, 21, 20, 2, 1, 9, 1, 1] => QQFieldElem[1, 2, 2, 1],
	[22, 18, 12, 21, 19, 2, 1, 14, 1, 1] => QQFieldElem[-3//2, 0, 5//2, 5//2],
	[22, 18, 12, 21, 20, 2, 1, 22, 1, 1] => QQFieldElem[-3, -4, -2, 1//2],
	[22, 18, 12, 21, 18, 1, 1, 15, 1, 1] => QQFieldElem[-11//5, -12//5, -3//5, 6//5],
	[22, 18, 12, 21, 19, 2, 1, 13, 1, 1] => QQFieldElem[0, 0, 0, 0],
	[22, 18, 12, 21, 20, 2, 1, 21, 2, 1] => QQFieldElem[0, 0, 1//2, 0],
	[22, 18, 12, 21, 20, 2, 1, 22, 2, 1] => QQFieldElem[0, 0, 0, 1//2],
	[22, 18, 12, 21, 19, 1, 1, 21, 1, 1] => QQFieldElem[-1//10, -1//5, -3//10, 1//10],
	[22, 18, 12, 21, 18, 1, 1, 16, 1, 1] => QQFieldElem[-2//5, -3//10, -1//5, 2//5],
	[22, 18, 12, 21, 19, 1, 1, 9, 1, 1] => QQFieldElem[-3, -8, -8, -3],
	[22, 18, 12, 21, 19, 1, 1, 22, 1, 1] => QQFieldElem[-1//10, -1//5, -3//10, -2//5],
	[22, 18, 12, 21, 17, 2, 1, 14, 1, 1] => QQFieldElem[-3//10, -1//10, 1//10, 3//10],
	[22, 18, 12, 21, 17, 2, 1, 13, 1, 1] => QQFieldElem[-2, -2, 0, 1],
	[22, 18, 12, 21, 19, 1, 1, 21, 2, 1] => QQFieldElem[1//10, -4//5, -17//10, -11//10],
	[22, 18, 12, 21, 19, 1, 1, 22, 2, 1] => QQFieldElem[7//10, 12//5, 21//10, 4//5],
	[22, 18, 12, 21, 17, 1, 1, 21, 1, 1] => QQFieldElem[3//5, 3//5, 0, -1//5],
	[22, 18, 12, 21, 17, 1, 1, 9, 1, 1] => QQFieldElem[-4//5, -8//5, -7//5, -1//5],
	[22, 18, 12, 21, 17, 1, 1, 22, 1, 1] => QQFieldElem[2//5, 2//5, 0, 1//5],
	[22, 18, 12, 21, 20, 2, 1, 15, 1, 1] => QQFieldElem[0, 0, -2, -2],
	[22, 18, 12, 21, 18, 1, 1, 14, 1, 1] => QQFieldElem[9//5, 21//10, 2//5, -4//5],
	[22, 18, 12, 21, 17, 1, 1, 21, 2, 1] => QQFieldElem[1//5, 3//5, 6//5, 1],
	[22, 18, 12, 21, 18, 1, 1, 13, 1, 1] => QQFieldElem[3, 4, 2, 0],
	[22, 18, 12, 21, 17, 1, 1, 22, 2, 1] => QQFieldElem[2//5, -4//5, -8//5, -1],
	[22, 18, 12, 21, 20, 2, 1, 16, 1, 1] => QQFieldElem[1//2, 0, -1//2, -1//2],
	[22, 18, 12, 21, 19, 1, 1, 15, 1, 1] => QQFieldElem[-2, 0, 3, 3],
	[22, 18, 12, 21, 18, 2, 1, 21, 1, 1] => QQFieldElem[0, -1//2, -1//2, 0],
	[22, 18, 12, 21, 18, 2, 1, 9, 1, 1] => QQFieldElem[-29//5, -43//5, -22//5, 4//5],
	[22, 18, 12, 21, 18, 2, 1, 22, 1, 1] => QQFieldElem[0, -1//2, -1//2, 0],
	[22, 18, 12, 21, 19, 1, 1, 16, 1, 1] => QQFieldElem[0, 0, 1, 1],
	[22, 18, 12, 21, 18, 2, 1, 21, 2, 1] => QQFieldElem[-2, -6, -6, -2],
	[22, 18, 12, 21, 17, 1, 1, 15, 1, 1] => QQFieldElem[-3//5, 4//5, 11//5, 8//5],
	[22, 18, 12, 21, 20, 2, 1, 14, 1, 1] => QQFieldElem[1//2, 0, -1//2, -1//2],
	[22, 18, 12, 21, 18, 2, 1, 22, 2, 1] => QQFieldElem[4, 6, 4, 0],
	[22, 18, 12, 21, 20, 2, 1, 13, 1, 1] => QQFieldElem[0, 0, 0, 0],
	[22, 18, 12, 21, 17, 1, 1, 16, 1, 1] => QQFieldElem[0, 1//2, 1, 1],
	[22, 18, 12, 21, 20, 1, 1, 21, 1, 1] => QQFieldElem[-3//4, -7//4, -9//4, -1],
	[22, 18, 12, 21, 12, 1, 1, 21, 1, 1] => QQFieldElem[-16//5, -12//5, 12//5, 16//5],
	[22, 18, 12, 21, 19, 1, 1, 14, 1, 1] => QQFieldElem[1, 0, -1, -1],
	[22, 18, 12, 21, 12, 1, 1, 9, 1, 1] => QQFieldElem[-12, -32, -32, -12],
	[22, 18, 12, 21, 20, 1, 1, 22, 1, 1] => QQFieldElem[1, 7//4, 3//4, -1//2],
	[22, 18, 12, 21, 20, 1, 1, 9, 1, 1] => QQFieldElem[0, 0, 0, 0],
	[22, 18, 12, 21, 12, 1, 1, 22, 1, 1] => QQFieldElem[16//5, 12//5, -12//5, -16//5],
	[22, 18, 12, 21, 19, 1, 1, 13, 1, 1] => QQFieldElem[0, 0, 0, 0],
	[22, 18, 12, 21, 20, 1, 1, 21, 2, 1] => QQFieldElem[-1//4, -1//4, -1//4, -1//2],
	[22, 18, 12, 21, 12, 1, 1, 21, 2, 1] => QQFieldElem[1//5, 0, 2//5, 2//5],
	[22, 18, 12, 21, 20, 1, 1, 22, 2, 1] => QQFieldElem[0, 1//4, -1//4, 0],
	[22, 18, 12, 21, 18, 2, 1, 15, 1, 1] => QQFieldElem[1//5, 12//5, 18//5, 9//5],
	[22, 18, 12, 21, 12, 1, 1, 22, 2, 1] => QQFieldElem[-1//5, 0, 3//5, 3//5],
	[22, 18, 12, 21, 17, 1, 1, 14, 1, 1] => QQFieldElem[-1//5, 1//10, 2//5, 1//5],
	[22, 18, 12, 21, 19, 2, 1, 21, 1, 1] => QQFieldElem[1//10, 1//5, -1//5, -1//10])