Dict(
	[22, 12, 21, 11, 10, 1, 1, 14, 1, 1] => QQFieldElem[1, 1//2, -1//2, -1],
	[22, 12, 21, 11, 21, 1, 1, 16, 1, 1] => QQFieldElem[1//8, -1//8, -1//8, 1//8],
	[22, 12, 21, 11, 10, 1, 1, 13, 1, 1] => QQFieldElem[1//2, 3//2, 2, 1],
	[22, 12, 21, 11, 22, 1, 1, 10, 1, 1] => QQFieldElem[-1, -7//4, -1, 0],
	[22, 12, 21, 11, 14, 1, 1, 16, 1, 1] => QQFieldElem[0, -1//4, -3//8, -1//4],
	[22, 12, 21, 11, 16, 1, 1, 10, 1, 1] => QQFieldElem[1//2, 1//4, -1//4, -1//2],
	[22, 12, 21, 11, 9, 1, 1, 10, 1, 1] => QQFieldElem[-1, -1, -1, 0],
	[22, 12, 21, 11, 13, 1, 1, 21, 1, 1] => QQFieldElem[-1//8, -1//8, 0, 0],
	[22, 12, 21, 11, 21, 1, 1, 14, 1, 1] => QQFieldElem[-3//8, -1//8, 1//8, 3//8],
	[22, 12, 21, 11, 13, 1, 1, 9, 1, 1] => QQFieldElem[0, 1//4, 1//4, 1//4],
	[22, 12, 21, 11, 15, 1, 1, 15, 1, 1] => QQFieldElem[1//8, 1//4, 1//4, 0],
	[22, 12, 21, 11, 13, 1, 1, 22, 1, 1] => QQFieldElem[1//40, 1//40, 0, -1//20],
	[22, 12, 21, 11, 21, 1, 1, 13, 1, 1] => QQFieldElem[-1//4, -1//2, -3//4, -3//8],
	[22, 12, 21, 11, 14, 1, 1, 14, 1, 1] => QQFieldElem[1//4, 1//4, 1//8, 0],
	[22, 12, 21, 11, 14, 1, 1, 13, 1, 1] => QQFieldElem[-1//8, 0, 1//8, 0],
	[22, 12, 21, 11, 22, 1, 1, 21, 1, 1] => QQFieldElem[1//4, 1//2, 1//4, 0],
	[22, 12, 21, 11, 15, 1, 1, 16, 1, 1] => QQFieldElem[-1//8, 0, 1//8, 0],
	[22, 12, 21, 11, 22, 1, 1, 9, 1, 1] => QQFieldElem[1//4, 0, -1//2, -1//2],
	[22, 12, 21, 11, 22, 1, 1, 22, 1, 1] => QQFieldElem[0, 0, 0, 0],
	[22, 12, 21, 11, 16, 1, 1, 21, 1, 1] => QQFieldElem[1//20, -1//40, 1//40, -1//20],
	[22, 12, 21, 11, 16, 1, 1, 9, 1, 1] => QQFieldElem[-1//20, -7//20, -2//5, -1//5],
	[22, 12, 21, 11, 16, 1, 1, 22, 1, 1] => QQFieldElem[1//10, 3//40, -3//40, -1//10],
	[22, 12, 21, 11, 9, 1, 1, 21, 1, 1] => QQFieldElem[1//2, -1//2, 1//2, 0],
	[22, 12, 21, 11, 9, 1, 1, 9, 1, 1] => QQFieldElem[0, 0, 1, 1],
	[22, 12, 21, 11, 9, 1, 1, 22, 1, 1] => QQFieldElem[-1//10, -3//10, -1//10, 0],
	[22, 12, 21, 11, 15, 1, 1, 14, 1, 1] => QQFieldElem[1//8, 1//4, 1//8, 0],
	[22, 12, 21, 11, 13, 1, 1, 15, 1, 1] => QQFieldElem[-1//8, 0, 1//4, 1//4],
	[22, 12, 21, 11, 15, 1, 1, 13, 1, 1] => QQFieldElem[-1//8, 0, 1//4, 1//4],
	[22, 12, 21, 11, 10, 1, 1, 10, 1, 1] => QQFieldElem[7, 11, 7, 0],
	[22, 12, 21, 11, 13, 1, 1, 16, 1, 1] => QQFieldElem[-1//8, -1//4, -1//8, 0],
	[22, 12, 21, 11, 22, 1, 1, 15, 1, 1] => QQFieldElem[1//2, 1//2, 0, -3//8],
	[22, 12, 21, 11, 16, 1, 1, 15, 1, 1] => QQFieldElem[1//8, 0, -1//8, 0],
	[22, 12, 21, 11, 22, 1, 1, 16, 1, 1] => QQFieldElem[3//8, 7//8, 7//8, 3//8],
	[22, 12, 21, 11, 16, 1, 1, 16, 1, 1] => QQFieldElem[1//4, 1//4, 1//8, 0],
	[22, 12, 21, 11, 9, 1, 1, 15, 1, 1] => QQFieldElem[-1//2, -1//2, 0, 0],
	[22, 12, 21, 11, 13, 1, 1, 14, 1, 1] => QQFieldElem[1//8, 0, -1//8, 0],
	[22, 12, 21, 11, 21, 1, 1, 10, 1, 1] => QQFieldElem[-1, -7//4, -1, 0],
	[22, 12, 21, 11, 13, 1, 1, 13, 1, 1] => QQFieldElem[1//8, 1//4, 1//4, 0],
	[22, 12, 21, 11, 14, 1, 1, 10, 1, 1] => QQFieldElem[1//2, 5//4, 5//4, 1//2],
	[22, 12, 21, 11, 10, 1, 1, 21, 1, 1] => QQFieldElem[-1//2, -1//2, -1//2, 0],
	[22, 12, 21, 11, 9, 1, 1, 16, 1, 1] => QQFieldElem[0, -1//2, -1//2, 0],
	[22, 12, 21, 11, 10, 1, 1, 9, 1, 1] => QQFieldElem[0, 0, 1, 1],
	[22, 12, 21, 11, 10, 1, 1, 22, 1, 1] => QQFieldElem[1//2, 1//2, 1//2, 0],
	[22, 12, 21, 11, 22, 1, 1, 14, 1, 1] => QQFieldElem[-1//8, -1//8, 1//8, 1//8],
	[22, 12, 21, 11, 22, 1, 1, 13, 1, 1] => QQFieldElem[0, -1//4, -1//4, -1//8],
	[22, 12, 21, 11, 16, 1, 1, 14, 1, 1] => QQFieldElem[0, -1//4, -3//8, -1//4],
	[22, 12, 21, 11, 16, 1, 1, 13, 1, 1] => QQFieldElem[1//8, 1//4, 1//8, 0],
	[22, 12, 21, 11, 9, 1, 1, 14, 1, 1] => QQFieldElem[0, -1//2, 1//2, 0],
	[22, 12, 21, 11, 21, 1, 1, 21, 1, 1] => QQFieldElem[0, 0, 0, 0],
	[22, 12, 21, 11, 9, 1, 1, 13, 1, 1] => QQFieldElem[1//2, -1//2, 0, 0],
	[22, 12, 21, 11, 21, 1, 1, 9, 1, 1] => QQFieldElem[1//4, 0, 1//2, 1//2],
	[22, 12, 21, 11, 21, 1, 1, 22, 1, 1] => QQFieldElem[-1//4, -1//2, -1//4, 0],
	[22, 12, 21, 11, 15, 1, 1, 10, 1, 1] => QQFieldElem[1//4, 3//4, 1, 1//2],
	[22, 12, 21, 11, 14, 1, 1, 21, 1, 1] => QQFieldElem[0, -1//8, -1//8, 0],
	[22, 12, 21, 11, 14, 1, 1, 9, 1, 1] => QQFieldElem[-1//4, -1//4, 0, 0],
	[22, 12, 21, 11, 14, 1, 1, 22, 1, 1] => QQFieldElem[1//20, 3//40, 3//40, 1//20],
	[22, 12, 21, 11, 10, 1, 1, 15, 1, 1] => QQFieldElem[-1//2, -1//2, 0, 1],
	[22, 12, 21, 11, 10, 1, 1, 16, 1, 1] => QQFieldElem[-1, -3//2, -3//2, -1],
	[22, 12, 21, 11, 15, 1, 1, 21, 1, 1] => QQFieldElem[3//40, 1//40, 1//10, 1//20],
	[22, 12, 21, 11, 15, 1, 1, 9, 1, 1] => QQFieldElem[3//10, 7//20, 3//20, -1//20],
	[22, 12, 21, 11, 13, 1, 1, 10, 1, 1] => QQFieldElem[3//4, 3//4, 0, -1//2],
	[22, 12, 21, 11, 21, 1, 1, 15, 1, 1] => QQFieldElem[-1//4, -1//4, 0, -1//8],
	[22, 12, 21, 11, 15, 1, 1, 22, 1, 1] => QQFieldElem[1//40, 7//40, 1//5, 1//10],
	[22, 12, 21, 11, 14, 1, 1, 15, 1, 1] => QQFieldElem[-1//8, -1//4, -1//8, 0])