Dict(
	[22, 17, 6, 22, 5, 1, 1, 21, 2, 1] => QQFieldElem[1//2, 0, -1, -1],
	[22, 17, 6, 22, 19, 2, 1, 22, 1, 1] => QQFieldElem[0, -1//2, -1//2, -1//2],
	[22, 17, 6, 22, 19, 1, 1, 21, 2, 1] => QQFieldElem[2//5, 9//20, 2//5, 0],
	[22, 17, 6, 22, 5, 1, 1, 22, 2, 1] => QQFieldElem[-1//5, -1//5, 0, -1//10],
	[22, 17, 6, 22, 19, 1, 1, 22, 2, 1] => QQFieldElem[-3//4, -1//2, -1//4, 0],
	[22, 17, 6, 22, 19, 2, 1, 21, 2, 1] => QQFieldElem[3//2, 0, -2, -2],
	[22, 17, 6, 22, 17, 1, 1, 21, 1, 1] => QQFieldElem[2, 1, -1, -2],
	[22, 17, 6, 22, 19, 2, 1, 22, 2, 1] => QQFieldElem[0, 7//2, 11//2, 7//2],
	[22, 17, 6, 22, 17, 1, 1, 22, 1, 1] => QQFieldElem[-4//5, -3//5, -2//5, -1//5],
	[22, 17, 6, 22, 17, 2, 1, 21, 1, 1] => QQFieldElem[-5//2, 0, 4, 4],
	[22, 17, 6, 22, 17, 2, 1, 22, 1, 1] => QQFieldElem[1//5, 1//5, 0, 1//10],
	[22, 17, 6, 22, 5, 1, 1, 14, 1, 1] => QQFieldElem[-1, -2, 0, 1],
	[22, 17, 6, 22, 17, 1, 1, 21, 2, 1] => QQFieldElem[18, 47, 47, 18],
	[22, 17, 6, 22, 19, 1, 1, 14, 1, 1] => QQFieldElem[-3//10, 2//5, 1//10, 1//20],
	[22, 17, 6, 22, 17, 1, 1, 22, 2, 1] => QQFieldElem[0, -1, -2, -1],
	[22, 17, 6, 22, 17, 2, 1, 21, 2, 1] => QQFieldElem[-6//5, 3//5, 12//5, 11//5],
	[22, 17, 6, 22, 19, 2, 1, 14, 1, 1] => QQFieldElem[2, 5//2, 1, -1//2],
	[22, 17, 6, 22, 17, 2, 1, 22, 2, 1] => QQFieldElem[0, -2, -4, -3],
	[22, 17, 6, 22, 5, 1, 1, 21, 1, 1] => QQFieldElem[-18, -42, -38, -12],
	[22, 17, 6, 22, 19, 1, 1, 21, 1, 1] => QQFieldElem[0, -1//4, 0, 0],
	[22, 17, 6, 22, 17, 1, 1, 14, 1, 1] => QQFieldElem[1//5, -1//10, 1//10, 1//20],
	[22, 17, 6, 22, 5, 1, 1, 22, 1, 1] => QQFieldElem[0, 0, 0, 0],
	[22, 17, 6, 22, 19, 1, 1, 22, 1, 1] => QQFieldElem[-1//20, -1//10, -3//20, -1//5],
	[22, 17, 6, 22, 19, 2, 1, 21, 1, 1] => QQFieldElem[-3//10, -3//5, -2//5, -1//5],
	[22, 17, 6, 22, 17, 2, 1, 14, 1, 1] => QQFieldElem[0, 1//2, 0, 1//2])