Dict(
	[22, 7, 22, 18, 15, 1, 1, 21, 1, 1] => QQFieldElem[0, 0, -1//2, -1//2],
	[22, 7, 22, 18, 21, 2, 1, 13, 1, 1] => QQFieldElem[1//2, 1//2, -1//2, -1//2],
	[22, 7, 22, 18, 22, 2, 1, 15, 1, 1] => QQFieldElem[-3//22, -1//22, 5//22, 1//22],
	[22, 7, 22, 18, 21, 1, 1, 15, 1, 1] => QQFieldElem[15//44, 4//11, 2//11, 3//22],
	[22, 7, 22, 18, 15, 1, 1, 22, 1, 1] => QQFieldElem[0, 0, 1//2, -1//2],
	[22, 7, 22, 18, 22, 1, 1, 21, 1, 1] => QQFieldElem[-1//4, -1//2, -1//4, 0],
	[22, 7, 22, 18, 21, 2, 1, 15, 1, 1] => QQFieldElem[17//22, -9//22, -43//22, -35//22],
	[22, 7, 22, 18, 22, 1, 1, 22, 1, 1] => QQFieldElem[1//4, 0, -1//4, 0],
	[22, 7, 22, 18, 22, 2, 1, 21, 1, 1] => QQFieldElem[0, 0, 1//2, 1//2],
	[22, 7, 22, 18, 21, 1, 1, 21, 1, 1] => QQFieldElem[1, 1, 1//2, 1//2],
	[22, 7, 22, 18, 22, 2, 1, 22, 1, 1] => QQFieldElem[0, -1, -5//2, -3//2],
	[22, 7, 22, 18, 21, 1, 1, 22, 1, 1] => QQFieldElem[1//5, -3//5, -9//10, -7//10],
	[22, 7, 22, 18, 21, 2, 1, 21, 1, 1] => QQFieldElem[1, 0, 0, 1],
	[22, 7, 22, 18, 21, 2, 1, 22, 1, 1] => QQFieldElem[-1//5, -2//5, 2//5, 1//5],
	[22, 7, 22, 18, 13, 1, 1, 21, 1, 2] => QQFieldElem[0, 2, 0, 1],
	[22, 7, 22, 18, 13, 1, 1, 22, 1, 2] => QQFieldElem[-6//5, -2//5, 2//5, 1//5],
	[22, 7, 22, 18, 13, 1, 1, 13, 1, 1] => QQFieldElem[-1, -1, 0, 0],
	[22, 7, 22, 18, 15, 1, 1, 21, 1, 2] => QQFieldElem[-1, -2, -2, -1],
	[22, 7, 22, 18, 13, 1, 1, 15, 1, 1] => QQFieldElem[0, 0, 0, 0],
	[22, 7, 22, 18, 15, 1, 1, 22, 1, 2] => QQFieldElem[1, 0, 0, -1],
	[22, 7, 22, 18, 22, 1, 1, 21, 1, 2] => QQFieldElem[1//4, -1//2, -3//4, 0],
	[22, 7, 22, 18, 15, 1, 1, 13, 1, 1] => QQFieldElem[0, 0, 0, 0],
	[22, 7, 22, 18, 22, 1, 1, 22, 1, 2] => QQFieldElem[-1//20, 2//5, 17//20, 4//5],
	[22, 7, 22, 18, 22, 2, 1, 21, 1, 2] => QQFieldElem[0, 0, 1//2, 1//2],
	[22, 7, 22, 18, 13, 1, 1, 21, 1, 1] => QQFieldElem[2//5, 4//5, 6//5, 3//5],
	[22, 7, 22, 18, 22, 1, 1, 13, 1, 1] => QQFieldElem[1//4, 1, 3//2, 1],
	[22, 7, 22, 18, 21, 1, 1, 21, 1, 2] => QQFieldElem[1//2, 1//2, -1//2, -1//2],
	[22, 7, 22, 18, 15, 1, 1, 15, 1, 1] => QQFieldElem[-7//11, 5//11, 8//11, 6//11],
	[22, 7, 22, 18, 13, 1, 1, 22, 1, 1] => QQFieldElem[0, 0, 0, -1],
	[22, 7, 22, 18, 21, 1, 1, 22, 1, 2] => QQFieldElem[-1//2, -1//2, -1//2, 1//2],
	[22, 7, 22, 18, 22, 2, 1, 13, 1, 1] => QQFieldElem[1//2, 1//2, -1//2, -1//2],
	[22, 7, 22, 18, 21, 2, 1, 21, 1, 2] => QQFieldElem[1//2, 1//2, -1//2, 1//2],
	[22, 7, 22, 18, 21, 1, 1, 13, 1, 1] => QQFieldElem[-1//4, -1//2, -1//2, 0],
	[22, 7, 22, 18, 22, 1, 1, 15, 1, 1] => QQFieldElem[-7//44, -3//22, 2//11, 3//22],
	[22, 7, 22, 18, 21, 2, 1, 22, 1, 2] => QQFieldElem[3//10, 11//10, 19//10, 7//10],
	[22, 7, 22, 18, 22, 2, 1, 22, 1, 2] => QQFieldElem[4//5, 3//5, -1//10, -3//10])