Dict(
	[22, 20, 18, 9, 19, 1, 2, 10, 1, 1] => QQFieldElem[3//2, 2, 0, -1],
	[22, 20, 18, 9, 19, 1, 2, 22, 2, 1] => QQFieldElem[-6//5, 8//5, 22//5, 16//5],
	[22, 20, 18, 9, 19, 1, 1, 10, 1, 1] => QQFieldElem[1, 1, 0, -1],
	[22, 20, 18, 9, 12, 1, 1, 13, 1, 1] => QQFieldElem[-2, -2, 0, 2],
	[22, 20, 18, 9, 11, 1, 1, 22, 2, 1] => QQFieldElem[1, 1, 1//2, 0],
	[22, 20, 18, 9, 20, 1, 1, 13, 1, 1] => QQFieldElem[-2, -2, 0, 3//2],
	[22, 20, 18, 9, 11, 1, 1, 10, 1, 1] => QQFieldElem[-4, -6, -2, 2],
	[22, 20, 18, 9, 19, 1, 1, 22, 2, 1] => QQFieldElem[14//5, 28//5, 22//5, 6//5],
	[22, 20, 18, 9, 20, 1, 1, 13, 2, 1] => QQFieldElem[2, 0, -2, -2],
	[22, 20, 18, 9, 12, 1, 1, 13, 2, 1] => QQFieldElem[-2, -6, -6, -2],
	[22, 20, 18, 9, 18, 1, 1, 14, 1, 1] => QQFieldElem[-2//5, 6//5, 14//5, 12//5],
	[22, 20, 18, 9, 19, 1, 2, 14, 1, 1] => QQFieldElem[-5, -7, -3, 1],
	[22, 20, 18, 9, 19, 1, 1, 14, 1, 1] => QQFieldElem[-16//5, -22//5, -8//5, 6//5],
	[22, 20, 18, 9, 18, 1, 1, 13, 1, 1] => QQFieldElem[-4, -9, -9, -3],
	[22, 20, 18, 9, 20, 1, 1, 22, 1, 1] => QQFieldElem[-2, 3, 8, 6],
	[22, 20, 18, 9, 11, 1, 1, 14, 1, 1] => QQFieldElem[8, 12, 8, 0],
	[22, 20, 18, 9, 19, 1, 2, 13, 1, 1] => QQFieldElem[1, -1//2, 0, -1//2],
	[22, 20, 18, 9, 12, 1, 1, 22, 1, 1] => QQFieldElem[-1, -1, 0, 0],
	[22, 20, 18, 9, 19, 1, 1, 13, 1, 1] => QQFieldElem[4, 4, 2, 0],
	[22, 20, 18, 9, 11, 1, 1, 13, 1, 1] => QQFieldElem[4, 20, 24, 12],
	[22, 20, 18, 9, 20, 1, 1, 10, 1, 1] => QQFieldElem[-1, 0, 2, 2],
	[22, 20, 18, 9, 18, 1, 1, 13, 2, 1] => QQFieldElem[6, 10, 6, 0],
	[22, 20, 18, 9, 12, 1, 1, 22, 2, 1] => QQFieldElem[-1, -3, -3, -1],
	[22, 20, 18, 9, 12, 1, 1, 10, 1, 1] => QQFieldElem[-1, 0, 1//2, 1//2],
	[22, 20, 18, 9, 19, 1, 2, 13, 2, 1] => QQFieldElem[-1, -1, 0, 1],
	[22, 20, 18, 9, 20, 1, 1, 22, 2, 1] => QQFieldElem[-12//5, -44//5, -56//5, -28//5],
	[22, 20, 18, 9, 19, 1, 1, 13, 2, 1] => QQFieldElem[0, 1, 1, 1],
	[22, 20, 18, 9, 11, 1, 1, 13, 2, 1] => QQFieldElem[2, 3, 1, -1],
	[22, 20, 18, 9, 18, 1, 1, 22, 1, 1] => QQFieldElem[-2, -9//2, -9//2, -3//2],
	[22, 20, 18, 9, 19, 1, 2, 22, 1, 1] => QQFieldElem[-1, -4, -4, -2],
	[22, 20, 18, 9, 19, 1, 1, 22, 1, 1] => QQFieldElem[8, 0, -12, -12],
	[22, 20, 18, 9, 11, 1, 1, 22, 1, 1] => QQFieldElem[2, 6, 8, 4],
	[22, 20, 18, 9, 20, 1, 1, 14, 1, 1] => QQFieldElem[22//5, 14//5, -14//5, -22//5],
	[22, 20, 18, 9, 12, 1, 1, 14, 1, 1] => QQFieldElem[1, 1, -1, -1],
	[22, 20, 18, 9, 18, 1, 1, 22, 2, 1] => QQFieldElem[3, 5, 3, 0],
	[22, 20, 18, 9, 18, 1, 1, 10, 1, 1] => QQFieldElem[0, -1, -2, -1])