Dict(
	[22, 10, 18, 20, 21, 1, 1, 12, 1, 1] => QQFieldElem[0, 0, 0, 0],
	[22, 10, 18, 20, 16, 1, 1, 19, 1, 1] => QQFieldElem[-3//10, -1//10, 1//10, -1//5],
	[22, 10, 18, 20, 16, 1, 1, 12, 1, 1] => QQFieldElem[0, 0, -1//16, 0],
	[22, 10, 18, 20, 21, 2, 1, 19, 1, 1] => QQFieldElem[1//4, 0, 1//4, 1//4],
	[22, 10, 18, 20, 21, 2, 1, 12, 1, 1] => QQFieldElem[0, -1//16, 0, 0],
	[22, 10, 18, 20, 15, 1, 1, 20, 1, 1] => QQFieldElem[1//2, -1//2, 0, 0],
	[22, 10, 18, 20, 15, 2, 1, 20, 1, 1] => QQFieldElem[-1//4, 0, 1//4, 1//4],
	[22, 10, 18, 20, 21, 1, 1, 20, 1, 1] => QQFieldElem[0, -1//4, 0, -1//4],
	[22, 10, 18, 20, 9, 1, 1, 12, 1, 1] => QQFieldElem[-1//20, -1//10, -3//20, -3//40],
	[22, 10, 18, 20, 9, 1, 1, 19, 1, 1] => QQFieldElem[1//4, 1//4, 0, 0],
	[22, 10, 18, 20, 16, 1, 1, 20, 1, 1] => QQFieldElem[1//4, 1//4, 0, 1//8],
	[22, 10, 18, 20, 15, 1, 1, 17, 1, 1] => QQFieldElem[1, 1//2, -1//2, -1],
	[22, 10, 18, 20, 15, 1, 1, 19, 1, 2] => QQFieldElem[0, 1//4, 1//4, 0],
	[22, 10, 18, 20, 21, 2, 1, 20, 1, 1] => QQFieldElem[1//8, -1//8, 0, 0],
	[22, 10, 18, 20, 15, 2, 1, 17, 1, 1] => QQFieldElem[-1//20, 2//5, 17//20, 11//20],
	[22, 10, 18, 20, 15, 2, 1, 19, 1, 2] => QQFieldElem[1//8, 0, -1//8, 0],
	[22, 10, 18, 20, 15, 1, 1, 11, 1, 1] => QQFieldElem[1, 1, 0, -1],
	[22, 10, 18, 20, 21, 1, 1, 17, 1, 1] => QQFieldElem[1//4, 1//4, 0, 0],
	[22, 10, 18, 20, 21, 1, 1, 19, 1, 2] => QQFieldElem[-1//5, 1//10, -1//10, -3//10],
	[22, 10, 18, 20, 15, 2, 1, 11, 1, 1] => QQFieldElem[-1//10, 3//10, 7//10, 3//5],
	[22, 10, 18, 20, 16, 1, 1, 17, 1, 1] => QQFieldElem[0, 0, -1//8, -1//8],
	[22, 10, 18, 20, 16, 1, 1, 19, 1, 2] => QQFieldElem[0, 0, 0, -1],
	[22, 10, 18, 20, 9, 1, 1, 20, 1, 1] => QQFieldElem[1//4, 0, 0, -1//4],
	[22, 10, 18, 20, 21, 2, 1, 17, 1, 1] => QQFieldElem[-1//8, -3//8, -1//4, -1//8],
	[22, 10, 18, 20, 21, 2, 1, 19, 1, 2] => QQFieldElem[0, 0, 0, 0],
	[22, 10, 18, 20, 21, 1, 1, 11, 1, 1] => QQFieldElem[2//5, 3//10, 1//5, 1//10],
	[22, 10, 18, 20, 16, 1, 1, 11, 1, 1] => QQFieldElem[1//4, 0, 0, 0],
	[22, 10, 18, 20, 21, 2, 1, 11, 1, 1] => QQFieldElem[0, -1//4, -1//4, 0],
	[22, 10, 18, 20, 15, 1, 1, 12, 1, 1] => QQFieldElem[0, 0, 0, 0],
	[22, 10, 18, 20, 15, 1, 1, 19, 1, 1] => QQFieldElem[-1//2, -1//2, 0, 1//4],
	[22, 10, 18, 20, 9, 1, 1, 17, 1, 1] => QQFieldElem[1//20, -3//20, -7//20, -3//10],
	[22, 10, 18, 20, 9, 1, 1, 19, 1, 2] => QQFieldElem[1//2, 1, 1, 0],
	[22, 10, 18, 20, 15, 2, 1, 12, 1, 1] => QQFieldElem[1//20, 1//10, 3//20, 3//40],
	[22, 10, 18, 20, 15, 2, 1, 19, 1, 1] => QQFieldElem[0, 1//8, 0, -1//8],
	[22, 10, 18, 20, 21, 1, 1, 19, 1, 1] => QQFieldElem[0, 0, 0, 0],
	[22, 10, 18, 20, 9, 1, 1, 11, 1, 1] => QQFieldElem[1//5, -1//10, -2//5, -1//5])