Dict(
	[22, 20, 3, 22, 12, 1, 1, 16, 1, 1] => QQFieldElem[0, -1, -2, -1],
	[22, 20, 3, 22, 12, 1, 1, 22, 1, 1] => QQFieldElem[2//5, 8//5, 8//5, 2//5],
	[22, 20, 3, 22, 20, 2, 1, 22, 1, 1] => QQFieldElem[-7//5, -9//5, -7//10, 2//5],
	[22, 20, 3, 22, 20, 2, 1, 16, 1, 1] => QQFieldElem[0, 0, 0, 0],
	[22, 20, 3, 22, 20, 1, 1, 21, 2, 1] => QQFieldElem[0, 0, -1//2, 1//2],
	[22, 20, 3, 22, 12, 1, 1, 21, 2, 1] => QQFieldElem[-2, -4, -2, 0],
	[22, 20, 3, 22, 20, 1, 1, 22, 2, 1] => QQFieldElem[3//4, 0, -3//4, -3//4],
	[22, 20, 3, 22, 20, 2, 1, 21, 2, 1] => QQFieldElem[1, 0, 1, 0],
	[22, 20, 3, 22, 12, 1, 1, 22, 2, 1] => QQFieldElem[6//5, 7//5, 3//5, -1//5],
	[22, 20, 3, 22, 20, 2, 1, 22, 2, 1] => QQFieldElem[0, 1, 3//2, 1],
	[22, 20, 3, 22, 11, 1, 1, 21, 1, 1] => QQFieldElem[1//2, -1//2, -3//2, -1],
	[22, 20, 3, 22, 7, 1, 1, 21, 1, 1] => QQFieldElem[-1//5, 3//5, 7//5, 6//5],
	[22, 20, 3, 22, 11, 1, 1, 22, 1, 1] => QQFieldElem[0, 0, 0, 0],
	[22, 20, 3, 22, 11, 1, 1, 16, 1, 1] => QQFieldElem[-1//4, -1//2, -1//2, 0],
	[22, 20, 3, 22, 7, 1, 1, 22, 1, 1] => QQFieldElem[0, 0, 0, 0],
	[22, 20, 3, 22, 7, 1, 1, 16, 1, 1] => QQFieldElem[0, 1, 2, 1],
	[22, 20, 3, 22, 11, 1, 1, 21, 2, 1] => QQFieldElem[0, 0, 0, -1//4],
	[22, 20, 3, 22, 7, 1, 1, 21, 2, 1] => QQFieldElem[0, -1//2, -1//2, -1//4],
	[22, 20, 3, 22, 11, 1, 1, 22, 2, 1] => QQFieldElem[0, -1, -3//2, -1],
	[22, 20, 3, 22, 7, 1, 1, 22, 2, 1] => QQFieldElem[0, 1, 3//2, 1],
	[22, 20, 3, 22, 20, 1, 1, 21, 1, 1] => QQFieldElem[1, 0, -1//2, -1//2],
	[22, 20, 3, 22, 12, 1, 1, 21, 1, 1] => QQFieldElem[-3//10, -1//10, 1//10, -1//5],
	[22, 20, 3, 22, 20, 1, 1, 22, 1, 1] => QQFieldElem[-3//4, 0, 5//4, 5//4],
	[22, 20, 3, 22, 20, 2, 1, 21, 1, 1] => QQFieldElem[3, 4, 3, 0],
	[22, 20, 3, 22, 20, 1, 1, 16, 1, 1] => QQFieldElem[1//4, 1//2, 0, 1//2])