Dict(
	[22, 22, 20, 4, 22, 1, 1, 18, 1, 1] => QQFieldElem[-1//2, -1//2, -1//2, -3//4],
	[22, 22, 20, 4, 22, 1, 2, 20, 2, 1] => QQFieldElem[0, 0, 1, 1],
	[22, 22, 20, 4, 21, 1, 2, 18, 1, 1] => QQFieldElem[0, 0, 0, 0],
	[22, 22, 20, 4, 22, 1, 1, 17, 1, 1] => QQFieldElem[5//22, 1//44, -7//22, -3//22],
	[22, 22, 20, 4, 21, 1, 1, 20, 2, 1] => QQFieldElem[1//2, 0, -1, -3//4],
	[22, 22, 20, 4, 21, 1, 2, 17, 1, 1] => QQFieldElem[16//55, -38//55, -62//55, -36//55],
	[22, 22, 20, 4, 22, 1, 1, 18, 2, 1] => QQFieldElem[0, 0, 0, 0],
	[22, 22, 20, 4, 21, 1, 2, 18, 2, 1] => QQFieldElem[-1//2, -1//2, 1, 3//2],
	[22, 22, 20, 4, 22, 1, 1, 17, 2, 1] => QQFieldElem[-5//22, -3//11, -2//11, 3//22],
	[22, 22, 20, 4, 21, 1, 2, 17, 2, 1] => QQFieldElem[-17//11, -21//22, 4//11, 27//22],
	[22, 22, 20, 4, 15, 1, 1, 20, 1, 1] => QQFieldElem[0, -1, -3//2, -1],
	[22, 22, 20, 4, 15, 1, 2, 18, 1, 1] => QQFieldElem[-4//5, -3//5, -2//5, -6//5],
	[22, 22, 20, 4, 15, 1, 1, 20, 2, 1] => QQFieldElem[-3//5, -6//5, -13//10, -2//5],
	[22, 22, 20, 4, 15, 1, 2, 17, 1, 1] => QQFieldElem[-4//11, 4//11, 10//11, 9//11],
	[22, 22, 20, 4, 15, 1, 2, 18, 2, 1] => QQFieldElem[0, 1, 0, 0],
	[22, 22, 20, 4, 15, 1, 2, 17, 2, 1] => QQFieldElem[4//55, 18//55, 12//55, -9//55],
	[22, 22, 20, 4, 22, 1, 1, 20, 1, 1] => QQFieldElem[0, -1, -3//2, -3//4],
	[22, 22, 20, 4, 21, 1, 2, 20, 1, 1] => QQFieldElem[0, 0, 0, 0],
	[22, 22, 20, 4, 22, 1, 2, 18, 1, 1] => QQFieldElem[-1//2, -1//2, 0, -1//2],
	[22, 22, 20, 4, 22, 1, 1, 20, 2, 1] => QQFieldElem[1, 3, 3, 1],
	[22, 22, 20, 4, 22, 1, 2, 17, 1, 1] => QQFieldElem[-1//11, -9//22, -3//11, -1//22],
	[22, 22, 20, 4, 21, 1, 1, 18, 1, 1] => QQFieldElem[2//5, -1//5, -4//5, -2//5],
	[22, 22, 20, 4, 21, 1, 2, 20, 2, 1] => QQFieldElem[-1//2, -5//2, -3, -3//2],
	[22, 22, 20, 4, 22, 1, 2, 18, 2, 1] => QQFieldElem[0, 0, -1, -1],
	[22, 22, 20, 4, 21, 1, 1, 17, 1, 1] => QQFieldElem[-1//55, -32//55, -58//55, -39//55],
	[22, 22, 20, 4, 22, 1, 2, 17, 2, 1] => QQFieldElem[7//11, 4//11, -12//11, -13//11],
	[22, 22, 20, 4, 21, 1, 1, 18, 2, 1] => QQFieldElem[0, 1//2, 0, 1//4],
	[22, 22, 20, 4, 21, 1, 1, 17, 2, 1] => QQFieldElem[1//11, 7//44, 3//11, 1//22],
	[22, 22, 20, 4, 15, 1, 2, 20, 1, 1] => QQFieldElem[-2, -3, -2, 0],
	[22, 22, 20, 4, 15, 1, 1, 18, 1, 1] => QQFieldElem[3//5, 1//5, 3//10, 2//5],
	[22, 22, 20, 4, 15, 1, 2, 20, 2, 1] => QQFieldElem[-2//5, 1//5, 4//5, 2//5],
	[22, 22, 20, 4, 15, 1, 1, 17, 1, 1] => QQFieldElem[5//22, 3//11, 2//11, -3//22],
	[22, 22, 20, 4, 15, 1, 1, 18, 2, 1] => QQFieldElem[0, 0, 1//2, 1],
	[22, 22, 20, 4, 15, 1, 1, 17, 2, 1] => QQFieldElem[-53//110, -23//55, 3//55, 23//110],
	[22, 22, 20, 4, 22, 1, 2, 20, 1, 1] => QQFieldElem[-1//2, -1//2, 0, 1//2],
	[22, 22, 20, 4, 21, 1, 1, 20, 1, 1] => QQFieldElem[2, 3, 2, 0])