Dict(
	[22, 8, 22, 18, 21, 2, 1, 22, 1, 1] => QQFieldElem[1//5, 2//5, -2//5, -1//5],
	[22, 8, 22, 18, 16, 1, 1, 22, 1, 1] => QQFieldElem[0, 0, -1//2, 1//2],
	[22, 8, 22, 18, 21, 2, 1, 16, 1, 1] => QQFieldElem[13//11, 9//22, -13//11, -17//11],
	[22, 8, 22, 18, 14, 1, 1, 22, 1, 1] => QQFieldElem[-1, 0, 0, 0],
	[22, 8, 22, 18, 14, 1, 1, 16, 1, 1] => QQFieldElem[0, 0, 0, 0],
	[22, 8, 22, 18, 22, 1, 1, 21, 1, 2] => QQFieldElem[-3//4, -1//2, 1//4, 0],
	[22, 8, 22, 18, 22, 1, 1, 14, 1, 1] => QQFieldElem[1//2, 0, -3//4, -1],
	[22, 8, 22, 18, 22, 1, 1, 22, 1, 2] => QQFieldElem[1//20, -2//5, -17//20, -4//5],
	[22, 8, 22, 18, 22, 2, 1, 21, 1, 2] => QQFieldElem[0, 0, 1//2, 1//2],
	[22, 8, 22, 18, 21, 1, 1, 21, 1, 2] => QQFieldElem[0, -1//2, -1, -1],
	[22, 8, 22, 18, 22, 2, 1, 14, 1, 1] => QQFieldElem[0, -1//2, -1, -1],
	[22, 8, 22, 18, 21, 1, 1, 14, 1, 1] => QQFieldElem[-1//2, -1//2, -1//4, 0],
	[22, 8, 22, 18, 16, 1, 1, 21, 1, 2] => QQFieldElem[-1, -2, -2, -1],
	[22, 8, 22, 18, 22, 2, 1, 22, 1, 2] => QQFieldElem[1//5, -3//5, -9//10, -7//10],
	[22, 8, 22, 18, 16, 1, 1, 14, 1, 1] => QQFieldElem[0, 0, 0, 0],
	[22, 8, 22, 18, 21, 2, 1, 21, 1, 2] => QQFieldElem[0, -1//2, 0, -1],
	[22, 8, 22, 18, 21, 1, 1, 22, 1, 2] => QQFieldElem[0, 1//2, 1, 0],
	[22, 8, 22, 18, 16, 1, 1, 22, 1, 2] => QQFieldElem[-1, 0, 0, 1],
	[22, 8, 22, 18, 14, 1, 1, 21, 1, 2] => QQFieldElem[1, 0, 2, 0],
	[22, 8, 22, 18, 14, 1, 1, 14, 1, 1] => QQFieldElem[0, 1, 1, 1],
	[22, 8, 22, 18, 21, 2, 1, 22, 1, 2] => QQFieldElem[-4//5, -11//10, -2//5, 4//5],
	[22, 8, 22, 18, 21, 2, 1, 14, 1, 1] => QQFieldElem[0, -1//2, -1, -1],
	[22, 8, 22, 18, 14, 1, 1, 22, 1, 2] => QQFieldElem[1//5, 2//5, -2//5, -6//5],
	[22, 8, 22, 18, 22, 1, 1, 21, 1, 1] => QQFieldElem[-1//4, -1//2, -1//4, 0],
	[22, 8, 22, 18, 22, 1, 1, 22, 1, 1] => QQFieldElem[-1//4, 0, 1//4, 0],
	[22, 8, 22, 18, 22, 2, 1, 21, 1, 1] => QQFieldElem[0, 0, 1//2, 1//2],
	[22, 8, 22, 18, 21, 1, 1, 21, 1, 1] => QQFieldElem[0, -1, -1//2, -1//2],
	[22, 8, 22, 18, 22, 1, 1, 16, 1, 1] => QQFieldElem[1//22, -3//11, -13//44, -3//22],
	[22, 8, 22, 18, 16, 1, 1, 21, 1, 1] => QQFieldElem[0, 0, -1//2, -1//2],
	[22, 8, 22, 18, 22, 2, 1, 22, 1, 1] => QQFieldElem[1, 1, -1//2, -3//2],
	[22, 8, 22, 18, 21, 1, 1, 22, 1, 1] => QQFieldElem[4//5, 3//5, -1//10, -3//10],
	[22, 8, 22, 18, 22, 2, 1, 16, 1, 1] => QQFieldElem[-1//11, 1//22, 1//11, 3//11],
	[22, 8, 22, 18, 21, 2, 1, 21, 1, 1] => QQFieldElem[1, 0, 0, 1],
	[22, 8, 22, 18, 14, 1, 1, 21, 1, 1] => QQFieldElem[3//5, 6//5, 4//5, 2//5],
	[22, 8, 22, 18, 21, 1, 1, 16, 1, 1] => QQFieldElem[1//22, 5//22, 9//44, -3//22],
	[22, 8, 22, 18, 16, 1, 1, 16, 1, 1] => QQFieldElem[-12//11, -5//11, 1//11, 3//11])