Dict(
	[22, 22, 19, 5, 13, 1, 1, 19, 1, 1] => QQFieldElem[0, 0, 0, 0],
	[22, 22, 19, 5, 22, 1, 1, 11, 1, 1] => QQFieldElem[2//5, 3//10, 1//5, 1//10],
	[22, 22, 19, 5, 13, 1, 1, 12, 1, 1] => QQFieldElem[-2//5, -4//5, -1//5, 2//5],
	[22, 22, 19, 5, 21, 1, 2, 11, 1, 1] => QQFieldElem[8//5, 8//5, 0, -6//5],
	[22, 22, 19, 5, 21, 1, 1, 11, 1, 1] => QQFieldElem[12//5, 14//5, 6//5, -2//5],
	[22, 22, 19, 5, 13, 1, 1, 19, 2, 1] => QQFieldElem[0, -2, -2, -2],
	[22, 22, 19, 5, 22, 1, 2, 19, 1, 1] => QQFieldElem[-1, -1, 1, 1],
	[22, 22, 19, 5, 22, 1, 2, 12, 1, 1] => QQFieldElem[0, 0, 0, 1//2],
	[22, 22, 19, 5, 22, 1, 1, 19, 1, 1] => QQFieldElem[2, 3, 3, 2],
	[22, 22, 19, 5, 22, 1, 1, 12, 1, 1] => QQFieldElem[-1//4, 0, -1//4, 0],
	[22, 22, 19, 5, 21, 1, 2, 19, 1, 1] => QQFieldElem[0, -1//2, 0, 1//2],
	[22, 22, 19, 5, 21, 1, 2, 12, 1, 1] => QQFieldElem[3//5, 1//5, -1//5, -3//5],
	[22, 22, 19, 5, 21, 1, 1, 19, 1, 1] => QQFieldElem[4//5, 8//5, 12//5, 6//5],
	[22, 22, 19, 5, 21, 1, 1, 12, 1, 1] => QQFieldElem[0, 1, 1, 0],
	[22, 22, 19, 5, 13, 1, 1, 8, 1, 1] => QQFieldElem[0, -1, -1, -1],
	[22, 22, 19, 5, 22, 1, 2, 19, 2, 1] => QQFieldElem[0, -1, -1, -1//2],
	[22, 22, 19, 5, 22, 1, 1, 19, 2, 1] => QQFieldElem[1//4, 0, -1//4, 0],
	[22, 22, 19, 5, 21, 1, 2, 19, 2, 1] => QQFieldElem[0, 0, -1, 0],
	[22, 22, 19, 5, 21, 1, 1, 19, 2, 1] => QQFieldElem[0, 0, 0, 0],
	[22, 22, 19, 5, 22, 1, 2, 8, 1, 1] => QQFieldElem[-1, -1, -2, -1],
	[22, 22, 19, 5, 13, 1, 1, 11, 1, 1] => QQFieldElem[-12//5, -12//5, 0, 4//5],
	[22, 22, 19, 5, 22, 1, 1, 8, 1, 1] => QQFieldElem[-1//4, 0, 1//4, 0],
	[22, 22, 19, 5, 21, 1, 2, 8, 1, 1] => QQFieldElem[0, 1, 2, 1],
	[22, 22, 19, 5, 21, 1, 1, 8, 1, 1] => QQFieldElem[0, 1, 2, 2],
	[22, 22, 19, 5, 22, 1, 2, 11, 1, 1] => QQFieldElem[-2//5, -4//5, 4//5, 2//5])