Dict(
	[5, 7, 19, 19, 19, 1, 2, 4, 1, 1] => QQFieldElem[0, 0, 0, 0],
	[5, 7, 19, 19, 19, 1, 1, 4, 1, 1] => QQFieldElem[0, 0, 1, 1],
	[5, 7, 19, 19, 19, 1, 2, 7, 1, 1] => QQFieldElem[0, 0, -1, -1],
	[5, 7, 19, 19, 19, 1, 1, 7, 1, 1] => QQFieldElem[0, 0, 1, 1],
	[5, 7, 19, 19, 11, 1, 1, 4, 1, 1] => QQFieldElem[0, 0, -1//2, -1//2],
	[5, 7, 19, 19, 11, 1, 1, 7, 1, 1] => QQFieldElem[-6//5, -12//5, -8//5, -4//5],
	[5, 7, 19, 19, 19, 1, 2, 5, 1, 1] => QQFieldElem[4, 4, 4, 4],
	[5, 7, 19, 19, 19, 1, 1, 5, 1, 1] => QQFieldElem[0, 0, 0, 0],
	[5, 7, 19, 19, 11, 1, 1, 5, 1, 1] => QQFieldElem[0, -1, 1, 0],
	[5, 7, 19, 19, 12, 1, 1, 7, 1, 2] => QQFieldElem[-16//5, 0, 8//5, 8//5],
	[5, 7, 19, 19, 12, 1, 1, 4, 1, 1] => QQFieldElem[0, 0, 1//2, 1//2],
	[5, 7, 19, 19, 19, 1, 2, 7, 1, 2] => QQFieldElem[0, 0, 0, 0],
	[5, 7, 19, 19, 12, 1, 1, 7, 1, 1] => QQFieldElem[0, 0, 0, 0],
	[5, 7, 19, 19, 19, 1, 1, 7, 1, 2] => QQFieldElem[2, 0, 0, 0],
	[5, 7, 19, 19, 11, 1, 1, 7, 1, 2] => QQFieldElem[-6//5, -12//5, -8//5, -4//5],
	[5, 7, 19, 19, 12, 1, 1, 5, 1, 1] => QQFieldElem[0, -1, 1, 0])