Dict(
	[5, 21, 20, 13, 22, 1, 2, 22, 1, 2] => QQFieldElem[1//5, -1//10, 1//10, 3//10],
	[5, 21, 20, 13, 13, 1, 2, 21, 1, 1] => QQFieldElem[0, 0, 0, 0],
	[5, 21, 20, 13, 22, 1, 1, 22, 1, 2] => QQFieldElem[-1//2, 1//4, -1//4, -1//4],
	[5, 21, 20, 13, 13, 1, 1, 21, 1, 1] => QQFieldElem[0, 0, 1//2, 1//2],
	[5, 21, 20, 13, 13, 1, 2, 22, 1, 1] => QQFieldElem[-1//5, 3//5, 2//5, 1//5],
	[5, 21, 20, 13, 13, 1, 1, 22, 1, 1] => QQFieldElem[0, 0, 1, 1//2],
	[5, 21, 20, 13, 22, 1, 2, 21, 1, 1] => QQFieldElem[0, 0, 1//2, 1//2],
	[5, 21, 20, 13, 22, 1, 1, 21, 1, 1] => QQFieldElem[0, 0, 0, 0],
	[5, 21, 20, 13, 22, 1, 2, 22, 1, 1] => QQFieldElem[0, 1//2, 1//2, 1//2],
	[5, 21, 20, 13, 22, 1, 1, 22, 1, 1] => QQFieldElem[1//2, 1//4, 1//4, 1//4],
	[5, 21, 20, 13, 13, 1, 2, 21, 1, 2] => QQFieldElem[0, 0, 0, 0],
	[5, 21, 20, 13, 13, 1, 1, 21, 1, 2] => QQFieldElem[3//11, -3//11, 7//22, 3//22],
	[5, 21, 20, 13, 13, 1, 2, 22, 1, 2] => QQFieldElem[1//5, 1//5, 0, 3//5],
	[5, 21, 20, 13, 13, 1, 1, 22, 1, 2] => QQFieldElem[-2//5, 1//5, -1//5, -1//10],
	[5, 21, 20, 13, 22, 1, 2, 21, 1, 2] => QQFieldElem[0, 0, -1//2, 1//2],
	[5, 21, 20, 13, 22, 1, 1, 21, 1, 2] => QQFieldElem[-9//22, -1//11, 3//11, -5//11])