Dict(
	[5, 21, 19, 14, 14, 1, 2, 22, 1, 1] => QQFieldElem[-1//2, 1//2, 0, -1//2],
	[5, 21, 19, 14, 14, 1, 1, 22, 1, 1] => QQFieldElem[1, 3, 3, 1],
	[5, 21, 19, 14, 10, 1, 1, 15, 1, 1] => QQFieldElem[-2, -6, -6, -2],
	[5, 21, 19, 14, 10, 1, 1, 21, 1, 1] => QQFieldElem[26//11, 46//11, 36//11, 8//11],
	[5, 21, 19, 14, 10, 1, 1, 22, 1, 1] => QQFieldElem[-2//5, -14//5, -16//5, -8//5],
	[5, 21, 19, 14, 16, 1, 2, 21, 1, 2] => QQFieldElem[-1//22, 5//22, 1//11, 9//22],
	[5, 21, 19, 14, 16, 1, 1, 21, 1, 2] => QQFieldElem[5//44, 19//44, 3//11, -1//44],
	[5, 21, 19, 14, 16, 1, 2, 22, 1, 2] => QQFieldElem[1//2, 1//2, 1, 1//2],
	[5, 21, 19, 14, 14, 1, 2, 21, 1, 2] => QQFieldElem[31//11, 10//11, -29//11, -37//11],
	[5, 21, 19, 14, 16, 1, 1, 22, 1, 2] => QQFieldElem[3//4, 1//4, 0, 1//4],
	[5, 21, 19, 14, 14, 1, 1, 21, 1, 2] => QQFieldElem[1//11, -5//11, -13//11, -9//11],
	[5, 21, 19, 14, 14, 1, 2, 22, 1, 2] => QQFieldElem[-1, -2, -1, 1],
	[5, 21, 19, 14, 14, 1, 1, 22, 1, 2] => QQFieldElem[-3//5, -1//5, 1//5, 3//5],
	[5, 21, 19, 14, 16, 1, 2, 15, 1, 1] => QQFieldElem[1, 0, 1, 1],
	[5, 21, 19, 14, 16, 1, 1, 15, 1, 1] => QQFieldElem[-1, 0, -1//2, -1],
	[5, 21, 19, 14, 14, 1, 2, 15, 1, 1] => QQFieldElem[3, 6, 5, 1],
	[5, 21, 19, 14, 14, 1, 1, 15, 1, 1] => QQFieldElem[1, 2, 1//2, -1],
	[5, 21, 19, 14, 10, 1, 1, 21, 1, 2] => QQFieldElem[-27//22, -19//22, 5//11, 23//22],
	[5, 21, 19, 14, 16, 1, 2, 21, 1, 1] => QQFieldElem[-39//22, 19//22, 50//11, 87//22],
	[5, 21, 19, 14, 16, 1, 1, 21, 1, 1] => QQFieldElem[5//44, 85//44, 25//11, 65//44],
	[5, 21, 19, 14, 10, 1, 1, 22, 1, 2] => QQFieldElem[1//2, 1//2, 1, 1//2],
	[5, 21, 19, 14, 16, 1, 2, 22, 1, 1] => QQFieldElem[3//2, 3//2, 0, -1//2],
	[5, 21, 19, 14, 14, 1, 2, 21, 1, 1] => QQFieldElem[-5//22, -19//22, -6//11, 1//22],
	[5, 21, 19, 14, 16, 1, 1, 22, 1, 1] => QQFieldElem[3//4, 3//4, 0, -1//4],
	[5, 21, 19, 14, 14, 1, 1, 21, 1, 1] => QQFieldElem[-27//11, -41//11, -23//11, 1//11])