Dict(
	[6, 20, 22, 22, 21, 1, 1, 20, 1, 1] => QQFieldElem[4//5, -2//5, 2//5, -4//5],
	[6, 20, 22, 22, 14, 1, 1, 20, 1, 1] => QQFieldElem[0, 0, 0, 0],
	[6, 20, 22, 22, 22, 1, 2, 11, 1, 1] => QQFieldElem[-1, -1, -1, -1],
	[6, 20, 22, 22, 22, 1, 1, 11, 1, 1] => QQFieldElem[0, 0, -1//4, 0],
	[6, 20, 22, 22, 22, 1, 2, 7, 1, 1] => QQFieldElem[0, -1//2, 0, 1//2],
	[6, 20, 22, 22, 21, 1, 2, 11, 1, 1] => QQFieldElem[-8//5, -6//5, 6//5, 8//5],
	[6, 20, 22, 22, 22, 1, 1, 7, 1, 1] => QQFieldElem[-1//8, -1//4, -1//8, -1//8],
	[6, 20, 22, 22, 21, 1, 1, 11, 1, 1] => QQFieldElem[-2, -2, 0, 2],
	[6, 20, 22, 22, 22, 1, 2, 20, 1, 2] => QQFieldElem[-1//2, -1//2, -1//4, 0],
	[6, 20, 22, 22, 21, 1, 2, 7, 1, 1] => QQFieldElem[0, 1, 2, 1],
	[6, 20, 22, 22, 22, 1, 1, 20, 1, 2] => QQFieldElem[0, 0, -1//8, 1//8],
	[6, 20, 22, 22, 21, 1, 1, 7, 1, 1] => QQFieldElem[0, 1, 2, 2],
	[6, 20, 22, 22, 14, 1, 1, 11, 1, 1] => QQFieldElem[12//5, 4//5, -4//5, -12//5],
	[6, 20, 22, 22, 21, 1, 2, 20, 1, 2] => QQFieldElem[0, 0, -1, 0],
	[6, 20, 22, 22, 22, 1, 2, 12, 1, 1] => QQFieldElem[0, 0, -1//4, 0],
	[6, 20, 22, 22, 21, 1, 1, 20, 1, 2] => QQFieldElem[0, 0, 0, 0],
	[6, 20, 22, 22, 22, 1, 1, 12, 1, 1] => QQFieldElem[0, 0, -1//8, -1//8],
	[6, 20, 22, 22, 14, 1, 1, 7, 1, 1] => QQFieldElem[0, -1, -1, -1],
	[6, 20, 22, 22, 21, 1, 2, 12, 1, 1] => QQFieldElem[-3//5, -6//5, -4//5, -2//5],
	[6, 20, 22, 22, 21, 1, 1, 12, 1, 1] => QQFieldElem[-1, -1, 0, 0],
	[6, 20, 22, 22, 14, 1, 1, 20, 1, 2] => QQFieldElem[-2, -2, 0, -2],
	[6, 20, 22, 22, 14, 1, 1, 12, 1, 1] => QQFieldElem[2//5, 4//5, 1//5, -2//5],
	[6, 20, 22, 22, 22, 1, 2, 20, 1, 1] => QQFieldElem[1//5, 2//5, 8//5, 4//5],
	[6, 20, 22, 22, 22, 1, 1, 20, 1, 1] => QQFieldElem[1, 1, 2, 2],
	[6, 20, 22, 22, 21, 1, 2, 20, 1, 1] => QQFieldElem[1//2, 0, 1//4, 1//2])