Dict(
	[7, 19, 19, 18, 20, 1, 2, 19, 2, 1] => QQFieldElem[0, 0, 0, 0],
	[7, 19, 19, 18, 20, 1, 1, 19, 2, 1] => QQFieldElem[-1//2, 1//2, 0, 0],
	[7, 19, 19, 18, 18, 1, 1, 19, 1, 1] => QQFieldElem[0, 0, 0, 0],
	[7, 19, 19, 18, 18, 1, 1, 12, 1, 1] => QQFieldElem[4//5, 8//5, -8//5, -4//5],
	[7, 19, 19, 18, 17, 1, 1, 11, 1, 1] => QQFieldElem[0, 0, 0, 1],
	[7, 19, 19, 18, 18, 1, 1, 19, 2, 1] => QQFieldElem[1//4, 0, 0, 0],
	[7, 19, 19, 18, 20, 1, 2, 11, 1, 1] => QQFieldElem[-1, 0, 0, 0],
	[7, 19, 19, 18, 20, 1, 1, 11, 1, 1] => QQFieldElem[0, 0, 1//2, -1//2],
	[7, 19, 19, 18, 17, 1, 1, 19, 1, 1] => QQFieldElem[1//4, 1//4, 0, 0],
	[7, 19, 19, 18, 17, 1, 1, 12, 1, 1] => QQFieldElem[0, 0, 0, -1],
	[7, 19, 19, 18, 20, 1, 2, 19, 1, 1] => QQFieldElem[8//5, 16//5, 4//5, -8//5],
	[7, 19, 19, 18, 20, 1, 2, 12, 1, 1] => QQFieldElem[1, 0, 0, 0],
	[7, 19, 19, 18, 20, 1, 1, 19, 1, 1] => QQFieldElem[0, 0, 0, 0],
	[7, 19, 19, 18, 20, 1, 1, 12, 1, 1] => QQFieldElem[0, 0, 1//2, -1//2],
	[7, 19, 19, 18, 17, 1, 1, 19, 2, 1] => QQFieldElem[0, 0, 0, 0],
	[7, 19, 19, 18, 18, 1, 1, 11, 1, 1] => QQFieldElem[4//5, 8//5, -8//5, -4//5])