Dict(
	[9, 19, 19, 10, 2, 1, 1, 21, 1, 1] => QQFieldElem[-8//5, -16//5, -4//5, 8//5],
	[9, 19, 19, 10, 3, 1, 1, 13, 1, 1] => QQFieldElem[-1, -3, -3, -1],
	[9, 19, 19, 10, 2, 1, 1, 22, 1, 1] => QQFieldElem[-4//5, -6//5, -6//5, -4//5],
	[9, 19, 19, 10, 4, 1, 1, 13, 1, 1] => QQFieldElem[1, 2, 2, 1],
	[9, 19, 19, 10, 18, 1, 1, 13, 1, 1] => QQFieldElem[1, 2, 2, 1],
	[9, 19, 19, 10, 3, 1, 1, 15, 1, 1] => QQFieldElem[0, 0, 2, 2],
	[9, 19, 19, 10, 4, 1, 1, 15, 1, 1] => QQFieldElem[2, 0, 0, 0],
	[9, 19, 19, 10, 18, 1, 1, 15, 1, 1] => QQFieldElem[-2, 0, 0, 0],
	[9, 19, 19, 10, 3, 1, 1, 21, 1, 1] => QQFieldElem[-8//5, -16//5, -4//5, 8//5],
	[9, 19, 19, 10, 4, 1, 1, 21, 1, 1] => QQFieldElem[8//5, 16//5, 4//5, -8//5],
	[9, 19, 19, 10, 3, 1, 1, 22, 1, 1] => QQFieldElem[4//5, 6//5, 6//5, 4//5],
	[9, 19, 19, 10, 18, 1, 1, 21, 1, 1] => QQFieldElem[8//5, 16//5, 4//5, -8//5],
	[9, 19, 19, 10, 4, 1, 1, 22, 1, 1] => QQFieldElem[-4//5, -6//5, -6//5, -4//5],
	[9, 19, 19, 10, 18, 1, 1, 22, 1, 1] => QQFieldElem[4//5, 6//5, 6//5, 4//5],
	[9, 19, 19, 10, 2, 1, 1, 13, 1, 1] => QQFieldElem[-1, -3, -3, -1],
	[9, 19, 19, 10, 2, 1, 1, 15, 1, 1] => QQFieldElem[0, 0, -2, -2])