Dict(
	[9, 13, 20, 20, 14, 1, 1, 8, 1, 2] => QQFieldElem[-1//2, -1//2, -1//2, -1],
	[9, 13, 20, 20, 22, 1, 2, 8, 1, 1] => QQFieldElem[-4//11, -2//11, -3//11, 3//11],
	[9, 13, 20, 20, 22, 1, 1, 8, 1, 1] => QQFieldElem[0, 0, 0, 0],
	[9, 13, 20, 20, 22, 1, 2, 18, 1, 1] => QQFieldElem[-2//11, -1//11, 4//11, 3//22],
	[9, 13, 20, 20, 22, 1, 1, 18, 1, 1] => QQFieldElem[-2//11, -34//11, -18//11, -26//11],
	[9, 13, 20, 20, 21, 1, 2, 8, 1, 1] => QQFieldElem[-1//2, 0, 1//2, 0],
	[9, 13, 20, 20, 21, 1, 1, 8, 1, 1] => QQFieldElem[2, -2, 0, 0],
	[9, 13, 20, 20, 22, 1, 2, 19, 1, 2] => QQFieldElem[0, -1, -1, -1//2],
	[9, 13, 20, 20, 21, 1, 2, 18, 1, 1] => QQFieldElem[9//22, 5//11, 15//22, -2//11],
	[9, 13, 20, 20, 16, 1, 1, 8, 1, 1] => QQFieldElem[1, 1, 1, 1],
	[9, 13, 20, 20, 22, 1, 1, 19, 1, 2] => QQFieldElem[-2, -2, 2, 2],
	[9, 13, 20, 20, 21, 1, 1, 18, 1, 1] => QQFieldElem[0, 0, 1, 0],
	[9, 13, 20, 20, 16, 1, 1, 18, 1, 1] => QQFieldElem[1//22, -5//22, -1//11, -9//22],
	[9, 13, 20, 20, 21, 1, 2, 19, 1, 2] => QQFieldElem[-1//2, -1//2, -1, -1//2],
	[9, 13, 20, 20, 14, 1, 1, 8, 1, 1] => QQFieldElem[-1//2, 0, 1//2, 0],
	[9, 13, 20, 20, 21, 1, 1, 19, 1, 2] => QQFieldElem[1//2, 1, 1//2, 1//2],
	[9, 13, 20, 20, 14, 1, 1, 18, 1, 1] => QQFieldElem[-1//22, -3//11, 13//22, 9//22],
	[9, 13, 20, 20, 16, 1, 1, 19, 1, 2] => QQFieldElem[0, 0, 1, 1],
	[9, 13, 20, 20, 14, 1, 1, 19, 1, 2] => QQFieldElem[0, -1, -1, 0],
	[9, 13, 20, 20, 22, 1, 2, 3, 1, 1] => QQFieldElem[-1//2, 0, 1//2, 0],
	[9, 13, 20, 20, 22, 1, 1, 3, 1, 1] => QQFieldElem[2, -2, 0, 0],
	[9, 13, 20, 20, 22, 1, 2, 19, 1, 1] => QQFieldElem[-1//2, 0, 1//2, 0],
	[9, 13, 20, 20, 22, 1, 1, 19, 1, 1] => QQFieldElem[0, 0, -1, 0],
	[9, 13, 20, 20, 22, 1, 2, 8, 1, 2] => QQFieldElem[3//11, -4//11, -6//11, -5//11],
	[9, 13, 20, 20, 22, 1, 1, 8, 1, 2] => QQFieldElem[-8//11, -4//11, 16//11, 28//11],
	[9, 13, 20, 20, 21, 1, 2, 3, 1, 1] => QQFieldElem[0, 1//2, 0, -1//2],
	[9, 13, 20, 20, 21, 1, 2, 19, 1, 1] => QQFieldElem[-1, -2, -2, -1],
	[9, 13, 20, 20, 21, 1, 1, 3, 1, 1] => QQFieldElem[-1, -1, -1, -1],
	[9, 13, 20, 20, 21, 1, 1, 19, 1, 1] => QQFieldElem[0, 4, 8, 4],
	[9, 13, 20, 20, 21, 1, 2, 8, 1, 2] => QQFieldElem[2//11, 1//11, 7//11, 4//11],
	[9, 13, 20, 20, 21, 1, 1, 8, 1, 2] => QQFieldElem[-2//11, -1//11, -7//11, -4//11],
	[9, 13, 20, 20, 16, 1, 1, 3, 1, 1] => QQFieldElem[1//2, 1//2, 1//2, 1],
	[9, 13, 20, 20, 16, 1, 1, 19, 1, 1] => QQFieldElem[0, 0, 0, 0],
	[9, 13, 20, 20, 16, 1, 1, 8, 1, 2] => QQFieldElem[0, 1//2, 0, -1//2],
	[9, 13, 20, 20, 14, 1, 1, 3, 1, 1] => QQFieldElem[1//2, 0, -1//2, 0],
	[9, 13, 20, 20, 14, 1, 1, 19, 1, 1] => QQFieldElem[0, 1, 1, 0])