Dict(
	[9, 20, 21, 12, 21, 1, 1, 16, 1, 1] => QQFieldElem[3//5, 1//5, -1//5, -8//5],
	[9, 20, 21, 12, 22, 1, 2, 14, 1, 1] => QQFieldElem[2, 0, 2, 2],
	[9, 20, 21, 12, 22, 1, 1, 14, 1, 1] => QQFieldElem[6//5, 0, 2//5, 2//5],
	[9, 20, 21, 12, 21, 1, 2, 14, 1, 1] => QQFieldElem[2//5, -6//5, 6//5, -2//5],
	[9, 20, 21, 12, 21, 1, 1, 14, 1, 1] => QQFieldElem[-2, -2, -2, -2],
	[9, 20, 21, 12, 22, 1, 2, 21, 1, 1] => QQFieldElem[2, 0, 2, 2],
	[9, 20, 21, 12, 22, 1, 1, 21, 1, 1] => QQFieldElem[-2, 0, 2, 2],
	[9, 20, 21, 12, 22, 1, 2, 22, 1, 1] => QQFieldElem[-1, -1, -1, -2],
	[9, 20, 21, 12, 22, 1, 1, 22, 1, 1] => QQFieldElem[3, 5, 5, 2],
	[9, 20, 21, 12, 21, 1, 2, 21, 1, 1] => QQFieldElem[2, 2, -2, -2],
	[9, 20, 21, 12, 22, 1, 1, 16, 1, 1] => QQFieldElem[3//5, 1//5, -1//5, 2//5],
	[9, 20, 21, 12, 22, 1, 2, 16, 1, 1] => QQFieldElem[3, -1, 1, 2],
	[9, 20, 21, 12, 21, 1, 1, 21, 1, 1] => QQFieldElem[-2, -2, -2, -2],
	[9, 20, 21, 12, 21, 1, 2, 22, 1, 1] => QQFieldElem[-1, -5, -5, -2],
	[9, 20, 21, 12, 21, 1, 2, 16, 1, 1] => QQFieldElem[1, -1, 1, 0],
	[9, 20, 21, 12, 21, 1, 1, 22, 1, 1] => QQFieldElem[1, 1, 1, 2])