Dict(
	[10, 10, 13, 13, 11, 1, 1, 13, 1, 1] => QQFieldElem[0, -3, -4, -3],
	[10, 10, 13, 13, 11, 1, 1, 1, 1, 1] => QQFieldElem[1, 1//2, 0, -1//2],
	[10, 10, 13, 13, 11, 1, 1, 5, 1, 1] => QQFieldElem[0, 1//2, 1, 1//2],
	[10, 10, 13, 13, 12, 1, 1, 13, 1, 2] => QQFieldElem[0, 11, 16, 11],
	[10, 10, 13, 13, 8, 1, 1, 13, 1, 1] => QQFieldElem[0, 0, -2, 0],
	[10, 10, 13, 13, 9, 1, 1, 13, 1, 2] => QQFieldElem[0, 3, 4, 3],
	[10, 10, 13, 13, 12, 1, 1, 6, 1, 1] => QQFieldElem[2, 1//2, 0, -1//2],
	[10, 10, 13, 13, 8, 1, 1, 1, 1, 1] => QQFieldElem[1, -1, 0, 1],
	[10, 10, 13, 13, 9, 1, 1, 6, 1, 1] => QQFieldElem[0, -1//2, 0, 1//2],
	[10, 10, 13, 13, 8, 1, 1, 5, 1, 1] => QQFieldElem[0, 0, -1, 0],
	[10, 10, 13, 13, 10, 1, 1, 13, 1, 2] => QQFieldElem[0, 0, -2, 0],
	[10, 10, 13, 13, 10, 1, 1, 6, 1, 1] => QQFieldElem[0, -1//2, 0, 1//2],
	[10, 10, 13, 13, 12, 1, 1, 13, 1, 1] => QQFieldElem[0, 3, 4, 3],
	[10, 10, 13, 13, 11, 1, 1, 13, 1, 2] => QQFieldElem[0, -4, -6, -4],
	[10, 10, 13, 13, 9, 1, 1, 13, 1, 1] => QQFieldElem[0, -3, -4, -3],
	[10, 10, 13, 13, 12, 1, 1, 1, 1, 1] => QQFieldElem[3, 3//2, 0, -3//2],
	[10, 10, 13, 13, 11, 1, 1, 6, 1, 1] => QQFieldElem[0, 1//2, 0, -1//2],
	[10, 10, 13, 13, 12, 1, 1, 5, 1, 1] => QQFieldElem[0, 7//2, 5, 7//2],
	[10, 10, 13, 13, 9, 1, 1, 1, 1, 1] => QQFieldElem[-1, -1//2, 0, 1//2],
	[10, 10, 13, 13, 10, 1, 1, 13, 1, 1] => QQFieldElem[0, 11, 16, 11],
	[10, 10, 13, 13, 9, 1, 1, 5, 1, 1] => QQFieldElem[0, -3//2, -2, -3//2],
	[10, 10, 13, 13, 8, 1, 1, 13, 1, 2] => QQFieldElem[0, -4, -6, -4],
	[10, 10, 13, 13, 10, 1, 1, 1, 1, 1] => QQFieldElem[-1, -1//2, 0, 1//2],
	[10, 10, 13, 13, 8, 1, 1, 6, 1, 1] => QQFieldElem[2, -3//2, 0, 3//2],
	[10, 10, 13, 13, 10, 1, 1, 5, 1, 1] => QQFieldElem[0, -3//2, -2, -3//2])