Dict(
	[11, 14, 14, 7, 14, 1, 2, 8, 1, 1] => QQFieldElem[0, 1//2, 0, -1//2],
	[11, 14, 14, 7, 3, 1, 1, 12, 1, 1] => QQFieldElem[-5//2, -5//2, -3//2, 1//2],
	[11, 14, 14, 7, 14, 1, 1, 8, 1, 1] => QQFieldElem[0, 1//2, 0, 1//2],
	[11, 14, 14, 7, 6, 1, 1, 12, 2, 1] => QQFieldElem[-1//2, 0, 1//2, 1],
	[11, 14, 14, 7, 13, 1, 2, 12, 1, 1] => QQFieldElem[0, 0, 0, 0],
	[11, 14, 14, 7, 13, 1, 1, 12, 1, 1] => QQFieldElem[-1//2, -1//2, -1//2, -1//2],
	[11, 14, 14, 7, 6, 1, 1, 10, 1, 1] => QQFieldElem[-1//6, 1//3, 1//6, 0],
	[11, 14, 14, 7, 3, 1, 1, 9, 1, 1] => QQFieldElem[5//2, 5//2, 3//2, -1//2],
	[11, 14, 14, 7, 13, 1, 2, 9, 1, 1] => QQFieldElem[1//2, 1//2, -1//2, -1//2],
	[11, 14, 14, 7, 13, 1, 1, 9, 1, 1] => QQFieldElem[2, 2, 1, -1],
	[11, 14, 14, 7, 6, 1, 1, 8, 1, 1] => QQFieldElem[-1//2, -1//2, 1//2, 1//2],
	[11, 14, 14, 7, 3, 1, 1, 12, 2, 1] => QQFieldElem[1//2, -1//2, -1//2, -1//2],
	[11, 14, 14, 7, 13, 1, 2, 12, 2, 1] => QQFieldElem[-1//2, -1//2, -1//2, 1//2],
	[11, 14, 14, 7, 14, 1, 2, 11, 1, 1] => QQFieldElem[0, 0, 0, 1//2],
	[11, 14, 14, 7, 13, 1, 1, 12, 2, 1] => QQFieldElem[5//2, 5//2, 3//2, -1//2],
	[11, 14, 14, 7, 14, 1, 1, 11, 1, 1] => QQFieldElem[0, 1//3, -1//6, -1//3],
	[11, 14, 14, 7, 3, 1, 1, 10, 1, 1] => QQFieldElem[0, 0, 0, 0],
	[11, 14, 14, 7, 13, 1, 2, 10, 1, 1] => QQFieldElem[-1//6, 0, -1//6, -1//6],
	[11, 14, 14, 7, 13, 1, 1, 10, 1, 1] => QQFieldElem[1//3, -1//6, -1//3, -1//2],
	[11, 14, 14, 7, 3, 1, 1, 8, 1, 1] => QQFieldElem[5//2, 5//2, 3//2, -1//2],
	[11, 14, 14, 7, 6, 1, 1, 11, 1, 1] => QQFieldElem[1//2, 1//3, -1//6, -1//3],
	[11, 14, 14, 7, 13, 1, 2, 8, 1, 1] => QQFieldElem[1//2, 1//2, -1//2, -1//2],
	[11, 14, 14, 7, 13, 1, 1, 8, 1, 1] => QQFieldElem[1, 1, 0, 0],
	[11, 14, 14, 7, 14, 1, 2, 12, 1, 1] => QQFieldElem[1, 1//2, 0, -1//2],
	[11, 14, 14, 7, 14, 1, 1, 12, 1, 1] => QQFieldElem[1, 1, 1, 0],
	[11, 14, 14, 7, 14, 1, 2, 9, 1, 1] => QQFieldElem[1, 1//2, 0, -1//2],
	[11, 14, 14, 7, 3, 1, 1, 11, 1, 1] => QQFieldElem[1, 1, 1, 0],
	[11, 14, 14, 7, 14, 1, 1, 9, 1, 1] => QQFieldElem[0, 1//2, 1, 1//2],
	[11, 14, 14, 7, 13, 1, 2, 11, 1, 1] => QQFieldElem[-1//6, -1//6, 1//6, 0],
	[11, 14, 14, 7, 13, 1, 1, 11, 1, 1] => QQFieldElem[-1//3, -1//2, -1//3, 1//6],
	[11, 14, 14, 7, 6, 1, 1, 12, 1, 1] => QQFieldElem[-1, -1, 0, 1],
	[11, 14, 14, 7, 14, 1, 2, 12, 2, 1] => QQFieldElem[1//2, 1//2, 1//2, -1//2],
	[11, 14, 14, 7, 14, 1, 1, 12, 2, 1] => QQFieldElem[0, 0, 0, 0],
	[11, 14, 14, 7, 6, 1, 1, 9, 1, 1] => QQFieldElem[-1//2, -1//2, 1//2, 1//2],
	[11, 14, 14, 7, 14, 1, 2, 10, 1, 1] => QQFieldElem[-1//6, 0, -1//6, -1//6],
	[11, 14, 14, 7, 14, 1, 1, 10, 1, 1] => QQFieldElem[0, 1//6, 1//6, -1//6])