Dict(
	[11, 13, 4, 12, 14, 1, 1, 10, 1, 1] => QQFieldElem[0, 0, 0, 0],
	[11, 13, 4, 12, 13, 2, 1, 7, 1, 1] => QQFieldElem[-1//2, 1//3, 5//6, 2//3],
	[11, 13, 4, 12, 14, 2, 1, 10, 1, 1] => QQFieldElem[1, 1, 0, -1],
	[11, 13, 4, 12, 13, 1, 1, 12, 1, 1] => QQFieldElem[-1, -3//2, -1, -1//2],
	[11, 13, 4, 12, 13, 2, 1, 12, 1, 1] => QQFieldElem[0, 1//2, 1, 1//2],
	[11, 13, 4, 12, 13, 1, 1, 12, 2, 1] => QQFieldElem[1, 1, 0, -1],
	[11, 13, 4, 12, 13, 2, 1, 12, 2, 1] => QQFieldElem[1, 1, 0, 0],
	[11, 13, 4, 12, 14, 1, 1, 7, 1, 1] => QQFieldElem[1, 1, 0, -1],
	[11, 13, 4, 12, 13, 1, 1, 10, 1, 1] => QQFieldElem[-1, -1//2, 0, 1//2],
	[11, 13, 4, 12, 14, 2, 1, 7, 1, 1] => QQFieldElem[0, 0, 0, 0],
	[11, 13, 4, 12, 13, 2, 1, 10, 1, 1] => QQFieldElem[0, -1//6, -2//3, -5//6],
	[11, 13, 4, 12, 14, 1, 1, 12, 1, 1] => QQFieldElem[1, 1//2, -1, -3//2],
	[11, 13, 4, 12, 14, 2, 1, 12, 1, 1] => QQFieldElem[1, 1//2, 0, -1//2],
	[11, 13, 4, 12, 14, 1, 1, 12, 2, 1] => QQFieldElem[-1, 0, 0, 1],
	[11, 13, 4, 12, 13, 1, 1, 7, 1, 1] => QQFieldElem[1//2, 0, -1//2, 0],
	[11, 13, 4, 12, 14, 2, 1, 12, 2, 1] => QQFieldElem[-1, 0, 1, 1])