Dict(
	[14, 9, 9, 13, 3, 1, 1, 11, 1, 1] => QQFieldElem[1, 1//2, 0, -1//2],
	[14, 9, 9, 13, 13, 1, 1, 11, 1, 1] => QQFieldElem[-1//2, 0, 1//2, 1//2],
	[14, 9, 9, 13, 4, 1, 1, 11, 1, 1] => QQFieldElem[-1//2, -1, -1//2, 0],
	[14, 9, 9, 13, 3, 1, 1, 7, 1, 1] => QQFieldElem[1, 1, 0, -1],
	[14, 9, 9, 13, 13, 2, 1, 11, 1, 1] => QQFieldElem[-1//2, -1//2, -1//2, 0],
	[14, 9, 9, 13, 13, 1, 1, 7, 1, 1] => QQFieldElem[0, 0, 0, 0],
	[14, 9, 9, 13, 4, 1, 1, 7, 1, 1] => QQFieldElem[-1, 0, 1, 1],
	[14, 9, 9, 13, 13, 2, 1, 7, 1, 1] => QQFieldElem[-1, -1//2, 0, 1//2],
	[14, 9, 9, 13, 3, 1, 1, 12, 1, 1] => QQFieldElem[-1, -1//2, 0, 1//2],
	[14, 9, 9, 13, 13, 1, 1, 12, 1, 1] => QQFieldElem[1//2, 1//2, 1//2, 0],
	[14, 9, 9, 13, 4, 1, 1, 12, 1, 1] => QQFieldElem[-1//2, -1, -1//2, 0],
	[14, 9, 9, 13, 13, 2, 1, 12, 1, 1] => QQFieldElem[1//2, 0, -1//2, -1//2],
	[14, 9, 9, 13, 3, 1, 1, 10, 1, 1] => QQFieldElem[1, 1, 0, -1],
	[14, 9, 9, 13, 13, 1, 1, 10, 1, 1] => QQFieldElem[-1, -1//2, 0, 1//2],
	[14, 9, 9, 13, 4, 1, 1, 10, 1, 1] => QQFieldElem[1, 0, -1, -1],
	[14, 9, 9, 13, 13, 2, 1, 10, 1, 1] => QQFieldElem[0, 0, 0, 0])