Dict(
	[14, 14, 13, 13, 14, 1, 1, 5, 1, 1] => QQFieldElem[-3//2, 0, 3//2, 2],
	[14, 14, 13, 13, 2, 1, 1, 1, 1, 1] => QQFieldElem[-3, -2, 0, 2],
	[14, 14, 13, 13, 13, 2, 2, 6, 1, 1] => QQFieldElem[4, 5//2, 0, -5//2],
	[14, 14, 13, 13, 13, 1, 1, 13, 1, 1] => QQFieldElem[0, 0, 0, 0],
	[14, 14, 13, 13, 4, 1, 1, 4, 1, 1] => QQFieldElem[-3//2, -2, -3//2, 0],
	[14, 14, 13, 13, 4, 1, 1, 13, 1, 1] => QQFieldElem[-3//2, -1, 0, 1],
	[14, 14, 13, 13, 13, 1, 1, 4, 1, 1] => QQFieldElem[0, 9//2, 6, 9//2],
	[14, 14, 13, 13, 2, 1, 1, 14, 1, 2] => QQFieldElem[3//8, 0, -3//8, -1//2],
	[14, 14, 13, 13, 13, 2, 2, 3, 1, 1] => QQFieldElem[6, 9//2, 0, -9//2],
	[14, 14, 13, 13, 13, 2, 2, 13, 2, 1] => QQFieldElem[1//4, 0, -1//4, -1//2],
	[14, 14, 13, 13, 14, 1, 2, 14, 1, 1] => QQFieldElem[0, -1//2, -3//4, -1//2],
	[14, 14, 13, 13, 6, 1, 1, 14, 2, 2] => QQFieldElem[0, 3, 15//4, 3],
	[14, 14, 13, 13, 14, 2, 1, 4, 1, 1] => QQFieldElem[-1//2, -1, -1//2, 0],
	[14, 14, 13, 13, 14, 2, 1, 13, 1, 1] => QQFieldElem[1//2, 1//2, 0, -1//2],
	[14, 14, 13, 13, 5, 1, 1, 14, 2, 2] => QQFieldElem[-9//8, -3//2, -9//8, 0],
	[14, 14, 13, 13, 13, 1, 2, 13, 2, 2] => QQFieldElem[0, -1//2, 0, 1//2],
	[14, 14, 13, 13, 13, 2, 1, 14, 2, 2] => QQFieldElem[0, -1//2, -3//4, -1//2],
	[14, 14, 13, 13, 14, 1, 1, 13, 1, 2] => QQFieldElem[0, 1, 3//2, 1],
	[14, 14, 13, 13, 6, 1, 1, 6, 1, 1] => QQFieldElem[-2, -3//2, 0, 3//2],
	[14, 14, 13, 13, 14, 2, 2, 13, 2, 2] => QQFieldElem[3//2, 1//2, 0, -1//2],
	[14, 14, 13, 13, 2, 1, 1, 4, 1, 1] => QQFieldElem[-2, -2, 0, 2],
	[14, 14, 13, 13, 2, 1, 1, 13, 1, 1] => QQFieldElem[0, 1, 0, -1],
	[14, 14, 13, 13, 3, 1, 1, 14, 2, 2] => QQFieldElem[0, 1//4, 1//4, 1//4],
	[14, 14, 13, 13, 5, 1, 1, 6, 1, 1] => QQFieldElem[-3, -2, 0, 2],
	[14, 14, 13, 13, 13, 2, 1, 6, 1, 1] => QQFieldElem[0, 15//2, 10, 15//2],
	[14, 14, 13, 13, 6, 1, 1, 3, 1, 1] => QQFieldElem[-5, -7//2, 0, 7//2],
	[14, 14, 13, 13, 6, 1, 1, 13, 2, 1] => QQFieldElem[0, 1//4, 1//2, 1//4],
	[14, 14, 13, 13, 13, 1, 2, 14, 2, 1] => QQFieldElem[0, 1//2, 1, 1//2],
	[14, 14, 13, 13, 13, 2, 2, 1, 1, 1] => QQFieldElem[5, 7//2, 0, -7//2],
	[14, 14, 13, 13, 5, 1, 1, 3, 1, 1] => QQFieldElem[-3, -2, 0, 2],
	[14, 14, 13, 13, 5, 1, 1, 13, 2, 1] => QQFieldElem[0, 0, 0, 0],
	[14, 14, 13, 13, 13, 2, 1, 3, 1, 1] => QQFieldElem[0, 31//2, 22, 31//2],
	[14, 14, 13, 13, 13, 2, 1, 13, 2, 1] => QQFieldElem[0, 0, 0, 0],
	[14, 14, 13, 13, 14, 1, 1, 14, 1, 1] => QQFieldElem[1//4, 0, 1//4, 0],
	[14, 14, 13, 13, 13, 2, 2, 14, 1, 2] => QQFieldElem[9//4, 7//4, 0, -7//4],
	[14, 14, 13, 13, 3, 1, 1, 6, 1, 1] => QQFieldElem[-7//2, -5, -7//2, 0],
	[14, 14, 13, 13, 14, 2, 2, 14, 2, 1] => QQFieldElem[2, 11//8, 0, -11//8],
	[14, 14, 13, 13, 13, 1, 1, 13, 2, 2] => QQFieldElem[0, 0, 0, 0],
	[14, 14, 13, 13, 4, 1, 1, 13, 2, 2] => QQFieldElem[0, 0, 0, 0],
	[14, 14, 13, 13, 13, 1, 2, 5, 1, 1] => QQFieldElem[2, 3//2, 0, -3//2],
	[14, 14, 13, 13, 3, 1, 1, 3, 1, 1] => QQFieldElem[-3//2, -2, -3//2, 0],
	[14, 14, 13, 13, 3, 1, 1, 13, 2, 1] => QQFieldElem[0, -1, -3//2, -1],
	[14, 14, 13, 13, 14, 1, 2, 14, 2, 2] => QQFieldElem[-1, -1//2, 0, 1//2],
	[14, 14, 13, 13, 14, 2, 1, 13, 2, 2] => QQFieldElem[0, 0, 0, 0],
	[14, 14, 13, 13, 14, 2, 2, 5, 1, 1] => QQFieldElem[2, 3//2, 0, -3//2],
	[14, 14, 13, 13, 6, 1, 1, 1, 1, 1] => QQFieldElem[-7//2, -5//2, 0, 5//2],
	[14, 14, 13, 13, 13, 2, 2, 4, 1, 1] => QQFieldElem[6, 9//2, 0, -9//2],
	[14, 14, 13, 13, 13, 2, 2, 13, 1, 1] => QQFieldElem[1//2, 0, -1//2, -1//2],
	[14, 14, 13, 13, 5, 1, 1, 1, 1, 1] => QQFieldElem[-7//2, -5//2, 0, 5//2],
	[14, 14, 13, 13, 13, 1, 1, 14, 2, 1] => QQFieldElem[0, 1//4, 0, -1//4],
	[14, 14, 13, 13, 4, 1, 1, 14, 2, 1] => QQFieldElem[-1//4, -1//4, -1//4, 0],
	[14, 14, 13, 13, 13, 2, 1, 1, 1, 1] => QQFieldElem[0, 23//2, 16, 23//2],
	[14, 14, 13, 13, 14, 1, 2, 6, 1, 1] => QQFieldElem[0, -1//2, -1, -1//2],
	[14, 14, 13, 13, 6, 1, 1, 14, 1, 2] => QQFieldElem[0, 3//4, 5//4, 3//4],
	[14, 14, 13, 13, 2, 1, 1, 13, 2, 2] => QQFieldElem[1, 3//4, 0, -3//4],
	[14, 14, 13, 13, 5, 1, 1, 14, 1, 2] => QQFieldElem[-9//8, -3//2, -9//8, 0],
	[14, 14, 13, 13, 13, 1, 2, 13, 1, 2] => QQFieldElem[0, 1//4, 1//2, 1//4],
	[14, 14, 13, 13, 13, 2, 1, 14, 1, 2] => QQFieldElem[0, 9//8, 3//2, 9//8],
	[14, 14, 13, 13, 14, 1, 2, 3, 1, 1] => QQFieldElem[0, 1//2, 1, 1//2],
	[14, 14, 13, 13, 14, 1, 2, 13, 2, 1] => QQFieldElem[-1, -3//4, 0, 3//4],
	[14, 14, 13, 13, 14, 2, 1, 14, 2, 1] => QQFieldElem[11//8, 2, 11//8, 0],
	[14, 14, 13, 13, 3, 1, 1, 1, 1, 1] => QQFieldElem[-5//2, -7//2, -5//2, 0],
	[14, 14, 13, 13, 13, 1, 1, 5, 1, 1] => QQFieldElem[0, 5//2, 4, 5//2],
	[14, 14, 13, 13, 4, 1, 1, 5, 1, 1] => QQFieldElem[-7//2, -5, -7//2, 0],
	[14, 14, 13, 13, 14, 2, 2, 13, 1, 2] => QQFieldElem[3//2, 1, 0, -1],
	[14, 14, 13, 13, 14, 1, 1, 14, 2, 2] => QQFieldElem[3//4, 0, -3//4, -5//4],
	[14, 14, 13, 13, 3, 1, 1, 14, 1, 2] => QQFieldElem[-13//4, -7//4, 0, 7//4],
	[14, 14, 13, 13, 6, 1, 1, 4, 1, 1] => QQFieldElem[-3, -2, 0, 2],
	[14, 14, 13, 13, 6, 1, 1, 13, 1, 1] => QQFieldElem[0, -1//4, -1//2, -1//4],
	[14, 14, 13, 13, 14, 2, 1, 5, 1, 1] => QQFieldElem[1//2, 1, 1//2, 0],
	[14, 14, 13, 13, 2, 1, 1, 14, 2, 1] => QQFieldElem[3//8, 0, -3//8, -1//2],
	[14, 14, 13, 13, 13, 1, 2, 14, 1, 1] => QQFieldElem[-1//2, 0, 1//2, 3//4],
	[14, 14, 13, 13, 5, 1, 1, 4, 1, 1] => QQFieldElem[-5, -7//2, 0, 7//2],
	[14, 14, 13, 13, 5, 1, 1, 13, 1, 1] => QQFieldElem[-1//2, -1//2, 0, 1//2],
	[14, 14, 13, 13, 13, 2, 1, 4, 1, 1] => QQFieldElem[0, 31//2, 22, 31//2],
	[14, 14, 13, 13, 13, 2, 1, 13, 1, 1] => QQFieldElem[0, 1//2, 0, -1//2],
	[14, 14, 13, 13, 14, 1, 1, 6, 1, 1] => QQFieldElem[-3//2, 0, 3//2, 2],
	[14, 14, 13, 13, 14, 2, 2, 14, 1, 1] => QQFieldElem[2, 1//2, 0, -1//2],
	[14, 14, 13, 13, 14, 1, 2, 1, 1, 1] => QQFieldElem[0, 0, 0, 0],
	[14, 14, 13, 13, 13, 1, 1, 13, 1, 2] => QQFieldElem[-1//4, 0, 1//4, 1//2],
	[14, 14, 13, 13, 4, 1, 1, 13, 1, 2] => QQFieldElem[0, 0, 0, 0],
	[14, 14, 13, 13, 14, 1, 1, 3, 1, 1] => QQFieldElem[-3//2, 0, 3//2, 2],
	[14, 14, 13, 13, 2, 1, 1, 5, 1, 1] => QQFieldElem[-2, -2, 0, 2],
	[14, 14, 13, 13, 14, 1, 1, 13, 2, 1] => QQFieldElem[-3//4, -1, -3//4, 0],
	[14, 14, 13, 13, 13, 2, 2, 13, 2, 2] => QQFieldElem[0, 0, 0, 0],
	[14, 14, 13, 13, 3, 1, 1, 13, 1, 1] => QQFieldElem[1, 3//4, 0, -3//4],
	[14, 14, 13, 13, 3, 1, 1, 4, 1, 1] => QQFieldElem[-2, -3, -2, 0],
	[14, 14, 13, 13, 14, 1, 2, 14, 1, 2] => QQFieldElem[-1//4, -3//4, 0, 3//4],
	[14, 14, 13, 13, 14, 2, 1, 13, 1, 2] => QQFieldElem[0, 7//2, 9//2, 7//2],
	[14, 14, 13, 13, 4, 1, 1, 14, 1, 1] => QQFieldElem[0, 1//2, 3//4, 1//2],
	[14, 14, 13, 13, 13, 1, 1, 14, 1, 1] => QQFieldElem[3//4, 1//2, 0, -1//2],
	[14, 14, 13, 13, 13, 2, 2, 14, 2, 1] => QQFieldElem[-5//8, 0, 5//8, 1],
	[14, 14, 13, 13, 2, 1, 1, 13, 1, 2] => QQFieldElem[3//4, 1, 3//4, 0],
	[14, 14, 13, 13, 14, 1, 2, 4, 1, 1] => QQFieldElem[0, -1//2, -1, -1//2],
	[14, 14, 13, 13, 6, 1, 1, 13, 2, 2] => QQFieldElem[0, 0, 0, 0],
	[14, 14, 13, 13, 14, 2, 1, 14, 1, 1] => QQFieldElem[0, -1//4, 0, -1//4],
	[14, 14, 13, 13, 14, 1, 2, 13, 1, 1] => QQFieldElem[0, 0, 0, 0],
	[14, 14, 13, 13, 14, 1, 1, 1, 1, 1] => QQFieldElem[-3//2, 0, 3//2, 2],
	[14, 14, 13, 13, 13, 1, 2, 14, 2, 2] => QQFieldElem[0, -7//4, -9//4, -7//4],
	[14, 14, 13, 13, 5, 1, 1, 13, 2, 2] => QQFieldElem[-1//4, 0, 1//4, 1//2],
	[14, 14, 13, 13, 13, 2, 1, 13, 2, 2] => QQFieldElem[0, 0, 0, 0],
	[14, 14, 13, 13, 14, 1, 1, 14, 1, 2] => QQFieldElem[0, -1, -7//4, -1],
	[14, 14, 13, 13, 13, 2, 2, 5, 1, 1] => QQFieldElem[4, 5//2, 0, -5//2],
	[14, 14, 13, 13, 14, 2, 2, 14, 2, 2] => QQFieldElem[-5//4, -3//4, 0, 3//4],
	[14, 14, 13, 13, 2, 1, 1, 14, 1, 1] => QQFieldElem[0, -1//2, 0, -1//2],
	[14, 14, 13, 13, 13, 1, 2, 6, 1, 1] => QQFieldElem[2, 3//2, 0, -3//2],
	[14, 14, 13, 13, 3, 1, 1, 13, 2, 2] => QQFieldElem[-1//2, -1//2, 0, 1//2],
	[14, 14, 13, 13, 6, 1, 1, 14, 2, 1] => QQFieldElem[-1, -5//8, 0, 5//8],
	[14, 14, 13, 13, 13, 1, 2, 3, 1, 1] => QQFieldElem[2, 3//2, 0, -3//2],
	[14, 14, 13, 13, 5, 1, 1, 14, 2, 1] => QQFieldElem[-1, -1//2, 0, 1//2],
	[14, 14, 13, 13, 13, 1, 2, 13, 2, 1] => QQFieldElem[0, 0, 0, 0],
	[14, 14, 13, 13, 13, 2, 1, 14, 2, 1] => QQFieldElem[3//4, 1//2, 0, -1//2],
	[14, 14, 13, 13, 14, 2, 2, 6, 1, 1] => QQFieldElem[2, 3//2, 0, -3//2],
	[14, 14, 13, 13, 14, 1, 1, 13, 1, 1] => QQFieldElem[1//2, 0, -1//2, -1//2],
	[14, 14, 13, 13, 14, 1, 1, 4, 1, 1] => QQFieldElem[-3//2, 0, 3//2, 2],
	[14, 14, 13, 13, 13, 2, 2, 13, 1, 2] => QQFieldElem[0, 1//2, 0, 1//2],
	[14, 14, 13, 13, 13, 1, 1, 14, 2, 2] => QQFieldElem[39//4, 7, 0, -7],
	[14, 14, 13, 13, 4, 1, 1, 14, 2, 2] => QQFieldElem[0, 0, 0, 0],
	[14, 14, 13, 13, 14, 2, 2, 3, 1, 1] => QQFieldElem[2, 3//2, 0, -3//2],
	[14, 14, 13, 13, 14, 2, 2, 13, 2, 1] => QQFieldElem[-1, -3//4, 0, 3//4],
	[14, 14, 13, 13, 6, 1, 1, 5, 1, 1] => QQFieldElem[-3, -2, 0, 2],
	[14, 14, 13, 13, 3, 1, 1, 14, 2, 1] => QQFieldElem[-3//4, -1//2, 0, 1//2],
	[14, 14, 13, 13, 5, 1, 1, 5, 1, 1] => QQFieldElem[-2, -3//2, 0, 3//2],
	[14, 14, 13, 13, 13, 2, 1, 5, 1, 1] => QQFieldElem[0, 15//2, 10, 15//2],
	[14, 14, 13, 13, 14, 1, 2, 13, 2, 2] => QQFieldElem[0, 0, 0, 0],
	[14, 14, 13, 13, 14, 2, 1, 14, 2, 2] => QQFieldElem[1//2, 0, -1//2, -1],
	[14, 14, 13, 13, 13, 1, 1, 6, 1, 1] => QQFieldElem[0, 5//2, 4, 5//2],
	[14, 14, 13, 13, 4, 1, 1, 6, 1, 1] => QQFieldElem[-2, -3, -2, 0],
	[14, 14, 13, 13, 13, 2, 2, 14, 1, 1] => QQFieldElem[-1//4, 0, 1//4, 0],
	[14, 14, 13, 13, 3, 1, 1, 5, 1, 1] => QQFieldElem[-2, -3, -2, 0],
	[14, 14, 13, 13, 13, 1, 2, 1, 1, 1] => QQFieldElem[2, 3//2, 0, -3//2],
	[14, 14, 13, 13, 13, 1, 1, 3, 1, 1] => QQFieldElem[0, 9//2, 6, 9//2],
	[14, 14, 13, 13, 4, 1, 1, 3, 1, 1] => QQFieldElem[-2, -3, -2, 0],
	[14, 14, 13, 13, 13, 1, 1, 13, 2, 1] => QQFieldElem[1//2, 1//2, 0, -1//2],
	[14, 14, 13, 13, 4, 1, 1, 13, 2, 1] => QQFieldElem[1//2, 0, -1//2, -3//2],
	[14, 14, 13, 13, 14, 2, 1, 6, 1, 1] => QQFieldElem[-1//2, -1, -1//2, 0],
	[14, 14, 13, 13, 6, 1, 1, 13, 1, 2] => QQFieldElem[0, -1//2, 0, -1//2],
	[14, 14, 13, 13, 2, 1, 1, 14, 2, 2] => QQFieldElem[0, -3//8, -1//2, -3//8],
	[14, 14, 13, 13, 13, 1, 2, 14, 1, 2] => QQFieldElem[0, 9//8, 3//2, 9//8],
	[14, 14, 13, 13, 14, 1, 2, 14, 2, 1] => QQFieldElem[2, 11//8, 0, -11//8],
	[14, 14, 13, 13, 5, 1, 1, 13, 1, 2] => QQFieldElem[1//4, 0, -1//4, -1//2],
	[14, 14, 13, 13, 14, 2, 2, 1, 1, 1] => QQFieldElem[2, 3//2, 0, -3//2],
	[14, 14, 13, 13, 13, 2, 1, 13, 1, 2] => QQFieldElem[0, -1//4, -1//2, -1//4],
	[14, 14, 13, 13, 14, 2, 1, 3, 1, 1] => QQFieldElem[1//2, 1, 1//2, 0],
	[14, 14, 13, 13, 14, 2, 1, 13, 2, 1] => QQFieldElem[-3//4, -1, -3//4, 0],
	[14, 14, 13, 13, 14, 2, 2, 14, 1, 2] => QQFieldElem[-7//4, -1, 0, 1],
	[14, 14, 13, 13, 2, 1, 1, 6, 1, 1] => QQFieldElem[-2, -2, 0, 2],
	[14, 14, 13, 13, 14, 1, 1, 13, 2, 2] => QQFieldElem[-1//2, 0, 1//2, 1//2],
	[14, 14, 13, 13, 3, 1, 1, 13, 1, 2] => QQFieldElem[0, -7//2, -9//2, -7//2],
	[14, 14, 13, 13, 14, 1, 2, 5, 1, 1] => QQFieldElem[0, 1//2, 1, 1//2],
	[14, 14, 13, 13, 6, 1, 1, 14, 1, 1] => QQFieldElem[-1, -5//8, 0, 5//8],
	[14, 14, 13, 13, 2, 1, 1, 3, 1, 1] => QQFieldElem[-2, -2, 0, 2],
	[14, 14, 13, 13, 2, 1, 1, 13, 2, 1] => QQFieldElem[3//4, 1, 3//4, 0],
	[14, 14, 13, 13, 5, 1, 1, 14, 1, 1] => QQFieldElem[0, 1//4, 1//4, 1//4],
	[14, 14, 13, 13, 13, 1, 2, 4, 1, 1] => QQFieldElem[2, 3//2, 0, -3//2],
	[14, 14, 13, 13, 13, 1, 2, 13, 1, 1] => QQFieldElem[0, 0, 0, 0],
	[14, 14, 13, 13, 13, 2, 1, 14, 1, 1] => QQFieldElem[5//4, 3//4, 0, -3//4],
	[14, 14, 13, 13, 13, 1, 1, 1, 1, 1] => QQFieldElem[0, 7//2, 5, 7//2],
	[14, 14, 13, 13, 4, 1, 1, 1, 1, 1] => QQFieldElem[-5//2, -7//2, -5//2, 0],
	[14, 14, 13, 13, 13, 1, 1, 14, 1, 2] => QQFieldElem[-5//8, 0, 5//8, 1],
	[14, 14, 13, 13, 4, 1, 1, 14, 1, 2] => QQFieldElem[0, 0, 0, 0],
	[14, 14, 13, 13, 14, 2, 2, 4, 1, 1] => QQFieldElem[2, 3//2, 0, -3//2],
	[14, 14, 13, 13, 14, 2, 2, 13, 1, 1] => QQFieldElem[0, -1, 0, 1],
	[14, 14, 13, 13, 14, 1, 1, 14, 2, 1] => QQFieldElem[11//8, 2, 11//8, 0],
	[14, 14, 13, 13, 14, 2, 1, 1, 1, 1] => QQFieldElem[0, 0, 0, 0],
	[14, 14, 13, 13, 13, 2, 2, 14, 2, 2] => QQFieldElem[1//2, 3//4, 1//2, 0],
	[14, 14, 13, 13, 3, 1, 1, 14, 1, 1] => QQFieldElem[0, -3//8, -1//2, -3//8],
	[14, 14, 13, 13, 14, 1, 2, 13, 1, 2] => QQFieldElem[1//2, 1//2, 0, -1//2],
	[14, 14, 13, 13, 14, 2, 1, 14, 1, 2] => QQFieldElem[0, -25//4, -37//4, -25//4])