Dict(
	[14, 12, 11, 14, 14, 1, 1, 9, 1, 1] => QQFieldElem[0, -1//2, 0, 0],
	[14, 12, 11, 14, 13, 1, 1, 11, 1, 1] => QQFieldElem[-1//2, 0, 1//2, 1//2],
	[14, 12, 11, 14, 14, 2, 2, 9, 1, 1] => QQFieldElem[0, 0, 0, 0],
	[14, 12, 11, 14, 13, 2, 2, 11, 1, 1] => QQFieldElem[-3//2, -1, 0, 1],
	[14, 12, 11, 14, 13, 1, 2, 7, 1, 1] => QQFieldElem[1//2, 1//4, -1//4, -1//2],
	[14, 12, 11, 14, 13, 2, 1, 7, 1, 1] => QQFieldElem[-13//4, -23//4, -5, -3//2],
	[14, 12, 11, 14, 13, 1, 1, 11, 2, 1] => QQFieldElem[-1//2, 0, 1//2, 1],
	[14, 12, 11, 14, 13, 1, 2, 12, 1, 1] => QQFieldElem[1//2, 1//2, 0, -1//2],
	[14, 12, 11, 14, 13, 2, 2, 11, 2, 1] => QQFieldElem[0, 0, 0, 0],
	[14, 12, 11, 14, 13, 2, 1, 12, 1, 1] => QQFieldElem[4, 3//2, -2, -4],
	[14, 12, 11, 14, 14, 1, 2, 11, 1, 1] => QQFieldElem[0, 0, 0, 0],
	[14, 12, 11, 14, 14, 2, 1, 11, 1, 1] => QQFieldElem[0, 0, 0, 0],
	[14, 12, 11, 14, 14, 1, 1, 7, 1, 1] => QQFieldElem[0, 0, 0, 0],
	[14, 12, 11, 14, 13, 1, 1, 10, 1, 1] => QQFieldElem[3//4, 3//4, 0, -1//2],
	[14, 12, 11, 14, 14, 2, 2, 7, 1, 1] => QQFieldElem[-1//2, -1//2, -1//2, 0],
	[14, 12, 11, 14, 14, 1, 2, 11, 2, 1] => QQFieldElem[0, 1//2, 0, -1//2],
	[14, 12, 11, 14, 13, 2, 2, 10, 1, 1] => QQFieldElem[5//4, 2, 3//2, 1//4],
	[14, 12, 11, 14, 13, 1, 1, 8, 1, 1] => QQFieldElem[-1//2, -11//4, -13//4, -2],
	[14, 12, 11, 14, 13, 2, 2, 8, 1, 1] => QQFieldElem[11//4, 9//4, 1//2, -3//2],
	[14, 12, 11, 14, 14, 1, 1, 12, 1, 1] => QQFieldElem[-1//2, 0, 0, 1//2],
	[14, 12, 11, 14, 14, 2, 1, 11, 2, 1] => QQFieldElem[0, 0, 0, 0],
	[14, 12, 11, 14, 14, 2, 2, 12, 1, 1] => QQFieldElem[1, 1, 1//2, -1//2],
	[14, 12, 11, 14, 13, 1, 1, 12, 1, 2] => QQFieldElem[-1, -1, -1, 0],
	[14, 12, 11, 14, 13, 2, 2, 12, 1, 2] => QQFieldElem[1//2, 0, -1//2, 0],
	[14, 12, 11, 14, 14, 1, 2, 10, 1, 1] => QQFieldElem[-1, -1//2, 0, 0],
	[14, 12, 11, 14, 14, 1, 2, 8, 1, 1] => QQFieldElem[1, 2, 1, 0],
	[14, 12, 11, 14, 14, 2, 1, 10, 1, 1] => QQFieldElem[0, 0, 0, 0],
	[14, 12, 11, 14, 14, 2, 1, 8, 1, 1] => QQFieldElem[1//2, 3//2, 3//2, 1],
	[14, 12, 11, 14, 14, 1, 2, 12, 1, 2] => QQFieldElem[0, 0, -1, 0],
	[14, 12, 11, 14, 13, 1, 1, 9, 1, 1] => QQFieldElem[-1//4, -1//4, 0, 0],
	[14, 12, 11, 14, 13, 2, 2, 9, 1, 1] => QQFieldElem[-1//4, -1//2, -1//2, -1//4],
	[14, 12, 11, 14, 14, 2, 1, 12, 1, 2] => QQFieldElem[1, 1//2, 0, -1//2],
	[14, 12, 11, 14, 14, 1, 2, 9, 1, 1] => QQFieldElem[0, 1//2, 0, 0],
	[14, 12, 11, 14, 13, 1, 2, 11, 1, 1] => QQFieldElem[0, -1//2, -1//2, -1//2],
	[14, 12, 11, 14, 14, 2, 1, 9, 1, 1] => QQFieldElem[0, 0, 0, 0],
	[14, 12, 11, 14, 13, 2, 1, 11, 1, 1] => QQFieldElem[-2, -4, -4, -3//2],
	[14, 12, 11, 14, 13, 1, 1, 7, 1, 1] => QQFieldElem[0, 3//4, 3//4, 1//2],
	[14, 12, 11, 14, 13, 2, 2, 7, 1, 1] => QQFieldElem[-5//4, -5//4, -1//2, 1//2],
	[14, 12, 11, 14, 13, 1, 2, 11, 2, 1] => QQFieldElem[1//2, 0, -1//2, -1],
	[14, 12, 11, 14, 13, 1, 1, 12, 1, 1] => QQFieldElem[-1//2, -1//2, -1//2, 0],
	[14, 12, 11, 14, 13, 2, 1, 11, 2, 1] => QQFieldElem[0, 0, 0, 0],
	[14, 12, 11, 14, 13, 2, 2, 12, 1, 1] => QQFieldElem[0, -1, -3//2, -1],
	[14, 12, 11, 14, 14, 1, 1, 11, 1, 1] => QQFieldElem[0, 0, 0, 0],
	[14, 12, 11, 14, 14, 2, 2, 11, 1, 1] => QQFieldElem[0, 0, 0, 0],
	[14, 12, 11, 14, 14, 1, 2, 7, 1, 1] => QQFieldElem[0, 0, 0, 0],
	[14, 12, 11, 14, 13, 1, 2, 10, 1, 1] => QQFieldElem[-1//4, -1//4, 0, 1//2],
	[14, 12, 11, 14, 13, 1, 2, 8, 1, 1] => QQFieldElem[0, 1//4, 1//4, 0],
	[14, 12, 11, 14, 14, 2, 1, 7, 1, 1] => QQFieldElem[-1//2, -1//2, -1//2, 0],
	[14, 12, 11, 14, 14, 1, 1, 11, 2, 1] => QQFieldElem[0, 1//2, 0, -1//2],
	[14, 12, 11, 14, 13, 2, 1, 10, 1, 1] => QQFieldElem[-9//4, -1//2, 2, 11//4],
	[14, 12, 11, 14, 14, 1, 2, 12, 1, 1] => QQFieldElem[-1//2, -1//2, 0, 0],
	[14, 12, 11, 14, 13, 2, 1, 8, 1, 1] => QQFieldElem[29//4, 49//4, 10, 3//2],
	[14, 12, 11, 14, 14, 2, 2, 11, 2, 1] => QQFieldElem[0, 0, 0, 0],
	[14, 12, 11, 14, 13, 1, 2, 12, 1, 2] => QQFieldElem[0, 1, 0, 0],
	[14, 12, 11, 14, 14, 2, 1, 12, 1, 1] => QQFieldElem[7//2, 2, 0, -5//2],
	[14, 12, 11, 14, 13, 2, 1, 12, 1, 2] => QQFieldElem[-1//2, 0, 1//2, 0],
	[14, 12, 11, 14, 14, 1, 1, 10, 1, 1] => QQFieldElem[1, 1//2, 0, 0],
	[14, 12, 11, 14, 14, 2, 2, 10, 1, 1] => QQFieldElem[0, 0, 0, 0],
	[14, 12, 11, 14, 14, 1, 1, 8, 1, 1] => QQFieldElem[-1, -2, -1, 0],
	[14, 12, 11, 14, 14, 2, 2, 8, 1, 1] => QQFieldElem[1//2, 3//2, 3//2, 1],
	[14, 12, 11, 14, 13, 1, 2, 9, 1, 1] => QQFieldElem[1//4, 1//4, 0, 0],
	[14, 12, 11, 14, 14, 1, 1, 12, 1, 2] => QQFieldElem[0, 1, 1, 1],
	[14, 12, 11, 14, 14, 2, 2, 12, 1, 2] => QQFieldElem[1, 1//2, 0, -1//2],
	[14, 12, 11, 14, 13, 2, 1, 9, 1, 1] => QQFieldElem[7//4, 1, 0, -5//4])