Dict(
	[7, 8, 14, 14, 11, 1, 1, 13, 1, 2] => QQFieldElem[-1//2, 0, 0, 0],
	[7, 8, 14, 14, 9, 1, 1, 13, 1, 1] => QQFieldElem[1//2, 1//2, 0, -1//2],
	[7, 8, 14, 14, 10, 1, 1, 14, 1, 1] => QQFieldElem[-2//3, -1//3, -1//3, 0],
	[7, 8, 14, 14, 10, 1, 1, 13, 1, 1] => QQFieldElem[0, 0, -1//2, 0],
	[7, 8, 14, 14, 11, 1, 1, 14, 1, 1] => QQFieldElem[0, 2//3, 2//3, -2//3],
	[7, 8, 14, 14, 11, 1, 1, 13, 1, 1] => QQFieldElem[0, 1//2, 0, 0],
	[7, 8, 14, 14, 12, 1, 1, 14, 1, 2] => QQFieldElem[2//3, 0, -1//3, -1//3],
	[7, 8, 14, 14, 9, 1, 1, 14, 1, 2] => QQFieldElem[0, 0, 0, 0],
	[7, 8, 14, 14, 12, 1, 1, 13, 1, 2] => QQFieldElem[1//2, 1//2, 0, -1//2],
	[7, 8, 14, 14, 9, 1, 1, 13, 1, 2] => QQFieldElem[1//2, 0, -1//2, 1//2],
	[7, 8, 14, 14, 10, 1, 1, 14, 1, 2] => QQFieldElem[1//3, 0, -2//3, -1//3],
	[7, 8, 14, 14, 10, 1, 1, 13, 1, 2] => QQFieldElem[0, 0, 0, -1//2],
	[7, 8, 14, 14, 12, 1, 1, 14, 1, 1] => QQFieldElem[2//3, 0, -1//3, -1//3],
	[7, 8, 14, 14, 11, 1, 1, 14, 1, 2] => QQFieldElem[0, 0, 0, 0],
	[7, 8, 14, 14, 9, 1, 1, 14, 1, 1] => QQFieldElem[0, 2//3, -2//3, -2//3],
	[7, 8, 14, 14, 12, 1, 1, 13, 1, 1] => QQFieldElem[1//2, 0, -1//2, -1//2])