Dict(
	[10, 11, 14, 13, 12, 1, 1, 6, 1, 1] => QQFieldElem[1, 2, 2, 1],
	[10, 11, 14, 13, 10, 1, 1, 11, 1, 2] => QQFieldElem[3, 5//3, -2//3, -8//3],
	[10, 11, 14, 13, 10, 1, 1, 14, 1, 2] => QQFieldElem[1, 2, 2, 1],
	[10, 11, 14, 13, 9, 1, 1, 6, 1, 1] => QQFieldElem[-1//2, -1//2, -1//2, -1//2],
	[10, 11, 14, 13, 9, 1, 1, 8, 1, 1] => QQFieldElem[-1//2, -1//2, -1//2, 1//2],
	[10, 11, 14, 13, 12, 1, 1, 8, 1, 1] => QQFieldElem[2, 5//2, 1, -1//2],
	[10, 11, 14, 13, 10, 1, 1, 6, 1, 1] => QQFieldElem[-1, -2, -1, 0],
	[10, 11, 14, 13, 10, 1, 1, 8, 1, 1] => QQFieldElem[-3//2, -2, -1//2, 1],
	[10, 11, 14, 13, 13, 1, 2, 11, 1, 2] => QQFieldElem[9//2, 3, -1//2, -3],
	[10, 11, 14, 13, 13, 1, 1, 14, 1, 2] => QQFieldElem[-3, -2, 0, 2],
	[10, 11, 14, 13, 4, 1, 1, 11, 1, 2] => QQFieldElem[2//3, 0, -1//3, -2//3],
	[10, 11, 14, 13, 4, 1, 1, 14, 1, 2] => QQFieldElem[0, 1//2, 1, 1//2],
	[10, 11, 14, 13, 13, 1, 1, 11, 1, 2] => QQFieldElem[-3, -1, 2, 3],
	[10, 11, 14, 13, 13, 1, 2, 14, 1, 2] => QQFieldElem[4, 4, 2, -1],
	[10, 11, 14, 13, 12, 1, 1, 14, 1, 1] => QQFieldElem[-1//2, 1//2, 0, -1],
	[10, 11, 14, 13, 12, 1, 1, 11, 1, 1] => QQFieldElem[1//2, 0, -1//2, 0],
	[10, 11, 14, 13, 13, 1, 2, 6, 1, 1] => QQFieldElem[-1, -2, -2, -1],
	[10, 11, 14, 13, 9, 1, 1, 14, 1, 1] => QQFieldElem[1, 2, 1, 1],
	[10, 11, 14, 13, 4, 1, 1, 6, 1, 1] => QQFieldElem[-1//2, 0, -1//2, 0],
	[10, 11, 14, 13, 13, 1, 2, 8, 1, 1] => QQFieldElem[-2, -5//2, -3//2, 1//2],
	[10, 11, 14, 13, 13, 1, 1, 8, 1, 1] => QQFieldElem[2, 3//2, 0, -3//2],
	[10, 11, 14, 13, 4, 1, 1, 8, 1, 1] => QQFieldElem[-1//2, 0, 0, 0],
	[10, 11, 14, 13, 9, 1, 1, 11, 1, 1] => QQFieldElem[2, 1//3, -4//3, -7//3],
	[10, 11, 14, 13, 10, 1, 1, 14, 1, 1] => QQFieldElem[-1, -1, -1, 0],
	[10, 11, 14, 13, 10, 1, 1, 11, 1, 1] => QQFieldElem[-2, -1//3, 4//3, 7//3],
	[10, 11, 14, 13, 13, 1, 1, 6, 1, 1] => QQFieldElem[2, 2, 1, -1],
	[10, 11, 14, 13, 13, 1, 2, 14, 1, 1] => QQFieldElem[-3, -4, -1, 1],
	[10, 11, 14, 13, 13, 1, 2, 11, 1, 1] => QQFieldElem[-4, -2, 1, 3],
	[10, 11, 14, 13, 4, 1, 1, 14, 1, 1] => QQFieldElem[0, 1//2, -1//2, 0],
	[10, 11, 14, 13, 13, 1, 1, 11, 1, 1] => QQFieldElem[3, 1, -1, -3],
	[10, 11, 14, 13, 4, 1, 1, 11, 1, 1] => QQFieldElem[1//6, -1//6, -1//6, -1//2],
	[10, 11, 14, 13, 13, 1, 1, 14, 1, 1] => QQFieldElem[2, 3, 1, -2],
	[10, 11, 14, 13, 12, 1, 1, 14, 1, 2] => QQFieldElem[1//2, 1, 1//2, 0],
	[10, 11, 14, 13, 12, 1, 1, 11, 1, 2] => QQFieldElem[1, 0, 0, -1],
	[10, 11, 14, 13, 9, 1, 1, 14, 1, 2] => QQFieldElem[-1, -2, -2, -1],
	[10, 11, 14, 13, 9, 1, 1, 11, 1, 2] => QQFieldElem[-8//3, -1, 4//3, 8//3])