Dict(
	[10, 8, 14, 12, 5, 1, 1, 14, 1, 1] => QQFieldElem[1//2, 1//2, 1//2, 1//2],
	[10, 8, 14, 12, 13, 1, 1, 7, 1, 1] => QQFieldElem[-1//2, 1//2, 3//2, 3//2],
	[10, 8, 14, 12, 5, 1, 1, 7, 1, 1] => QQFieldElem[-1//2, 1//2, 1//2, 1//2],
	[10, 8, 14, 12, 12, 1, 1, 14, 1, 2] => QQFieldElem[3//2, -1//2, -5//2, -5//2],
	[10, 8, 14, 12, 9, 1, 1, 14, 1, 2] => QQFieldElem[1//2, 5//2, 5//2, 3//2],
	[10, 8, 14, 12, 12, 1, 1, 6, 1, 1] => QQFieldElem[-1, -1, 0, 0],
	[10, 8, 14, 12, 9, 1, 1, 6, 1, 1] => QQFieldElem[-5//2, -5//2, -3//2, 1//2],
	[10, 8, 14, 12, 13, 1, 1, 14, 1, 2] => QQFieldElem[-2, 1, 2, 2],
	[10, 8, 14, 12, 5, 1, 1, 14, 1, 2] => QQFieldElem[-1, -3, -4, -2],
	[10, 8, 14, 12, 12, 1, 1, 14, 1, 1] => QQFieldElem[-1, 1, 0, 0],
	[10, 8, 14, 12, 9, 1, 1, 14, 1, 1] => QQFieldElem[-3//2, -5//2, -3//2, 1//2],
	[10, 8, 14, 12, 13, 1, 1, 6, 1, 1] => QQFieldElem[1, 1, 1, 0],
	[10, 8, 14, 12, 5, 1, 1, 6, 1, 1] => QQFieldElem[1, 1, 0, 0],
	[10, 8, 14, 12, 12, 1, 1, 7, 1, 1] => QQFieldElem[-1//2, -3//2, -3//2, -1//2],
	[10, 8, 14, 12, 9, 1, 1, 7, 1, 1] => QQFieldElem[3//2, -1//2, -5//2, -5//2],
	[10, 8, 14, 12, 13, 1, 1, 14, 1, 1] => QQFieldElem[-1, -1, -2, -2])