Dict(
	[11, 7, 11, 11, 12, 1, 1, 13, 1, 1] => QQFieldElem[2, 1, -1//3, -5//3],
	[11, 7, 11, 11, 9, 1, 1, 13, 1, 1] => QQFieldElem[0, -1//3, 1//3, 1//3],
	[11, 7, 11, 11, 12, 2, 1, 13, 1, 1] => QQFieldElem[-1//3, -4//3, -1, -1//3],
	[11, 7, 11, 11, 13, 1, 1, 12, 1, 2] => QQFieldElem[1//2, 1//2, 3//2, 1//2],
	[11, 7, 11, 11, 12, 1, 1, 12, 1, 1] => QQFieldElem[-1, -1, -1, 0],
	[11, 7, 11, 11, 9, 1, 1, 12, 1, 1] => QQFieldElem[0, 0, 1, 0],
	[11, 7, 11, 11, 13, 1, 1, 13, 1, 1] => QQFieldElem[7//6, 3//2, 7//6, -1//6],
	[11, 7, 11, 11, 12, 1, 1, 9, 1, 1] => QQFieldElem[-1//6, -11//6, -5//2, -11//6],
	[11, 7, 11, 11, 12, 2, 1, 12, 1, 1] => QQFieldElem[1//2, 3//2, 1//2, -1//2],
	[11, 7, 11, 11, 9, 1, 1, 9, 1, 1] => QQFieldElem[1//2, 1//2, 1//2, 1//2],
	[11, 7, 11, 11, 12, 2, 1, 9, 1, 1] => QQFieldElem[-3//2, -1//2, 1//2, 3//2],
	[11, 7, 11, 11, 13, 1, 1, 12, 1, 1] => QQFieldElem[0, 0, -1, -1],
	[11, 7, 11, 11, 13, 1, 1, 9, 1, 1] => QQFieldElem[1, 1//2, -1, -3//2],
	[11, 7, 11, 11, 12, 1, 1, 12, 1, 2] => QQFieldElem[0, -1, 0, 0],
	[11, 7, 11, 11, 9, 1, 1, 12, 1, 2] => QQFieldElem[5//3, 1//3, -1, -5//3],
	[11, 7, 11, 11, 12, 2, 1, 12, 1, 2] => QQFieldElem[4//3, 5//3, 1, -1//3])