Dict(
	[11, 14, 5, 13, 11, 1, 1, 13, 1, 1] => QQFieldElem[-1//2, -1//2, -3//2, -1//2],
	[11, 14, 5, 13, 8, 1, 1, 13, 1, 1] => QQFieldElem[0, 1, 1, 1],
	[11, 14, 5, 13, 11, 1, 1, 13, 2, 1] => QQFieldElem[1//2, 3//2, 3//2, 1//2],
	[11, 14, 5, 13, 11, 1, 1, 12, 1, 1] => QQFieldElem[-3, -1, 1, 3],
	[11, 14, 5, 13, 11, 1, 1, 9, 1, 1] => QQFieldElem[2, 1, -1, -2],
	[11, 14, 5, 13, 8, 1, 1, 13, 2, 1] => QQFieldElem[-1//2, -3//2, -3//2, -1//2],
	[11, 14, 5, 13, 8, 1, 1, 12, 1, 1] => QQFieldElem[2, 0, 0, -2],
	[11, 14, 5, 13, 14, 1, 1, 13, 1, 1] => QQFieldElem[1, 1, 1, 0],
	[11, 14, 5, 13, 8, 1, 1, 9, 1, 1] => QQFieldElem[-3//2, -1//2, 1//2, 3//2],
	[11, 14, 5, 13, 14, 2, 1, 13, 1, 1] => QQFieldElem[-2, -2, -1, 1],
	[11, 14, 5, 13, 14, 1, 1, 13, 2, 1] => QQFieldElem[-5//2, -3//2, -1//2, 1//2],
	[11, 14, 5, 13, 14, 1, 1, 12, 1, 1] => QQFieldElem[-3, -1, 1, 3],
	[11, 14, 5, 13, 14, 2, 1, 13, 2, 1] => QQFieldElem[5//2, 5//2, 3//2, -3//2],
	[11, 14, 5, 13, 14, 2, 1, 12, 1, 1] => QQFieldElem[4, 2, -1, -3],
	[11, 14, 5, 13, 14, 1, 1, 9, 1, 1] => QQFieldElem[2, 1//2, -1, -3//2],
	[11, 14, 5, 13, 14, 2, 1, 9, 1, 1] => QQFieldElem[-5//2, -1, 1//2, 2])