Dict(
	[11, 14, 14, 3, 13, 1, 2, 10, 1, 1] => QQFieldElem[1, 2, 2, 1],
	[11, 14, 14, 3, 13, 1, 1, 10, 1, 1] => QQFieldElem[-1, -2, -1, 0],
	[11, 14, 14, 3, 5, 1, 1, 10, 1, 1] => QQFieldElem[-1//2, 3//2, 5//2, 5//2],
	[11, 14, 14, 3, 9, 1, 1, 13, 1, 1] => QQFieldElem[-1//2, -3//2, -3//2, -3//2],
	[11, 14, 14, 3, 9, 1, 1, 13, 2, 1] => QQFieldElem[1//2, 3//2, 5//2, 3//2],
	[11, 14, 14, 3, 9, 1, 1, 12, 1, 1] => QQFieldElem[-4, -6, -4, 0],
	[11, 14, 14, 3, 13, 1, 2, 13, 1, 1] => QQFieldElem[-2, -5, -5, -2],
	[11, 14, 14, 3, 13, 1, 1, 13, 1, 1] => QQFieldElem[-1//2, 3//2, 5//2, 5//2],
	[11, 14, 14, 3, 5, 1, 1, 13, 1, 1] => QQFieldElem[-5//2, -1//2, 3//2, 5//2],
	[11, 14, 14, 3, 13, 1, 2, 13, 2, 1] => QQFieldElem[3, 4, 3, 0],
	[11, 14, 14, 3, 13, 1, 2, 12, 1, 1] => QQFieldElem[3, 4, 2, -1],
	[11, 14, 14, 3, 13, 1, 1, 13, 2, 1] => QQFieldElem[-3, -3, -2, 0],
	[11, 14, 14, 3, 13, 1, 1, 12, 1, 1] => QQFieldElem[-3, -3, -1, 1],
	[11, 14, 14, 3, 5, 1, 1, 13, 2, 1] => QQFieldElem[3//2, -3//2, -7//2, -7//2],
	[11, 14, 14, 3, 9, 1, 1, 10, 1, 1] => QQFieldElem[0, -3, -4, -3],
	[11, 14, 14, 3, 5, 1, 1, 12, 1, 1] => QQFieldElem[3//2, 5//2, 5//2, 1//2])