Dict(
	[13, 6, 13, 14, 14, 2, 1, 14, 1, 1] => QQFieldElem[-1//2, -1, -1//2, 0],
	[13, 6, 13, 14, 14, 2, 1, 11, 1, 1] => QQFieldElem[-1//2, -1//2, 1//2, 1//2],
	[13, 6, 13, 14, 14, 1, 1, 7, 1, 1] => QQFieldElem[3, 1, -1, -3],
	[13, 6, 13, 14, 11, 1, 1, 14, 1, 2] => QQFieldElem[-3//2, -3//2, -1//2, 1//2],
	[13, 6, 13, 14, 11, 1, 1, 11, 1, 2] => QQFieldElem[-4, -2, -2, 0],
	[13, 6, 13, 14, 7, 1, 1, 14, 1, 2] => QQFieldElem[1, -1//2, -3//2, -2],
	[13, 6, 13, 14, 14, 2, 1, 7, 1, 1] => QQFieldElem[3, 1, -1, -3],
	[13, 6, 13, 14, 7, 1, 1, 11, 1, 2] => QQFieldElem[2, 0, -4, -5],
	[13, 6, 13, 14, 11, 2, 1, 14, 1, 2] => QQFieldElem[1//2, 1, 1//2, 0],
	[13, 6, 13, 14, 11, 2, 1, 11, 1, 2] => QQFieldElem[1, 1, 0, -1],
	[13, 6, 13, 14, 11, 1, 1, 14, 1, 1] => QQFieldElem[0, -1, -1, -1],
	[13, 6, 13, 14, 11, 1, 1, 11, 1, 1] => QQFieldElem[1//2, -5//2, -3//2, -5//2],
	[13, 6, 13, 14, 14, 1, 1, 11, 1, 2] => QQFieldElem[-4, -2, 2, 4],
	[13, 6, 13, 14, 14, 1, 1, 14, 1, 2] => QQFieldElem[-5//2, -5//2, -3//2, 1//2],
	[13, 6, 13, 14, 7, 1, 1, 11, 1, 1] => QQFieldElem[0, 1, 2, 2],
	[13, 6, 13, 14, 7, 1, 1, 14, 1, 1] => QQFieldElem[0, 1//2, 1, 1//2],
	[13, 6, 13, 14, 11, 2, 1, 14, 1, 1] => QQFieldElem[-3//2, -5//2, -5//2, -1//2],
	[13, 6, 13, 14, 14, 2, 1, 14, 1, 2] => QQFieldElem[-1//2, -1//2, 1//2, 1//2],
	[13, 6, 13, 14, 11, 1, 1, 7, 1, 1] => QQFieldElem[3//2, 3, 5//2, 1],
	[13, 6, 13, 14, 14, 2, 1, 11, 1, 2] => QQFieldElem[0, 0, 0, 0],
	[13, 6, 13, 14, 11, 2, 1, 11, 1, 1] => QQFieldElem[-4, -6, -4, -2],
	[13, 6, 13, 14, 7, 1, 1, 7, 1, 1] => QQFieldElem[-1, -2, -1, 0],
	[13, 6, 13, 14, 11, 2, 1, 7, 1, 1] => QQFieldElem[3//2, 5//2, 3//2, -1//2],
	[13, 6, 13, 14, 14, 1, 1, 14, 1, 1] => QQFieldElem[0, -1, -2, -1],
	[13, 6, 13, 14, 14, 1, 1, 11, 1, 1] => QQFieldElem[-2, -3, -2, 0])