Dict(
	[13, 7, 13, 7, 6, 1, 1, 11, 1, 1] => QQFieldElem[-1//2, -1//2, -1//2, 1//2],
	[13, 7, 13, 7, 6, 1, 1, 7, 1, 1] => QQFieldElem[-1//2, -1//2, 0, 0],
	[13, 7, 13, 7, 11, 1, 1, 6, 1, 1] => QQFieldElem[-7//2, -7//2, -3//2, 3//2],
	[13, 7, 13, 7, 11, 1, 1, 8, 1, 1] => QQFieldElem[7//2, 3//2, -3//2, -7//2],
	[13, 7, 13, 7, 7, 1, 1, 6, 1, 1] => QQFieldElem[4, 4, 2, -2],
	[13, 7, 13, 7, 7, 1, 1, 8, 1, 1] => QQFieldElem[-3, -1, 1, 3],
	[13, 7, 13, 7, 8, 1, 1, 6, 1, 1] => QQFieldElem[2, 1, 0, -1],
	[13, 7, 13, 7, 8, 1, 1, 8, 1, 1] => QQFieldElem[-1, 0, 1, 2],
	[13, 7, 13, 7, 11, 1, 1, 14, 1, 1] => QQFieldElem[-11//2, -11//2, -5//2, 5//2],
	[13, 7, 13, 7, 11, 1, 1, 11, 1, 1] => QQFieldElem[-6, -4, 0, 4],
	[13, 7, 13, 7, 7, 1, 1, 14, 1, 1] => QQFieldElem[4, 4, 2, -2],
	[13, 7, 13, 7, 7, 1, 1, 11, 1, 1] => QQFieldElem[4, 4, 0, -4],
	[13, 7, 13, 7, 11, 1, 1, 7, 1, 1] => QQFieldElem[-3, -2, 0, 2],
	[13, 7, 13, 7, 14, 1, 1, 6, 1, 1] => QQFieldElem[1, 1, 1, 0],
	[13, 7, 13, 7, 7, 1, 1, 7, 1, 1] => QQFieldElem[3, 2, 0, -2],
	[13, 7, 13, 7, 14, 1, 1, 8, 1, 1] => QQFieldElem[-3//2, -1, 0, 1],
	[13, 7, 13, 7, 8, 1, 1, 11, 1, 1] => QQFieldElem[2, 0, 0, -2],
	[13, 7, 13, 7, 8, 1, 1, 14, 1, 1] => QQFieldElem[2, 1, 0, -1],
	[13, 7, 13, 7, 8, 1, 1, 7, 1, 1] => QQFieldElem[1, 0, 0, -1],
	[13, 7, 13, 7, 6, 1, 1, 6, 1, 1] => QQFieldElem[-1, -1, -1, 0],
	[13, 7, 13, 7, 6, 1, 1, 8, 1, 1] => QQFieldElem[1//2, 1//2, 0, -1//2],
	[13, 7, 13, 7, 14, 1, 1, 14, 1, 1] => QQFieldElem[2, 3, 2, 0],
	[13, 7, 13, 7, 14, 1, 1, 11, 1, 1] => QQFieldElem[5//2, 5//2, 1//2, -1//2],
	[13, 7, 13, 7, 14, 1, 1, 7, 1, 1] => QQFieldElem[1, 1, 1//2, -1//2],
	[13, 7, 13, 7, 6, 1, 1, 14, 1, 1] => QQFieldElem[0, -1, 0, 0])