Dict(
	[13, 12, 7, 8, 14, 1, 1, 4, 1, 1] => QQFieldElem[1//2, -1//2, -1//2, -1//2],
	[13, 12, 7, 8, 14, 1, 1, 13, 1, 1] => QQFieldElem[-1, 3//2, 1//2, 0],
	[13, 12, 7, 8, 14, 1, 1, 13, 2, 1] => QQFieldElem[1//2, 3//2, -1, 0],
	[13, 12, 7, 8, 14, 1, 1, 9, 1, 1] => QQFieldElem[1//2, 1//2, 1//2, 1//2],
	[13, 12, 7, 8, 3, 1, 1, 4, 1, 1] => QQFieldElem[0, 0, -1, -1],
	[13, 12, 7, 8, 3, 1, 1, 13, 1, 1] => QQFieldElem[1//2, 1//2, 1//2, 1//2],
	[13, 12, 7, 8, 11, 1, 1, 4, 1, 1] => QQFieldElem[1//2, 1//2, -1//2, -1//2],
	[13, 12, 7, 8, 11, 1, 1, 13, 1, 1] => QQFieldElem[1//2, 1//2, -1//2, 1//2],
	[13, 12, 7, 8, 7, 1, 1, 4, 1, 1] => QQFieldElem[-3//2, 1//2, 5//2, 5//2],
	[13, 12, 7, 8, 7, 1, 1, 13, 1, 1] => QQFieldElem[-1, 0, 1, 1],
	[13, 12, 7, 8, 3, 1, 1, 13, 2, 1] => QQFieldElem[-1, -3, -4, -2],
	[13, 12, 7, 8, 3, 1, 1, 9, 1, 1] => QQFieldElem[-1//2, 1//2, 1//2, 1//2],
	[13, 12, 7, 8, 11, 1, 1, 13, 2, 1] => QQFieldElem[-3//2, -2, -1, 1//2],
	[13, 12, 7, 8, 7, 1, 1, 13, 2, 1] => QQFieldElem[1, 1, 1, 0],
	[13, 12, 7, 8, 11, 1, 1, 9, 1, 1] => QQFieldElem[-1//2, -1//2, -1//2, 1//2],
	[13, 12, 7, 8, 7, 1, 1, 9, 1, 1] => QQFieldElem[3//2, -1//2, -5//2, -5//2])