Dict(
	[14, 13, 11, 5, 11, 1, 1, 7, 1, 1] => QQFieldElem[2, 1, -1, -2],
	[14, 13, 11, 5, 8, 1, 1, 14, 1, 1] => QQFieldElem[3//2, -1//2, 1//2, 1//2],
	[14, 13, 11, 5, 11, 1, 1, 14, 2, 1] => QQFieldElem[2, 0, -1, 1],
	[14, 13, 11, 5, 11, 1, 1, 3, 1, 1] => QQFieldElem[-1//2, -1, -1//2, 0],
	[14, 13, 11, 5, 8, 1, 1, 7, 1, 1] => QQFieldElem[0, -1, 0, 0],
	[14, 13, 11, 5, 14, 1, 2, 14, 1, 1] => QQFieldElem[0, 1//2, 1, 1//2],
	[14, 13, 11, 5, 8, 1, 1, 14, 2, 1] => QQFieldElem[-3//2, -1, -1//2, 1],
	[14, 13, 11, 5, 14, 1, 1, 14, 1, 1] => QQFieldElem[1//2, -1//2, -1//2, -1//2],
	[14, 13, 11, 5, 8, 1, 1, 3, 1, 1] => QQFieldElem[1//2, -1//2, 1//2, 1//2],
	[14, 13, 11, 5, 14, 1, 2, 7, 1, 1] => QQFieldElem[-1, 0, 1, 1],
	[14, 13, 11, 5, 14, 1, 1, 7, 1, 1] => QQFieldElem[-1, 0, 1, 1],
	[14, 13, 11, 5, 14, 1, 2, 14, 2, 1] => QQFieldElem[0, 0, 0, 0],
	[14, 13, 11, 5, 14, 1, 1, 14, 2, 1] => QQFieldElem[0, 0, -1, -1],
	[14, 13, 11, 5, 14, 1, 2, 3, 1, 1] => QQFieldElem[0, 1, 0, 0],
	[14, 13, 11, 5, 14, 1, 1, 3, 1, 1] => QQFieldElem[1, 0, 0, 0],
	[14, 13, 11, 5, 11, 1, 1, 14, 1, 1] => QQFieldElem[1, 2, -1, 0])