Dict(
	[14, 11, 12, 9, 11, 1, 2, 13, 1, 1] => QQFieldElem[1//2, 0, -1//2, 0],
	[14, 11, 12, 9, 11, 1, 1, 13, 1, 1] => QQFieldElem[1//2, -5//2, -3, -5//2],
	[14, 11, 12, 9, 7, 1, 1, 13, 1, 1] => QQFieldElem[0, 0, -1//2, 0],
	[14, 11, 12, 9, 11, 1, 2, 5, 1, 1] => QQFieldElem[3//2, 1, 0, -1],
	[14, 11, 12, 9, 11, 1, 1, 5, 1, 1] => QQFieldElem[3//2, 7//2, 7//2, 3//2],
	[14, 11, 12, 9, 7, 1, 1, 5, 1, 1] => QQFieldElem[0, -1//2, 0, 0],
	[14, 11, 12, 9, 8, 1, 1, 13, 1, 1] => QQFieldElem[0, 3, 4, 3],
	[14, 11, 12, 9, 11, 1, 2, 13, 2, 1] => QQFieldElem[-7, -3, 3, 7],
	[14, 11, 12, 9, 11, 1, 2, 12, 1, 1] => QQFieldElem[2, 3//2, 1//2, -3//2],
	[14, 11, 12, 9, 11, 1, 1, 13, 2, 1] => QQFieldElem[0, 1, 1, 1],
	[14, 11, 12, 9, 11, 1, 1, 12, 1, 1] => QQFieldElem[0, 3, 4, 3],
	[14, 11, 12, 9, 7, 1, 1, 13, 2, 1] => QQFieldElem[1, 1//2, 0, -1//2],
	[14, 11, 12, 9, 8, 1, 1, 5, 1, 1] => QQFieldElem[1, 1//2, 0, -1//2],
	[14, 11, 12, 9, 7, 1, 1, 12, 1, 1] => QQFieldElem[0, -1//2, 0, 0],
	[14, 11, 12, 9, 11, 1, 2, 9, 1, 1] => QQFieldElem[-2, -1, 1//2, 2],
	[14, 11, 12, 9, 11, 1, 1, 9, 1, 1] => QQFieldElem[-2, -5, -5, -2],
	[14, 11, 12, 9, 7, 1, 1, 9, 1, 1] => QQFieldElem[1//2, 1//2, 1//2, 0],
	[14, 11, 12, 9, 8, 1, 1, 13, 2, 1] => QQFieldElem[3//2, 1, 1//2, -1//2],
	[14, 11, 12, 9, 14, 1, 1, 13, 1, 1] => QQFieldElem[1//2, 3, 7//2, 2],
	[14, 11, 12, 9, 8, 1, 1, 12, 1, 1] => QQFieldElem[1//2, 1, 1//2, 0],
	[14, 11, 12, 9, 8, 1, 1, 9, 1, 1] => QQFieldElem[-1, -1//2, 0, 1//2],
	[14, 11, 12, 9, 14, 1, 1, 5, 1, 1] => QQFieldElem[-1, -5//2, -3, -1],
	[14, 11, 12, 9, 14, 1, 1, 13, 2, 1] => QQFieldElem[7, 5//2, -3, -13//2],
	[14, 11, 12, 9, 14, 1, 1, 12, 1, 1] => QQFieldElem[-1//2, -3, -7//2, -5//2],
	[14, 11, 12, 9, 14, 1, 1, 9, 1, 1] => QQFieldElem[2, 4, 4, 3//2])