Dict(
	[3, 13, 12, 11, 10, 1, 1, 11, 1, 2] => QQFieldElem[1, 1, 0, -1],
	[3, 13, 12, 11, 10, 1, 1, 8, 1, 1] => QQFieldElem[-3//2, -3//2, -1//2, 1//2],
	[3, 13, 12, 11, 13, 1, 2, 11, 1, 2] => QQFieldElem[0, -1//2, -1//2, -1],
	[3, 13, 12, 11, 4, 1, 1, 11, 1, 2] => QQFieldElem[-3//2, -1//2, -1//2, 1//2],
	[3, 13, 12, 11, 13, 1, 1, 11, 1, 2] => QQFieldElem[1//2, 1//2, 1//2, 1],
	[3, 13, 12, 11, 13, 1, 2, 8, 1, 1] => QQFieldElem[1, 1, 0, -1],
	[3, 13, 12, 11, 13, 1, 1, 8, 1, 1] => QQFieldElem[-3//2, -1//2, 1//2, 3//2],
	[3, 13, 12, 11, 4, 1, 1, 8, 1, 1] => QQFieldElem[0, -2, -3, -2],
	[3, 13, 12, 11, 10, 1, 1, 14, 1, 1] => QQFieldElem[1//2, -1, -1//2, -1//2],
	[3, 13, 12, 11, 10, 1, 1, 11, 1, 1] => QQFieldElem[-3//2, -1//2, 1//2, 1//2],
	[3, 13, 12, 11, 13, 1, 2, 14, 1, 1] => QQFieldElem[0, 1, 1//2, 1//2],
	[3, 13, 12, 11, 13, 1, 2, 11, 1, 1] => QQFieldElem[0, 1//2, 1//2, 1//2],
	[3, 13, 12, 11, 13, 1, 1, 14, 1, 1] => QQFieldElem[0, -1//2, -1//2, -1//2],
	[3, 13, 12, 11, 4, 1, 1, 11, 1, 1] => QQFieldElem[0, -1, -1, -1],
	[3, 13, 12, 11, 4, 1, 1, 14, 1, 1] => QQFieldElem[1, 1, 1//2, -1//2],
	[3, 13, 12, 11, 13, 1, 1, 11, 1, 1] => QQFieldElem[-1, -1//2, 1//2, 1])