Dict(
	[5, 13, 13, 13, 12, 1, 2, 10, 1, 1] => QQFieldElem[2, 3//2, 0, -3//2],
	[5, 13, 13, 13, 13, 1, 2, 12, 1, 1] => QQFieldElem[-58//17, -14//17, 40//17, 63//17],
	[5, 13, 13, 13, 12, 1, 1, 10, 1, 1] => QQFieldElem[-3//2, 0, 1, 3//2],
	[5, 13, 13, 13, 12, 1, 2, 13, 1, 2] => QQFieldElem[1, 1//2, -1//2, -1],
	[5, 13, 13, 13, 12, 1, 1, 13, 1, 2] => QQFieldElem[-1//2, -1, -1//2, 0],
	[5, 13, 13, 13, 13, 1, 1, 12, 1, 1] => QQFieldElem[1//17, -15//17, -30//17, -26//17],
	[5, 13, 13, 13, 9, 1, 1, 10, 1, 1] => QQFieldElem[-3//2, -1//2, 1//2, 3//2],
	[5, 13, 13, 13, 9, 1, 1, 13, 1, 2] => QQFieldElem[-3//2, -1//2, 1//2, 3//2],
	[5, 13, 13, 13, 12, 1, 2, 12, 1, 2] => QQFieldElem[23//17, -5//17, -27//17, -37//17],
	[5, 13, 13, 13, 12, 1, 1, 12, 1, 2] => QQFieldElem[-30//17, -26//17, -18//17, -2//17],
	[5, 13, 13, 13, 13, 1, 2, 10, 1, 1] => QQFieldElem[-1, -1, -1, 0],
	[5, 13, 13, 13, 9, 1, 1, 12, 1, 2] => QQFieldElem[-55//17, -8//17, 35//17, 70//17],
	[5, 13, 13, 13, 13, 1, 1, 10, 1, 1] => QQFieldElem[1, 0, -1, -1],
	[5, 13, 13, 13, 13, 1, 2, 13, 1, 2] => QQFieldElem[3//2, 1, 1//2, -1],
	[5, 13, 13, 13, 13, 1, 1, 13, 1, 2] => QQFieldElem[-1//2, 0, 1//2, 1],
	[5, 13, 13, 13, 12, 1, 2, 13, 1, 1] => QQFieldElem[3//2, 1, -1//2, -1],
	[5, 13, 13, 13, 12, 1, 1, 13, 1, 1] => QQFieldElem[3//2, 3//2, 0, -1],
	[5, 13, 13, 13, 9, 1, 1, 13, 1, 1] => QQFieldElem[-1, -1//2, 1//2, 1],
	[5, 13, 13, 13, 13, 1, 2, 12, 1, 2] => QQFieldElem[50//17, 32//17, -4//17, -42//17],
	[5, 13, 13, 13, 13, 1, 1, 12, 1, 2] => QQFieldElem[6//17, 12//17, 24//17, 14//17],
	[5, 13, 13, 13, 12, 1, 2, 12, 1, 1] => QQFieldElem[44//17, 20//17, -28//17, -56//17],
	[5, 13, 13, 13, 12, 1, 1, 12, 1, 1] => QQFieldElem[62//17, 39//17, -7//17, -48//17],
	[5, 13, 13, 13, 9, 1, 1, 12, 1, 1] => QQFieldElem[-41//17, -14//17, 23//17, 46//17],
	[5, 13, 13, 13, 13, 1, 2, 13, 1, 1] => QQFieldElem[-2, -1, 1//2, 3//2],
	[5, 13, 13, 13, 13, 1, 1, 13, 1, 1] => QQFieldElem[1, 0, -1, -1])