Dict(
	[7, 14, 10, 13, 8, 1, 1, 13, 1, 1] => QQFieldElem[1//2, 1//2, -1//2, -1//2],
	[7, 14, 10, 13, 11, 1, 1, 12, 1, 1] => QQFieldElem[-16//3, -2, 8//3, 16//3],
	[7, 14, 10, 13, 7, 1, 1, 12, 1, 1] => QQFieldElem[8//3, -4//3, -4, -16//3],
	[7, 14, 10, 13, 11, 1, 1, 9, 1, 1] => QQFieldElem[-4, -1, 3, 5],
	[7, 14, 10, 13, 7, 1, 1, 9, 1, 1] => QQFieldElem[2, -2, -4, -4],
	[7, 14, 10, 13, 3, 1, 1, 10, 1, 1] => QQFieldElem[0, -1//2, -1//2, 0],
	[7, 14, 10, 13, 14, 1, 1, 13, 1, 1] => QQFieldElem[3, 2, 0, -2],
	[7, 14, 10, 13, 14, 1, 1, 4, 1, 1] => QQFieldElem[-1, 1, 2, 2],
	[7, 14, 10, 13, 8, 1, 1, 12, 1, 1] => QQFieldElem[4//3, 0, -2//3, -4//3],
	[7, 14, 10, 13, 8, 1, 1, 9, 1, 1] => QQFieldElem[1, 0, -1, -2],
	[7, 14, 10, 13, 11, 1, 1, 10, 1, 1] => QQFieldElem[3//2, -1//2, -5//2, -5//2],
	[7, 14, 10, 13, 7, 1, 1, 10, 1, 1] => QQFieldElem[0, 2, 3, 2],
	[7, 14, 10, 13, 14, 1, 1, 12, 1, 1] => QQFieldElem[14//3, 8//3, -1, -13//3],
	[7, 14, 10, 13, 8, 1, 1, 10, 1, 1] => QQFieldElem[-1//2, 1//2, 1//2, 1//2],
	[7, 14, 10, 13, 14, 1, 1, 9, 1, 1] => QQFieldElem[7//2, 3//2, -3//2, -7//2],
	[7, 14, 10, 13, 3, 1, 1, 4, 1, 1] => QQFieldElem[-1, -1, -1, 0],
	[7, 14, 10, 13, 3, 1, 1, 13, 1, 1] => QQFieldElem[1//2, -1//2, 1//2, 1//2],
	[7, 14, 10, 13, 14, 1, 1, 10, 1, 1] => QQFieldElem[-3//2, 0, 3//2, 2],
	[7, 14, 10, 13, 11, 1, 1, 4, 1, 1] => QQFieldElem[1//2, -2, -7//2, -3],
	[7, 14, 10, 13, 11, 1, 1, 13, 1, 1] => QQFieldElem[-7//2, -3//2, 1, 2],
	[7, 14, 10, 13, 7, 1, 1, 4, 1, 1] => QQFieldElem[2, 4, 4, 2],
	[7, 14, 10, 13, 7, 1, 1, 13, 1, 1] => QQFieldElem[2, 0, -2, -2],
	[7, 14, 10, 13, 3, 1, 1, 12, 1, 1] => QQFieldElem[0, 1//3, 2//3, 2//3],
	[7, 14, 10, 13, 3, 1, 1, 9, 1, 1] => QQFieldElem[0, 1//2, 1, 1//2],
	[7, 14, 10, 13, 8, 1, 1, 4, 1, 1] => QQFieldElem[0, 1, 1, 1])