Dict(
	[7, 13, 14, 12, 14, 1, 2, 7, 1, 1] => QQFieldElem[1//2, -1, -3//2, -3//2],
	[7, 13, 14, 12, 14, 1, 1, 7, 1, 1] => QQFieldElem[1//2, 1, 3//2, 1//2],
	[7, 13, 14, 12, 11, 1, 2, 14, 1, 2] => QQFieldElem[3, 2, 0, -2],
	[7, 13, 14, 12, 6, 1, 1, 14, 1, 1] => QQFieldElem[-1//6, -1//3, 0, 1//6],
	[7, 13, 14, 12, 6, 1, 1, 11, 1, 1] => QQFieldElem[-1, -1, 0, 1],
	[7, 13, 14, 12, 11, 1, 1, 14, 1, 2] => QQFieldElem[-1//2, -1//6, -1//6, 1//6],
	[7, 13, 14, 12, 11, 1, 2, 6, 1, 1] => QQFieldElem[5, 2, -2, -5],
	[7, 13, 14, 12, 6, 1, 1, 7, 1, 1] => QQFieldElem[0, 0, 0, 1//2],
	[7, 13, 14, 12, 11, 1, 1, 6, 1, 1] => QQFieldElem[-1, -2, -1, 0],
	[7, 13, 14, 12, 11, 1, 2, 8, 1, 1] => QQFieldElem[-6, -1, 4, 7],
	[7, 13, 14, 12, 11, 1, 1, 8, 1, 1] => QQFieldElem[2, 1, 1, 0],
	[7, 13, 14, 12, 8, 1, 1, 14, 1, 2] => QQFieldElem[-13//3, -5//3, 2, 13//3],
	[7, 13, 14, 12, 8, 1, 1, 6, 1, 1] => QQFieldElem[-4, -2, 1, 3],
	[7, 13, 14, 12, 8, 1, 1, 8, 1, 1] => QQFieldElem[5, 3, -1, -5],
	[7, 13, 14, 12, 11, 1, 2, 14, 1, 1] => QQFieldElem[7//6, -2//3, -2, -13//6],
	[7, 13, 14, 12, 14, 1, 2, 14, 1, 2] => QQFieldElem[1//3, -1, -5//3, -5//3],
	[7, 13, 14, 12, 11, 1, 1, 14, 1, 1] => QQFieldElem[1//3, 3//2, 11//6, 4//3],
	[7, 13, 14, 12, 14, 1, 1, 14, 1, 2] => QQFieldElem[1//2, 3//2, 3//2, 1//2],
	[7, 13, 14, 12, 11, 1, 2, 11, 1, 1] => QQFieldElem[-4, 0, 4, 6],
	[7, 13, 14, 12, 11, 1, 1, 11, 1, 1] => QQFieldElem[1, 1, 1, -1],
	[7, 13, 14, 12, 11, 1, 2, 7, 1, 1] => QQFieldElem[-3, 0, 3, 4],
	[7, 13, 14, 12, 14, 1, 2, 6, 1, 1] => QQFieldElem[-1, 1//2, 3//2, 2],
	[7, 13, 14, 12, 14, 1, 2, 8, 1, 1] => QQFieldElem[1, -3//2, -3, -5//2],
	[7, 13, 14, 12, 11, 1, 1, 7, 1, 1] => QQFieldElem[1, 1, 0, 0],
	[7, 13, 14, 12, 14, 1, 1, 8, 1, 1] => QQFieldElem[1, 5//2, 2, 3//2],
	[7, 13, 14, 12, 8, 1, 1, 11, 1, 1] => QQFieldElem[5, 3, -1, -5],
	[7, 13, 14, 12, 8, 1, 1, 14, 1, 1] => QQFieldElem[2//3, 1, 2//3, -1//3],
	[7, 13, 14, 12, 6, 1, 1, 14, 1, 2] => QQFieldElem[3, 2, 0, -2],
	[7, 13, 14, 12, 14, 1, 1, 6, 1, 1] => QQFieldElem[0, -3//2, -3//2, -1],
	[7, 13, 14, 12, 8, 1, 1, 7, 1, 1] => QQFieldElem[2, 1, -2, -3],
	[7, 13, 14, 12, 6, 1, 1, 6, 1, 1] => QQFieldElem[1//2, 0, 0, -1//2],
	[7, 13, 14, 12, 6, 1, 1, 8, 1, 1] => QQFieldElem[-1, -1//2, 0, 1//2],
	[7, 13, 14, 12, 14, 1, 2, 14, 1, 1] => QQFieldElem[-3, -2//3, 7//3, 11//3],
	[7, 13, 14, 12, 14, 1, 2, 11, 1, 1] => QQFieldElem[0, -2, -2, -2],
	[7, 13, 14, 12, 14, 1, 1, 14, 1, 1] => QQFieldElem[1, 1//3, 1//3, -1//3],
	[7, 13, 14, 12, 14, 1, 1, 11, 1, 1] => QQFieldElem[1, 2, 2, 0])