Dict(
	[7, 14, 14, 7, 13, 1, 2, 9, 1, 1] => QQFieldElem[5, 2, -2, -5],
	[7, 14, 14, 7, 13, 1, 1, 9, 1, 1] => QQFieldElem[-8, -3, 4, 8],
	[7, 14, 14, 7, 1, 1, 1, 10, 1, 1] => QQFieldElem[1, 2, 3, 1],
	[7, 14, 14, 7, 13, 1, 2, 10, 1, 1] => QQFieldElem[5, 2, -2, -5],
	[7, 14, 14, 7, 13, 1, 1, 10, 1, 1] => QQFieldElem[-6, -1, 4, 7],
	[7, 14, 14, 7, 12, 1, 2, 4, 1, 1] => QQFieldElem[-2, -5, -5, -2],
	[7, 14, 14, 7, 12, 1, 2, 13, 1, 1] => QQFieldElem[1//2, 1//2, 1//2, -1//2],
	[7, 14, 14, 7, 12, 1, 1, 13, 1, 1] => QQFieldElem[3, 1, -1, -3],
	[7, 14, 14, 7, 12, 1, 1, 4, 1, 1] => QQFieldElem[-10, -14, -10, 0],
	[7, 14, 14, 7, 12, 1, 2, 12, 1, 1] => QQFieldElem[1//2, 1//2, 0, 0],
	[7, 14, 14, 7, 1, 1, 1, 4, 1, 1] => QQFieldElem[7//2, 7//2, 3//2, -3//2],
	[7, 14, 14, 7, 1, 1, 1, 13, 1, 1] => QQFieldElem[0, 0, 1//2, 1//2],
	[7, 14, 14, 7, 12, 1, 1, 12, 1, 1] => QQFieldElem[3, 1, -1, -3],
	[7, 14, 14, 7, 13, 1, 2, 4, 1, 1] => QQFieldElem[-5, -7, -5, 0],
	[7, 14, 14, 7, 12, 1, 2, 9, 1, 1] => QQFieldElem[3, 1, -1, -3],
	[7, 14, 14, 7, 13, 1, 2, 13, 1, 1] => QQFieldElem[7//2, 3, 1//2, -2],
	[7, 14, 14, 7, 12, 1, 1, 9, 1, 1] => QQFieldElem[8, 0, -8, -12],
	[7, 14, 14, 7, 13, 1, 1, 4, 1, 1] => QQFieldElem[7, 12, 10, 2],
	[7, 14, 14, 7, 13, 1, 1, 13, 1, 1] => QQFieldElem[-7//2, -3, -1//2, 2],
	[7, 14, 14, 7, 1, 1, 1, 12, 1, 1] => QQFieldElem[-1//4, 1//4, 1//4, 3//4],
	[7, 14, 14, 7, 13, 1, 2, 12, 1, 1] => QQFieldElem[2, 2, 1//2, -1],
	[7, 14, 14, 7, 12, 1, 2, 10, 1, 1] => QQFieldElem[2, 0, -2, -2],
	[7, 14, 14, 7, 1, 1, 1, 9, 1, 1] => QQFieldElem[-1, 2, 3, 3],
	[7, 14, 14, 7, 12, 1, 1, 10, 1, 1] => QQFieldElem[4, -4, -8, -8],
	[7, 14, 14, 7, 13, 1, 1, 12, 1, 1] => QQFieldElem[-5//2, -2, -1//2, 3//2])