Dict(
	[8, 13, 13, 11, 13, 1, 1, 14, 1, 2] => QQFieldElem[0, 5//6, 4//3, 7//6],
	[8, 13, 13, 11, 12, 1, 2, 14, 1, 1] => QQFieldElem[1//3, -1, -5//3, -5//3],
	[8, 13, 13, 11, 12, 1, 2, 11, 1, 1] => QQFieldElem[-20//17, -40//17, -46//17, -24//17],
	[8, 13, 13, 11, 12, 1, 1, 14, 1, 1] => QQFieldElem[5//6, 0, -7//6, -5//3],
	[8, 13, 13, 11, 12, 1, 1, 11, 1, 1] => QQFieldElem[32//17, 13//17, -8//17, -33//17],
	[8, 13, 13, 11, 5, 1, 1, 14, 1, 2] => QQFieldElem[1//3, 0, -2//3, -2//3],
	[8, 13, 13, 11, 9, 1, 1, 14, 1, 1] => QQFieldElem[-3//2, -1//2, 1//2, 3//2],
	[8, 13, 13, 11, 13, 1, 2, 8, 1, 1] => QQFieldElem[2//17, -30//17, -43//17, -35//17],
	[8, 13, 13, 11, 13, 1, 1, 8, 1, 1] => QQFieldElem[26//17, -16//17, -32//17, -30//17],
	[8, 13, 13, 11, 12, 1, 2, 7, 1, 1] => QQFieldElem[-3, -4, -2, 1],
	[8, 13, 13, 11, 9, 1, 1, 11, 1, 1] => QQFieldElem[-1//17, 15//17, 13//17, 9//17],
	[8, 13, 13, 11, 5, 1, 1, 8, 1, 1] => QQFieldElem[4//17, -9//17, -1//17, -2//17],
	[8, 13, 13, 11, 12, 1, 1, 7, 1, 1] => QQFieldElem[1, -2, -3, -2],
	[8, 13, 13, 11, 9, 1, 1, 7, 1, 1] => QQFieldElem[1, 1, 1, 0],
	[8, 13, 13, 11, 12, 1, 2, 3, 1, 1] => QQFieldElem[-1, 3, 5, 4],
	[8, 13, 13, 11, 12, 1, 1, 3, 1, 1] => QQFieldElem[-4, -2, 1, 3],
	[8, 13, 13, 11, 13, 1, 2, 14, 1, 1] => QQFieldElem[-1//2, -2, -5//2, -1],
	[8, 13, 13, 11, 13, 1, 2, 11, 1, 1] => QQFieldElem[25//17, 33//17, 32//17, 13//17],
	[8, 13, 13, 11, 9, 1, 1, 3, 1, 1] => QQFieldElem[1, -1, -2, -2],
	[8, 13, 13, 11, 13, 1, 1, 14, 1, 1] => QQFieldElem[3//2, 1//2, -1//2, -3//2],
	[8, 13, 13, 11, 13, 1, 1, 11, 1, 1] => QQFieldElem[2//17, 21//17, 25//17, 16//17],
	[8, 13, 13, 11, 5, 1, 1, 14, 1, 1] => QQFieldElem[1//6, 0, -1//3, 1//6],
	[8, 13, 13, 11, 5, 1, 1, 11, 1, 1] => QQFieldElem[-1//17, -2//17, -4//17, 9//17],
	[8, 13, 13, 11, 13, 1, 2, 7, 1, 1] => QQFieldElem[5//2, 5//2, 3//2, -1//2],
	[8, 13, 13, 11, 13, 1, 1, 7, 1, 1] => QQFieldElem[3//2, 2, 3//2, 0],
	[8, 13, 13, 11, 5, 1, 1, 7, 1, 1] => QQFieldElem[1//2, 0, 0, 1//2],
	[8, 13, 13, 11, 12, 1, 2, 14, 1, 2] => QQFieldElem[0, 2//3, 2//3, 1//3],
	[8, 13, 13, 11, 13, 1, 2, 3, 1, 1] => QQFieldElem[0, -2, -3, -2],
	[8, 13, 13, 11, 12, 1, 1, 14, 1, 2] => QQFieldElem[1//6, -1//6, 0, 1//3],
	[8, 13, 13, 11, 13, 1, 1, 3, 1, 1] => QQFieldElem[3//2, -1//2, -3//2, -5//2],
	[8, 13, 13, 11, 9, 1, 1, 14, 1, 2] => QQFieldElem[-1//2, 1, 5//2, 2],
	[8, 13, 13, 11, 5, 1, 1, 3, 1, 1] => QQFieldElem[1//2, 0, -1//2, 0],
	[8, 13, 13, 11, 12, 1, 2, 8, 1, 1] => QQFieldElem[-5//17, 41//17, 65//17, 45//17],
	[8, 13, 13, 11, 12, 1, 1, 8, 1, 1] => QQFieldElem[-43//17, -1//17, 15//17, 47//17],
	[8, 13, 13, 11, 9, 1, 1, 8, 1, 1] => QQFieldElem[4//17, -9//17, -18//17, -19//17],
	[8, 13, 13, 11, 13, 1, 2, 14, 1, 2] => QQFieldElem[2//3, 2, 5//3, 2//3])