Dict(
	[10, 6, 7, 11, 10, 7] => QQFieldElem[-2, -1, 1, 0, 1, 2],
	[10, 6, 7, 11, 2, 7] => QQFieldElem[1, 1//3, -1//3, 0, 2//3, 1//3],
	[10, 6, 7, 11, 12, 7] => QQFieldElem[3, -5//3, 5//3, 0, -4//3, 1//3],
	[10, 6, 7, 11, 4, 7] => QQFieldElem[0, 2//3, -2//3, 0, 1//3, -1//3],
	[10, 6, 7, 11, 10, 13] => QQFieldElem[7, 3, -3, 0, -5, -8],
	[10, 6, 7, 11, 10, 15] => QQFieldElem[-26//19, -8//19, 8//19, 0, 33//19, 41//19],
	[10, 6, 7, 11, 2, 13] => QQFieldElem[0, 0, 0, 0, 1, 1],
	[10, 6, 7, 11, 2, 15] => QQFieldElem[32//19, 23//19, -23//19, 0, 31//19, 8//19],
	[10, 6, 7, 11, 12, 13] => QQFieldElem[-6, -4, 4, 0, 5, 9],
	[10, 6, 7, 11, 12, 15] => QQFieldElem[1, 0, 0, 0, -1, -1],
	[10, 6, 7, 11, 4, 13] => QQFieldElem[-2, -1, 1, 0, 1, 2],
	[10, 6, 7, 11, 4, 15] => QQFieldElem[15//19, 9//19, -9//19, 0, 8//19, -1//19],
	[10, 6, 7, 11, 10, 5] => QQFieldElem[-58, -23, 23, 0, 43, 66],
	[10, 6, 7, 11, 2, 5] => QQFieldElem[3, 1, -1, 0, -2, -3],
	[10, 6, 7, 11, 12, 5] => QQFieldElem[59, 24, -24, 0, -44, -68],
	[10, 6, 7, 11, 4, 5] => QQFieldElem[8, 3, -3, 0, -6, -9])