Dict(
	[16, 6, 7, 16, 4, 12] => QQFieldElem[-11, 12, -11, -3, 6, -10],
	[16, 6, 7, 16, 10, 11] => QQFieldElem[3, -25, -17, -21, -26, -7],
	[16, 6, 7, 16, 2, 11] => QQFieldElem[-36, 9, 33, 21, 51, 48],
	[16, 6, 7, 16, 12, 11] => QQFieldElem[-3, 18, -3, 6, 9, -9],
	[16, 6, 7, 16, 4, 11] => QQFieldElem[45, 2, -17, -6, -41, -43],
	[16, 6, 7, 16, 10, 15] => QQFieldElem[-7, 6, -2, 4, 6, 2],
	[16, 6, 7, 16, 2, 15] => QQFieldElem[10, 4, 1, 2, -4, -7],
	[16, 6, 7, 16, 12, 15] => QQFieldElem[6, -9, 6, -3, -3, 3],
	[16, 6, 7, 16, 4, 15] => QQFieldElem[-10, -4, -4, -4, 2, 5],
	[16, 6, 7, 16, 10, 16] => QQFieldElem[-41//38, -27//38, -53//38, -43//38, -45//38, -25//38],
	[16, 6, 7, 16, 2, 16] => QQFieldElem[-15//38, 17//38, 29//19, 51//38, 79//38, 65//38],
	[16, 6, 7, 16, 10, 12] => QQFieldElem[-7, 7, -8, -2, 3, -6],
	[16, 6, 7, 16, 12, 16] => QQFieldElem[21//19, -21//38, 39//38, -3//19, 3//38, 27//38],
	[16, 6, 7, 16, 2, 12] => QQFieldElem[4, -5, 6, 2, -1, 6],
	[16, 6, 7, 16, 4, 16] => QQFieldElem[0, 1//2, -1//2, -1//2, -1//2, -1//2],
	[16, 6, 7, 16, 12, 12] => QQFieldElem[15, -16, 15, 3, -8, 12])