Dict(
	[6, 8, 8, 6, 9, 12] => QQFieldElem[7, 3, -3, 0, -5, -8],
	[6, 8, 8, 6, 3, 3] => QQFieldElem[4, 2, -2, 0, -3, -5],
	[6, 8, 8, 6, 1, 4] => QQFieldElem[1//3, 1//3, -1//3, 0, 1//3, 0],
	[6, 8, 8, 6, 11, 12] => QQFieldElem[-31, -13, 13, 0, 23, 36],
	[6, 8, 8, 6, 9, 11] => QQFieldElem[0, -1, 1, 0, 0, 1],
	[6, 8, 8, 6, 9, 3] => QQFieldElem[1, 2, -2, 0, -1, -3],
	[6, 8, 8, 6, 11, 11] => QQFieldElem[2//3, 5//3, -5//3, 0, -1, -8//3],
	[6, 8, 8, 6, 3, 4] => QQFieldElem[-1, -2//3, 2//3, 0, 2//3, 4//3],
	[6, 8, 8, 6, 1, 12] => QQFieldElem[-2, -1, 1, 0, 0, 1],
	[6, 8, 8, 6, 11, 3] => QQFieldElem[-5, -13//3, 13//3, 0, 13//3, 26//3],
	[6, 8, 8, 6, 1, 11] => QQFieldElem[1, 1//3, -1//3, 0, 2//3, 1//3],
	[6, 8, 8, 6, 9, 4] => QQFieldElem[0, -1//3, 1//3, 0, 1//3, 2//3],
	[6, 8, 8, 6, 3, 12] => QQFieldElem[18, 7, -7, 0, -13, -20],
	[6, 8, 8, 6, 1, 3] => QQFieldElem[0, -1//3, 1//3, 0, 1//3, 2//3],
	[6, 8, 8, 6, 11, 4] => QQFieldElem[2//3, 5//3, -5//3, 0, -1, -8//3],
	[6, 8, 8, 6, 3, 11] => QQFieldElem[-1, 0, 0, 0, 1, 1])