Dict(
	[8, 8, 7, 8, 10, 12] => QQFieldElem[-40//57, -34//57, 11//57, -5//57, 10//57, 37//57],
	[8, 8, 7, 8, 2, 12] => QQFieldElem[34//57, -11//57, -35//57, 47//57, 20//57, -40//57],
	[8, 8, 7, 8, 12, 12] => QQFieldElem[12//19, -43//19, 10//19, -8//19, -22//19, 25//19],
	[8, 8, 7, 8, 3, 12] => QQFieldElem[-50//57, 43//57, 28//57, -49//57, -16//57, 32//57],
	[8, 8, 7, 8, 10, 11] => QQFieldElem[-1, 1, 3, 2, 3, 3],
	[8, 8, 7, 8, 4, 12] => QQFieldElem[22//19, 13//19, 12//19, 17//19, 4//19, -8//19],
	[8, 8, 7, 8, 11, 4] => QQFieldElem[-8, 9, -9, 0, 3, -6],
	[8, 8, 7, 8, 11, 2] => QQFieldElem[9, -4, 4, 0, -5, -1],
	[8, 8, 7, 8, 11, 10] => QQFieldElem[-6, 6, -5, -2, 4, -5],
	[8, 8, 7, 8, 2, 11] => QQFieldElem[0, 0, 0, 0, -1, -1],
	[8, 8, 7, 8, 12, 11] => QQFieldElem[3, -2, 2, 1, -2, 1],
	[8, 8, 7, 8, 3, 11] => QQFieldElem[-1, 0, 0, 0, -1, -1],
	[8, 8, 7, 8, 10, 3] => QQFieldElem[3, 0, 0, 0, -2, -2],
	[8, 8, 7, 8, 4, 11] => QQFieldElem[-1, -1, 1, 0, 0, 1],
	[8, 8, 7, 8, 2, 3] => QQFieldElem[-1//3, -1, 1//3, -2//3, 0, 2//3],
	[8, 8, 7, 8, 12, 3] => QQFieldElem[10, -13, 12, -1, -4, 8],
	[8, 8, 7, 8, 3, 3] => QQFieldElem[1, -2, 2, -1, 0, 1],
	[8, 8, 7, 8, 4, 3] => QQFieldElem[0, 2, -1, 1, 0, -1],
	[8, 8, 7, 8, 11, 12] => QQFieldElem[-55//57, 53//57, -49//57, -14//57, 28//57, -56//57],
	[8, 8, 7, 8, 10, 4] => QQFieldElem[0, -1, 1, 0, 0, 1],
	[8, 8, 7, 8, 10, 2] => QQFieldElem[-15, -5, 5, 0, 11, 16],
	[8, 8, 7, 8, 10, 10] => QQFieldElem[1, -1, 0, 0, -1, 0],
	[8, 8, 7, 8, 2, 4] => QQFieldElem[1//3, 0, 2//3, -1//3, 0, 1//3],
	[8, 8, 7, 8, 2, 2] => QQFieldElem[4, 4, 1, 3, 0, -3],
	[8, 8, 7, 8, 2, 10] => QQFieldElem[0, 1, -1, 0, 1, 0],
	[8, 8, 7, 8, 11, 11] => QQFieldElem[-2, 2, -1, 0, 2, -1],
	[8, 8, 7, 8, 12, 4] => QQFieldElem[10, -13, 12, -1, -4, 8],
	[8, 8, 7, 8, 12, 2] => QQFieldElem[7, 19, 1, 11, 5, -10],
	[8, 8, 7, 8, 3, 2] => QQFieldElem[-3, -1, -2, -1, 0, 1],
	[8, 8, 7, 8, 4, 4] => QQFieldElem[0, 2, -1, 1, 0, -1],
	[8, 8, 7, 8, 12, 10] => QQFieldElem[6, -7, 6, 2, -4, 6],
	[8, 8, 7, 8, 3, 4] => QQFieldElem[4//3, -2, 5//3, -1//3, 0, 1//3],
	[8, 8, 7, 8, 11, 3] => QQFieldElem[-8, 10, -10, 0, 3, -7],
	[8, 8, 7, 8, 4, 10] => QQFieldElem[1, -1, 1, 0, -1, 0],
	[8, 8, 7, 8, 3, 10] => QQFieldElem[-1, 2, -2, 0, 1, -1],
	[8, 8, 7, 8, 4, 2] => QQFieldElem[-16, -15, -5, -11, 0, 11])