Dict(
	[15, 8, 8, 15, 3, 14] => QQFieldElem[3, 0, 2, 2],
	[15, 8, 8, 15, 5, 12] => QQFieldElem[3, 1, 1, 3],
	[15, 8, 8, 15, 1, 10] => QQFieldElem[5, 2, 2, 5],
	[15, 8, 8, 15, 7, 10] => QQFieldElem[13, 5, 5, 13],
	[15, 8, 8, 15, 1, 16] => QQFieldElem[1, 0, 0, 0],
	[15, 8, 8, 15, 7, 16] => QQFieldElem[5, 0, 3, 3],
	[15, 8, 8, 15, 5, 14] => QQFieldElem[5, 0, 3, 3],
	[15, 8, 8, 15, 1, 12] => QQFieldElem[-2, -1, -1, -2],
	[15, 8, 8, 15, 7, 12] => QQFieldElem[-8, -3, -3, -8],
	[15, 8, 8, 15, 3, 10] => QQFieldElem[-8, -3, -3, -8],
	[15, 8, 8, 15, 3, 16] => QQFieldElem[-2, 0, -1, -1],
	[15, 8, 8, 15, 3, 12] => QQFieldElem[5, 2, 2, 5],
	[15, 8, 8, 15, 1, 14] => QQFieldElem[-2, 0, -1, -1],
	[15, 8, 8, 15, 7, 14] => QQFieldElem[-8, 0, -5, -5],
	[15, 8, 8, 15, 5, 10] => QQFieldElem[-8, -3, -3, -8],
	[15, 8, 8, 15, 5, 16] => QQFieldElem[-2, 0, -1, -1])