Dict(
	[16, 15, 15, 12, 15, 8] => QQFieldElem[7, 0, 4, 4],
	[16, 15, 15, 12, 13, 8] => QQFieldElem[-2, 0, -1, -1],
	[16, 15, 15, 12, 15, 6] => QQFieldElem[-18, 0, -11, -11],
	[16, 15, 15, 12, 13, 6] => QQFieldElem[8, 0, 5, 5],
	[16, 15, 15, 12, 5, 16] => QQFieldElem[1//5, 3//5, 1//5, 0],
	[16, 15, 15, 12, 15, 14] => QQFieldElem[7, 0, 4, 4],
	[16, 15, 15, 12, 13, 14] => QQFieldElem[-3, 0, -2, -2],
	[16, 15, 15, 12, 5, 8] => QQFieldElem[0, 1, 0, 0],
	[16, 15, 15, 12, 5, 6] => QQFieldElem[2, -1, 2, 0],
	[16, 15, 15, 12, 7, 16] => QQFieldElem[-4//5, 0, -3//5, -3//5],
	[16, 15, 15, 12, 5, 14] => QQFieldElem[0, 1, 0, 0],
	[16, 15, 15, 12, 7, 8] => QQFieldElem[-3, 0, -2, -2],
	[16, 15, 15, 12, 7, 6] => QQFieldElem[8, 0, 5, 5],
	[16, 15, 15, 12, 15, 16] => QQFieldElem[3, 0, 2, 2],
	[16, 15, 15, 12, 13, 16] => QQFieldElem[-4//5, 0, -3//5, -3//5],
	[16, 15, 15, 12, 7, 14] => QQFieldElem[-2, 0, -1, -1])