Dict(
	[7, 16, 8, 15, 15, 10] => QQFieldElem[-5, -5, 0, -8],
	[7, 16, 8, 15, 11, 14] => QQFieldElem[-2, -1, -1, -2],
	[7, 16, 8, 15, 13, 10] => QQFieldElem[0, 3, -2, 3],
	[7, 16, 8, 15, 15, 16] => QQFieldElem[3, 0, 2, 2],
	[7, 16, 8, 15, 13, 16] => QQFieldElem[-1, 0, 0, -1],
	[7, 16, 8, 15, 9, 10] => QQFieldElem[0, -2, 1, -2],
	[7, 16, 8, 15, 15, 12] => QQFieldElem[-5, -2, -2, -5],
	[7, 16, 8, 15, 13, 12] => QQFieldElem[1, 1, 0, 2],
	[7, 16, 8, 15, 11, 10] => QQFieldElem[3, 3, 0, 5],
	[7, 16, 8, 15, 9, 16] => QQFieldElem[0, -1, -1, 0],
	[7, 16, 8, 15, 9, 12] => QQFieldElem[-1, -1, 0, -1],
	[7, 16, 8, 15, 15, 14] => QQFieldElem[5, 2, 2, 5],
	[7, 16, 8, 15, 11, 16] => QQFieldElem[-1, 0, -1, -1],
	[7, 16, 8, 15, 13, 14] => QQFieldElem[-2, -2, 0, -3],
	[7, 16, 8, 15, 11, 12] => QQFieldElem[3, 1, 1, 3],
	[7, 16, 8, 15, 9, 14] => QQFieldElem[1, 1, 0, 1])