Dict(
	[8, 16, 16, 15, 14, 10] => QQFieldElem[-3, -2, -1, -4],
	[8, 16, 16, 15, 10, 12] => QQFieldElem[3//5, 1//5, -1//5, 2//5],
	[8, 16, 16, 15, 12, 16] => QQFieldElem[-2//5, 1//5, -1//5, -3//5],
	[8, 16, 16, 15, 16, 10] => QQFieldElem[7, 3, 3, 7],
	[8, 16, 16, 15, 12, 12] => QQFieldElem[-2, -1, -1, -2],
	[8, 16, 16, 15, 14, 16] => QQFieldElem[-2//5, 1//5, -1//5, -3//5],
	[8, 16, 16, 15, 14, 12] => QQFieldElem[-1, 0, 0, -1],
	[8, 16, 16, 15, 10, 14] => QQFieldElem[3//5, 1//5, -1//5, 2//5],
	[8, 16, 16, 15, 16, 16] => QQFieldElem[2, 0, 1, 1],
	[8, 16, 16, 15, 16, 12] => QQFieldElem[4, 1, 2, 3],
	[8, 16, 16, 15, 12, 14] => QQFieldElem[-1, 0, 0, -1],
	[8, 16, 16, 15, 14, 14] => QQFieldElem[-2, -1, -1, -2],
	[8, 16, 16, 15, 16, 14] => QQFieldElem[4, 1, 2, 3],
	[8, 16, 16, 15, 10, 10] => QQFieldElem[1, 1, 0, 2],
	[8, 16, 16, 15, 12, 10] => QQFieldElem[-3, -2, -1, -4],
	[8, 16, 16, 15, 10, 16] => QQFieldElem[2//5, 3//5, 3//5, 2//5])