Dict(
	[8, 8, 4, 8, 8, 5] => QQFieldElem[-4, -1, -2, -3],
	[8, 8, 4, 8, 7, 8] => QQFieldElem[-2//5, 1//5, -1//5, -3//5],
	[8, 8, 4, 8, 5, 7] => QQFieldElem[-1, 0, -1, -1],
	[8, 8, 4, 8, 7, 6] => QQFieldElem[2//5, -1//5, 1//5, 3//5],
	[8, 8, 4, 8, 8, 8] => QQFieldElem[2, 0, 1, 1],
	[8, 8, 4, 8, 6, 7] => QQFieldElem[2, 0, 2, 1],
	[8, 8, 4, 8, 8, 6] => QQFieldElem[-2, 0, -1, -1],
	[8, 8, 4, 8, 7, 7] => QQFieldElem[-2, -1, -1, -2],
	[8, 8, 4, 8, 5, 5] => QQFieldElem[2, 0, 1, 1],
	[8, 8, 4, 8, 8, 7] => QQFieldElem[4, 1, 2, 3],
	[8, 8, 4, 8, 6, 5] => QQFieldElem[-3, 1, -2, -1],
	[8, 8, 4, 8, 5, 8] => QQFieldElem[-1//5, 3//5, 2//5, 1//5],
	[8, 8, 4, 8, 5, 6] => QQFieldElem[3//5, 1//5, 4//5, 2//5],
	[8, 8, 4, 8, 6, 8] => QQFieldElem[1, 0, 1, 0],
	[8, 8, 4, 8, 7, 5] => QQFieldElem[2, 1, 1, 2],
	[8, 8, 4, 8, 6, 6] => QQFieldElem[-1, 1, -1, 0])