Dict(
	[23, 24, 24, 23, 25, 2] => QQFieldElem[0, 0, 0, 0, 0, 0, -1//32, 0],
	[23, 24, 24, 23, 25, 10] => QQFieldElem[0, 0, -1//72, 0, 0, 0, 1//36, 0],
	[23, 24, 24, 23, 6, 5] => QQFieldElem[0, 0, -4//3, 0, 0, 0, 0, 0],
	[23, 24, 24, 23, 1, 2] => QQFieldElem[0, 0, 0, 1//6, 0, 0, 0, 1//6],
	[23, 24, 24, 23, 21, 7] => QQFieldElem[0, 0, 0, 0, 0, 0, 1//32, 0],
	[23, 24, 24, 23, 21, 25] => QQFieldElem[0, 0, 0, 0, 0, 0, 0, 0],
	[23, 24, 24, 23, 1, 10] => QQFieldElem[0, 0, 0, 0, 0, 0, 0, -4//9],
	[23, 24, 24, 23, 5, 22] => QQFieldElem[0, 0, 1//16, 0, 0, 0, -1//8, 0],
	[23, 24, 24, 23, 25, 5] => QQFieldElem[0, 0, 1//24, 0, 0, 0, -1//12, 0],
	[23, 24, 24, 23, 10, 2] => QQFieldElem[0, 0, 0, 0, 0, 0, -1//64, 0],
	[23, 24, 24, 23, 10, 10] => QQFieldElem[0, 0, 1//144, 0, 0, 0, -1//72, 0],
	[23, 24, 24, 23, 1, 5] => QQFieldElem[0, 0, 0, 0, 0, 0, 0, -4//3],
	[23, 24, 24, 23, 6, 22] => QQFieldElem[0, 0, -2//3, 0, 0, 0, 0, 0],
	[23, 24, 24, 23, 21, 2] => QQFieldElem[0, 0, 0, 0, 0, 0, -1//32, 0],
	[23, 24, 24, 23, 21, 10] => QQFieldElem[0, 0, 1//36, 0, 0, 0, -1//18, 0],
	[23, 24, 24, 23, 10, 5] => QQFieldElem[0, 0, 1//48, 0, 0, 0, -1//24, 0],
	[23, 24, 24, 23, 5, 7] => QQFieldElem[0, 0, 0, 0, 0, 0, -3//64, 0],
	[23, 24, 24, 23, 25, 22] => QQFieldElem[0, 0, 0, 0, 0, 0, 0, 0],
	[23, 24, 24, 23, 5, 25] => QQFieldElem[0, 0, -1//16, 0, 0, 0, 1//8, 0],
	[23, 24, 24, 23, 1, 22] => QQFieldElem[0, 0, 0, 0, 0, 0, 0, 2//3],
	[23, 24, 24, 23, 21, 5] => QQFieldElem[0, 0, -1//12, 0, 0, 0, 1//6, 0],
	[23, 24, 24, 23, 6, 7] => QQFieldElem[0, 0, 1//3, 0, 0, 0, -1//6, 0],
	[23, 24, 24, 23, 6, 25] => QQFieldElem[0, 0, -4//3, 0, 0, 0, 0, 0],
	[23, 24, 24, 23, 10, 22] => QQFieldElem[0, 0, -1//48, 0, 0, 0, 1//24, 0],
	[23, 24, 24, 23, 5, 2] => QQFieldElem[0, 0, 0, 0, 0, 0, -3//64, 0],
	[23, 24, 24, 23, 5, 10] => QQFieldElem[0, 0, 1//48, 0, 0, 0, -1//24, 0],
	[23, 24, 24, 23, 25, 7] => QQFieldElem[0, 0, 0, 0, 0, 0, 1//32, 0],
	[23, 24, 24, 23, 25, 25] => QQFieldElem[0, 0, 0, 0, 0, 0, 0, 0],
	[23, 24, 24, 23, 1, 7] => QQFieldElem[0, 0, 0, 1//6, 0, 0, 0, 1//6],
	[23, 24, 24, 23, 1, 25] => QQFieldElem[0, 0, 0, 0, 0, 0, 0, 4//3],
	[23, 24, 24, 23, 21, 22] => QQFieldElem[0, 0, 0, 0, 0, 0, 0, 0],
	[23, 24, 24, 23, 6, 2] => QQFieldElem[0, 0, 1//3, 0, 0, 0, -1//6, 0],
	[23, 24, 24, 23, 6, 10] => QQFieldElem[0, 0, -4//9, 0, 0, 0, 0, 0],
	[23, 24, 24, 23, 5, 5] => QQFieldElem[0, 0, 1//16, 0, 0, 0, -1//8, 0],
	[23, 24, 24, 23, 10, 7] => QQFieldElem[0, 0, 0, 0, 0, 0, -1//64, 0],
	[23, 24, 24, 23, 10, 25] => QQFieldElem[0, 0, 1//48, 0, 0, 0, -1//24, 0])