Dict(
	[11, 10, 14, 13, 14, 2, 1, 6, 1, 1] => QQFieldElem[-2, 1, 1, -2],
	[11, 10, 14, 13, 14, 2, 1, 8, 1, 1] => QQFieldElem[5//3, 2//3, -8//3, 3],
	[11, 10, 14, 13, 14, 1, 1, 14, 1, 1] => QQFieldElem[2, 0, -2, 4],
	[11, 10, 14, 13, 14, 1, 1, 11, 1, 1] => QQFieldElem[2, 0, -3, 3],
	[11, 10, 14, 13, 3, 1, 1, 11, 1, 2] => QQFieldElem[1//2, -1//2, 1//2, -1//2],
	[11, 10, 14, 13, 3, 1, 1, 14, 1, 2] => QQFieldElem[0, 1//2, -1, 1//2],
	[11, 10, 14, 13, 14, 2, 1, 14, 1, 1] => QQFieldElem[-3, -1, 3, -4],
	[11, 10, 14, 13, 14, 2, 1, 11, 1, 1] => QQFieldElem[-2, -1, 3, -4],
	[11, 10, 14, 13, 3, 1, 1, 6, 1, 1] => QQFieldElem[-1//2, 0, 1//2, 0],
	[11, 10, 14, 13, 3, 1, 1, 8, 1, 1] => QQFieldElem[-1//6, 1//6, -1//2, 1//6],
	[11, 10, 14, 13, 11, 1, 1, 14, 1, 2] => QQFieldElem[0, 1, -1, 1],
	[11, 10, 14, 13, 11, 1, 1, 11, 1, 2] => QQFieldElem[0, 1, -1, 0],
	[11, 10, 14, 13, 7, 1, 1, 14, 1, 2] => QQFieldElem[-1, -1, 2, -2],
	[11, 10, 14, 13, 7, 1, 1, 11, 1, 2] => QQFieldElem[1, 1//2, -2, 5//2],
	[11, 10, 14, 13, 11, 1, 1, 6, 1, 1] => QQFieldElem[2, -1, -1, 2],
	[11, 10, 14, 13, 11, 1, 1, 8, 1, 1] => QQFieldElem[-1, -4//3, 8//3, -8//3],
	[11, 10, 14, 13, 8, 1, 1, 14, 1, 2] => QQFieldElem[1, 1, -2, 2],
	[11, 10, 14, 13, 7, 1, 1, 6, 1, 1] => QQFieldElem[-1//2, -1//2, 1//2, -1//2],
	[11, 10, 14, 13, 8, 1, 1, 11, 1, 2] => QQFieldElem[-3//2, -1//2, 2, -5//2],
	[11, 10, 14, 13, 7, 1, 1, 8, 1, 1] => QQFieldElem[-1//3, 2//3, -2//3, 0],
	[11, 10, 14, 13, 3, 1, 1, 14, 1, 1] => QQFieldElem[0, 0, -1//2, -1//2],
	[11, 10, 14, 13, 3, 1, 1, 11, 1, 1] => QQFieldElem[0, 0, 1//2, 0],
	[11, 10, 14, 13, 8, 1, 1, 6, 1, 1] => QQFieldElem[-2, 1, 1, -2],
	[11, 10, 14, 13, 8, 1, 1, 8, 1, 1] => QQFieldElem[1, 2//3, -7//3, 7//3],
	[11, 10, 14, 13, 11, 1, 1, 14, 1, 1] => QQFieldElem[1//2, 1//2, -1//2, -1//2],
	[11, 10, 14, 13, 11, 1, 1, 11, 1, 1] => QQFieldElem[0, 1//2, 0, 1//2],
	[11, 10, 14, 13, 14, 1, 1, 11, 1, 2] => QQFieldElem[-3, 1, 2, -3],
	[11, 10, 14, 13, 7, 1, 1, 14, 1, 1] => QQFieldElem[1, 1, -1, 2],
	[11, 10, 14, 13, 7, 1, 1, 11, 1, 1] => QQFieldElem[-1, 0, 2, -2],
	[11, 10, 14, 13, 14, 1, 1, 14, 1, 2] => QQFieldElem[-3, 1, 1, -3],
	[11, 10, 14, 13, 14, 2, 1, 14, 1, 2] => QQFieldElem[3, 0, -3, 5],
	[11, 10, 14, 13, 14, 2, 1, 11, 1, 2] => QQFieldElem[3, 1//2, -3, 9//2],
	[11, 10, 14, 13, 14, 1, 1, 6, 1, 1] => QQFieldElem[2, -1, -1, 2],
	[11, 10, 14, 13, 14, 1, 1, 8, 1, 1] => QQFieldElem[-2, 1//3, 4//3, -7//3],
	[11, 10, 14, 13, 8, 1, 1, 11, 1, 1] => QQFieldElem[3//2, 0, -3//2, 2],
	[11, 10, 14, 13, 8, 1, 1, 14, 1, 1] => QQFieldElem[-1, 0, 1, -1])