Dict(
	[11, 11, 11, 7, 12, 1, 2, 13, 1, 1] => QQFieldElem[-1, -1, -1, -2],
	[11, 11, 11, 7, 12, 1, 1, 13, 1, 1] => QQFieldElem[0, -1, 0, 0],
	[11, 11, 11, 7, 9, 1, 1, 13, 1, 1] => QQFieldElem[0, 1, 1, 1],
	[11, 11, 11, 7, 12, 1, 2, 12, 1, 1] => QQFieldElem[1//2, 3//2, -5//2, 5//2],
	[11, 11, 11, 7, 12, 1, 1, 12, 1, 1] => QQFieldElem[-2, -2, 3, -2],
	[11, 11, 11, 7, 9, 1, 1, 12, 1, 1] => QQFieldElem[0, 2, -2, 1],
	[11, 11, 11, 7, 12, 1, 2, 9, 1, 1] => QQFieldElem[-1//2, 3//2, -3//2, 3//2],
	[11, 11, 11, 7, 13, 1, 1, 13, 1, 1] => QQFieldElem[3//2, -1//2, -1//2, 3//2],
	[11, 11, 11, 7, 12, 1, 1, 9, 1, 1] => QQFieldElem[-5//6, 1//2, 1//6, -5//6],
	[11, 11, 11, 7, 9, 1, 1, 9, 1, 1] => QQFieldElem[1//2, -1//2, 1//2, 1//2],
	[11, 11, 11, 7, 12, 1, 2, 12, 2, 1] => QQFieldElem[1, -5//3, 4//3, -1//3],
	[11, 11, 11, 7, 12, 1, 1, 12, 2, 1] => QQFieldElem[1, 0, -1, 1],
	[11, 11, 11, 7, 9, 1, 1, 12, 2, 1] => QQFieldElem[2, -1, 0, 1],
	[11, 11, 11, 7, 13, 1, 1, 12, 1, 1] => QQFieldElem[-3, 1, 1, -3],
	[11, 11, 11, 7, 13, 1, 1, 9, 1, 1] => QQFieldElem[0, -3//2, 2, -3//2],
	[11, 11, 11, 7, 13, 1, 1, 12, 2, 1] => QQFieldElem[7//2, -3//2, -3//2, 7//2])