Dict(
	[11, 13, 12, 8, 13, 1, 2, 14, 1, 1] => QQFieldElem[-1//2, -1//2, 3//2, -1//2],
	[11, 13, 12, 8, 13, 1, 2, 11, 1, 1] => QQFieldElem[3, -3//2, -1, 5//2],
	[11, 13, 12, 8, 13, 1, 1, 14, 1, 1] => QQFieldElem[1//4, -3//4, -1//4, 3//4],
	[11, 13, 12, 8, 13, 1, 1, 11, 1, 1] => QQFieldElem[3, -1//2, -5//2, 4],
	[11, 13, 12, 8, 10, 1, 1, 14, 2, 1] => QQFieldElem[1//2, -3//2, 3//2, -3//4],
	[11, 13, 12, 8, 4, 1, 1, 11, 1, 1] => QQFieldElem[0, 1//2, 0, 1//2],
	[11, 13, 12, 8, 4, 1, 1, 14, 1, 1] => QQFieldElem[0, -1//4, -1//4, 0],
	[11, 13, 12, 8, 13, 1, 2, 14, 2, 1] => QQFieldElem[5//4, -1//4, -1, 1],
	[11, 13, 12, 8, 4, 1, 1, 14, 2, 1] => QQFieldElem[-1//4, 3//4, -1//4, -3//4],
	[11, 13, 12, 8, 13, 1, 1, 14, 2, 1] => QQFieldElem[1//2, 1//2, -5//4, 3//2],
	[11, 13, 12, 8, 12, 1, 1, 6, 1, 1] => QQFieldElem[-1, 0, 1, -2],
	[11, 13, 12, 8, 12, 1, 1, 8, 1, 1] => QQFieldElem[-1, 0, 1, -2],
	[11, 13, 12, 8, 10, 1, 1, 6, 1, 1] => QQFieldElem[1//2, -1, 1//2, 0],
	[11, 13, 12, 8, 10, 1, 1, 8, 1, 1] => QQFieldElem[1//2, -1, 1//2, 0],
	[11, 13, 12, 8, 12, 1, 1, 14, 1, 1] => QQFieldElem[0, -1//4, 5//4, -1],
	[11, 13, 12, 8, 12, 1, 1, 11, 1, 1] => QQFieldElem[-2, 0, 2, -3],
	[11, 13, 12, 8, 13, 1, 2, 6, 1, 1] => QQFieldElem[3//2, -1, 0, 1],
	[11, 13, 12, 8, 13, 1, 2, 8, 1, 1] => QQFieldElem[3//2, -1//2, -1, 3//2],
	[11, 13, 12, 8, 13, 1, 1, 6, 1, 1] => QQFieldElem[5//4, 1//4, -5//4, 7//4],
	[11, 13, 12, 8, 13, 1, 1, 8, 1, 1] => QQFieldElem[7//4, -3//4, -5//4, 9//4],
	[11, 13, 12, 8, 4, 1, 1, 8, 1, 1] => QQFieldElem[0, 0, -1//2, 0],
	[11, 13, 12, 8, 4, 1, 1, 6, 1, 1] => QQFieldElem[0, 1//2, -1//2, 1//2],
	[11, 13, 12, 8, 10, 1, 1, 14, 1, 1] => QQFieldElem[-1//2, 1//2, -3//2, 1//2],
	[11, 13, 12, 8, 10, 1, 1, 11, 1, 1] => QQFieldElem[1, -1, 1, 0],
	[11, 13, 12, 8, 12, 1, 1, 14, 2, 1] => QQFieldElem[1//4, 1//4, 0, 0])