Dict(
	[11, 14, 10, 12, 7, 1, 1, 13, 1, 1] => QQFieldElem[0, -1//2, 0, 0],
	[11, 14, 10, 12, 11, 2, 1, 13, 1, 1] => QQFieldElem[1//2, -1//2, -1, -1],
	[11, 14, 10, 12, 11, 1, 1, 5, 1, 1] => QQFieldElem[-2, 2, -1, -1],
	[11, 14, 10, 12, 7, 1, 1, 5, 1, 1] => QQFieldElem[0, -1//2, 0, 0],
	[11, 14, 10, 12, 8, 1, 1, 13, 1, 1] => QQFieldElem[-4, 3, 0, -3],
	[11, 14, 10, 12, 11, 2, 1, 5, 1, 1] => QQFieldElem[-2, 2, -1//2, -1],
	[11, 14, 10, 12, 11, 1, 1, 13, 2, 1] => QQFieldElem[0, -1, 0, 0],
	[11, 14, 10, 12, 11, 1, 1, 12, 1, 1] => QQFieldElem[1, -2, 3, -2],
	[11, 14, 10, 12, 7, 1, 1, 13, 2, 1] => QQFieldElem[3//2, -3//2, 1//2, 1//2],
	[11, 14, 10, 12, 8, 1, 1, 5, 1, 1] => QQFieldElem[1//2, -1//2, 1//2, -1//2],
	[11, 14, 10, 12, 7, 1, 1, 12, 1, 1] => QQFieldElem[0, 1//2, 1, 1],
	[11, 14, 10, 12, 11, 2, 1, 13, 2, 1] => QQFieldElem[-2, 1, 0, -1],
	[11, 14, 10, 12, 11, 2, 1, 12, 1, 1] => QQFieldElem[1//2, -3//2, 2, -1//2],
	[11, 14, 10, 12, 11, 1, 1, 9, 1, 1] => QQFieldElem[2, -3//2, 0, 3//2],
	[11, 14, 10, 12, 7, 1, 1, 9, 1, 1] => QQFieldElem[-1//4, 1//4, 1//4, 1//4],
	[11, 14, 10, 12, 8, 1, 1, 12, 1, 1] => QQFieldElem[-1//2, 1//2, -5//2, 3//2],
	[11, 14, 10, 12, 8, 1, 1, 13, 2, 1] => QQFieldElem[-7//2, 5//2, 0, -5//2],
	[11, 14, 10, 12, 14, 1, 1, 13, 1, 1] => QQFieldElem[-2, 3//2, 1//2, -1],
	[11, 14, 10, 12, 11, 2, 1, 9, 1, 1] => QQFieldElem[7//4, -5//4, 1//4, 5//4],
	[11, 14, 10, 12, 8, 1, 1, 9, 1, 1] => QQFieldElem[-1//2, 1, -1//2, 0],
	[11, 14, 10, 12, 14, 1, 1, 5, 1, 1] => QQFieldElem[5//2, -2, 1//2, 3//2],
	[11, 14, 10, 12, 14, 1, 1, 13, 2, 1] => QQFieldElem[2, -3//2, -1//2, 2],
	[11, 14, 10, 12, 14, 1, 1, 12, 1, 1] => QQFieldElem[-1//2, 2, -5//2, 3//2],
	[11, 14, 10, 12, 14, 1, 1, 9, 1, 1] => QQFieldElem[-9//4, 5//4, 1//4, -7//4],
	[11, 14, 10, 12, 11, 1, 1, 13, 1, 1] => QQFieldElem[9//2, -3, -1//2, 7//2])