Dict(
	[12, 13, 13, 10, 13, 1, 2, 13, 1, 1] => QQFieldElem[-5//2, 2, -1//2, -1],
	[12, 13, 13, 10, 12, 1, 2, 9, 1, 1] => QQFieldElem[0, 4, -6, 4],
	[12, 13, 13, 10, 13, 1, 1, 13, 1, 1] => QQFieldElem[3//2, -3//2, 1//2, 1//2],
	[12, 13, 13, 10, 12, 1, 1, 9, 1, 1] => QQFieldElem[-2, -2, 4, -4],
	[12, 13, 13, 10, 4, 1, 1, 13, 1, 1] => QQFieldElem[0, -1//4, 0, -1//4],
	[12, 13, 13, 10, 10, 1, 1, 12, 1, 1] => QQFieldElem[29//17, -23//17, 3//17, 7//17],
	[12, 13, 13, 10, 10, 1, 1, 13, 2, 1] => QQFieldElem[5//2, -1, -1//2, 2],
	[12, 13, 13, 10, 13, 1, 2, 5, 1, 1] => QQFieldElem[-2, 2, -1, -1//2],
	[12, 13, 13, 10, 13, 1, 1, 5, 1, 1] => QQFieldElem[1, -3//2, 3//2, 0],
	[12, 13, 13, 10, 4, 1, 1, 5, 1, 1] => QQFieldElem[-1//2, 0, 1//2, -1//2],
	[12, 13, 13, 10, 10, 1, 1, 9, 1, 1] => QQFieldElem[2, -3, 2, -1],
	[12, 13, 13, 10, 13, 1, 2, 13, 2, 1] => QQFieldElem[5//4, -1//2, -3//4, 1],
	[12, 13, 13, 10, 12, 1, 2, 10, 1, 1] => QQFieldElem[60//17, -64//17, 32//17, 18//17],
	[12, 13, 13, 10, 13, 1, 1, 13, 2, 1] => QQFieldElem[-3//4, 3//4, -1//4, -3//4],
	[12, 13, 13, 10, 13, 1, 1, 12, 1, 1] => QQFieldElem[-23//34, 37//34, -27//34, 5//34],
	[12, 13, 13, 10, 4, 1, 1, 12, 1, 1] => QQFieldElem[-9//34, 13//34, -15//34, -1//34],
	[12, 13, 13, 10, 12, 1, 1, 10, 1, 1] => QQFieldElem[-24//17, 46//17, -40//17, 20//17],
	[12, 13, 13, 10, 4, 1, 1, 13, 2, 1] => QQFieldElem[-1//2, -1//2, 1//2, -3//2],
	[12, 13, 13, 10, 13, 1, 2, 12, 1, 1] => QQFieldElem[43//34, -47//34, 15//34, 35//34],
	[12, 13, 13, 10, 13, 1, 2, 9, 1, 1] => QQFieldElem[2, -5//2, 3//2, 0],
	[12, 13, 13, 10, 13, 1, 1, 9, 1, 1] => QQFieldElem[0, 3//2, -2, 3//2],
	[12, 13, 13, 10, 4, 1, 1, 9, 1, 1] => QQFieldElem[1//2, 0, 0, 1//2],
	[12, 13, 13, 10, 10, 1, 1, 10, 1, 1] => QQFieldElem[-31//17, 24//17, 5//17, -28//17],
	[12, 13, 13, 10, 13, 1, 2, 10, 1, 1] => QQFieldElem[-53//34, 35//34, 25//34, -55//34],
	[12, 13, 13, 10, 13, 1, 1, 10, 1, 1] => QQFieldElem[29//17, -23//17, 3//17, 7//17],
	[12, 13, 13, 10, 4, 1, 1, 10, 1, 1] => QQFieldElem[-15//34, -1//34, 9//34, -13//34],
	[12, 13, 13, 10, 12, 1, 2, 13, 1, 1] => QQFieldElem[-1//2, -1//4, 1, -5//4],
	[12, 13, 13, 10, 12, 1, 1, 13, 1, 1] => QQFieldElem[3//4, -1//4, -1//4, 5//4],
	[12, 13, 13, 10, 12, 1, 2, 5, 1, 1] => QQFieldElem[2, -5, 5, -2],
	[12, 13, 13, 10, 12, 1, 1, 5, 1, 1] => QQFieldElem[0, 3, -4, 3],
	[12, 13, 13, 10, 10, 1, 1, 13, 1, 1] => QQFieldElem[-3//2, 3//2, -1//2, -1//2],
	[12, 13, 13, 10, 12, 1, 2, 13, 2, 1] => QQFieldElem[3//2, -1//2, -1//2, 1//2],
	[12, 13, 13, 10, 12, 1, 2, 12, 1, 1] => QQFieldElem[-32//17, 50//17, -42//17, 4//17],
	[12, 13, 13, 10, 12, 1, 1, 13, 2, 1] => QQFieldElem[-1//4, 0, -1//4, 0],
	[12, 13, 13, 10, 12, 1, 1, 12, 1, 1] => QQFieldElem[23//17, -37//17, 27//17, -5//17],
	[12, 13, 13, 10, 10, 1, 1, 5, 1, 1] => QQFieldElem[-3, 4, -2, -1])