Dict(
	[12, 13, 14, 14, 14, 1, 2, 12, 1, 2] => QQFieldElem[8, -10, 6, 1],
	[12, 13, 14, 14, 11, 1, 1, 12, 1, 1] => QQFieldElem[14, -11, 2, 9],
	[12, 13, 14, 14, 7, 1, 1, 13, 2, 1] => QQFieldElem[0, 3, -9//2, 7//2],
	[12, 13, 14, 14, 14, 2, 1, 12, 1, 2] => QQFieldElem[3, -4, 3, 0],
	[12, 13, 14, 14, 8, 1, 1, 12, 1, 1] => QQFieldElem[-19//2, 23//2, -15//2, -3//2],
	[12, 13, 14, 14, 14, 1, 1, 13, 1, 1] => QQFieldElem[17//2, -5//2, -9//2, 19//2],
	[12, 13, 14, 14, 14, 1, 1, 4, 1, 1] => QQFieldElem[-9//2, 3//2, 5//2, -9//2],
	[12, 13, 14, 14, 14, 2, 2, 4, 1, 1] => QQFieldElem[-1, -3//2, 3, -5//2],
	[12, 13, 14, 14, 14, 2, 2, 13, 1, 1] => QQFieldElem[-3//2, 1, 1//2, -1],
	[12, 13, 14, 14, 11, 1, 2, 10, 1, 1] => QQFieldElem[2//3, 10//3, -5, 13//3],
	[12, 13, 14, 14, 14, 1, 1, 13, 2, 1] => QQFieldElem[-5, 0, 7//2, -11//2],
	[12, 13, 14, 14, 14, 2, 2, 13, 2, 1] => QQFieldElem[1//2, -1//2, -1//2, 1//2],
	[12, 13, 14, 14, 6, 1, 1, 5, 1, 1] => QQFieldElem[-1//2, 3//2, -3//2, 1//2],
	[12, 13, 14, 14, 14, 1, 2, 9, 1, 1] => QQFieldElem[-9, 6, 0, -5],
	[12, 13, 14, 14, 11, 1, 2, 12, 1, 2] => QQFieldElem[0, -1, 1, -1],
	[12, 13, 14, 14, 3, 1, 1, 13, 1, 1] => QQFieldElem[1//2, -1//2, 1//2, 1//2],
	[12, 13, 14, 14, 3, 1, 1, 4, 1, 1] => QQFieldElem[-3//2, 3//2, -1//2, -1//2],
	[12, 13, 14, 14, 14, 2, 1, 9, 1, 1] => QQFieldElem[-4, 3, 0, -2],
	[12, 13, 14, 14, 14, 1, 2, 13, 1, 2] => QQFieldElem[3, -1, -1, 3],
	[12, 13, 14, 14, 11, 1, 1, 4, 1, 1] => QQFieldElem[-7, -2, 10, -12],
	[12, 13, 14, 14, 11, 1, 1, 13, 1, 1] => QQFieldElem[5, -2, -2, 5],
	[12, 13, 14, 14, 3, 1, 1, 13, 2, 1] => QQFieldElem[-1//2, 0, 0, -1//2],
	[12, 13, 14, 14, 14, 2, 1, 13, 1, 2] => QQFieldElem[0, 0, 0, 0],
	[12, 13, 14, 14, 7, 1, 1, 5, 1, 1] => QQFieldElem[10, -2, -7, 12],
	[12, 13, 14, 14, 6, 1, 1, 10, 1, 1] => QQFieldElem[1//3, -1//6, -1//3, 1//2],
	[12, 13, 14, 14, 8, 1, 1, 4, 1, 1] => QQFieldElem[0, -7//2, 5, -7//2],
	[12, 13, 14, 14, 14, 1, 2, 13, 2, 2] => QQFieldElem[-5//2, 1//2, 3//2, -5//2],
	[12, 13, 14, 14, 11, 1, 1, 13, 2, 1] => QQFieldElem[-7//2, -1//2, 9//2, -11//2],
	[12, 13, 14, 14, 8, 1, 1, 13, 1, 1] => QQFieldElem[-3, 5, -4, 1],
	[12, 13, 14, 14, 11, 1, 2, 9, 1, 1] => QQFieldElem[-8, 3, 4, -9],
	[12, 13, 14, 14, 14, 2, 1, 13, 2, 2] => QQFieldElem[1, 0, 0, 1],
	[12, 13, 14, 14, 8, 1, 1, 13, 2, 1] => QQFieldElem[0, 2, -3, 2],
	[12, 13, 14, 14, 6, 1, 1, 12, 1, 2] => QQFieldElem[-9, 5, 2, -8],
	[12, 13, 14, 14, 14, 1, 1, 5, 1, 1] => QQFieldElem[2, -6, 7, -3],
	[12, 13, 14, 14, 11, 1, 2, 13, 1, 2] => QQFieldElem[0, 1//2, -1//2, 0],
	[12, 13, 14, 14, 14, 2, 2, 5, 1, 1] => QQFieldElem[4, -4, 1, 2],
	[12, 13, 14, 14, 7, 1, 1, 10, 1, 1] => QQFieldElem[9//2, -37//6, 23//6, 1//6],
	[12, 13, 14, 14, 14, 1, 2, 12, 1, 1] => QQFieldElem[-14, 20, -14, 0],
	[12, 13, 14, 14, 14, 2, 1, 12, 1, 1] => QQFieldElem[-7, 7, -3, -3],
	[12, 13, 14, 14, 11, 1, 2, 13, 2, 2] => QQFieldElem[2, 0, -2, 3],
	[12, 13, 14, 14, 7, 1, 1, 12, 1, 2] => QQFieldElem[14, -6, -6, 14],
	[12, 13, 14, 14, 3, 1, 1, 5, 1, 1] => QQFieldElem[-1, 0, 1, -2],
	[12, 13, 14, 14, 6, 1, 1, 9, 1, 1] => QQFieldElem[-1, 1, 0, 0],
	[12, 13, 14, 14, 14, 1, 1, 10, 1, 1] => QQFieldElem[-4, 4//3, 4//3, -10//3],
	[12, 13, 14, 14, 14, 2, 2, 10, 1, 1] => QQFieldElem[-5//6, -7//6, 5//2, -13//6],
	[12, 13, 14, 14, 11, 1, 1, 5, 1, 1] => QQFieldElem[10, -17, 14, -3],
	[12, 13, 14, 14, 6, 1, 1, 13, 1, 2] => QQFieldElem[13//2, -1, -9//2, 8],
	[12, 13, 14, 14, 11, 1, 2, 12, 1, 1] => QQFieldElem[-7, 3, 2, -6],
	[12, 13, 14, 14, 14, 1, 1, 12, 1, 2] => QQFieldElem[-4, 8, -8, 4],
	[12, 13, 14, 14, 8, 1, 1, 5, 1, 1] => QQFieldElem[7, -7, 3, 3],
	[12, 13, 14, 14, 14, 2, 2, 12, 1, 2] => QQFieldElem[-4, 4, -1, -2],
	[12, 13, 14, 14, 3, 1, 1, 10, 1, 1] => QQFieldElem[-1//3, 1, -1//3, -1//3],
	[12, 13, 14, 14, 6, 1, 1, 13, 2, 2] => QQFieldElem[-2, -1//2, 3, -7//2],
	[12, 13, 14, 14, 14, 1, 2, 4, 1, 1] => QQFieldElem[3, 3//2, -5, 11//2],
	[12, 13, 14, 14, 14, 1, 2, 13, 1, 1] => QQFieldElem[9//2, -3, -1//2, 4],
	[12, 13, 14, 14, 7, 1, 1, 9, 1, 1] => QQFieldElem[2, 6, -10, 8],
	[12, 13, 14, 14, 14, 2, 1, 4, 1, 1] => QQFieldElem[2, 0, -2, 3],
	[12, 13, 14, 14, 14, 2, 1, 13, 1, 1] => QQFieldElem[-2, -2, 5, -5],
	[12, 13, 14, 14, 11, 1, 1, 10, 1, 1] => QQFieldElem[-19//3, -1//3, 19//3, -9],
	[12, 13, 14, 14, 14, 1, 2, 13, 2, 1] => QQFieldElem[0, 1, -1, 0],
	[12, 13, 14, 14, 7, 1, 1, 13, 1, 2] => QQFieldElem[0, 0, 0, 0],
	[12, 13, 14, 14, 3, 1, 1, 12, 1, 2] => QQFieldElem[1, -1, 1, 0],
	[12, 13, 14, 14, 14, 2, 1, 13, 2, 1] => QQFieldElem[1, 1, -5//2, 5//2],
	[12, 13, 14, 14, 8, 1, 1, 10, 1, 1] => QQFieldElem[-2//3, -2, 10//3, -8//3],
	[12, 13, 14, 14, 14, 1, 1, 9, 1, 1] => QQFieldElem[6, -6, 4, 2],
	[12, 13, 14, 14, 6, 1, 1, 12, 1, 1] => QQFieldElem[-3, -10, 17, -14],
	[12, 13, 14, 14, 11, 1, 1, 12, 1, 2] => QQFieldElem[0, 1, -2, 1],
	[12, 13, 14, 14, 14, 2, 2, 9, 1, 1] => QQFieldElem[4, -2, -2, 4],
	[12, 13, 14, 14, 7, 1, 1, 13, 2, 2] => QQFieldElem[0, 0, 0, 0],
	[12, 13, 14, 14, 11, 1, 2, 4, 1, 1] => QQFieldElem[0, 5, -7, 5],
	[12, 13, 14, 14, 11, 1, 2, 13, 1, 1] => QQFieldElem[-1, 0, 1, -2],
	[12, 13, 14, 14, 8, 1, 1, 12, 1, 2] => QQFieldElem[11//2, -11//2, 3//2, 7//2],
	[12, 13, 14, 14, 14, 1, 1, 13, 1, 2] => QQFieldElem[0, 0, 0, 0],
	[12, 13, 14, 14, 14, 2, 2, 13, 1, 2] => QQFieldElem[-1//2, -1//2, 3//2, -3//2],
	[12, 13, 14, 14, 3, 1, 1, 9, 1, 1] => QQFieldElem[0, -1, 1, -1],
	[12, 13, 14, 14, 11, 1, 2, 13, 2, 1] => QQFieldElem[1//2, 3//2, -5//2, 5//2],
	[12, 13, 14, 14, 14, 1, 1, 13, 2, 2] => QQFieldElem[2, -1, 0, 1],
	[12, 13, 14, 14, 7, 1, 1, 12, 1, 1] => QQFieldElem[-25, 23, -7, -13],
	[12, 13, 14, 14, 14, 2, 2, 13, 2, 2] => QQFieldElem[1//2, 1//2, -3//2, 3//2],
	[12, 13, 14, 14, 11, 1, 1, 9, 1, 1] => QQFieldElem[15, -13, 3, 9],
	[12, 13, 14, 14, 3, 1, 1, 13, 1, 2] => QQFieldElem[-8, 9, -5, -2],
	[12, 13, 14, 14, 14, 1, 2, 5, 1, 1] => QQFieldElem[-6, 8, -6, 0],
	[12, 13, 14, 14, 8, 1, 1, 9, 1, 1] => QQFieldElem[11//2, -5//2, -5//2, 11//2],
	[12, 13, 14, 14, 6, 1, 1, 4, 1, 1] => QQFieldElem[1//2, 0, -1//2, 1],
	[12, 13, 14, 14, 6, 1, 1, 13, 1, 1] => QQFieldElem[17//2, 7//2, -27//2, 31//2],
	[12, 13, 14, 14, 14, 2, 1, 5, 1, 1] => QQFieldElem[-3, 4, -3, 0],
	[12, 13, 14, 14, 3, 1, 1, 13, 2, 2] => QQFieldElem[0, 7//2, -5, 7//2],
	[12, 13, 14, 14, 11, 1, 1, 13, 1, 2] => QQFieldElem[0, 0, 0, 0],
	[12, 13, 14, 14, 14, 1, 1, 12, 1, 1] => QQFieldElem[-7, -3, 11, -13],
	[12, 13, 14, 14, 14, 2, 2, 12, 1, 1] => QQFieldElem[11, -9, 1, 7],
	[12, 13, 14, 14, 8, 1, 1, 13, 1, 2] => QQFieldElem[7, 0, -7, 10],
	[12, 13, 14, 14, 6, 1, 1, 13, 2, 1] => QQFieldElem[1, -7, 9, -6],
	[12, 13, 14, 14, 11, 1, 1, 13, 2, 2] => QQFieldElem[-3, 5, -4, 1],
	[12, 13, 14, 14, 14, 1, 2, 10, 1, 1] => QQFieldElem[8//3, 2//3, -11//3, 5],
	[12, 13, 14, 14, 8, 1, 1, 13, 2, 2] => QQFieldElem[-1//2, -7//2, 11//2, -9//2],
	[12, 13, 14, 14, 7, 1, 1, 4, 1, 1] => QQFieldElem[8, -9, 5, 2],
	[12, 13, 14, 14, 7, 1, 1, 13, 1, 1] => QQFieldElem[-4, -3, 17//2, -17//2],
	[12, 13, 14, 14, 14, 2, 1, 10, 1, 1] => QQFieldElem[5//3, -1//3, -5//3, 2],
	[12, 13, 14, 14, 11, 1, 2, 5, 1, 1] => QQFieldElem[-10, 9, -3, -5],
	[12, 13, 14, 14, 3, 1, 1, 12, 1, 1] => QQFieldElem[0, 2, -2, 1])