Dict(
	[12, 10, 13, 13, 12, 1, 1, 12, 1, 2] => QQFieldElem[1, 0, -1, 2],
	[12, 10, 13, 13, 9, 1, 1, 12, 1, 2] => QQFieldElem[-2, 0, 1, -2],
	[12, 10, 13, 13, 13, 1, 1, 10, 1, 1] => QQFieldElem[1, -1, 0, 0],
	[12, 10, 13, 13, 13, 1, 1, 13, 1, 2] => QQFieldElem[-22//17, 10//17, -3//17, -11//17],
	[12, 10, 13, 13, 5, 1, 1, 10, 1, 1] => QQFieldElem[-1, 0, 0, 0],
	[12, 10, 13, 13, 5, 1, 1, 13, 1, 2] => QQFieldElem[7//17, -14//17, 11//17, -5//17],
	[12, 10, 13, 13, 10, 1, 1, 12, 1, 2] => QQFieldElem[3//2, -1//2, -1//2, 3//2],
	[12, 10, 13, 13, 12, 1, 1, 4, 1, 1] => QQFieldElem[-2, 0, 2, -3],
	[12, 10, 13, 13, 13, 2, 1, 10, 1, 1] => QQFieldElem[-1, 0, 0, -1],
	[12, 10, 13, 13, 12, 1, 1, 13, 1, 1] => QQFieldElem[8//17, 1//17, -2//17, 4//17],
	[12, 10, 13, 13, 9, 1, 1, 4, 1, 1] => QQFieldElem[1//2, 1//2, -3//2, 3//2],
	[12, 10, 13, 13, 9, 1, 1, 13, 1, 1] => QQFieldElem[-7//17, -3//17, 23//17, -12//17],
	[12, 10, 13, 13, 13, 2, 1, 13, 1, 2] => QQFieldElem[21//17, -8//17, -18//17, 19//17],
	[12, 10, 13, 13, 10, 1, 1, 4, 1, 1] => QQFieldElem[1, 1, -2, 2],
	[12, 10, 13, 13, 13, 1, 1, 12, 1, 2] => QQFieldElem[-3, 1, 0, -2],
	[12, 10, 13, 13, 10, 1, 1, 13, 1, 1] => QQFieldElem[14//17, 6//17, -12//17, 24//17],
	[12, 10, 13, 13, 5, 1, 1, 12, 1, 2] => QQFieldElem[1, 0, -1, 1],
	[12, 10, 13, 13, 12, 1, 1, 12, 1, 1] => QQFieldElem[1, 0, 0, 1],
	[12, 10, 13, 13, 13, 2, 1, 12, 1, 2] => QQFieldElem[2, 0, -1, 3],
	[12, 10, 13, 13, 9, 1, 1, 12, 1, 1] => QQFieldElem[3//2, -1//2, -1//2, 3//2],
	[12, 10, 13, 13, 13, 1, 1, 4, 1, 1] => QQFieldElem[-1, -1, 2, -2],
	[12, 10, 13, 13, 13, 1, 1, 13, 1, 1] => QQFieldElem[11//17, -22//17, -7//17, 14//17],
	[12, 10, 13, 13, 10, 1, 1, 12, 1, 1] => QQFieldElem[-3//2, 1//2, 1//2, -3//2],
	[12, 10, 13, 13, 5, 1, 1, 4, 1, 1] => QQFieldElem[1, 0, -1, 1],
	[12, 10, 13, 13, 5, 1, 1, 13, 1, 1] => QQFieldElem[-2//17, 4//17, 9//17, -1//17],
	[12, 10, 13, 13, 13, 2, 1, 4, 1, 1] => QQFieldElem[2, -1, -1, 2],
	[12, 10, 13, 13, 13, 2, 1, 13, 1, 1] => QQFieldElem[-27//17, 3//17, 11//17, -22//17],
	[12, 10, 13, 13, 12, 1, 1, 10, 1, 1] => QQFieldElem[1, -1//2, 0, 3//2],
	[12, 10, 13, 13, 13, 1, 1, 12, 1, 1] => QQFieldElem[2, -1, 0, 3],
	[12, 10, 13, 13, 12, 1, 1, 13, 1, 2] => QQFieldElem[29//34, -7//34, -3//34, 23//34],
	[12, 10, 13, 13, 9, 1, 1, 10, 1, 1] => QQFieldElem[-1//2, 1//2, 1//2, -1//2],
	[12, 10, 13, 13, 5, 1, 1, 12, 1, 1] => QQFieldElem[1//2, -1//2, -1//2, 1//2],
	[12, 10, 13, 13, 9, 1, 1, 13, 1, 2] => QQFieldElem[-6//17, 12//17, -24//17, 14//17],
	[12, 10, 13, 13, 13, 2, 1, 12, 1, 1] => QQFieldElem[-3, 0, 2, -3],
	[12, 10, 13, 13, 10, 1, 1, 10, 1, 1] => QQFieldElem[-1//2, 3//2, 1//2, -1//2],
	[12, 10, 13, 13, 10, 1, 1, 13, 1, 2] => QQFieldElem[-1//17, -15//17, 13//17, -9//17])