Dict(
	[13, 5, 12, 13, 13, 1, 1, 12, 1, 1] => QQFieldElem[1, -1, 1, 0],
	[13, 5, 12, 13, 9, 1, 1, 10, 1, 1] => QQFieldElem[-1, -1, 2, -2],
	[13, 5, 12, 13, 5, 1, 1, 12, 1, 1] => QQFieldElem[-1//2, 0, 1//2, -1],
	[13, 5, 12, 13, 9, 1, 1, 13, 1, 2] => QQFieldElem[0, -3//2, 1, -1//2],
	[13, 5, 12, 13, 13, 2, 1, 12, 1, 1] => QQFieldElem[-1, 0, 1, -1],
	[13, 5, 12, 13, 13, 1, 1, 10, 1, 1] => QQFieldElem[-1, 1, 0, -1],
	[13, 5, 12, 13, 13, 1, 1, 13, 1, 2] => QQFieldElem[-1//2, 1, -3//2, 0],
	[13, 5, 12, 13, 5, 1, 1, 10, 1, 1] => QQFieldElem[1//2, 1//2, -3//2, 3//2],
	[13, 5, 12, 13, 5, 1, 1, 13, 1, 2] => QQFieldElem[-1//2, 3//2, -3//2, 1//2],
	[13, 5, 12, 13, 13, 2, 1, 10, 1, 1] => QQFieldElem[1, 0, -1, 1],
	[13, 5, 12, 13, 13, 2, 1, 13, 1, 2] => QQFieldElem[1, -1//2, -1, 3//2],
	[13, 5, 12, 13, 9, 1, 1, 13, 1, 1] => QQFieldElem[3//2, -1, -1//2, 1],
	[13, 5, 12, 13, 9, 1, 1, 12, 1, 1] => QQFieldElem[1, 0, -1, 2],
	[13, 5, 12, 13, 13, 1, 1, 13, 1, 1] => QQFieldElem[1, -1//2, 0, 1//2],
	[13, 5, 12, 13, 5, 1, 1, 13, 1, 1] => QQFieldElem[1//2, -1, 1//2, 0],
	[13, 5, 12, 13, 13, 2, 1, 13, 1, 1] => QQFieldElem[-3//2, 1//2, 1//2, -3//2])