Dict(
	[13, 8, 12, 14, 11, 2, 1, 14, 1, 1] => QQFieldElem[8//3, -10//3, 2, 2//3],
	[13, 8, 12, 14, 11, 2, 1, 11, 1, 1] => QQFieldElem[-3, 4, -2, -1],
	[13, 8, 12, 14, 11, 1, 1, 7, 1, 1] => QQFieldElem[1, 2, -3, 2],
	[13, 8, 12, 14, 14, 2, 1, 14, 1, 2] => QQFieldElem[5//3, -7//3, 2, -1//3],
	[13, 8, 12, 14, 8, 1, 1, 14, 1, 1] => QQFieldElem[3, -2, 0, 2],
	[13, 8, 12, 14, 6, 1, 1, 14, 1, 2] => QQFieldElem[2//3, -4//3, 1, -1//3],
	[13, 8, 12, 14, 14, 1, 1, 8, 1, 1] => QQFieldElem[3//2, 5//2, -11//2, 7//2],
	[13, 8, 12, 14, 11, 2, 1, 7, 1, 1] => QQFieldElem[-2, -1, 3, -4],
	[13, 8, 12, 14, 8, 1, 1, 11, 1, 1] => QQFieldElem[1, -1, 1, 0],
	[13, 8, 12, 14, 14, 2, 1, 8, 1, 1] => QQFieldElem[9//2, -3//2, -3//2, 9//2],
	[13, 8, 12, 14, 11, 1, 1, 3, 1, 1] => QQFieldElem[-1, 3, -4, 2],
	[13, 8, 12, 14, 8, 1, 1, 7, 1, 1] => QQFieldElem[1, 0, -1, 1],
	[13, 8, 12, 14, 6, 1, 1, 8, 1, 1] => QQFieldElem[1//2, 1//2, 3//2, 1//2],
	[13, 8, 12, 14, 11, 2, 1, 3, 1, 1] => QQFieldElem[-1, -3, 5, -4],
	[13, 8, 12, 14, 14, 1, 1, 14, 1, 1] => QQFieldElem[3, -2, 0, 2],
	[13, 8, 12, 14, 14, 1, 1, 11, 1, 1] => QQFieldElem[5//2, -3//2, -1//2, 5//2],
	[13, 8, 12, 14, 8, 1, 1, 3, 1, 1] => QQFieldElem[1, 1, -2, 2],
	[13, 8, 12, 14, 14, 2, 1, 14, 1, 1] => QQFieldElem[-5//2, 7//2, -5//2, 1//2],
	[13, 8, 12, 14, 14, 2, 1, 11, 1, 1] => QQFieldElem[3//2, -5//2, 3//2, 1//2],
	[13, 8, 12, 14, 14, 1, 1, 7, 1, 1] => QQFieldElem[-3//2, 5//2, -5//2, 1//2],
	[13, 8, 12, 14, 6, 1, 1, 14, 1, 1] => QQFieldElem[0, 1//6, 1//3, -1//6],
	[13, 8, 12, 14, 6, 1, 1, 11, 1, 1] => QQFieldElem[-1//2, -1//2, 1//2, -1//2],
	[13, 8, 12, 14, 11, 1, 1, 14, 1, 2] => QQFieldElem[-1//3, -1//3, 0, -1//3],
	[13, 8, 12, 14, 14, 2, 1, 7, 1, 1] => QQFieldElem[3//2, 1//2, -5//2, 5//2],
	[13, 8, 12, 14, 11, 2, 1, 14, 1, 2] => QQFieldElem[1//3, -2//3, 1, -2//3],
	[13, 8, 12, 14, 14, 1, 1, 3, 1, 1] => QQFieldElem[-2, 3, -2, 0],
	[13, 8, 12, 14, 6, 1, 1, 7, 1, 1] => QQFieldElem[1//2, 0, 0, -1//2],
	[13, 8, 12, 14, 11, 1, 1, 8, 1, 1] => QQFieldElem[3, 0, -6, 3],
	[13, 8, 12, 14, 8, 1, 1, 14, 1, 2] => QQFieldElem[-7//2, 9//2, -5//2, -1//2],
	[13, 8, 12, 14, 14, 2, 1, 3, 1, 1] => QQFieldElem[0, 2, -3, 2],
	[13, 8, 12, 14, 11, 2, 1, 8, 1, 1] => QQFieldElem[-6, 3, 3, -6],
	[13, 8, 12, 14, 6, 1, 1, 3, 1, 1] => QQFieldElem[1//2, 0, 1//2, 0],
	[13, 8, 12, 14, 8, 1, 1, 8, 1, 1] => QQFieldElem[2, -1, 0, 2],
	[13, 8, 12, 14, 11, 1, 1, 14, 1, 1] => QQFieldElem[10//3, -5//3, -1, 10//3],
	[13, 8, 12, 14, 11, 1, 1, 11, 1, 1] => QQFieldElem[4, -2, -1, 3],
	[13, 8, 12, 14, 14, 1, 1, 14, 1, 2] => QQFieldElem[3, -2, 0, 2])