Dict(
	[13, 8, 14, 10, 13, 1, 1, 3, 1, 1] => QQFieldElem[2, -2, 0, 2],
	[13, 8, 14, 10, 5, 1, 1, 3, 1, 1] => QQFieldElem[0, -1, 0, -1],
	[13, 8, 14, 10, 12, 1, 1, 8, 1, 1] => QQFieldElem[-9//2, 7//2, 1//2, -7//2],
	[13, 8, 14, 10, 9, 1, 1, 8, 1, 1] => QQFieldElem[1, -1, 0, 1],
	[13, 8, 14, 10, 10, 1, 1, 8, 1, 1] => QQFieldElem[2, 0, -2, 3],
	[13, 8, 14, 10, 12, 1, 1, 14, 1, 1] => QQFieldElem[1//2, -27//2, 37//2, -23//2],
	[13, 8, 14, 10, 12, 1, 1, 11, 1, 1] => QQFieldElem[-11, 4, 5, -12],
	[13, 8, 14, 10, 9, 1, 1, 14, 1, 1] => QQFieldElem[0, 3, -4, 3],
	[13, 8, 14, 10, 9, 1, 1, 11, 1, 1] => QQFieldElem[3, -1, -1, 3],
	[13, 8, 14, 10, 13, 1, 1, 8, 1, 1] => QQFieldElem[3, -2, 0, 2],
	[13, 8, 14, 10, 5, 1, 1, 8, 1, 1] => QQFieldElem[0, -1//2, 0, -1//2],
	[13, 8, 14, 10, 12, 1, 1, 7, 1, 1] => QQFieldElem[1//2, -17//2, 23//2, -15//2],
	[13, 8, 14, 10, 10, 1, 1, 11, 1, 1] => QQFieldElem[2, 2, -6, 6],
	[13, 8, 14, 10, 9, 1, 1, 7, 1, 1] => QQFieldElem[0, 3, -4, 3],
	[13, 8, 14, 10, 10, 1, 1, 14, 1, 1] => QQFieldElem[-6, 8, -6, 0],
	[13, 8, 14, 10, 10, 1, 1, 7, 1, 1] => QQFieldElem[-4, 6, -4, 0],
	[13, 8, 14, 10, 12, 1, 1, 3, 1, 1] => QQFieldElem[-9//2, 7//2, 1//2, -7//2],
	[13, 8, 14, 10, 13, 1, 1, 14, 1, 1] => QQFieldElem[0, 10, -14, 10],
	[13, 8, 14, 10, 9, 1, 1, 3, 1, 1] => QQFieldElem[2, -1, 0, 1],
	[13, 8, 14, 10, 13, 1, 1, 11, 1, 1] => QQFieldElem[8, -3, -3, 8],
	[13, 8, 14, 10, 5, 1, 1, 14, 1, 1] => QQFieldElem[0, -1, 0, 1],
	[13, 8, 14, 10, 5, 1, 1, 11, 1, 1] => QQFieldElem[1//2, -1//2, 1//2, -1//2],
	[13, 8, 14, 10, 10, 1, 1, 3, 1, 1] => QQFieldElem[2, 0, -2, 4],
	[13, 8, 14, 10, 13, 1, 1, 7, 1, 1] => QQFieldElem[0, 5, -7, 5],
	[13, 8, 14, 10, 5, 1, 1, 7, 1, 1] => QQFieldElem[1, -1//2, 0, 1//2])