Dict(
	[14, 13, 7, 10, 11, 1, 1, 14, 1, 1] => QQFieldElem[0, 1, -1, 0],
	[14, 13, 7, 10, 7, 1, 1, 14, 1, 1] => QQFieldElem[-4//3, 2//3, -2//3, 0],
	[14, 13, 7, 10, 11, 1, 1, 7, 1, 1] => QQFieldElem[1//2, 0, -1//2, 1],
	[14, 13, 7, 10, 14, 1, 1, 6, 1, 1] => QQFieldElem[-1//2, 1//2, -1//2, 1//2],
	[14, 13, 7, 10, 7, 1, 1, 7, 1, 1] => QQFieldElem[1//2, 0, -1//2, 1],
	[14, 13, 7, 10, 8, 1, 1, 14, 1, 1] => QQFieldElem[-4//3, 4//3, 0, -2//3],
	[14, 13, 7, 10, 11, 1, 1, 14, 2, 1] => QQFieldElem[1, -3, 3, -1],
	[14, 13, 7, 10, 7, 1, 1, 14, 2, 1] => QQFieldElem[8//3, -3, 5//3, 2//3],
	[14, 13, 7, 10, 8, 1, 1, 7, 1, 1] => QQFieldElem[-3//2, 0, 3//2, -2],
	[14, 13, 7, 10, 8, 1, 1, 14, 2, 1] => QQFieldElem[-2//3, 4//3, -4//3, 0],
	[14, 13, 7, 10, 14, 1, 1, 14, 1, 1] => QQFieldElem[-1, 2, -1, 0],
	[14, 13, 7, 10, 14, 1, 1, 7, 1, 1] => QQFieldElem[1//2, 0, -1//2, 1],
	[14, 13, 7, 10, 14, 1, 1, 14, 2, 1] => QQFieldElem[0, 1, -2, 1],
	[14, 13, 7, 10, 11, 1, 1, 6, 1, 1] => QQFieldElem[-1//2, 1//2, 1//2, -1//2],
	[14, 13, 7, 10, 7, 1, 1, 6, 1, 1] => QQFieldElem[-1//2, 1//2, -1//2, -1//2],
	[14, 13, 7, 10, 8, 1, 1, 6, 1, 1] => QQFieldElem[3//2, -3//2, 1//2, 1//2])