Dict(
	[13, 13, 15, 15, 7, 9] => QQFieldElem[0, 1, 2, 1],
	[13, 13, 15, 15, 3, 1] => QQFieldElem[1, 0, -1, -1],
	[13, 13, 15, 15, 15, 1] => QQFieldElem[-7, -7, 0, 4],
	[13, 13, 15, 15, 6, 13] => QQFieldElem[0, 1//5, 3//5, 1//5],
	[13, 13, 15, 15, 6, 10] => QQFieldElem[0, 1, 2, 1],
	[13, 13, 15, 15, 3, 9] => QQFieldElem[-1, 0, 0, -1],
	[13, 13, 15, 15, 15, 9] => QQFieldElem[0, -3, -4, -3],
	[13, 13, 15, 15, 7, 13] => QQFieldElem[0, 1//5, 3//5, 1//5],
	[13, 13, 15, 15, 7, 10] => QQFieldElem[0, 1, 1, 1],
	[13, 13, 15, 15, 6, 1] => QQFieldElem[3, 3, 0, -2],
	[13, 13, 15, 15, 3, 13] => QQFieldElem[-4//5, -1//5, -1//5, -4//5],
	[13, 13, 15, 15, 15, 13] => QQFieldElem[0, -1, -2, -1],
	[13, 13, 15, 15, 3, 10] => QQFieldElem[-1, 0, 0, -1],
	[13, 13, 15, 15, 15, 10] => QQFieldElem[0, -3, -4, -3],
	[13, 13, 15, 15, 6, 9] => QQFieldElem[0, 1, 1, 1],
	[13, 13, 15, 15, 7, 1] => QQFieldElem[3, 3, 0, -2])