Dict(
	[16, 8, 7, 16, 2, 12] => QQFieldElem[1, 1, 0, 0],
	[16, 8, 7, 16, 4, 16] => QQFieldElem[-3//5, 4//5, -4//5, 3//5],
	[16, 8, 7, 16, 4, 12] => QQFieldElem[-1, -1, 0, -1],
	[16, 8, 7, 16, 8, 14] => QQFieldElem[2, 0, 1, 1],
	[16, 8, 7, 16, 2, 14] => QQFieldElem[-3//5, 4//5, -4//5, 3//5],
	[16, 8, 7, 16, 6, 10] => QQFieldElem[0, 1, -1, 0],
	[16, 8, 7, 16, 4, 14] => QQFieldElem[4//5, -7//5, 7//5, -4//5],
	[16, 8, 7, 16, 6, 16] => QQFieldElem[0, 0, 1, 1],
	[16, 8, 7, 16, 6, 12] => QQFieldElem[-1, -1, 1, 1],
	[16, 8, 7, 16, 8, 10] => QQFieldElem[1, -1, 1, -1],
	[16, 8, 7, 16, 2, 10] => QQFieldElem[-1, -1, 0, -1],
	[16, 8, 7, 16, 8, 16] => QQFieldElem[-1, 0, -1, -1],
	[16, 8, 7, 16, 4, 10] => QQFieldElem[1, 1, 0, 2],
	[16, 8, 7, 16, 6, 14] => QQFieldElem[-1, 0, -1, -1],
	[16, 8, 7, 16, 2, 16] => QQFieldElem[2//5, -1//5, 1//5, -2//5],
	[16, 8, 7, 16, 8, 12] => QQFieldElem[0, 1, -1, 0])