Dict(
	[12, 12, 12, 4, 9, 9] => QQFieldElem[1, 0, -1, -1],
	[12, 12, 12, 4, 10, 10] => QQFieldElem[-1, -1, 0, 1],
	[12, 12, 12, 4, 11, 11] => QQFieldElem[0, 1, 2, 1],
	[12, 12, 12, 4, 11, 9] => QQFieldElem[-1, 1, 3, 2],
	[12, 12, 12, 4, 12, 10] => QQFieldElem[2, 1, -1, -2],
	[12, 12, 12, 4, 10, 12] => QQFieldElem[-1//5, -2//5, 2//5, 1//5],
	[12, 12, 12, 4, 12, 12] => QQFieldElem[1, 0, -1, -1],
	[12, 12, 12, 4, 9, 10] => QQFieldElem[-1, -1, 0, 0],
	[12, 12, 12, 4, 10, 11] => QQFieldElem[-1//5, -2//5, -3//5, -4//5],
	[12, 12, 12, 4, 10, 9] => QQFieldElem[1, 0, -1, -1],
	[12, 12, 12, 4, 11, 10] => QQFieldElem[1, 1, -1, -1],
	[12, 12, 12, 4, 12, 11] => QQFieldElem[0, 1, 2, 1],
	[12, 12, 12, 4, 12, 9] => QQFieldElem[-1, 1, 3, 2],
	[12, 12, 12, 4, 9, 12] => QQFieldElem[-2//5, 1//5, -1//5, 2//5],
	[12, 12, 12, 4, 11, 12] => QQFieldElem[0, 0, -1, -1],
	[12, 12, 12, 4, 9, 11] => QQFieldElem[-1//5, -2//5, -3//5, -4//5])