Dict(
	[14, 15, 16, 13, 2, 12] => QQFieldElem[0, -1, -1, 0],
	[14, 15, 16, 13, 2, 8] => QQFieldElem[0, 1, 1, 1],
	[14, 15, 16, 13, 14, 16] => QQFieldElem[1, 0, -2, -2],
	[14, 15, 16, 13, 14, 12] => QQFieldElem[0, -3, -5, -3],
	[14, 15, 16, 13, 14, 8] => QQFieldElem[-2, 0, 3, 3],
	[14, 15, 16, 13, 6, 4] => QQFieldElem[0, -3, -5, -3],
	[14, 15, 16, 13, 6, 16] => QQFieldElem[0, 0, 1, 1],
	[14, 15, 16, 13, 10, 4] => QQFieldElem[-2, -5, -5, -2],
	[14, 15, 16, 13, 6, 12] => QQFieldElem[0, 1, 2, 1],
	[14, 15, 16, 13, 6, 8] => QQFieldElem[1, 0, -2, -2],
	[14, 15, 16, 13, 2, 4] => QQFieldElem[1, 3, 3, 1],
	[14, 15, 16, 13, 14, 4] => QQFieldElem[0, 5, 8, 5],
	[14, 15, 16, 13, 10, 16] => QQFieldElem[0, 1, 1, 1],
	[14, 15, 16, 13, 2, 16] => QQFieldElem[0, -1, 0, -1],
	[14, 15, 16, 13, 10, 12] => QQFieldElem[1, 3, 3, 1],
	[14, 15, 16, 13, 10, 8] => QQFieldElem[0, -1, -2, -1])