Dict(
	[9, 9, 8, 8, 2, 6] => QQFieldElem[1, 0, -1, -1//2, -1//2, -1],
	[9, 9, 8, 8, 3, 1] => QQFieldElem[1, 0, 2, 2, 2, 2],
	[9, 9, 8, 8, 8, 9] => QQFieldElem[2, 0, -5, -9, -9, -5],
	[9, 9, 8, 8, 6, 4] => QQFieldElem[-11//2, 0, -9//2, -2, -2, -9//2],
	[9, 9, 8, 8, 2, 9] => QQFieldElem[4, 0, -5, -5, -5, -5],
	[9, 9, 8, 8, 8, 3] => QQFieldElem[0, 0, -2, -3, -3, -2],
	[9, 9, 8, 8, 3, 6] => QQFieldElem[1//2, 0, -1//2, -1, -1, -1//2],
	[9, 9, 8, 8, 3, 9] => QQFieldElem[2, 0, -4, -7, -7, -4],
	[9, 9, 8, 8, 2, 3] => QQFieldElem[1, 0, -2, -3, -3, -2],
	[9, 9, 8, 8, 8, 7] => QQFieldElem[-5//7, 0, 1//7, 5//7, 5//7, 1//7],
	[9, 9, 8, 8, 3, 3] => QQFieldElem[2, 0, -1, -3, -3, -1],
	[9, 9, 8, 8, 2, 7] => QQFieldElem[5//7, 0, -1//7, 9//7, 9//7, -1//7],
	[9, 9, 8, 8, 9, 1] => QQFieldElem[13, 0, 9, 2, 2, 9],
	[9, 9, 8, 8, 3, 7] => QQFieldElem[-2//7, 0, 6//7, 9//7, 9//7, 6//7],
	[9, 9, 8, 8, 9, 6] => QQFieldElem[3, 0, 7//2, 2, 2, 7//2],
	[9, 9, 8, 8, 5, 1] => QQFieldElem[-1, 0, 0, 0, 0, 0],
	[9, 9, 8, 8, 8, 4] => QQFieldElem[-1, 0, -1, -1//2, -1//2, -1],
	[9, 9, 8, 8, 9, 9] => QQFieldElem[-2, 0, 11, 18, 18, 11],
	[9, 9, 8, 8, 5, 6] => QQFieldElem[-1//2, 0, 1//2, 1//2, 1//2, 1//2],
	[9, 9, 8, 8, 2, 4] => QQFieldElem[1//2, 0, -1//2, 0, 0, -1//2],
	[9, 9, 8, 8, 5, 9] => QQFieldElem[2, 0, -2, -1, -1, -2],
	[9, 9, 8, 8, 9, 3] => QQFieldElem[9, 0, 11, 9, 9, 11],
	[9, 9, 8, 8, 6, 1] => QQFieldElem[-11, 0, -9, -4, -4, -9],
	[9, 9, 8, 8, 3, 4] => QQFieldElem[1//2, 0, 0, -1//2, -1//2, 0],
	[9, 9, 8, 8, 6, 6] => QQFieldElem[-5//2, 0, -2, -1, -1, -2],
	[9, 9, 8, 8, 5, 3] => QQFieldElem[0, 0, -1, -2, -2, -1],
	[9, 9, 8, 8, 9, 7] => QQFieldElem[4, 0, 1, -2, -2, 1],
	[9, 9, 8, 8, 6, 9] => QQFieldElem[-1, 0, -1, 0, 0, -1],
	[9, 9, 8, 8, 5, 7] => QQFieldElem[3//7, 0, -2//7, 4//7, 4//7, -2//7],
	[9, 9, 8, 8, 6, 3] => QQFieldElem[-9, 0, -7, -3, -3, -7],
	[9, 9, 8, 8, 9, 4] => QQFieldElem[8, 0, 13//2, 7//2, 7//2, 13//2],
	[9, 9, 8, 8, 6, 7] => QQFieldElem[-15//7, 0, -11//7, -6//7, -6//7, -11//7],
	[9, 9, 8, 8, 8, 1] => QQFieldElem[-2, 0, -1, 0, 0, -1],
	[9, 9, 8, 8, 5, 4] => QQFieldElem[-1//2, 0, 0, 0, 0, 0],
	[9, 9, 8, 8, 2, 1] => QQFieldElem[0, 0, 0, 1, 1, 0],
	[9, 9, 8, 8, 8, 6] => QQFieldElem[0, 0, -1//2, -1//2, -1//2, -1//2])