Dict(
	[16, 11, 15, 12, 8, 6] => QQFieldElem[0, 0, 3, 0, -5, 0, 3, 0],
	[16, 11, 15, 12, 8, 11] => QQFieldElem[1//5, 0, -1//5, 0, 0, 0, 2//5, 0],
	[16, 11, 15, 12, 5, 10] => QQFieldElem[-1, 0, 0, 0, -1, 0, 0, 0],
	[16, 11, 15, 12, 12, 6] => QQFieldElem[0, 0, -7, 0, 11, 0, -7, 0],
	[16, 11, 15, 12, 12, 11] => QQFieldElem[-1, 0, 1, 0, 0, 0, -1, 0],
	[16, 11, 15, 12, 8, 7] => QQFieldElem[1, 0, -1, 0, 0, 0, 1, 0],
	[16, 11, 15, 12, 12, 7] => QQFieldElem[-3, 0, 3, 0, 0, 0, -1, 0],
	[16, 11, 15, 12, 9, 6] => QQFieldElem[0, 0, 3, 0, -5, 0, 3, 0],
	[16, 11, 15, 12, 9, 11] => QQFieldElem[1//5, 0, -1//5, 0, 0, 0, 2//5, 0],
	[16, 11, 15, 12, 5, 6] => QQFieldElem[-1, 0, 0, 0, 1, 0, -1, 0],
	[16, 11, 15, 12, 8, 10] => QQFieldElem[1, 0, -1, 0, 0, 0, 0, 0],
	[16, 11, 15, 12, 5, 11] => QQFieldElem[-3//5, 0, -1//5, 0, -3//5, 0, 0, 0],
	[16, 11, 15, 12, 12, 10] => QQFieldElem[-3, 0, 3, 0, 0, 0, -1, 0],
	[16, 11, 15, 12, 9, 7] => QQFieldElem[1, 0, -1, 0, 0, 0, 0, 0],
	[16, 11, 15, 12, 5, 7] => QQFieldElem[-1, 0, 0, 0, -1, 0, 0, 0],
	[16, 11, 15, 12, 9, 10] => QQFieldElem[1, 0, -1, 0, 0, 0, 1, 0])