Dict(
	[12, 16, 10, 14, 16, 5] => QQFieldElem[2, -1, 2, 0],
	[12, 16, 10, 14, 15, 6] => QQFieldElem[0, 1, 0, 0],
	[12, 16, 10, 14, 15, 14] => QQFieldElem[-1, -1, -1, 0],
	[12, 16, 10, 14, 7, 13] => QQFieldElem[-1, -1, -1, 0],
	[12, 16, 10, 14, 16, 6] => QQFieldElem[2, 0, 1, 1],
	[12, 16, 10, 14, 8, 13] => QQFieldElem[1, 0, 0, 0],
	[12, 16, 10, 14, 16, 14] => QQFieldElem[1, 0, 1, 1],
	[12, 16, 10, 14, 7, 5] => QQFieldElem[-1, 0, -1, 0],
	[12, 16, 10, 14, 15, 13] => QQFieldElem[0, 1, 0, 1],
	[12, 16, 10, 14, 8, 5] => QQFieldElem[2, 0, 1, 1],
	[12, 16, 10, 14, 7, 6] => QQFieldElem[0, 0, -1, -1],
	[12, 16, 10, 14, 15, 5] => QQFieldElem[0, 1, -1, 1],
	[12, 16, 10, 14, 16, 13] => QQFieldElem[1, -1, 1, 0],
	[12, 16, 10, 14, 8, 6] => QQFieldElem[1, 0, 0, 1],
	[12, 16, 10, 14, 7, 14] => QQFieldElem[1, 0, -2, -2],
	[12, 16, 10, 14, 8, 14] => QQFieldElem[0, -1, -1, 0])