Dict(
	[15, 8, 16, 7, 15, 10] => QQFieldElem[-8, 0, -5, -5],
	[15, 8, 16, 7, 11, 14] => QQFieldElem[-2, -1, -1, -2],
	[15, 8, 16, 7, 13, 10] => QQFieldElem[5, 2, 2, 5],
	[15, 8, 16, 7, 15, 16] => QQFieldElem[3, 0, 2, 2],
	[15, 8, 16, 7, 13, 16] => QQFieldElem[-1, 0, 0, -1],
	[15, 8, 16, 7, 9, 10] => QQFieldElem[-3, -1, -1, -3],
	[15, 8, 16, 7, 15, 12] => QQFieldElem[-3, 2, -3, 0],
	[15, 8, 16, 7, 13, 12] => QQFieldElem[2, 0, 1, 1],
	[15, 8, 16, 7, 11, 10] => QQFieldElem[5, 0, 3, 3],
	[15, 8, 16, 7, 9, 16] => QQFieldElem[0, -1, -1, 0],
	[15, 8, 16, 7, 9, 12] => QQFieldElem[-1, 0, -1, -1],
	[15, 8, 16, 7, 15, 14] => QQFieldElem[5, 2, 2, 5],
	[15, 8, 16, 7, 11, 16] => QQFieldElem[-1, 0, -1, -1],
	[15, 8, 16, 7, 13, 14] => QQFieldElem[-2, -2, 0, -3],
	[15, 8, 16, 7, 11, 12] => QQFieldElem[2, -1, 2, 0],
	[15, 8, 16, 7, 9, 14] => QQFieldElem[1, 1, 0, 1])