Dict(
	[16, 6, 8, 16, 7, 11] => QQFieldElem[0, -3, 2, -3],
	[16, 6, 8, 16, 4, 16] => QQFieldElem[-1//5, 2//5, -1//5, 0],
	[16, 6, 8, 16, 3, 12] => QQFieldElem[-1, -1, -1, 0],
	[16, 6, 8, 16, 8, 11] => QQFieldElem[0, 7, -4, 7],
	[16, 6, 8, 16, 4, 12] => QQFieldElem[-1, 1, -1, 0],
	[16, 6, 8, 16, 3, 11] => QQFieldElem[0, -1, 1, -1],
	[16, 6, 8, 16, 4, 11] => QQFieldElem[0, -3, 2, -3],
	[16, 6, 8, 16, 7, 15] => QQFieldElem[-1, 1, -1, 0],
	[16, 6, 8, 16, 8, 15] => QQFieldElem[3, -1, 3, 0],
	[16, 6, 8, 16, 7, 16] => QQFieldElem[-1//5, 2//5, -1//5, 0],
	[16, 6, 8, 16, 3, 15] => QQFieldElem[-1, -1, -1, 0],
	[16, 6, 8, 16, 4, 15] => QQFieldElem[-1, 0, -1, 0],
	[16, 6, 8, 16, 7, 12] => QQFieldElem[-1, 0, -1, 0],
	[16, 6, 8, 16, 8, 16] => QQFieldElem[1, -1, 1, 0],
	[16, 6, 8, 16, 8, 12] => QQFieldElem[3, -1, 3, 0],
	[16, 6, 8, 16, 3, 16] => QQFieldElem[-3//5, -4//5, -3//5, 0])