Dict(
	[10, 7, 10, 9, 15, 5] => QQFieldElem[-2, -2, 0, 4, 9, 13, 13, 9, 5, 2],
	[10, 7, 10, 9, 4, 5] => QQFieldElem[1, -1, -2, -1, 1, 0, -1, -1, -1, -1],
	[10, 7, 10, 9, 14, 5] => QQFieldElem[1, 0, -1, -3, -5, -7, -7, -5, -3, -1],
	[10, 7, 10, 9, 5, 4] => QQFieldElem[2, 1, 0, 1, 2, 0, -1, 0, 0, -1],
	[10, 7, 10, 9, 5, 15] => QQFieldElem[81//2047, 405//2047, -346//2047, 744//2047, 1010//2047, 27//2047, 189//2047, 837//2047, 1382//2047, -532//2047],
	[10, 7, 10, 9, 5, 5] => QQFieldElem[1, 2, 2, 2, 1, 0, 0, 1, 1, 0],
	[10, 7, 10, 9, 15, 14] => QQFieldElem[5, 2, -1, 3, 5, 1, 1, 4, 1, -4],
	[10, 7, 10, 9, 4, 14] => QQFieldElem[2, 0, -1, 0, 1, 0, 0, 1, 0, -1],
	[10, 7, 10, 9, 14, 14] => QQFieldElem[-1, -2, -2, -1, -1, -2, -2, -1, 0, 0],
	[10, 7, 10, 9, 5, 14] => QQFieldElem[-3, 0, 3, -1, -2, 2, 2, -2, -1, 3],
	[10, 7, 10, 9, 15, 15] => QQFieldElem[634//2047, 1123//2047, 1032//2047, 668//2047, 1259//2047, 3623//2047, 2844//2047, -272//2047, -2501//2047, -1182//2047],
	[10, 7, 10, 9, 15, 4] => QQFieldElem[-3, -1, 4, 7, 10, 14, 15, 12, 8, 5],
	[10, 7, 10, 9, 4, 4] => QQFieldElem[0, 1, 2, 1, 0, 0, 1, 1, 1, 1],
	[10, 7, 10, 9, 4, 15] => QQFieldElem[3405//2047, 649//2047, -140//2047, 798//2047, 2503//2047, 1135//2047, -243//2047, 2433//2047, 855//2047, 684//2047],
	[10, 7, 10, 9, 14, 4] => QQFieldElem[1, 0, -2, -5, -7, -8, -8, -7, -5, -2],
	[10, 7, 10, 9, 14, 15] => QQFieldElem[-663//2047, -1268//2047, -1641//2047, -1086//2047, -913//2047, -2268//2047, -1547//2047, -710//2047, 591//2047, -346//2047])