Dict(
	[10, 12, 10, 12, 10, 9] => QQFieldElem[0, 0, 0, 1, 3, 5, 6, 5, 3, 1],
	[10, 12, 10, 12, 20, 20] => QQFieldElem[-335//529, -548//529, -66//529, -208//529, -63//529, 195//529, -61//529, 640//529, 822//529, 55//529],
	[10, 12, 10, 12, 9, 20] => QQFieldElem[-3//529, 123//529, 121//529, 205//529, 380//529, -93//529, 200//529, 61//529, 80//529, 340//529],
	[10, 12, 10, 12, 20, 19] => QQFieldElem[-1, -1, -1, 0, 2, 2, 0, 1, 4, 3],
	[10, 12, 10, 12, 19, 10] => QQFieldElem[0, -1, 3, 1, 1, 3, -1, 0, 0, -3],
	[10, 12, 10, 12, 9, 19] => QQFieldElem[-1, -2, -1, 0, 0, 0, -1, -2, -1, 0],
	[10, 12, 10, 12, 20, 9] => QQFieldElem[-5, -13, -21, -28, -31, -29, -23, -14, -5, 0],
	[10, 12, 10, 12, 9, 9] => QQFieldElem[0, -1, 0, 0, -1, -1, -2, -2, -1, -1],
	[10, 12, 10, 12, 10, 10] => QQFieldElem[1, 0, 0, 1, 1, 2, 2, 1, 1, 0],
	[10, 12, 10, 12, 19, 20] => QQFieldElem[364//529, -112//529, 307//529, 166//529, -260//529, 175//529, -109//529, -348//529, 168//529, -344//529],
	[10, 12, 10, 12, 19, 19] => QQFieldElem[0, 1, 1, 0, 0, -1, -1, 0, -1, -1],
	[10, 12, 10, 12, 10, 20] => QQFieldElem[96//529, -233//529, -698//529, -741//529, -522//529, -198//529, -52//529, -365//529, -444//529, -300//529],
	[10, 12, 10, 12, 19, 9] => QQFieldElem[2, 7, 11, 14, 16, 14, 11, 7, 2, 0],
	[10, 12, 10, 12, 20, 10] => QQFieldElem[-4, -5, -6, -10, -8, -7, -7, -2, -1, -1],
	[10, 12, 10, 12, 10, 19] => QQFieldElem[2, 2, 0, -2, -2, 0, 2, 2, 0, -1],
	[10, 12, 10, 12, 9, 10] => QQFieldElem[2, 2, 0, 3, 1, 0, 3, 0, 1, 3])