Dict(
	[12, 13, 18, 17, 6, 2] => QQFieldElem[2, 0, 0, 0, 0, 1, 1, 0, 0, 0],
	[12, 13, 18, 17, 21, 14] => QQFieldElem[-1, 0, 2, 3, 1, -1, -1, 1, 3, 2],
	[12, 13, 18, 17, 16, 24] => QQFieldElem[-106//23, 0, -53//23, -91//23, -4//23, -62//23, -62//23, -4//23, -91//23, -53//23],
	[12, 13, 18, 17, 16, 12] => QQFieldElem[3, 0, 0, 1, -1, 2, 2, -1, 1, 0],
	[12, 13, 18, 17, 23, 4] => QQFieldElem[0, 0, 1, 4, 7, 9, 9, 7, 4, 1],
	[12, 13, 18, 17, 16, 22] => QQFieldElem[12, 0, 3, 11, -3, 8, 8, -3, 11, 3],
	[12, 13, 18, 17, 23, 2] => QQFieldElem[6, 0, -10, -13, -5, 5, 5, -5, -13, -10],
	[12, 13, 18, 17, 18, 4] => QQFieldElem[0, 0, -1, -2, -3, -4, -4, -3, -2, -1],
	[12, 13, 18, 17, 8, 4] => QQFieldElem[2, 0, -3, -2, 0, 0, 0, 0, -2, -3],
	[12, 13, 18, 17, 18, 2] => QQFieldElem[-1, 0, 2, 2, 1, -1, -1, 1, 2, 2],
	[12, 13, 18, 17, 8, 2] => QQFieldElem[13, 0, -24, -32, -13, 10, 10, -13, -32, -24],
	[12, 13, 18, 17, 6, 24] => QQFieldElem[-71//23, 0, -1//23, -82//23, 29//23, -45//23, -45//23, 29//23, -82//23, -1//23],
	[12, 13, 18, 17, 16, 14] => QQFieldElem[3, 0, 2, 5, 1, 1, 1, 1, 5, 2],
	[12, 13, 18, 17, 6, 12] => QQFieldElem[1, 0, 1, 1, 0, 1, 1, 0, 1, 1],
	[12, 13, 18, 17, 21, 4] => QQFieldElem[0, 0, 1, 2, 2, 1, 1, 2, 2, 1],
	[12, 13, 18, 17, 6, 22] => QQFieldElem[14, 0, 5, 12, -2, 9, 9, -2, 12, 5],
	[12, 13, 18, 17, 21, 2] => QQFieldElem[-4, 0, 8, 10, 4, -3, -3, 4, 10, 8],
	[12, 13, 18, 17, 23, 12] => QQFieldElem[-2, 0, 5, 10, 12, 13, 13, 12, 10, 5],
	[12, 13, 18, 17, 23, 24] => QQFieldElem[-52//23, 0, -26//23, -62//23, -5//23, -43//23, -43//23, -5//23, -62//23, -26//23],
	[12, 13, 18, 17, 6, 14] => QQFieldElem[4, 0, -1, 2, 2, 0, 0, 2, 2, -1],
	[12, 13, 18, 17, 23, 22] => QQFieldElem[3, 0, -1, -2, -6, -5, -5, -6, -2, -1],
	[12, 13, 18, 17, 18, 24] => QQFieldElem[71//23, 0, 24//23, 59//23, -6//23, 45//23, 45//23, -6//23, 59//23, 24//23],
	[12, 13, 18, 17, 8, 24] => QQFieldElem[99//23, 0, -8//23, 57//23, -21//23, 54//23, 54//23, -21//23, 57//23, -8//23],
	[12, 13, 18, 17, 8, 12] => QQFieldElem[-1, 0, 3, 5, 3, -2, -2, 3, 5, 3],
	[12, 13, 18, 17, 18, 12] => QQFieldElem[0, 0, -1, -2, -2, -3, -3, -2, -2, -1],
	[12, 13, 18, 17, 16, 4] => QQFieldElem[0, 0, 2, 2, 1, 0, 0, 1, 2, 2],
	[12, 13, 18, 17, 16, 2] => QQFieldElem[-5, 0, 14, 18, 7, -4, -4, 7, 18, 14],
	[12, 13, 18, 17, 21, 12] => QQFieldElem[1, 0, -2, -3, -3, -2, -2, -3, -3, -2],
	[12, 13, 18, 17, 21, 24] => QQFieldElem[-9//23, 0, 7//23, -1//23, 4//23, -7//23, -7//23, 4//23, -1//23, 7//23],
	[12, 13, 18, 17, 23, 14] => QQFieldElem[3, 0, -2, -2, -2, 1, 1, -2, -2, -2],
	[12, 13, 18, 17, 8, 22] => QQFieldElem[-2, 0, -2, -4, 1, -2, -2, 1, -4, -2],
	[12, 13, 18, 17, 18, 22] => QQFieldElem[-3, 0, -1, -2, 1, -1, -1, 1, -2, -1],
	[12, 13, 18, 17, 21, 22] => QQFieldElem[1, 0, 1, 2, 1, 2, 2, 1, 2, 1],
	[12, 13, 18, 17, 18, 14] => QQFieldElem[-3, 0, 0, -2, 0, -1, -1, 0, -2, 0],
	[12, 13, 18, 17, 8, 14] => QQFieldElem[-3, 0, -2, -9, -6, 3, 3, -6, -9, -2],
	[12, 13, 18, 17, 6, 4] => QQFieldElem[0, 0, 1, 0, 0, 1, 1, 0, 0, 1])