Dict(
	[12, 14, 14, 12, 11, 5] => QQFieldElem[-65, 0, -20, -59, 12, -42, -42, 12, -59, -20],
	[12, 14, 14, 12, 21, 3] => QQFieldElem[-9, 0, -2, -7, 2, -6, -6, 2, -7, -2],
	[12, 14, 14, 12, 3, 3] => QQFieldElem[-3, 0, 9, 13, 5, -3, -3, 5, 13, 9],
	[12, 14, 14, 12, 23, 13] => QQFieldElem[-32, 0, -10, -29, 6, -20, -20, 6, -29, -10],
	[12, 14, 14, 12, 1, 15] => QQFieldElem[4, 0, -3, 2, 4, -2, -2, 4, 2, -3],
	[12, 14, 14, 12, 23, 15] => QQFieldElem[2, 0, 1, 3, 0, -1, -1, 0, 3, 1],
	[12, 14, 14, 12, 13, 3] => QQFieldElem[-4, 0, -7, -13, -2, -2, -2, -2, -13, -7],
	[12, 14, 14, 12, 1, 13] => QQFieldElem[3, 0, 2, 3, -1, 3, 3, -1, 3, 2],
	[12, 14, 14, 12, 21, 25] => QQFieldElem[-95//11, 0, -1//11, -43//11, 28//11, -63//11, -63//11, 28//11, -43//11, -1//11],
	[12, 14, 14, 12, 3, 25] => QQFieldElem[67//11, 0, -124//11, -162//11, -70//11, 53//11, 53//11, -70//11, -162//11, -124//11],
	[12, 14, 14, 12, 13, 25] => QQFieldElem[-73//11, 0, 43//11, 34//11, 39//11, -52//11, -52//11, 39//11, 34//11, 43//11],
	[12, 14, 14, 12, 11, 23] => QQFieldElem[-22, 0, -7, -20, 4, -14, -14, 4, -20, -7],
	[12, 14, 14, 12, 1, 5] => QQFieldElem[21, 0, 7, 19, -4, 14, 14, -4, 19, 7],
	[12, 14, 14, 12, 23, 5] => QQFieldElem[-32, 0, -10, -29, 6, -20, -20, 6, -29, -10],
	[12, 14, 14, 12, 21, 13] => QQFieldElem[42, 0, 13, 38, -8, 27, 27, -8, 38, 13],
	[12, 14, 14, 12, 21, 15] => QQFieldElem[-4, 0, -1, -3, 1, -3, -3, 1, -3, -1],
	[12, 14, 14, 12, 3, 13] => QQFieldElem[-3, 0, 1, -1, 0, -1, -1, 0, -1, 1],
	[12, 14, 14, 12, 3, 15] => QQFieldElem[8, 0, -8, -2, 3, -1, -1, 3, -2, -8],
	[12, 14, 14, 12, 13, 13] => QQFieldElem[42, 0, 11, 36, -7, 26, 26, -7, 36, 11],
	[12, 14, 14, 12, 13, 15] => QQFieldElem[-11, 0, 8, 0, -3, 0, 0, -3, 0, 8],
	[12, 14, 14, 12, 11, 3] => QQFieldElem[8, 0, 3, 8, -1, 5, 5, -1, 8, 3],
	[12, 14, 14, 12, 1, 23] => QQFieldElem[2, 0, 1, 2, 0, 2, 2, 0, 2, 1],
	[12, 14, 14, 12, 23, 23] => QQFieldElem[-16, 0, -3, -12, 2, -13, -13, 2, -12, -3],
	[12, 14, 14, 12, 21, 5] => QQFieldElem[71, 0, 22, 64, -13, 46, 46, -13, 64, 22],
	[12, 14, 14, 12, 11, 25] => QQFieldElem[83//11, 0, 37//11, 95//11, -13//11, 54//11, 54//11, -13//11, 95//11, 37//11],
	[12, 14, 14, 12, 3, 5] => QQFieldElem[-7, 0, -1, -5, 1, -4, -4, 1, -5, -1],
	[12, 14, 14, 12, 13, 5] => QQFieldElem[32, 0, 9, 28, -6, 20, 20, -6, 28, 9],
	[12, 14, 14, 12, 1, 3] => QQFieldElem[-2, 0, -1, -2, 1, -2, -2, 1, -2, -1],
	[12, 14, 14, 12, 23, 3] => QQFieldElem[9, 0, -2, 1, -3, 6, 6, -3, 1, -2],
	[12, 14, 14, 12, 21, 23] => QQFieldElem[20, 0, 6, 18, -3, 14, 14, -3, 18, 6],
	[12, 14, 14, 12, 11, 15] => QQFieldElem[6, 0, 1, 6, 1, 2, 2, 1, 6, 1],
	[12, 14, 14, 12, 3, 23] => QQFieldElem[1, 0, -4, -6, -2, 1, 1, -2, -6, -4],
	[12, 14, 14, 12, 11, 13] => QQFieldElem[-50, 0, -15, -45, 9, -32, -32, 9, -45, -15],
	[12, 14, 14, 12, 23, 25] => QQFieldElem[-2//11, 0, 83//11, 126//11, 30//11, -7//11, -7//11, 30//11, 126//11, 83//11],
	[12, 14, 14, 12, 13, 23] => QQFieldElem[17, 0, 7, 18, -3, 10, 10, -3, 18, 7],
	[12, 14, 14, 12, 1, 25] => QQFieldElem[-9//11, 0, 5//11, -5//11, 3//11, -4//11, -4//11, 3//11, -5//11, 5//11])