Dict(
	[12, 7, 8, 13, 2, 18] => QQFieldElem[3, 0, -2, -1, 1, 0, 0, 1, -1, -2],
	[12, 7, 8, 13, 12, 18] => QQFieldElem[4, 0, -4, 0, 2, -1, -1, 2, 0, -4],
	[12, 7, 8, 13, 4, 18] => QQFieldElem[-2, 0, 3, 4, 1, -1, -1, 1, 4, 3],
	[12, 7, 8, 13, 14, 18] => QQFieldElem[2, 0, 1, 2, 0, 2, 2, 0, 2, 1],
	[12, 7, 8, 13, 2, 16] => QQFieldElem[-1, 0, 1, -2, -2, 1, 1, -2, -2, 1],
	[12, 7, 8, 13, 12, 16] => QQFieldElem[-4, 0, 2, -3, -4, 2, 2, -4, -3, 2],
	[12, 7, 8, 13, 4, 16] => QQFieldElem[0, 0, 2, 3, 2, -1, -1, 2, 3, 2],
	[12, 7, 8, 13, 2, 8] => QQFieldElem[0, 0, 2, 2, 1, -1, -1, 1, 2, 2],
	[12, 7, 8, 13, 14, 16] => QQFieldElem[0, 0, -1, -1, -1, -2, -2, -1, -1, -1],
	[12, 7, 8, 13, 12, 8] => QQFieldElem[0, 0, 2, 3, 2, -1, -1, 2, 3, 2],
	[12, 7, 8, 13, 2, 6] => QQFieldElem[2, 0, -3, -5, -2, 2, 2, -2, -5, -3],
	[12, 7, 8, 13, 4, 8] => QQFieldElem[1, 0, -4, -5, -2, 1, 1, -2, -5, -4],
	[12, 7, 8, 13, 14, 8] => QQFieldElem[-1, 0, -1, -2, -2, -3, -3, -2, -2, -1],
	[12, 7, 8, 13, 12, 6] => QQFieldElem[1, 0, -3, -7, -4, 3, 3, -4, -7, -3],
	[12, 7, 8, 13, 4, 6] => QQFieldElem[-5, 0, 11, 14, 6, -4, -4, 6, 14, 11],
	[12, 7, 8, 13, 14, 6] => QQFieldElem[1, 0, 0, 0, 0, 0, 0, 0, 0, 0])