Dict(
	[12, 14, 14, 22, 21, 23] => QQFieldElem[1, -5, 1, 0, -2, 5, 1, 1, 5, -2],
	[12, 14, 14, 22, 23, 25] => QQFieldElem[666//737, -461//737, 106//737, 13//737, -1048//737, 58//737, -178//737, -810//737, 483//737, -314//737],
	[12, 14, 14, 22, 13, 23] => QQFieldElem[-1, -5, 1, -2, -3, 2, -3, -1, 1, -5],
	[12, 14, 14, 22, 23, 13] => QQFieldElem[2, 3, -1, 1, 1, -1, 2, 0, -1, 2],
	[12, 14, 14, 22, 23, 15] => QQFieldElem[1, 0, -1, -3, -4, -3, -4, -3, 0, 0],
	[12, 14, 14, 22, 21, 25] => QQFieldElem[-2232//737, -427//737, -415//737, -2394//737, 126//737, -1270//737, -1973//737, 404//737, -2037//737, -1079//737],
	[12, 14, 14, 22, 13, 25] => QQFieldElem[-17//11, -1//11, -7//11, -13//11, 3//11, -14//11, -9//11, 7//11, -21//11, -5//11],
	[12, 14, 14, 22, 11, 23] => QQFieldElem[-2, 5, -2, 0, 4, -3, 2, 2, -3, 4],
	[12, 14, 14, 22, 21, 13] => QQFieldElem[1, -3, 1, 0, -2, 2, -1, -1, 2, -2],
	[12, 14, 14, 22, 21, 15] => QQFieldElem[-2, 0, -1, -2, 0, -2, -2, 0, -2, -1],
	[12, 14, 14, 22, 13, 13] => QQFieldElem[-1, -4, 1, -1, -2, 1, -3, -1, 1, -3],
	[12, 14, 14, 22, 13, 15] => QQFieldElem[0, 1, 0, 1, 3, 1, 1, 2, 0, 0],
	[12, 14, 14, 22, 23, 23] => QQFieldElem[3, 5, -1, 0, -3, -8, -4, -6, -5, 2],
	[12, 14, 14, 22, 11, 25] => QQFieldElem[2824//737, 918//737, 673//737, 2815//737, 7//737, 1731//737, 2388//737, -387//737, 2712//737, 1455//737],
	[12, 14, 14, 22, 11, 13] => QQFieldElem[-1, 4, -1, 0, 3, -2, 2, 2, -2, 3],
	[12, 14, 14, 22, 11, 15] => QQFieldElem[2, 0, 1, 2, -1, 2, 2, -1, 2, 1])