Dict(
	[12, 10, 14, 18, 19, 9] => QQFieldElem[-1, -5, -6, -4, -2, -2, -5, -7, -5, -2],
	[12, 10, 14, 18, 17, 19] => QQFieldElem[-1, -2, 0, 2, 3, 5, 6, 6, 6, 3],
	[12, 10, 14, 18, 7, 9] => QQFieldElem[0, -2, -3, -1, 0, 0, -1, -3, -2, 0],
	[12, 10, 14, 18, 9, 10] => QQFieldElem[1, 3, 4, 3, 2, 2, 3, 4, 3, 1],
	[12, 10, 14, 18, 17, 9] => QQFieldElem[0, 2, 3, 1, 1, 1, 2, 4, 2, 0],
	[12, 10, 14, 18, 9, 20] => QQFieldElem[-522//2189, 1233//2189, 3296//2189, 2059//2189, 217//2189, -459//2189, 757//2189, 2028//2189, 2397//2189, 1798//2189],
	[12, 10, 14, 18, 19, 10] => QQFieldElem[-1, -3, -5, -6, -6, -7, -8, -8, -6, -2],
	[12, 10, 14, 18, 9, 19] => QQFieldElem[-1, 0, 1, 1, 0, -1, -1, 0, 1, 1],
	[12, 10, 14, 18, 7, 10] => QQFieldElem[-2, -3, -3, -3, -1, -1, -3, -3, -3, -2],
	[12, 10, 14, 18, 17, 10] => QQFieldElem[2, 3, 3, 4, 2, 3, 5, 4, 4, 2],
	[12, 10, 14, 18, 9, 9] => QQFieldElem[2, 5, 6, 4, 1, 1, 4, 6, 5, 2],
	[12, 10, 14, 18, 19, 20] => QQFieldElem[91//2189, -1083//2189, -3401//2189, -3156//2189, -1602//2189, -939//2189, -2300//2189, -4178//2189, -4582//2189, -2016//2189],
	[12, 10, 14, 18, 7, 20] => QQFieldElem[-1147//2189, -1480//2189, -3342//2189, -2894//2189, -928//2189, -216//2189, -1704//2189, -2136//2189, -3250//2189, -2373//2189],
	[12, 10, 14, 18, 17, 20] => QQFieldElem[10//11, 9//11, 19//11, 18//11, 6//11, 5//11, 15//11, 14//11, 24//11, 12//11],
	[12, 10, 14, 18, 19, 19] => QQFieldElem[3, 3, 0, -3, -5, -7, -8, -9, -8, -4],
	[12, 10, 14, 18, 7, 19] => QQFieldElem[0, 0, -1, -1, 0, 0, 0, 0, -1, -1])