Dict(
	[13, 22, 18, 7, 9, 22] => QQFieldElem[0, 0, -1, -1, 0, 0, 0, 0, -1, -1],
	[13, 22, 18, 7, 9, 14] => QQFieldElem[0, 0, 0, 0, 0, 0, 1, 1, 0, 0],
	[13, 22, 18, 7, 19, 12] => QQFieldElem[1, 1, -2, -2, 0, 0, 0, -1, -2, -1],
	[13, 22, 18, 7, 19, 24] => QQFieldElem[-356//2189, -3528//2189, -5941//2189, -5010//2189, -1560//2189, 108//2189, -2173//2189, -5895//2189, -5338//2189, -2933//2189],
	[13, 22, 18, 7, 7, 12] => QQFieldElem[-15, 35, -15, 0, 30, -24, 17, 17, -24, 30],
	[13, 22, 18, 7, 7, 24] => QQFieldElem[9589//2189, -3108//2189, 4721//2189, 5906//2189, -3876//2189, 7913//2189, 3037//2189, -1597//2189, 8223//2189, -30//2189],
	[13, 22, 18, 7, 19, 22] => QQFieldElem[-1, -4, -5, -4, -3, -3, -5, -6, -4, -1],
	[13, 22, 18, 7, 17, 12] => QQFieldElem[-2, 0, 2, 2, 1, -1, -1, 1, 2, 2],
	[13, 22, 18, 7, 17, 24] => QQFieldElem[936//2189, 4160//2189, 7725//2189, 6384//2189, 1765//2189, -38//2189, 1778//2189, 6817//2189, 7148//2189, 4883//2189],
	[13, 22, 18, 7, 7, 22] => QQFieldElem[26, 0, 8, 23, -5, 17, 17, -5, 23, 8],
	[13, 22, 18, 7, 17, 22] => QQFieldElem[2, 5, 6, 4, 1, 1, 4, 6, 5, 2],
	[13, 22, 18, 7, 19, 14] => QQFieldElem[2, 0, -3, -4, -2, 0, -1, -3, -4, -3],
	[13, 22, 18, 7, 7, 14] => QQFieldElem[3, -5, 3, 0, -4, 4, -2, -2, 4, -4],
	[13, 22, 18, 7, 17, 14] => QQFieldElem[-2, 0, 3, 4, 1, -2, -2, 1, 4, 3],
	[13, 22, 18, 7, 9, 12] => QQFieldElem[0, -1, 0, 0, -1, 0, 0, 0, 0, -1],
	[13, 22, 18, 7, 9, 24] => QQFieldElem[1234//2189, 620//2189, -522//2189, -564//2189, 21//2189, -153//2189, 707//2189, 1237//2189, -829//2189, -1135//2189])