Dict(
	[13, 13, 7, 7, 19, 1] => QQFieldElem[-1, 0, 1, 1, 1, -1, -1, 1, 1, 1],
	[13, 13, 7, 7, 7, 1] => QQFieldElem[1, 0, 0, 3, 3, -2, -2, 3, 3, 0],
	[13, 13, 7, 7, 19, 11] => QQFieldElem[1, 0, 0, 2, 0, 2, 2, 0, 2, 0],
	[13, 13, 7, 7, 17, 1] => QQFieldElem[1, 0, 4, 12, 8, -5, -5, 8, 12, 4],
	[13, 13, 7, 7, 7, 11] => QQFieldElem[1, 0, 0, 0, 0, 0, 0, 0, 0, 0],
	[13, 13, 7, 7, 9, 13] => QQFieldElem[1//11, 0, -14//11, -8//11, -4//11, -2//11, -2//11, -4//11, -8//11, -14//11],
	[13, 13, 7, 7, 17, 11] => QQFieldElem[0, 0, -1, -1, 0, 0, 0, 0, -1, -1],
	[13, 13, 7, 7, 19, 3] => QQFieldElem[1, 0, 0, 2, 0, 2, 2, 0, 2, 0],
	[13, 13, 7, 7, 7, 3] => QQFieldElem[1, 0, 0, 0, 0, 0, 0, 0, 0, 0],
	[13, 13, 7, 7, 17, 3] => QQFieldElem[1, 0, -1, -1, 0, 0, 0, 0, -1, -1],
	[13, 13, 7, 7, 19, 13] => QQFieldElem[30//11, 0, 20//11, 13//11, 12//11, 17//11, 17//11, 12//11, 13//11, 20//11],
	[13, 13, 7, 7, 7, 13] => QQFieldElem[19//11, 0, 9//11, 2//11, 12//11, 6//11, 6//11, 12//11, 2//11, 9//11],
	[13, 13, 7, 7, 9, 1] => QQFieldElem[1, 0, 4, 12, 8, -5, -5, 8, 12, 4],
	[13, 13, 7, 7, 17, 13] => QQFieldElem[1//11, 0, -14//11, -8//11, -4//11, -2//11, -2//11, -4//11, -8//11, -14//11],
	[13, 13, 7, 7, 9, 11] => QQFieldElem[1, 0, -1, -1, 0, 0, 0, 0, -1, -1],
	[13, 13, 7, 7, 9, 3] => QQFieldElem[0, 0, -1, -1, 0, 0, 0, 0, -1, -1])