Dict(
	[14, 4, 14, 14, 11, 13] => QQFieldElem[0, 2, 0, 1, 1, 0, 2, 0, 0, 3],
	[14, 4, 14, 14, 11, 15] => QQFieldElem[-9//11, 15//11, -5//11, 19//11, 10//11, -21//11, 25//11, 5//11, -15//11, 31//11],
	[14, 4, 14, 14, 15, 11] => QQFieldElem[-1, -2, -8, -9, -10, -12, -7, -5, -3, 2],
	[14, 4, 14, 14, 13, 11] => QQFieldElem[-1, -3, -1, -3, -3, -1, -3, -1, 0, -2],
	[14, 4, 14, 14, 14, 11] => QQFieldElem[3, 5, 9, 12, 12, 12, 9, 5, 3, 0],
	[14, 4, 14, 14, 15, 14] => QQFieldElem[2, 2, -2, -6, -10, -14, -14, -12, -9, -3],
	[14, 4, 14, 14, 13, 14] => QQFieldElem[0, -1, 0, -1, -1, -1, -1, -1, 0, -1],
	[14, 4, 14, 14, 14, 14] => QQFieldElem[0, 0, 3, 7, 9, 12, 12, 9, 7, 3],
	[14, 4, 14, 14, 11, 11] => QQFieldElem[2, -2, 2, 2, -2, 2, 0, -1, 3, -1],
	[14, 4, 14, 14, 15, 13] => QQFieldElem[-1, -7, -18, -38, -49, -55, -56, -42, -28, -14],
	[14, 4, 14, 14, 15, 15] => QQFieldElem[-2, -2, 0, -7, -7, -8, -13, -8, -7, -7],
	[14, 4, 14, 14, 13, 13] => QQFieldElem[3, 1, -2, 1, -3, -3, 1, -2, 1, 3],
	[14, 4, 14, 14, 11, 14] => QQFieldElem[1, -2, 0, 1, -1, 1, 0, -2, 1, 0],
	[14, 4, 14, 14, 14, 13] => QQFieldElem[0, 7, 19, 33, 43, 46, 43, 33, 19, 7],
	[14, 4, 14, 14, 14, 15] => QQFieldElem[-12//11, -2//11, 8//11, 29//11, 50//11, 60//11, 70//11, 58//11, 35//11, 23//11],
	[14, 4, 14, 14, 13, 15] => QQFieldElem[43//11, 31//11, -3//11, 51//11, 17//11, 5//11, 48//11, 3//11, 24//11, 45//11])