Dict(
	[14, 18, 12, 8, 19, 19] => QQFieldElem[3//11, 0, 35//11, 31//11, 32//11, 16//11, 16//11, 32//11, 31//11, 35//11],
	[14, 18, 12, 8, 7, 17] => QQFieldElem[-2, 0, 4, 5, 2, -2, -2, 2, 5, 4],
	[14, 18, 12, 8, 7, 19] => QQFieldElem[-19//11, 0, 35//11, 31//11, 10//11, -6//11, -6//11, 10//11, 31//11, 35//11],
	[14, 18, 12, 8, 17, 17] => QQFieldElem[0, 0, -2, -2, -2, -1, -1, -2, -2, -2],
	[14, 18, 12, 8, 19, 9] => QQFieldElem[-3, 0, 4, 8, 9, 9, 9, 9, 8, 4],
	[14, 18, 12, 8, 17, 19] => QQFieldElem[-15//11, 0, -21//11, -12//11, -17//11, -3//11, -3//11, -17//11, -12//11, -21//11],
	[14, 18, 12, 8, 7, 9] => QQFieldElem[-2, 0, 4, 5, 2, -2, -2, 2, 5, 4],
	[14, 18, 12, 8, 17, 9] => QQFieldElem[1, 0, 0, -1, 0, 1, 1, 0, -1, 0],
	[14, 18, 12, 8, 19, 7] => QQFieldElem[1, 0, -1, -3, -3, -1, -1, -3, -3, -1],
	[14, 18, 12, 8, 7, 7] => QQFieldElem[2, 0, -3, -4, -2, 1, 1, -2, -4, -3],
	[14, 18, 12, 8, 17, 7] => QQFieldElem[0, 0, 1, 1, 1, 0, 0, 1, 1, 1],
	[14, 18, 12, 8, 9, 17] => QQFieldElem[1, 0, 0, -1, 0, 1, 1, 0, -1, 0],
	[14, 18, 12, 8, 9, 19] => QQFieldElem[-15//11, 0, -21//11, -12//11, -17//11, -3//11, -3//11, -17//11, -12//11, -21//11],
	[14, 18, 12, 8, 9, 9] => QQFieldElem[0, 0, -2, -2, -2, -1, -1, -2, -2, -2],
	[14, 18, 12, 8, 9, 7] => QQFieldElem[0, 0, 1, 1, 1, 0, 0, 1, 1, 1],
	[14, 18, 12, 8, 19, 17] => QQFieldElem[-3, 0, 4, 8, 9, 9, 9, 9, 8, 4])