Dict(
	[15, 10, 9, 5, 12, 9] => QQFieldElem[-7, -17, -19, -8, 1, -3, -13, -19, -14, -3],
	[15, 10, 9, 5, 15, 9] => QQFieldElem[1, 1, 0, -1, -2, -3, -3, -2, -1, -1],
	[15, 10, 9, 5, 13, 9] => QQFieldElem[-8, -23, -30, -20, -3, -2, -16, -28, -27, -11],
	[15, 10, 9, 5, 14, 9] => QQFieldElem[-1, -2, -2, -1, 1, 2, 1, -1, -2, -1],
	[15, 10, 9, 5, 12, 7] => QQFieldElem[0, 0, -2, -3, -2, -1, -1, 0, 1, 1],
	[15, 10, 9, 5, 15, 7] => QQFieldElem[3, 14, 29, 44, 55, 58, 50, 37, 21, 8],
	[15, 10, 9, 5, 13, 7] => QQFieldElem[0, -1, -1, -1, -2, -2, 0, 0, -1, -1],
	[15, 10, 9, 5, 14, 7] => QQFieldElem[-5, -14, -26, -37, -41, -40, -32, -22, -9, -2],
	[15, 10, 9, 5, 12, 10] => QQFieldElem[18//23, -12//23, -77//23, -30//23, -1//23, 12//23, 21//23, -63//23, -61//23, -3//23],
	[15, 10, 9, 5, 15, 10] => QQFieldElem[22//23, 16//23, 3//23, -6//23, -14//23, -39//23, -28//23, -31//23, -26//23, 4//23],
	[15, 10, 9, 5, 13, 10] => QQFieldElem[20//23, 2//23, 55//23, 51//23, 4//23, 21//23, 8//23, 22//23, 60//23, 35//23],
	[15, 10, 9, 5, 14, 10] => QQFieldElem[-1, 0, -1, 0, 0, 1, 1, 0, 0, -1],
	[15, 10, 9, 5, 12, 8] => QQFieldElem[3, 2, 1, 2, 0, 0, 3, 3, 1, -1],
	[15, 10, 9, 5, 15, 8] => QQFieldElem[0, 0, -3, -7, -10, -10, -10, -9, -5, -1],
	[15, 10, 9, 5, 13, 8] => QQFieldElem[-3, -5, -4, -2, 0, 0, -4, -6, -3, 0],
	[15, 10, 9, 5, 14, 8] => QQFieldElem[0, 2, 4, 6, 7, 8, 7, 5, 3, 1])