Dict(
	[17, 7, 14, 14, 20, 13] => QQFieldElem[2, -1, -2, 1, 3, 1, 1, 4, 3, -1],
	[17, 7, 14, 14, 20, 21] => QQFieldElem[-1, -1, 1, 1, -1, -1, 2, 2, -1, -1],
	[17, 7, 14, 14, 18, 23] => QQFieldElem[7//23, 33//23, 21//23, -16//23, 14//23, 39//23, 11//23, -4//23, 19//23, 26//23],
	[17, 7, 14, 14, 8, 23] => QQFieldElem[-49//23, -20//23, -10//23, -2, -21//23, -9//23, -51//23, -11//23, -1, -42//23],
	[17, 7, 14, 14, 10, 23] => QQFieldElem[26//23, 4//23, 14//23, 11//23, 12//23, 11//23, 16//23, 6//23, 20//23, 11//23],
	[17, 7, 14, 14, 18, 11] => QQFieldElem[2, 3, 1, 0, 2, 2, 0, 1, 3, 2],
	[17, 7, 14, 14, 8, 11] => QQFieldElem[0, -1, -1, -1, -2, -2, -1, -1, -1, 0],
	[17, 7, 14, 14, 10, 11] => QQFieldElem[0, 0, 0, -1, -1, -1, -1, -1, -1, 0],
	[17, 7, 14, 14, 20, 23] => QQFieldElem[-10//23, -41//23, -34//23, 2//23, -11//23, -38//23, -7//23, 14//23, -34//23, -39//23],
	[17, 7, 14, 14, 20, 11] => QQFieldElem[-2, -3, 1, 4, 4, 5, 7, 5, 1, 0],
	[17, 7, 14, 14, 18, 13] => QQFieldElem[-2, 0, 1, -1, -2, 1, 1, -2, -1, 1],
	[17, 7, 14, 14, 8, 13] => QQFieldElem[2, 0, 0, 2, 0, 1, 1, 0, 2, 0],
	[17, 7, 14, 14, 18, 21] => QQFieldElem[1, 1, -1, -1, 2, 2, -1, -1, 1, 1],
	[17, 7, 14, 14, 8, 21] => QQFieldElem[-1, 0, 0, -1, 0, 0, -1, 0, 0, -1],
	[17, 7, 14, 14, 10, 13] => QQFieldElem[0, 0, 0, 0, 0, -1, 0, 0, -1, 0],
	[17, 7, 14, 14, 10, 21] => QQFieldElem[0, 0, 0, 1, 0, 0, 0, 0, 1, 0])