Dict(
	[17, 22, 17, 12, 8, 6] => QQFieldElem[-5, 0, -4, -9, 0, -3, -3, 0, -9, -4],
	[17, 22, 17, 12, 21, 8] => QQFieldElem[-1, 0, 1, -1, -2, 0, 0, -2, -1, 1],
	[17, 22, 17, 12, 18, 6] => QQFieldElem[1, 0, 0, 0, 0, 1, 1, 0, 0, 0],
	[17, 22, 17, 12, 21, 23] => QQFieldElem[21//23, 0, -1//23, 10//23, 6//23, 1//23, 1//23, 6//23, 10//23, -1//23],
	[17, 22, 17, 12, 21, 6] => QQFieldElem[1, 0, -2, -2, 0, 0, 0, 0, -2, -2],
	[17, 22, 17, 12, 16, 16] => QQFieldElem[-2, 0, -2, -3, 1, -2, -2, 1, -3, -2],
	[17, 22, 17, 12, 6, 21] => QQFieldElem[2, 0, -1, 0, 1, 0, 0, 1, 0, -1],
	[17, 22, 17, 12, 6, 18] => QQFieldElem[4, 0, -2, 1, 3, -1, -1, 3, 1, -2],
	[17, 22, 17, 12, 16, 8] => QQFieldElem[2, 0, 0, 1, 1, 0, 0, 1, 1, 0],
	[17, 22, 17, 12, 16, 23] => QQFieldElem[-11//23, 0, -17//23, 9//23, -13//23, -6//23, -6//23, -13//23, 9//23, -17//23],
	[17, 22, 17, 12, 23, 21] => QQFieldElem[1, 0, -2, -6, -10, -11, -11, -10, -6, -2],
	[17, 22, 17, 12, 16, 6] => QQFieldElem[-2, 0, 2, 1, 1, -1, -1, 1, 1, 2],
	[17, 22, 17, 12, 23, 18] => QQFieldElem[1, 0, 0, 1, 0, -2, -2, 0, 1, 0],
	[17, 22, 17, 12, 6, 16] => QQFieldElem[-1, 0, 1, 0, 0, 0, 0, 0, 0, 1],
	[17, 22, 17, 12, 18, 21] => QQFieldElem[-1, 0, 1, 3, 5, 6, 6, 5, 3, 1],
	[17, 22, 17, 12, 8, 21] => QQFieldElem[5, 0, 0, 2, -1, 3, 3, -1, 2, 0],
	[17, 22, 17, 12, 18, 18] => QQFieldElem[-1, 0, 0, -1, 0, 1, 1, 0, -1, 0],
	[17, 22, 17, 12, 6, 8] => QQFieldElem[3, 0, -1, 1, 2, -1, -1, 2, 1, -1],
	[17, 22, 17, 12, 8, 18] => QQFieldElem[7, 0, -2, 1, -2, 4, 4, -2, 1, -2],
	[17, 22, 17, 12, 23, 16] => QQFieldElem[0, 0, -3, -7, -9, -11, -11, -9, -7, -3],
	[17, 22, 17, 12, 6, 23] => QQFieldElem[44//23, 0, -1//23, 10//23, 29//23, 1//23, 1//23, 29//23, 10//23, -1//23],
	[17, 22, 17, 12, 21, 21] => QQFieldElem[1, 0, 0, 1, 1, 1, 1, 1, 1, 0],
	[17, 22, 17, 12, 6, 6] => QQFieldElem[0, 0, 0, -2, -1, 1, 1, -1, -2, 0],
	[17, 22, 17, 12, 21, 18] => QQFieldElem[-1, 0, 0, -1, -1, 0, 0, -1, -1, 0],
	[17, 22, 17, 12, 18, 16] => QQFieldElem[1, 0, 2, 5, 5, 7, 7, 5, 5, 2],
	[17, 22, 17, 12, 8, 16] => QQFieldElem[-14, 0, -3, -11, 3, -9, -9, 3, -11, -3],
	[17, 22, 17, 12, 23, 8] => QQFieldElem[2, 0, -3, -3, -4, -8, -8, -4, -3, -3],
	[17, 22, 17, 12, 23, 23] => QQFieldElem[-1, 0, 0, -1, -1, -1, -1, -1, -1, 0],
	[17, 22, 17, 12, 23, 6] => QQFieldElem[-2, 0, 2, 1, 0, -1, -1, 0, 1, 2],
	[17, 22, 17, 12, 21, 16] => QQFieldElem[-1, 0, 0, 0, 1, 0, 0, 1, 0, 0],
	[17, 22, 17, 12, 8, 8] => QQFieldElem[-4, 0, -2, -4, 1, -3, -3, 1, -4, -2],
	[17, 22, 17, 12, 18, 8] => QQFieldElem[0, 0, 1, 3, 4, 5, 5, 4, 3, 1],
	[17, 22, 17, 12, 18, 23] => QQFieldElem[12//23, 0, 6//23, 9//23, 10//23, 17//23, 17//23, 10//23, 9//23, 6//23],
	[17, 22, 17, 12, 16, 21] => QQFieldElem[0, 0, 0, 1, 0, 0, 0, 0, 1, 0],
	[17, 22, 17, 12, 8, 23] => QQFieldElem[-78//23, 0, -62//23, -116//23, 4//23, -53//23, -53//23, 4//23, -116//23, -62//23],
	[17, 22, 17, 12, 16, 18] => QQFieldElem[-5, 0, 3, -2, -3, 1, 1, -3, -2, 3])