Dict(
	[17, 12, 22, 17, 16, 8] => QQFieldElem[-1, 0, 0, 0, 0, 1, 1, 0, 0, 0],
	[17, 12, 22, 17, 11, 16] => QQFieldElem[1, 1, 2, 2, 3, 3, 2, 2, 1, 1],
	[17, 12, 22, 17, 16, 23] => QQFieldElem[642//737, 1768//737, 276//737, 148//737, 1285//737, 1509//737, 72//737, 417//737, 1642//737, 854//737],
	[17, 12, 22, 17, 23, 21] => QQFieldElem[5, 0, -13, -27, -41, -49, -48, -40, -25, -10],
	[17, 12, 22, 17, 16, 6] => QQFieldElem[4, 12, 14, 8, 1, 1, 8, 14, 12, 4],
	[17, 12, 22, 17, 23, 18] => QQFieldElem[3, 1, 0, 1, -2, -6, -6, -4, -4, -4],
	[17, 12, 22, 17, 11, 8] => QQFieldElem[2, 0, -1, 2, 4, 1, 1, 4, 2, -1],
	[17, 12, 22, 17, 18, 21] => QQFieldElem[-1, 0, 7, 16, 22, 28, 28, 22, 16, 7],
	[17, 12, 22, 17, 11, 23] => QQFieldElem[783//737, 1192//737, 743//737, -157//737, 1550//737, 914//737, 322//737, 698//737, 997//737, 1076//737],
	[17, 12, 22, 17, 18, 18] => QQFieldElem[-1, -2, -1, 0, 1, 2, 3, 3, 2, 1],
	[17, 12, 22, 17, 11, 6] => QQFieldElem[-1, -1, 0, -1, -1, -1, -1, 0, -1, -1],
	[17, 12, 22, 17, 23, 16] => QQFieldElem[-7, 3, 27, 58, 86, 102, 101, 83, 54, 23],
	[17, 12, 22, 17, 21, 21] => QQFieldElem[-1, 0, 2, 2, 3, 3, 2, 2, 0, -1],
	[17, 12, 22, 17, 21, 18] => QQFieldElem[-1, 0, 1, -1, -2, 0, 0, -2, -1, 1],
	[17, 12, 22, 17, 13, 21] => QQFieldElem[-2, 0, 0, -1, 0, -1, -1, 0, -1, 0],
	[17, 12, 22, 17, 23, 8] => QQFieldElem[4, 9, 7, -2, -9, -13, -18, -20, -14, -5],
	[17, 12, 22, 17, 18, 16] => QQFieldElem[5, 0, -14, -32, -49, -59, -59, -49, -32, -14],
	[17, 12, 22, 17, 13, 18] => QQFieldElem[0, 0, 0, 0, 2, 1, -1, -1, 1, 2],
	[17, 12, 22, 17, 23, 23] => QQFieldElem[709//737, 1165//737, 477//737, -321//737, -591//737, -1774//737, -2407//737, -1995//737, -1440//737, -687//737],
	[17, 12, 22, 17, 23, 6] => QQFieldElem[0, -1, -2, -2, -3, -5, -6, -5, -2, 0],
	[17, 12, 22, 17, 18, 8] => QQFieldElem[-4, -5, -4, 0, 5, 9, 12, 12, 9, 5],
	[17, 12, 22, 17, 21, 16] => QQFieldElem[-1, -3, -5, -7, -8, -8, -7, -5, -3, -1],
	[17, 12, 22, 17, 18, 23] => QQFieldElem[-526//737, -172//737, -357//737, 129//737, 637//737, 892//737, 1477//737, 1215//737, 744//737, 834//737],
	[17, 12, 22, 17, 16, 21] => QQFieldElem[1, 2, 0, -1, 1, 1, -1, 0, 2, 1],
	[17, 12, 22, 17, 13, 16] => QQFieldElem[-2, 0, 2, 3, 1, -1, -1, 1, 3, 2],
	[17, 12, 22, 17, 18, 6] => QQFieldElem[1, 0, 0, 1, 2, 4, 4, 2, 1, 0],
	[17, 12, 22, 17, 16, 18] => QQFieldElem[-1, 0, 3, -1, -1, 2, 2, -1, -1, 3],
	[17, 12, 22, 17, 21, 8] => QQFieldElem[2, 0, -2, -1, -1, -4, -4, -1, -1, -2],
	[17, 12, 22, 17, 21, 23] => QQFieldElem[-388//737, -281//737, -339//737, -342//737, -609//737, -788//737, -505//737, -376//737, -687//737, -360//737],
	[17, 12, 22, 17, 11, 21] => QQFieldElem[-1, 0, 0, -3, 0, 0, -3, 0, 0, -1],
	[17, 12, 22, 17, 13, 8] => QQFieldElem[0, 0, 0, 0, 1, 1, -1, -1, 1, 1],
	[17, 12, 22, 17, 21, 6] => QQFieldElem[0, 1, 2, 1, 0, 0, 1, 2, 1, 0],
	[17, 12, 22, 17, 11, 18] => QQFieldElem[5, 0, 0, 2, 4, 0, 0, 4, 2, 0],
	[17, 12, 22, 17, 13, 23] => QQFieldElem[-215//737, -188//737, 741//737, 141//737, -195//737, 118//737, -31//737, -26//737, 419//737, 226//737],
	[17, 12, 22, 17, 16, 16] => QQFieldElem[0, -1, 0, 1, 2, 2, 1, 0, -1, 0],
	[17, 12, 22, 17, 13, 6] => QQFieldElem[7, 0, -14, -18, -7, 5, 5, -7, -18, -14])