Dict(
	[18, 7, 13, 14, 9, 22] => QQFieldElem[-1, 0, 1, 2, 1, 0, 0, 1, 2, 1],
	[18, 7, 13, 14, 9, 14] => QQFieldElem[-1, -2, -1, 0, 0, -2, -4, -4, -2, 0],
	[18, 7, 13, 14, 19, 12] => QQFieldElem[1, 0, -1, -2, -4, -4, -4, -3, -1, -1],
	[18, 7, 13, 14, 19, 24] => QQFieldElem[-448//2189, -8981//2189, -16260//2189, -12583//2189, -3395//2189, 2097//2189, -3158//2189, -12098//2189, -15329//2189, -8429//2189],
	[18, 7, 13, 14, 7, 12] => QQFieldElem[11, 8, 2, 13, 4, 4, 13, 2, 8, 11],
	[18, 7, 13, 14, 7, 24] => QQFieldElem[1102//2189, -6981//2189, -11093//2189, -11157//2189, -1431//2189, 969//2189, -2571//2189, -9389//2189, -12357//2189, -6228//2189],
	[18, 7, 13, 14, 19, 22] => QQFieldElem[-4, -11, -12, -5, 3, 3, -4, -10, -9, -3],
	[18, 7, 13, 14, 17, 12] => QQFieldElem[0, 0, 0, 1, 1, 1, 1, 0, 0, 0],
	[18, 7, 13, 14, 17, 24] => QQFieldElem[886//2189, 7569//2189, 13746//2189, 11585//2189, 4320//2189, -1108//2189, 3177//2189, 11906//2189, 14299//2189, 7650//2189],
	[18, 7, 13, 14, 7, 22] => QQFieldElem[-4, -11, -12, -8, -1, -1, -8, -12, -11, -4],
	[18, 7, 13, 14, 17, 22] => QQFieldElem[4, 11, 13, 7, 0, 0, 7, 13, 11, 4],
	[18, 7, 13, 14, 19, 14] => QQFieldElem[2, -2, -7, -7, 0, 7, 8, 2, -4, -4],
	[18, 7, 13, 14, 7, 14] => QQFieldElem[4, 0, -8, -11, -4, 3, 3, -4, -11, -8],
	[18, 7, 13, 14, 17, 14] => QQFieldElem[-3, 0, 5, 7, 3, -2, -2, 3, 7, 5],
	[18, 7, 13, 14, 9, 12] => QQFieldElem[-1, 0, 0, 0, 1, 1, 1, 1, 0, 0],
	[18, 7, 13, 14, 9, 24] => QQFieldElem[-631//2189, -1944//2189, 923//2189, 908//2189, 1751//2189, -970//2189, -842//2189, -593//2189, 1174//2189, 1687//2189])