Dict(
	[18, 13, 14, 7, 22, 10] => QQFieldElem[2, 0, 1, 2, 0, 1, 1, 0, 2, 1],
	[18, 13, 14, 7, 22, 18] => QQFieldElem[-1, -3, 1, -2, -2, 1, -3, -1, 0, -4],
	[18, 13, 14, 7, 22, 20] => QQFieldElem[2//23, -25//23, 8//23, -10//23, -27//23, 14//23, -18//23, -16//23, 15//23, -32//23],
	[18, 13, 14, 7, 24, 10] => QQFieldElem[-1, 1, 3, 0, -1, -1, -1, 2, 1, -1],
	[18, 13, 14, 7, 22, 8] => QQFieldElem[0, -1, -2, -3, -3, -3, -3, -2, -1, 0],
	[18, 13, 14, 7, 24, 18] => QQFieldElem[-3, 1, -3, -4, 0, -4, -2, 0, -4, 0],
	[18, 13, 14, 7, 12, 10] => QQFieldElem[34, -76, 34, 0, -65, 54, -37, -37, 54, -65],
	[18, 13, 14, 7, 12, 18] => QQFieldElem[-275, -190, -26, -326, -97, -97, -326, -26, -190, -275],
	[18, 13, 14, 7, 14, 10] => QQFieldElem[0, -2, -4, -2, 0, 0, -1, -3, -3, -1],
	[18, 13, 14, 7, 14, 18] => QQFieldElem[2, 0, 1, 2, 0, 1, 1, 0, 2, 1],
	[18, 13, 14, 7, 24, 20] => QQFieldElem[-1, 0, -1, -2, 0, -1, -1, 0, -2, -1],
	[18, 13, 14, 7, 12, 20] => QQFieldElem[-1982//23, -2401//23, 142//23, -2778//23, -1490//23, -264//23, -3155//23, -592//23, -1062//23, -3003//23],
	[18, 13, 14, 7, 24, 8] => QQFieldElem[-1, 0, 3, 6, 9, 10, 9, 7, 5, 3],
	[18, 13, 14, 7, 14, 20] => QQFieldElem[8//23, 1//23, 4//23, 27//23, 2//23, 0, 7//23, 0, 19//23, 12//23],
	[18, 13, 14, 7, 12, 8] => QQFieldElem[-3, 0, -1, -3, 1, -2, -2, 1, -3, -1],
	[18, 13, 14, 7, 14, 8] => QQFieldElem[1, 1, 1, 0, -1, -1, 0, 0, -1, -1])