Dict(
	[20, 20, 20, 20, 19, 13] => QQFieldElem[90, 0, -244, -572, -870, -1043, -1043, -870, -572, -244],
	[20, 20, 20, 20, 19, 4] => QQFieldElem[-39279//23, 0, 105372//23, 243384//23, 370214//23, 445592//23, 445592//23, 370214//23, 243384//23, 105372//23],
	[20, 20, 20, 20, 23, 2] => QQFieldElem[162, 0, -439, -1015, -1544, -1857, -1857, -1544, -1015, -439],
	[20, 20, 20, 20, 18, 15] => QQFieldElem[-17//11, 0, 40//11, 136//11, 233//11, 232//11, 232//11, 233//11, 136//11, 40//11],
	[20, 20, 20, 20, 24, 15] => QQFieldElem[-14, 0, 36, 81, 122, 147, 147, 122, 81, 36],
	[20, 20, 20, 20, 23, 20] => QQFieldElem[3, 0, 1, -5, -8, -12, -12, -8, -5, 1],
	[20, 20, 20, 20, 12, 2] => QQFieldElem[1, 0, -2, -3, -2, -1, -1, -2, -3, -2],
	[20, 20, 20, 20, 14, 13] => QQFieldElem[-14, 0, 25, 56, 84, 106, 106, 84, 56, 25],
	[20, 20, 20, 20, 14, 4] => QQFieldElem[7096//23, 0, -19027//23, -43944//23, -66842//23, -80455//23, -80455//23, -66842//23, -43944//23, -19027//23],
	[20, 20, 20, 20, 25, 17] => QQFieldElem[1062//11, 0, -2856//11, -6604//11, -10034//11, -12057//11, -12057//11, -10034//11, -6604//11, -2856//11],
	[20, 20, 20, 20, 2, 5] => QQFieldElem[-1, 0, 1, 0, 0, 0, 0, 0, 0, 1],
	[20, 20, 20, 20, 19, 11] => QQFieldElem[-317, 0, 851, 1966, 2990, 3599, 3599, 2990, 1966, 851],
	[20, 20, 20, 20, 16, 13] => QQFieldElem[-7, 0, -19, 1, -3, -10, -10, -3, 1, -19],
	[20, 20, 20, 20, 16, 4] => QQFieldElem[237//529, 0, -38//529, 126//529, 312//529, 32//529, 32//529, 312//529, 126//529, -38//529],
	[20, 20, 20, 20, 12, 20] => QQFieldElem[49//11, 0, -466//11, -458//11, -273//11, 78//11, 78//11, -273//11, -458//11, -466//11],
	[20, 20, 20, 20, 21, 1] => QQFieldElem[5, 0, -13, -30, -46, -56, -56, -46, -30, -13],
	[20, 20, 20, 20, 4, 12] => QQFieldElem[1, 0, 6, 4, -6, 7, 7, -6, 4, 6],
	[20, 20, 20, 20, 21, 22] => QQFieldElem[1, 0, -3, -3, -1, 0, 0, -1, -3, -3],
	[20, 20, 20, 20, 13, 12] => QQFieldElem[-14, 0, 39, 89, 134, 163, 163, 134, 89, 39],
	[20, 20, 20, 20, 4, 23] => QQFieldElem[-4229//529, 0, 875//529, -1109//529, 646//529, -2102//529, -2102//529, 646//529, -1109//529, 875//529],
	[20, 20, 20, 20, 13, 23] => QQFieldElem[-655//253, 0, -433//253, -986//253, -130//253, -703//253, -703//253, -130//253, -986//253, -433//253],
	[20, 20, 20, 20, 14, 11] => QQFieldElem[32, 0, -86, -199, -302, -364, -364, -302, -199, -86],
	[20, 20, 20, 20, 25, 15] => QQFieldElem[172//11, 0, -461//11, -958//11, -1282//11, -1455//11, -1455//11, -1282//11, -958//11, -461//11],
	[20, 20, 20, 20, 19, 2] => QQFieldElem[616, 0, -1652, -3815, -5803, -6985, -6985, -5803, -3815, -1652],
	[20, 20, 20, 20, 3, 25] => QQFieldElem[-110286//7921, 0, -50246//7921, -108280//7921, 34285//7921, -86574//7921, -86574//7921, 34285//7921, -108280//7921, -50246//7921],
	[20, 20, 20, 20, 5, 1] => QQFieldElem[-2, 0, 9, 21, 30, 37, 37, 30, 21, 9],
	[20, 20, 20, 20, 18, 13] => QQFieldElem[-38, 0, 38, 118, 173, 216, 216, 173, 118, 38],
	[20, 20, 20, 20, 5, 22] => QQFieldElem[-15, 0, -5, -14, 3, -10, -10, 3, -14, -5],
	[20, 20, 20, 20, 18, 4] => QQFieldElem[171760//529, 0, -460987//529, -1064650//529, -1619513//529, -1949173//529, -1949173//529, -1619513//529, -1064650//529, -460987//529],
	[20, 20, 20, 20, 11, 1] => QQFieldElem[1, 0, -4, -10, -14, -15, -15, -14, -10, -4],
	[20, 20, 20, 20, 16, 11] => QQFieldElem[-74, 0, -23, -66, 13, -47, -47, 13, -66, -23],
	[20, 20, 20, 20, 11, 22] => QQFieldElem[-5, 0, 3, 6, 7, -7, -7, 7, 6, 3],
	[20, 20, 20, 20, 24, 13] => QQFieldElem[-106, 0, 285, 654, 995, 1199, 1199, 995, 654, 285],
	[20, 20, 20, 20, 24, 4] => QQFieldElem[35714//23, 0, -95781//23, -221235//23, -336519//23, -405043//23, -405043//23, -336519//23, -221235//23, -95781//23],
	[20, 20, 20, 20, 22, 12] => QQFieldElem[26, 0, -69, -158, -240, -290, -290, -240, -158, -69],
	[20, 20, 20, 20, 19, 20] => QQFieldElem[48//11, 0, -122//11, -285//11, -434//11, -525//11, -525//11, -434//11, -285//11, -122//11],
	[20, 20, 20, 20, 20, 25] => QQFieldElem[64819//7921, 0, 79389//7921, 199443//7921, 171467//7921, 279828//7921, 279828//7921, 171467//7921, 199443//7921, 79389//7921],
	[20, 20, 20, 20, 15, 21] => QQFieldElem[-61, 0, -53, -136, -94, -176, -176, -94, -136, -53],
	[20, 20, 20, 20, 22, 23] => QQFieldElem[-901//5819, 0, 4177//5819, 8440//5819, 11942//5819, 13605//5819, 13605//5819, 11942//5819, 8440//5819, 4177//5819],
	[20, 20, 20, 20, 23, 24] => QQFieldElem[-500, 0, -157, -459, 81, -337, -337, 81, -459, -157],
	[20, 20, 20, 20, 1, 12] => QQFieldElem[-13, 0, 9, -7, -10, 5, 5, -10, -7, 9],
	[20, 20, 20, 20, 3, 18] => QQFieldElem[-3484//529, 0, 4790//529, 2493//529, -1278//529, 753//529, 753//529, -1278//529, 2493//529, 4790//529],
	[20, 20, 20, 20, 14, 2] => QQFieldElem[-111, 0, 298, 689, 1048, 1261, 1261, 1048, 689, 298],
	[20, 20, 20, 20, 1, 23] => QQFieldElem[9318//5819, 0, -2368//5819, 3468//5819, 3153//5819, 1164//5819, 1164//5819, 3153//5819, 3468//5819, -2368//5819],
	[20, 20, 20, 20, 21, 5] => QQFieldElem[-1, 0, 1, -2, -2, 1, 1, -2, -2, 1],
	[20, 20, 20, 20, 3, 16] => QQFieldElem[-27, 0, 49, 62, 25, -18, -18, 25, 62, 49],
	[20, 20, 20, 20, 20, 18] => QQFieldElem[-9607//529, 0, 23429//529, 54360//529, 84136//529, 100196//529, 100196//529, 84136//529, 54360//529, 23429//529],
	[20, 20, 20, 20, 16, 2] => QQFieldElem[5, 0, -1, 3, 2, 0, 0, 2, 3, -1],
	[20, 20, 20, 20, 23, 14] => QQFieldElem[-273, 0, -100, -285, -1, -242, -242, -1, -285, -100],
	[20, 20, 20, 20, 14, 20] => QQFieldElem[19//11, 0, 42//11, 35//11, 56//11, 50//11, 50//11, 56//11, 35//11, 42//11],
	[20, 20, 20, 20, 18, 11] => QQFieldElem[124, 0, -249, -567, -909, -1068, -1068, -909, -567, -249],
	[20, 20, 20, 20, 12, 24] => QQFieldElem[-746//11, 0, -666//11, -1336//11, -19//11, -466//11, -466//11, -19//11, -1336//11, -666//11],
	[20, 20, 20, 20, 3, 19] => QQFieldElem[18, 0, 62, 101, 15, 11, 11, 15, 101, 62],
	[20, 20, 20, 20, 20, 16] => QQFieldElem[767, 0, -2058, -4753, -7229, -8701, -8701, -7229, -4753, -2058],
	[20, 20, 20, 20, 24, 11] => QQFieldElem[364, 0, -976, -2254, -3429, -4127, -4127, -3429, -2254, -976],
	[20, 20, 20, 20, 16, 20] => QQFieldElem[-34//11, 0, -52//11, -3//11, -29//11, -20//11, -20//11, -29//11, -3//11, -52//11],
	[20, 20, 20, 20, 5, 5] => QQFieldElem[1, 0, 1, 3, 3, 5, 5, 3, 3, 1],
	[20, 20, 20, 20, 12, 14] => QQFieldElem[-62, 0, 5, -19, 20, -41, -41, 20, -19, 5],
	[20, 20, 20, 20, 11, 5] => QQFieldElem[6, 0, -3, 6, 7, -4, -4, 7, 6, -3],
	[20, 20, 20, 20, 25, 13] => QQFieldElem[89, 0, -239, -549, -834, -1006, -1006, -834, -549, -239],
	[20, 20, 20, 20, 20, 19] => QQFieldElem[-124, 0, -19, -66, 83, -2, -2, 83, -66, -19],
	[20, 20, 20, 20, 15, 3] => QQFieldElem[-953//11, 0, 2518//11, 5809//11, 8861//11, 10651//11, 10651//11, 8861//11, 5809//11, 2518//11],
	[20, 20, 20, 20, 2, 25] => QQFieldElem[18946//7921, 0, 8626//7921, 17931//7921, -3397//7921, 13266//7921, 13266//7921, -3397//7921, 17931//7921, 8626//7921],
	[20, 20, 20, 20, 25, 4] => QQFieldElem[-730191//529, 0, 1958593//529, 4523897//529, 6881335//529, 8282550//529, 8282550//529, 6881335//529, 4523897//529, 1958593//529],
	[20, 20, 20, 20, 18, 2] => QQFieldElem[-155, 0, 414, 957, 1455, 1752, 1752, 1455, 957, 414],
	[20, 20, 20, 20, 24, 2] => QQFieldElem[-560, 0, 1501, 3468, 5275, 6349, 6349, 5275, 3468, 1501],
	[20, 20, 20, 20, 2, 18] => QQFieldElem[471//529, 0, -1271//529, -1711//529, -792//529, 489//529, 489//529, -792//529, -1711//529, -1271//529],
	[20, 20, 20, 20, 19, 24] => QQFieldElem[73//11, 0, -109//11, -243//11, -413//11, -476//11, -476//11, -413//11, -243//11, -109//11],
	[20, 20, 20, 20, 18, 20] => QQFieldElem[-14//11, 0, 9//11, 46//11, 67//11, 94//11, 94//11, 67//11, 46//11, 9//11],
	[20, 20, 20, 20, 2, 16] => QQFieldElem[15, 0, -27, -35, -14, 11, 11, -14, -35, -27],
	[20, 20, 20, 20, 25, 11] => QQFieldElem[-225, 0, 708, 1642, 2443, 2971, 2971, 2443, 1642, 708],
	[20, 20, 20, 20, 24, 20] => QQFieldElem[-12, 0, 7, 31, 45, 58, 58, 45, 31, 7],
	[20, 20, 20, 20, 19, 14] => QQFieldElem[23, 0, -58, -133, -204, -245, -245, -204, -133, -58],
	[20, 20, 20, 20, 2, 19] => QQFieldElem[-28, 0, 21, 22, 15, -19, -19, 15, 22, 21],
	[20, 20, 20, 20, 3, 17] => QQFieldElem[1, 0, 6, 17, 11, -7, -7, 11, 17, 6],
	[20, 20, 20, 20, 14, 24] => QQFieldElem[-36//11, 0, 9//11, 2//11, 34//11, 17//11, 17//11, 34//11, 2//11, 9//11],
	[20, 20, 20, 20, 4, 1] => QQFieldElem[-2, 0, -3, -4, 3, 2, 2, 3, -4, -3],
	[20, 20, 20, 20, 13, 1] => QQFieldElem[134, 0, -358, -827, -1259, -1515, -1515, -1259, -827, -358],
	[20, 20, 20, 20, 4, 22] => QQFieldElem[-78, 0, -40, -93, 10, -51, -51, 10, -93, -40],
	[20, 20, 20, 20, 13, 22] => QQFieldElem[-7, 0, -6, -13, -3, -9, -9, -3, -13, -6],
	[20, 20, 20, 20, 20, 17] => QQFieldElem[-81, 0, 216, 501, 764, 917, 917, 764, 501, 216],
	[20, 20, 20, 20, 16, 24] => QQFieldElem[-2657//11, 0, -829//11, -2405//11, 497//11, -1726//11, -1726//11, 497//11, -2405//11, -829//11],
	[20, 20, 20, 20, 25, 2] => QQFieldElem[435, 0, -1166, -2696, -4101, -4935, -4935, -4101, -2696, -1166],
	[20, 20, 20, 20, 14, 14] => QQFieldElem[-3, 0, 5, 12, 21, 24, 24, 21, 12, 5],
	[20, 20, 20, 20, 21, 25] => QQFieldElem[1159//7921, 0, -5185//7921, -2443//7921, -240//7921, -1166//7921, -1166//7921, -240//7921, -2443//7921, -5185//7921],
	[20, 20, 20, 20, 17, 21] => QQFieldElem[50, 0, 2, 13, -51, -22, -22, -51, 13, 2],
	[20, 20, 20, 20, 16, 14] => QQFieldElem[-105, 0, -34, -95, 20, -69, -69, 20, -95, -34],
	[20, 20, 20, 20, 25, 20] => QQFieldElem[-185//11, 0, -204//11, -225//11, -580//11, -730//11, -730//11, -580//11, -225//11, -204//11],
	[20, 20, 20, 20, 3, 15] => QQFieldElem[21, 0, -19, 15, 30, -20, -20, 30, 15, -19],
	[20, 20, 20, 20, 21, 18] => QQFieldElem[-416//529, 0, 643//529, 424//529, 29//529, -68//529, -68//529, 29//529, 424//529, 643//529],
	[20, 20, 20, 20, 22, 1] => QQFieldElem[-148, 0, 397, 917, 1395, 1679, 1679, 1395, 917, 397],
	[20, 20, 20, 20, 22, 22] => QQFieldElem[1, 0, 3, 8, 10, 14, 14, 10, 8, 3],
	[20, 20, 20, 20, 5, 25] => QQFieldElem[-62597//7921, 0, -20125//7921, -57161//7921, 11076//7921, -40449//7921, -40449//7921, 11076//7921, -57161//7921, -20125//7921],
	[20, 20, 20, 20, 1, 1] => QQFieldElem[0, 0, 1, 1, 0, 1, 1, 0, 1, 1],
	[20, 20, 20, 20, 1, 22] => QQFieldElem[18, 0, 2, 13, -1, 9, 9, -1, 13, 2],
	[20, 20, 20, 20, 18, 24] => QQFieldElem[173, 0, 56, 162, -25, 121, 121, -25, 162, 56],
	[20, 20, 20, 20, 11, 25] => QQFieldElem[1860//7921, 0, -4569//7921, 8101//7921, 15409//7921, -12731//7921, -12731//7921, 15409//7921, 8101//7921, -4569//7921],
	[20, 20, 20, 20, 21, 16] => QQFieldElem[-11, 0, 22, 33, 26, 14, 14, 26, 33, 22],
	[20, 20, 20, 20, 20, 15] => QQFieldElem[-7, 0, 31, 72, 103, 128, 128, 103, 72, 31],
	[20, 20, 20, 20, 4, 5] => QQFieldElem[5, 0, 4, 10, 2, 2, 2, 2, 10, 4],
	[20, 20, 20, 20, 24, 24] => QQFieldElem[-4, 0, 15, 35, 50, 61, 61, 50, 35, 15],
	[20, 20, 20, 20, 13, 5] => QQFieldElem[8, 0, -19, -43, -66, -79, -79, -66, -43, -19],
	[20, 20, 20, 20, 2, 17] => QQFieldElem[-29//11, 0, 54//11, 78//11, 39//11, -30//11, -30//11, 39//11, 78//11, 54//11],
	[20, 20, 20, 20, 15, 12] => QQFieldElem[-85, 0, 231, 531, 810, 973, 973, 810, 531, 231],
	[20, 20, 20, 20, 21, 19] => QQFieldElem[-5, 0, 13, 15, 7, -4, -4, 7, 15, 13],
	[20, 20, 20, 20, 5, 18] => QQFieldElem[291//529, 0, 111//529, 385//529, 70//529, 73//529, 73//529, 70//529, 385//529, 111//529],
	[20, 20, 20, 20, 15, 23] => QQFieldElem[941//529, 0, -798//529, -1714//529, -3505//529, -3720//529, -3720//529, -3505//529, -1714//529, -798//529],
	[20, 20, 20, 20, 17, 3] => QQFieldElem[-49//11, 0, 125//11, 304//11, 449//11, 549//11, 549//11, 449//11, 304//11, 125//11],
	[20, 20, 20, 20, 18, 14] => QQFieldElem[72, 0, 35, 94, 25, 96, 96, 25, 94, 35],
	[20, 20, 20, 20, 11, 18] => QQFieldElem[-2809//529, 0, 2517//529, -77//529, -1601//529, 726//529, 726//529, -1601//529, -77//529, 2517//529],
	[20, 20, 20, 20, 24, 14] => QQFieldElem[-24, 0, 67, 155, 234, 282, 282, 234, 155, 67],
	[20, 20, 20, 20, 5, 16] => QQFieldElem[-3, 0, 6, 8, 4, -1, -1, 4, 8, 6],
	[20, 20, 20, 20, 11, 16] => QQFieldElem[-19, 0, 34, 43, 18, -11, -11, 18, 43, 34],
	[20, 20, 20, 20, 5, 19] => QQFieldElem[31, 0, 12, 32, -5, 20, 20, -5, 32, 12],
	[20, 20, 20, 20, 22, 5] => QQFieldElem[-3, 0, 9, 21, 32, 38, 38, 32, 21, 9],
	[20, 20, 20, 20, 11, 19] => QQFieldElem[-14, 0, 23, 28, 11, -9, -9, 11, 28, 23],
	[20, 20, 20, 20, 1, 5] => QQFieldElem[5, 0, -4, 1, 4, -2, -2, 4, 1, -4],
	[20, 20, 20, 20, 2, 15] => QQFieldElem[-4//11, 0, 1//11, -34//11, -39//11, 30//11, 30//11, -39//11, -34//11, 1//11],
	[20, 20, 20, 20, 3, 13] => QQFieldElem[-16, 0, 12, -10, -10, 5, 5, -10, -10, 12],
	[20, 20, 20, 20, 3, 4] => QQFieldElem[-215//529, 0, -249//529, -1708//529, -2995//529, -3020//529, -3020//529, -2995//529, -1708//529, -249//529],
	[20, 20, 20, 20, 25, 24] => QQFieldElem[2330//11, 0, 578//11, 1754//11, -905//11, 884//11, 884//11, -905//11, 1754//11, 578//11],
	[20, 20, 20, 20, 20, 13] => QQFieldElem[-82, 0, 222, 510, 773, 934, 934, 773, 510, 222],
	[20, 20, 20, 20, 20, 4] => QQFieldElem[854421//529, 0, -2292269//529, -5294501//529, -8053356//529, -9693246//529, -9693246//529, -8053356//529, -5294501//529, -2292269//529],
	[20, 20, 20, 20, 25, 14] => QQFieldElem[137, 0, -23, -32, -229, -176, -176, -229, -32, -23],
	[20, 20, 20, 20, 21, 17] => QQFieldElem[-1//11, 0, 14//11, 30//11, 15//11, -20//11, -20//11, 15//11, 30//11, 14//11],
	[20, 20, 20, 20, 3, 11] => QQFieldElem[136, 0, 42, 123, -24, 88, 88, -24, 123, 42],
	[20, 20, 20, 20, 23, 21] => QQFieldElem[-52, 0, -273, -657, -785, -1064, -1064, -785, -657, -273],
	[20, 20, 20, 20, 20, 11] => QQFieldElem[147, 0, -676, -1579, -2255, -2796, -2796, -2255, -1579, -676],
	[20, 20, 20, 20, 5, 17] => QQFieldElem[7//11, 0, 1//11, 10//11, 5//11, -3//11, -3//11, 5//11, 10//11, 1//11],
	[20, 20, 20, 20, 11, 17] => QQFieldElem[75//11, 0, -27//11, 104//11, 107//11, -62//11, -62//11, 107//11, 104//11, -27//11],
	[20, 20, 20, 20, 4, 25] => QQFieldElem[-278848//7921, 0, -83667//7921, -244174//7921, 55699//7921, -183335//7921, -183335//7921, 55699//7921, -244174//7921, -83667//7921],
	[20, 20, 20, 20, 13, 25] => QQFieldElem[-74736//7921, 0, -25018//7921, -70345//7921, 12339//7921, -50749//7921, -50749//7921, 12339//7921, -70345//7921, -25018//7921],
	[20, 20, 20, 20, 2, 13] => QQFieldElem[-18, 0, -16, -3, -13, -7, -7, -13, -3, -16],
	[20, 20, 20, 20, 2, 4] => QQFieldElem[-97//529, 0, -9//529, 2//529, -121//529, -243//529, -243//529, -121//529, 2//529, -9//529],
	[20, 20, 20, 20, 21, 15] => QQFieldElem[-128//11, 0, 142//11, 67//11, -27//11, 3//11, 3//11, -27//11, 67//11, 142//11],
	[20, 20, 20, 20, 12, 21] => QQFieldElem[-41, 0, -8, -30, 9, -27, -27, 9, -30, -8],
	[20, 20, 20, 20, 3, 2] => QQFieldElem[-3, 0, 3, 0, -1, 5, 5, -1, 0, 3],
	[20, 20, 20, 20, 4, 18] => QQFieldElem[6485//529, 0, -7970//529, -6803//529, -1814//529, 2174//529, 2174//529, -1814//529, -6803//529, -7970//529],
	[20, 20, 20, 20, 17, 12] => QQFieldElem[-13, 0, 35, 81, 122, 148, 148, 122, 81, 35],
	[20, 20, 20, 20, 13, 18] => QQFieldElem[270//529, 0, -486//529, -1028//529, -1293//529, -963//529, -963//529, -1293//529, -1028//529, -486//529],
	[20, 20, 20, 20, 17, 23] => QQFieldElem[-135//529, 0, -229//529, -350//529, -504//529, -630//529, -630//529, -504//529, -350//529, -229//529],
	[20, 20, 20, 20, 20, 2] => QQFieldElem[-510, 0, 1365, 3154, 4800, 5775, 5775, 4800, 3154, 1365],
	[20, 20, 20, 20, 3, 20] => QQFieldElem[11, 0, -15, -18, -6, 6, 6, -6, -18, -15],
	[20, 20, 20, 20, 4, 16] => QQFieldElem[101, 0, -184, -236, -95, 73, 73, -95, -236, -184],
	[20, 20, 20, 20, 13, 16] => QQFieldElem[-12, 0, 35, 87, 141, 176, 176, 141, 87, 35],
	[20, 20, 20, 20, 5, 15] => QQFieldElem[-45//11, 0, 3//11, -14//11, 15//11, -31//11, -31//11, 15//11, -14//11, 3//11],
	[20, 20, 20, 20, 23, 3] => QQFieldElem[-1180//11, 0, 3012//11, 6943//11, 10649//11, 12766//11, 12766//11, 10649//11, 6943//11, 3012//11],
	[20, 20, 20, 20, 22, 25] => QQFieldElem[907//7921, 0, 1362//7921, 3665//7921, 1965//7921, 4596//7921, 4596//7921, 1965//7921, 3665//7921, 1362//7921],
	[20, 20, 20, 20, 11, 15] => QQFieldElem[19, 0, 2, 50, 43, -26, -26, 43, 50, 2],
	[20, 20, 20, 20, 15, 1] => QQFieldElem[612, 0, -1642, -3793, -5769, -6944, -6944, -5769, -3793, -1642],
	[20, 20, 20, 20, 2, 11] => QQFieldElem[-60, 0, -18, -55, 12, -39, -39, 12, -55, -18],
	[20, 20, 20, 20, 1, 25] => QQFieldElem[34350//7921, 0, 580//7921, 24021//7921, 4396//7921, 11588//7921, 11588//7921, 4396//7921, 24021//7921, 580//7921],
	[20, 20, 20, 20, 15, 22] => QQFieldElem[12, 0, -3, -5, -23, -19, -19, -23, -5, -3],
	[20, 20, 20, 20, 4, 19] => QQFieldElem[-198, 0, 128, 105, 105, -135, -135, 105, 105, 128],
	[20, 20, 20, 20, 13, 19] => QQFieldElem[10, 0, -4, -2, -5, 6, 6, -5, -2, -4],
	[20, 20, 20, 20, 20, 20] => QQFieldElem[-5, 0, 11, 25, 39, 46, 46, 39, 25, 11],
	[20, 20, 20, 20, 12, 3] => QQFieldElem[-6//11, 0, 4//11, 8//11, 8//11, 5//11, 5//11, 8//11, 8//11, 4//11],
	[20, 20, 20, 20, 22, 18] => QQFieldElem[-194//529, 0, 455//529, 1154//529, 1893//529, 2420//529, 2420//529, 1893//529, 1154//529, 455//529],
	[20, 20, 20, 20, 19, 21] => QQFieldElem[182, 0, -487, -1125, -1712, -2060, -2060, -1712, -1125, -487],
	[20, 20, 20, 20, 1, 18] => QQFieldElem[-1648//529, 0, 1591//529, 52//529, -760//529, 341//529, 341//529, -760//529, 52//529, 1591//529],
	[20, 20, 20, 20, 22, 16] => QQFieldElem[56, 0, -149, -342, -517, -620, -620, -517, -342, -149],
	[20, 20, 20, 20, 1, 16] => QQFieldElem[-13, 0, 24, 30, 12, -9, -9, 12, 30, 24],
	[20, 20, 20, 20, 21, 13] => QQFieldElem[1, 0, -3, 1, 1, -2, -2, 1, 1, -3],
	[20, 20, 20, 20, 21, 4] => QQFieldElem[86//529, 0, 417//529, 789//529, 1198//529, 1208//529, 1208//529, 1198//529, 789//529, 417//529],
	[20, 20, 20, 20, 2, 2] => QQFieldElem[-1, 0, 0, -1, 0, 0, 0, 0, -1, 0],
	[20, 20, 20, 20, 22, 19] => QQFieldElem[-2, 0, 2, 3, 2, 0, 0, 2, 3, 2],
	[20, 20, 20, 20, 14, 21] => QQFieldElem[-13, 0, 34, 79, 121, 145, 145, 121, 79, 34],
	[20, 20, 20, 20, 1, 19] => QQFieldElem[1, 0, 21, 28, 8, 0, 0, 8, 28, 21],
	[20, 20, 20, 20, 2, 20] => QQFieldElem[255//11, 0, 346//11, 138//11, 245//11, 95//11, 95//11, 245//11, 138//11, 346//11],
	[20, 20, 20, 20, 15, 5] => QQFieldElem[68, 0, -187, -430, -654, -787, -787, -654, -430, -187],
	[20, 20, 20, 20, 16, 21] => QQFieldElem[-118, 0, -37, -107, 22, -77, -77, 22, -107, -37],
	[20, 20, 20, 20, 19, 3] => QQFieldElem[-4988//11, 0, 13380//11, 30906//11, 47012//11, 56583//11, 56583//11, 47012//11, 30906//11, 13380//11],
	[20, 20, 20, 20, 5, 13] => QQFieldElem[0, 0, 0, -1, 1, -1, -1, 1, -1, 0],
	[20, 20, 20, 20, 5, 4] => QQFieldElem[974//529, 0, -2511//529, -5790//529, -8896//529, -10665//529, -10665//529, -8896//529, -5790//529, -2511//529],
	[20, 20, 20, 20, 3, 24] => QQFieldElem[740, 0, 222, 662, -134, 475, 475, -134, 662, 222],
	[20, 20, 20, 20, 11, 13] => QQFieldElem[-11, 0, 9, -5, -9, 5, 5, -9, -5, 9],
	[20, 20, 20, 20, 11, 4] => QQFieldElem[-228//529, 0, 137//529, -148//529, -39//529, 525//529, 525//529, -39//529, -148//529, 137//529],
	[20, 20, 20, 20, 4, 17] => QQFieldElem[-142//11, 0, 327//11, 465//11, 194//11, -134//11, -134//11, 194//11, 465//11, 327//11],
	[20, 20, 20, 20, 13, 17] => QQFieldElem[25//11, 0, -53//11, -101//11, -133//11, -149//11, -149//11, -133//11, -101//11, -53//11],
	[20, 20, 20, 20, 21, 11] => QQFieldElem[-2, 0, 1, 2, 5, 5, 5, 5, 2, 1],
	[20, 20, 20, 20, 20, 24] => QQFieldElem[-714, 0, -210, -619, 166, -417, -417, 166, -619, -210],
	[20, 20, 20, 20, 3, 14] => QQFieldElem[347, 0, 108, 312, -67, 227, 227, -67, 312, 108],
	[20, 20, 20, 20, 14, 3] => QQFieldElem[901//11, 0, -2417//11, -5580//11, -8488//11, -10217//11, -10217//11, -8488//11, -5580//11, -2417//11],
	[20, 20, 20, 20, 18, 21] => QQFieldElem[-7, 0, 162, 383, 508, 653, 653, 508, 383, 162],
	[20, 20, 20, 20, 20, 14] => QQFieldElem[-330, 0, -41, -153, 250, 32, 32, 250, -153, -41],
	[20, 20, 20, 20, 5, 11] => QQFieldElem[76, 0, 24, 69, -13, 50, 50, -13, 69, 24],
	[20, 20, 20, 20, 16, 3] => QQFieldElem[5, 0, 21//11, 49//11, -9//11, 38//11, 38//11, -9//11, 49//11, 21//11],
	[20, 20, 20, 20, 24, 21] => QQFieldElem[-244, 0, 655, 1513, 2301, 2770, 2770, 2301, 1513, 655],
	[20, 20, 20, 20, 11, 11] => QQFieldElem[-16, 0, -5, -14, 4, -10, -10, 4, -14, -5],
	[20, 20, 20, 20, 21, 2] => QQFieldElem[2, 0, -1, -1, -1, -3, -3, -1, -1, -1],
	[20, 20, 20, 20, 22, 17] => QQFieldElem[-36//11, 0, 97//11, 222//11, 331//11, 391//11, 391//11, 331//11, 222//11, 97//11],
	[20, 20, 20, 20, 23, 12] => QQFieldElem[-299, 0, 792, 1821, 2771, 3340, 3340, 2771, 1821, 792],
	[20, 20, 20, 20, 4, 15] => QQFieldElem[-10//11, 0, -267//11, -338//11, -4//11, -68//11, -68//11, -4//11, -338//11, -267//11],
	[20, 20, 20, 20, 13, 15] => QQFieldElem[-2, 0, -6, -9, -1, -4, -4, -1, -9, -6],
	[20, 20, 20, 20, 1, 17] => QQFieldElem[36//11, 0, -9//11, 64//11, 65//11, -39//11, -39//11, 65//11, 64//11, -9//11],
	[20, 20, 20, 20, 23, 23] => QQFieldElem[6, 0, -7, -16, -30, -33, -33, -30, -16, -7],
	[20, 20, 20, 20, 17, 1] => QQFieldElem[96, 0, -255, -589, -897, -1079, -1079, -897, -589, -255],
	[20, 20, 20, 20, 21, 20] => QQFieldElem[295//11, 0, 138//11, -72//11, 129//11, 136//11, 136//11, 129//11, -72//11, 138//11],
	[20, 20, 20, 20, 17, 22] => QQFieldElem[-8, 0, -4, -11, -3, -11, -11, -3, -11, -4],
	[20, 20, 20, 20, 2, 24] => QQFieldElem[-2220//11, 0, -710//11, -2040//11, 399//11, -1434//11, -1434//11, 399//11, -2040//11, -710//11],
	[20, 20, 20, 20, 12, 12] => QQFieldElem[0, 0, -1, -1, 1, 1, 1, 1, -1, -1],
	[20, 20, 20, 20, 5, 2] => QQFieldElem[0, 0, 2, 4, 5, 7, 7, 5, 4, 2],
	[20, 20, 20, 20, 12, 23] => QQFieldElem[-29383//5819, 0, 55127//5819, 71021//5819, 28443//5819, -21446//5819, -21446//5819, 28443//5819, 71021//5819, 55127//5819],
	[20, 20, 20, 20, 11, 2] => QQFieldElem[-4, 0, 3, -2, -4, 1, 1, -4, -2, 3],
	[20, 20, 20, 20, 18, 3] => QQFieldElem[1130//11, 0, -2834//11, -6540//11, -913, -12036//11, -12036//11, -913, -6540//11, -2834//11],
	[20, 20, 20, 20, 2, 14] => QQFieldElem[-96, 0, -31, -88, 17, -62, -62, 17, -88, -31],
	[20, 20, 20, 20, 22, 15] => QQFieldElem[14//11, 0, -9//11, 9//11, 21//11, 16//11, 16//11, 21//11, 9//11, -9//11],
	[20, 20, 20, 20, 24, 3] => QQFieldElem[412, 0, -1106, -2554, -3885, -4676, -4676, -3885, -2554, -1106],
	[20, 20, 20, 20, 5, 20] => QQFieldElem[-49//11, 0, -117//11, -70//11, -79//11, -12//11, -12//11, -79//11, -70//11, -117//11],
	[20, 20, 20, 20, 25, 21] => QQFieldElem[219, 0, -454, -1040, -1652, -1950, -1950, -1652, -1040, -454],
	[20, 20, 20, 20, 11, 20] => QQFieldElem[95//11, 0, -197//11, -210//11, -83//11, 52//11, 52//11, -83//11, -210//11, -197//11],
	[20, 20, 20, 20, 1, 15] => QQFieldElem[219//11, 0, -118//11, 173//11, 213//11, -108//11, -108//11, 213//11, 173//11, -118//11],
	[20, 20, 20, 20, 15, 25] => QQFieldElem[41970//7921, 0, 8180//7921, 26036//7921, -22674//7921, 7469//7921, 7469//7921, -22674//7921, 26036//7921, 8180//7921],
	[20, 20, 20, 20, 19, 12] => QQFieldElem[-876, 0, 2353, 5438, 8272, 9954, 9954, 8272, 5438, 2353],
	[20, 20, 20, 20, 17, 5] => QQFieldElem[3, 0, -5, -13, -20, -24, -24, -20, -13, -5],
	[20, 20, 20, 20, 4, 13] => QQFieldElem[-4, 0, -20, -1, 2, -12, -12, 2, -1, -20],
	[20, 20, 20, 20, 4, 4] => QQFieldElem[-1, 0, 1, 0, -1, -2, -2, -1, 0, 1],
	[20, 20, 20, 20, 15, 18] => QQFieldElem[706//529, 0, -2223//529, -5094//529, -7707//529, -9254//529, -9254//529, -7707//529, -5094//529, -2223//529],
	[20, 20, 20, 20, 13, 13] => QQFieldElem[-2, 0, -4, -11, -12, -16, -16, -12, -11, -4],
	[20, 20, 20, 20, 13, 4] => QQFieldElem[-19950//529, 0, 53514//529, 123532//529, 187821//529, 226062//529, 226062//529, 187821//529, 123532//529, 53514//529],
	[20, 20, 20, 20, 19, 23] => QQFieldElem[4837//529, 0, -13100//529, -30387//529, -46233//529, -55543//529, -55543//529, -46233//529, -30387//529, -13100//529],
	[20, 20, 20, 20, 15, 16] => QQFieldElem[-71, 0, 187, 434, 660, 795, 795, 660, 434, 187],
	[20, 20, 20, 20, 21, 24] => QQFieldElem[-24//11, 0, -38//11, -61//11, -3//11, -18//11, -18//11, -3//11, -61//11, -38//11],
	[20, 20, 20, 20, 25, 3] => QQFieldElem[-3792//11, 0, 10207//11, 23575//11, 35843//11, 43151//11, 43151//11, 35843//11, 23575//11, 10207//11],
	[20, 20, 20, 20, 14, 12] => QQFieldElem[90, 0, -239, -549, -835, -1007, -1007, -835, -549, -239],
	[20, 20, 20, 20, 15, 19] => QQFieldElem[-2, 0, -1, -8, -3, -9, -9, -3, -8, -1],
	[20, 20, 20, 20, 14, 23] => QQFieldElem[-186//529, 0, 766//529, 2104//529, 3326//529, 3893//529, 3893//529, 3326//529, 2104//529, 766//529],
	[20, 20, 20, 20, 22, 13] => QQFieldElem[-1, 0, 5, 11, 17, 20, 20, 17, 11, 5],
	[20, 20, 20, 20, 16, 12] => QQFieldElem[16, 0, -10, 9, 12, -5, -5, 12, 9, -10],
	[20, 20, 20, 20, 22, 4] => QQFieldElem[10275//529, 0, -27689//529, -63910//529, -97242//529, -117035//529, -117035//529, -97242//529, -63910//529, -27689//529],
	[20, 20, 20, 20, 4, 11] => QQFieldElem[-229, 0, -70, -208, 43, -148, -148, 43, -208, -70],
	[20, 20, 20, 20, 13, 11] => QQFieldElem[95, 0, 48, 130, 40, 136, 136, 40, 130, 48],
	[20, 20, 20, 20, 21, 14] => QQFieldElem[-1, 0, -2, -3, 0, -1, -1, 0, -3, -2],
	[20, 20, 20, 20, 1, 13] => QQFieldElem[12, 0, 22, 0, 7, 11, 11, 7, 0, 22],
	[20, 20, 20, 20, 1, 4] => QQFieldElem[-119//529, 0, 278//529, -3//529, -83//529, 100//529, 100//529, -83//529, -3//529, 278//529],
	[20, 20, 20, 20, 16, 23] => QQFieldElem[-3693//5819, 0, -2726//5819, -4402//5819, 3035//5819, -4538//5819, -4538//5819, 3035//5819, -4402//5819, -2726//5819],
	[20, 20, 20, 20, 5, 24] => QQFieldElem[5777//11, 0, 1787//11, 5220//11, -1064//11, 3736//11, 3736//11, -1064//11, 5220//11, 1787//11],
	[20, 20, 20, 20, 11, 24] => QQFieldElem[-460//11, 0, -83//11, -302//11, 135//11, -323//11, -323//11, 135//11, -302//11, -83//11],
	[20, 20, 20, 20, 5, 14] => QQFieldElem[249, 0, 77, 225, -46, 161, 161, -46, 225, 77],
	[20, 20, 20, 20, 11, 14] => QQFieldElem[-23, 0, -10, -27, 1, -13, -13, 1, -27, -10],
	[20, 20, 20, 20, 4, 2] => QQFieldElem[3, 0, 1, 2, -2, 4, 4, -2, 2, 1],
	[20, 20, 20, 20, 13, 2] => QQFieldElem[18, 0, -48, -111, -169, -203, -203, -169, -111, -48],
	[20, 20, 20, 20, 23, 1] => QQFieldElem[1220, 0, -3275, -7565, -11506, -13849, -13849, -11506, -7565, -3275],
	[20, 20, 20, 20, 22, 11] => QQFieldElem[8, 0, -44, -103, -145, -181, -181, -145, -103, -44],
	[20, 20, 20, 20, 23, 22] => QQFieldElem[22, 0, -30, -70, -123, -140, -140, -123, -70, -30],
	[20, 20, 20, 20, 18, 12] => QQFieldElem[220, 0, -589, -1364, -2075, -2496, -2496, -2075, -1364, -589],
	[20, 20, 20, 20, 1, 11] => QQFieldElem[44, 0, 14, 39, -7, 28, 28, -7, 39, 14],
	[20, 20, 20, 20, 18, 23] => QQFieldElem[-788//253, 0, 1286//253, 2839//253, 4780//253, 5492//253, 5492//253, 4780//253, 2839//253, 1286//253],
	[20, 20, 20, 20, 24, 12] => QQFieldElem[1007, 0, -2700, -6235, -9484, -11416, -11416, -9484, -6235, -2700],
	[20, 20, 20, 20, 4, 20] => QQFieldElem[-391//11, 0, 414//11, 664//11, 189//11, -252//11, -252//11, 189//11, 664//11, 414//11],
	[20, 20, 20, 20, 13, 20] => QQFieldElem[-10//11, 0, 19//11, 25//11, 7//11, -13//11, -13//11, 7//11, 25//11, 19//11],
	[20, 20, 20, 20, 24, 23] => QQFieldElem[-6534//529, 0, 17694//529, 40721//529, 62045//529, 74779//529, 74779//529, 62045//529, 40721//529, 17694//529],
	[20, 20, 20, 20, 12, 1] => QQFieldElem[3, 0, -7, -13, -15, -15, -15, -15, -13, -7],
	[20, 20, 20, 20, 15, 17] => QQFieldElem[7, 0, -20, -46, -70, -84, -84, -70, -46, -20],
	[20, 20, 20, 20, 12, 22] => QQFieldElem[31, 0, -41, -49, -24, 22, 22, -24, -49, -41],
	[20, 20, 20, 20, 17, 25] => QQFieldElem[-8101//7921, 0, -2113//7921, -9216//7921, 1575//7921, -7200//7921, -7200//7921, 1575//7921, -9216//7921, -2113//7921],
	[20, 20, 20, 20, 22, 2] => QQFieldElem[-14, 0, 38, 88, 134, 161, 161, 134, 88, 38],
	[20, 20, 20, 20, 1, 2] => QQFieldElem[-3, 0, 2, -2, -2, 1, 1, -2, -2, 2],
	[20, 20, 20, 20, 17, 18] => QQFieldElem[146//529, 0, -157//529, -454//529, -852//529, -1085//529, -1085//529, -852//529, -454//529, -157//529],
	[20, 20, 20, 20, 22, 20] => QQFieldElem[70//11, 0, 76//11, 23//11, 61//11, 36//11, 36//11, 61//11, 23//11, 76//11],
	[20, 20, 20, 20, 23, 5] => QQFieldElem[65, 0, -173, -396, -601, -727, -727, -601, -396, -173],
	[20, 20, 20, 20, 1, 20] => QQFieldElem[446//11, 0, 213//11, -92//11, 207//11, 197//11, 197//11, 207//11, -92//11, 213//11],
	[20, 20, 20, 20, 25, 12] => QQFieldElem[-785, 0, 2101, 4846, 7370, 8876, 8876, 7370, 4846, 2101],
	[20, 20, 20, 20, 3, 21] => QQFieldElem[204, 0, 61, 183, -36, 130, 130, -36, 183, 61],
	[20, 20, 20, 20, 17, 16] => QQFieldElem[-26, 0, 69, 158, 238, 285, 285, 238, 158, 69],
	[20, 20, 20, 20, 15, 15] => QQFieldElem[4, 0, -3, -6, -13, -13, -13, -13, -6, -3],
	[20, 20, 20, 20, 19, 1] => QQFieldElem[3815, 0, -10234, -23638, -35956, -43277, -43277, -35956, -23638, -10234],
	[20, 20, 20, 20, 25, 23] => QQFieldElem[56447//5819, 0, -163467//5819, -378228//5819, -571056//5819, -692660//5819, -692660//5819, -571056//5819, -378228//5819, -163467//5819],
	[20, 20, 20, 20, 19, 22] => QQFieldElem[33, 0, -88, -203, -309, -372, -372, -309, -203, -88],
	[20, 20, 20, 20, 12, 5] => QQFieldElem[-2, 0, 4, 5, 2, -2, -2, 2, 5, 4],
	[20, 20, 20, 20, 20, 21] => QQFieldElem[-291, 0, 323, 717, 1329, 1467, 1467, 1329, 717, 323],
	[20, 20, 20, 20, 17, 19] => QQFieldElem[18, 0, 4, 13, -4, 11, 11, -4, 13, 4],
	[20, 20, 20, 20, 4, 24] => QQFieldElem[-19848//11, 0, -6302//11, -18162//11, 3624//11, -12851//11, -12851//11, 3624//11, -18162//11, -6302//11],
	[20, 20, 20, 20, 13, 24] => QQFieldElem[446, 0, 136, 400, -83, 288, 288, -83, 400, 136],
	[20, 20, 20, 20, 14, 1] => QQFieldElem[-689, 0, 1848, 4268, 6492, 7814, 7814, 6492, 4268, 1848],
	[20, 20, 20, 20, 14, 22] => QQFieldElem[-3, 0, 7, 15, 22, 26, 26, 22, 15, 7],
	[20, 20, 20, 20, 3, 3] => QQFieldElem[16, 0, 4, 13, -4, 8, 8, -4, 13, 4],
	[20, 20, 20, 20, 16, 1] => QQFieldElem[-1, 0, -2, -4, -3, -6, -6, -3, -4, -2],
	[20, 20, 20, 20, 4, 14] => QQFieldElem[-857, 0, -270, -784, 155, -553, -553, 155, -784, -270],
	[20, 20, 20, 20, 16, 22] => QQFieldElem[-26, 0, -9, -24, 6, -18, -18, 6, -24, -9],
	[20, 20, 20, 20, 13, 14] => QQFieldElem[260, 0, 81, 235, -50, 165, 165, -50, 235, 81],
	[20, 20, 20, 20, 19, 5] => QQFieldElem[336, 0, -902, -2084, -3170, -3815, -3815, -3170, -2084, -902],
	[20, 20, 20, 20, 20, 3] => QQFieldElem[4330//11, 0, -11978//11, -27688//11, -41927//11, -50570//11, -50570//11, -41927//11, -27688//11, -11978//11],
	[20, 20, 20, 20, 2, 21] => QQFieldElem[-91, 0, -28, -82, 17, -59, -59, 17, -82, -28],
	[20, 20, 20, 20, 22, 24] => QQFieldElem[-232//11, 0, -74//11, -212//11, 48//11, -141//11, -141//11, 48//11, -212//11, -74//11],
	[20, 20, 20, 20, 15, 13] => QQFieldElem[19, 0, -18, -58, -86, -106, -106, -86, -58, -18],
	[20, 20, 20, 20, 15, 4] => QQFieldElem[-180552//529, 0, 483829//529, 1117764//529, 1700199//529, 2046429//529, 2046429//529, 1700199//529, 1117764//529, 483829//529],
	[20, 20, 20, 20, 1, 24] => QQFieldElem[1461//11, 0, 424//11, 1292//11, -256//11, 928//11, 928//11, -256//11, 1292//11, 424//11],
	[20, 20, 20, 20, 17, 17] => QQFieldElem[2, 0, -4, -9, -14, -16, -16, -14, -9, -4],
	[20, 20, 20, 20, 22, 14] => QQFieldElem[-12, 0, -3, -9, 5, -4, -4, 5, -9, -3],
	[20, 20, 20, 20, 18, 1] => QQFieldElem[-1151, 0, 3090, 7137, 10855, 13066, 13066, 10855, 7137, 3090],
	[20, 20, 20, 20, 18, 22] => QQFieldElem[-12, 0, 21, 48, 78, 91, 91, 78, 48, 21],
	[20, 20, 20, 20, 14, 5] => QQFieldElem[-61, 0, 163, 376, 572, 689, 689, 572, 376, 163],
	[20, 20, 20, 20, 1, 14] => QQFieldElem[62, 0, 20, 55, -12, 41, 41, -12, 55, 20],
	[20, 20, 20, 20, 24, 1] => QQFieldElem[-3468, 0, 9303, 21487, 32684, 39339, 39339, 32684, 21487, 9303],
	[20, 20, 20, 20, 24, 22] => QQFieldElem[-44, 0, 119, 274, 416, 500, 500, 416, 274, 119],
	[20, 20, 20, 20, 23, 25] => QQFieldElem[88489//7921, 0, 12685//7921, 41014//7921, -71290//7921, -9048//7921, -9048//7921, -71290//7921, 41014//7921, 12685//7921],
	[20, 20, 20, 20, 16, 5] => QQFieldElem[-3, 0, 4, -1, -4, 3, 3, -4, -1, 4],
	[20, 20, 20, 20, 15, 11] => QQFieldElem[-85, 0, 61, 123, 282, 286, 286, 282, 123, 61],
	[20, 20, 20, 20, 2, 3] => QQFieldElem[-1, 0, -5//11, -8//11, -1//11, -8//11, -8//11, -1//11, -8//11, -5//11],
	[20, 20, 20, 20, 23, 18] => QQFieldElem[3490//529, 0, -8927//529, -19773//529, -29468//529, -35900//529, -35900//529, -29468//529, -19773//529, -8927//529],
	[20, 20, 20, 20, 12, 25] => QQFieldElem[1188//7921, 0, 15530//7921, 24389//7921, 5447//7921, -6//7921, -6//7921, 5447//7921, 24389//7921, 15530//7921],
	[20, 20, 20, 20, 17, 15] => QQFieldElem[-1, 0, 0, -1, -1, -1, -1, -1, -1, 0],
	[20, 20, 20, 20, 23, 16] => QQFieldElem[-449, 0, 1207, 2792, 4253, 5123, 5123, 4253, 2792, 1207],
	[20, 20, 20, 20, 21, 21] => QQFieldElem[-1, 0, -2, -4, -3, -5, -5, -3, -4, -2],
	[20, 20, 20, 20, 18, 5] => QQFieldElem[-59, 0, 162, 375, 569, 685, 685, 569, 375, 162],
	[20, 20, 20, 20, 15, 2] => QQFieldElem[109, 0, -287, -666, -1012, -1219, -1219, -1012, -666, -287],
	[20, 20, 20, 20, 12, 18] => QQFieldElem[-3168//529, 0, 5914//529, 7583//529, 3110//529, -2349//529, -2349//529, 3110//529, 7583//529, 5914//529],
	[20, 20, 20, 20, 25, 1] => QQFieldElem[2478, 0, -6646, -15350, -23349, -28103, -28103, -23349, -15350, -6646],
	[20, 20, 20, 20, 25, 22] => QQFieldElem[27, 0, -93, -217, -322, -393, -393, -322, -217, -93],
	[20, 20, 20, 20, 23, 19] => QQFieldElem[-6, 0, -13, -26, -19, -27, -27, -19, -26, -13],
	[20, 20, 20, 20, 24, 5] => QQFieldElem[-306, 0, 820, 1894, 2881, 3468, 3468, 2881, 1894, 820],
	[20, 20, 20, 20, 12, 16] => QQFieldElem[-70, 0, 128, 165, 68, -49, -49, 68, 165, 128],
	[20, 20, 20, 20, 15, 20] => QQFieldElem[85, 0, 77, 11, 56, 31, 31, 56, 11, 77],
	[20, 20, 20, 20, 3, 12] => QQFieldElem[-15, 0, 12, -6, -13, 9, 9, -13, -6, 12],
	[20, 20, 20, 20, 5, 21] => QQFieldElem[113, 0, 35, 102, -21, 73, 73, -21, 102, 35],
	[20, 20, 20, 20, 19, 25] => QQFieldElem[20972//7921, 0, -54634//7921, -125473//7921, -191426//7921, -230455//7921, -230455//7921, -191426//7921, -125473//7921, -54634//7921],
	[20, 20, 20, 20, 12, 19] => QQFieldElem[66, 0, -122, -158, -63, 48, 48, -63, -158, -122],
	[20, 20, 20, 20, 3, 23] => QQFieldElem[-65//23, 0, -83//23, -114//23, 41//23, -81//23, -81//23, 41//23, -114//23, -83//23],
	[20, 20, 20, 20, 11, 21] => QQFieldElem[-19, 0, -6, -16, 5, -14, -14, 5, -16, -6],
	[20, 20, 20, 20, 20, 12] => QQFieldElem[728, 0, -1950, -4496, -6836, -8235, -8235, -6836, -4496, -1950],
	[20, 20, 20, 20, 21, 3] => QQFieldElem[3//11, 0, 7//11, 6//11, 1, 13//11, 13//11, 1, 6//11, 7//11],
	[20, 20, 20, 20, 20, 23] => QQFieldElem[-3182//529, 0, 12126//529, 28173//529, 40950//529, 50394//529, 50394//529, 40950//529, 28173//529, 12126//529],
	[20, 20, 20, 20, 19, 18] => QQFieldElem[10376//529, 0, -27035//529, -61563//529, -93573//529, -113219//529, -113219//529, -93573//529, -61563//529, -27035//529],
	[20, 20, 20, 20, 17, 13] => QQFieldElem[37, 0, 31, 0, 17, 5, 5, 17, 0, 31],
	[20, 20, 20, 20, 17, 4] => QQFieldElem[-6761//529, 0, 17675//529, 41096//529, 62414//529, 75185//529, 75185//529, 62414//529, 41096//529, 17675//529],
	[20, 20, 20, 20, 14, 25] => QQFieldElem[-2165//7921, 0, 3849//7921, 7967//7921, 13003//7921, 16373//7921, 16373//7921, 13003//7921, 7967//7921, 3849//7921],
	[20, 20, 20, 20, 25, 5] => QQFieldElem[280, 0, -752, -1737, -2644, -3183, -3183, -2644, -1737, -752],
	[20, 20, 20, 20, 19, 16] => QQFieldElem[-1009, 0, 2707, 6253, 9512, 11449, 11449, 9512, 6253, 2707],
	[20, 20, 20, 20, 5, 3] => QQFieldElem[63//11, 0, 5//11, 2, -57//11, -18//11, -18//11, -57//11, 2, 5//11],
	[20, 20, 20, 20, 16, 25] => QQFieldElem[-37556//7921, 0, -15420//7921, -36085//7921, 11775//7921, -28934//7921, -28934//7921, 11775//7921, -36085//7921, -15420//7921],
	[20, 20, 20, 20, 11, 3] => QQFieldElem[5//11, 0, 0, 6//11, 5//11, 3//11, 3//11, 5//11, 6//11, 0],
	[20, 20, 20, 20, 19, 19] => QQFieldElem[7, 0, -18, -42, -65, -78, -78, -65, -42, -18],
	[20, 20, 20, 20, 23, 17] => QQFieldElem[36, 0, -98, -227, -344, -412, -412, -344, -227, -98],
	[20, 20, 20, 20, 14, 18] => QQFieldElem[-1284//529, 0, 2417//529, 4442//529, 6819//529, 9129//529, 9129//529, 6819//529, 4442//529, 2417//529],
	[20, 20, 20, 20, 2, 12] => QQFieldElem[-3, 0, 1, -2, -1, 0, 0, -1, -2, 1],
	[20, 20, 20, 20, 16, 18] => QQFieldElem[-668//529, 0, 885//529, -133//529, -986//529, 725//529, 725//529, -986//529, -133//529, 885//529],
	[20, 20, 20, 20, 14, 16] => QQFieldElem[80, 0, -214, -492, -745, -894, -894, -745, -492, -214],
	[20, 20, 20, 20, 2, 23] => QQFieldElem[-849//5819, 0, 2063//5819, 4911//5819, 745//5819, -788//5819, -788//5819, 745//5819, 4911//5819, 2063//5819],
	[20, 20, 20, 20, 17, 11] => QQFieldElem[18, 0, 28, 74, 68, 107, 107, 68, 74, 28],
	[20, 20, 20, 20, 12, 17] => QQFieldElem[153//11, 0, -283//11, -366//11, -150//11, 112//11, 112//11, -150//11, -366//11, -283//11],
	[20, 20, 20, 20, 15, 24] => QQFieldElem[-336, 0, -105, -306, 59, -221, -221, 59, -306, -105],
	[20, 20, 20, 20, 16, 16] => QQFieldElem[-1, 0, 1, 1, 1, 1, 1, 1, 1, 1],
	[20, 20, 20, 20, 14, 19] => QQFieldElem[-2, 0, 3, 6, 6, 5, 5, 6, 6, 3],
	[20, 20, 20, 20, 18, 25] => QQFieldElem[-33500//7921, 0, 1037//7921, -4264//7921, 39653//7921, 22412//7921, 22412//7921, 39653//7921, -4264//7921, 1037//7921],
	[20, 20, 20, 20, 15, 14] => QQFieldElem[-195, 0, -68, -193, 13, -155, -155, 13, -193, -68],
	[20, 20, 20, 20, 23, 15] => QQFieldElem[16, 0, -12, -10, -21, -30, -30, -21, -10, -12],
	[20, 20, 20, 20, 16, 19] => QQFieldElem[-41, 0, -12, -36, 7, -26, -26, 7, -36, -12],
	[20, 20, 20, 20, 24, 25] => QQFieldElem[-26302//7921, 0, 73476//7921, 169417//7921, 257866//7921, 310332//7921, 310332//7921, 257866//7921, 169417//7921, 73476//7921],
	[20, 20, 20, 20, 17, 2] => QQFieldElem[10, 0, -24, -56, -86, -103, -103, -86, -56, -24],
	[20, 20, 20, 20, 18, 18] => QQFieldElem[-3, 0, 11, 26, 38, 46, 46, 38, 26, 11],
	[20, 20, 20, 20, 12, 15] => QQFieldElem[-28, 0, 53, 69, 28, -21, -21, 28, 69, 53],
	[20, 20, 20, 20, 24, 18] => QQFieldElem[-12639//529, 0, 33965//529, 78651//529, 119475//529, 143526//529, 143526//529, 119475//529, 78651//529, 33965//529],
	[20, 20, 20, 20, 19, 17] => QQFieldElem[1081//11, 0, -2891//11, -6668//11, -10143//11, -12216//11, -12216//11, -10143//11, -6668//11, -2891//11],
	[20, 20, 20, 20, 18, 16] => QQFieldElem[304, 0, -816, -1886, -2871, -3457, -3457, -2871, -1886, -816],
	[20, 20, 20, 20, 17, 20] => QQFieldElem[-9, 0, -9, -2, -7, -4, -4, -7, -2, -9],
	[20, 20, 20, 20, 4, 21] => QQFieldElem[-345, 0, -104, -309, 63, -222, -222, 63, -309, -104],
	[20, 20, 20, 20, 13, 21] => QQFieldElem[125, 0, 31, 95, -46, 51, 51, -46, 95, 31],
	[20, 20, 20, 20, 24, 16] => QQFieldElem[1281, 0, -3437, -7942, -12085, -14549, -14549, -12085, -7942, -3437],
	[20, 20, 20, 20, 18, 19] => QQFieldElem[27, 0, 14, 36, 8, 33, 33, 8, 36, 14],
	[20, 20, 20, 20, 21, 12] => QQFieldElem[4, 0, -2, 5, 8, 3, 3, 8, 5, -2],
	[20, 20, 20, 20, 24, 19] => QQFieldElem[-6, 0, 22, 51, 82, 101, 101, 82, 51, 22],
	[20, 20, 20, 20, 21, 23] => QQFieldElem[1145//5819, 0, -4249//5819, -3066//5819, -1368//5819, -123//5819, -123//5819, -1368//5819, -3066//5819, -4249//5819],
	[20, 20, 20, 20, 3, 1] => QQFieldElem[-1, 0, 7, 14, 17, 23, 23, 17, 14, 7],
	[20, 20, 20, 20, 25, 25] => QQFieldElem[0, 0, -9, -22, -29, -38, -38, -29, -22, -9],
	[20, 20, 20, 20, 3, 22] => QQFieldElem[-9, 0, -11, -17, 3, -9, -9, 3, -17, -11],
	[20, 20, 20, 20, 14, 17] => QQFieldElem[-93//11, 0, 235//11, 524//11, 790//11, 956//11, 956//11, 790//11, 524//11, 235//11],
	[20, 20, 20, 20, 22, 21] => QQFieldElem[-20, 0, 25, 56, 100, 112, 112, 100, 56, 25],
	[20, 20, 20, 20, 20, 1] => QQFieldElem[-2902, 0, 7777, 17962, 27326, 32888, 32888, 27326, 17962, 7777],
	[20, 20, 20, 20, 16, 17] => QQFieldElem[60//11, 0, -26//11, 37//11, 35//11, -10//11, -10//11, 35//11, 37//11, -26//11],
	[20, 20, 20, 20, 20, 22] => QQFieldElem[-6, 0, 79, 187, 252, 321, 321, 252, 187, 79],
	[20, 20, 20, 20, 23, 13] => QQFieldElem[25, 0, -68, -162, -252, -295, -295, -252, -162, -68],
	[20, 20, 20, 20, 23, 4] => QQFieldElem[-182333//529, 0, 488572//529, 1128348//529, 1716356//529, 2066045//529, 2066045//529, 1716356//529, 1128348//529, 488572//529],
	[20, 20, 20, 20, 25, 18] => QQFieldElem[10661//529, 0, -28606//529, -66116//529, -100316//529, -120319//529, -120319//529, -100316//529, -66116//529, -28606//529],
	[20, 20, 20, 20, 5, 12] => QQFieldElem[0, 0, 2, 2, 1, 4, 4, 1, 2, 2],
	[20, 20, 20, 20, 1, 21] => QQFieldElem[65, 0, 19, 58, -11, 41, 41, -11, 58, 19],
	[20, 20, 20, 20, 4, 3] => QQFieldElem[175//11, 0, 58//11, 162//11, -40//11, 112//11, 112//11, -40//11, 162//11, 58//11],
	[20, 20, 20, 20, 5, 23] => QQFieldElem[-10027//5819, 0, -3051//5819, -9401//5819, 1465//5819, -6236//5819, -6236//5819, 1465//5819, -9401//5819, -3051//5819],
	[20, 20, 20, 20, 19, 15] => QQFieldElem[107//11, 0, -321//11, -779//11, -1187//11, -1402//11, -1402//11, -1187//11, -779//11, -321//11],
	[20, 20, 20, 20, 11, 12] => QQFieldElem[-20, 0, 15, -9, -17, 10, 10, -17, -9, 15],
	[20, 20, 20, 20, 13, 3] => QQFieldElem[-81//11, 0, 344//11, 73, 1156//11, 1428//11, 1428//11, 1156//11, 73, 344//11],
	[20, 20, 20, 20, 11, 23] => QQFieldElem[395//5819, 0, 3413//5819, 11800//5819, 9057//5819, -6268//5819, -6268//5819, 9057//5819, 11800//5819, 3413//5819],
	[20, 20, 20, 20, 25, 16] => QQFieldElem[-909, 0, 2445, 5660, 8628, 10398, 10398, 8628, 5660, 2445],
	[20, 20, 20, 20, 12, 13] => QQFieldElem[-8, 0, -3, 3, -3, -4, -4, -3, 3, -3],
	[20, 20, 20, 20, 12, 4] => QQFieldElem[-578//529, 0, 1048//529, 1648//529, 1335//529, 788//529, 788//529, 1335//529, 1648//529, 1048//529],
	[20, 20, 20, 20, 14, 15] => QQFieldElem[-2, 0, 3, 5, 9, 14, 14, 9, 5, 3],
	[20, 20, 20, 20, 25, 19] => QQFieldElem[14, 0, -25, -51, -77, -84, -84, -77, -51, -25],
	[20, 20, 20, 20, 17, 24] => QQFieldElem[101, 0, 31, 91, -19, 65, 65, -19, 91, 31],
	[20, 20, 20, 20, 3, 5] => QQFieldElem[10, 0, -5, 5, 6, 0, 0, 6, 5, -5],
	[20, 20, 20, 20, 18, 17] => QQFieldElem[-273//11, 0, 731//11, 1678//11, 2544//11, 3065//11, 3065//11, 2544//11, 1678//11, 731//11],
	[20, 20, 20, 20, 23, 11] => QQFieldElem[-236, 0, 310, 696, 1227, 1383, 1383, 1227, 696, 310],
	[20, 20, 20, 20, 16, 15] => QQFieldElem[-288//11, 0, 182//11, -149//11, -223//11, 103//11, 103//11, -223//11, -149//11, 182//11],
	[20, 20, 20, 20, 22, 3] => QQFieldElem[73//11, 0, -203//11, -466//11, -709//11, -853//11, -853//11, -709//11, -466//11, -203//11],
	[20, 20, 20, 20, 24, 17] => QQFieldElem[-124, 0, 333, 770, 1172, 1411, 1411, 1172, 770, 333],
	[20, 20, 20, 20, 2, 1] => QQFieldElem[-1, 0, 0, 0, 2, 2, 2, 2, 0, 0],
	[20, 20, 20, 20, 1, 3] => QQFieldElem[-14//11, 0, -5//11, -16//11, 7//11, -12//11, -12//11, 7//11, -16//11, -5//11],
	[20, 20, 20, 20, 2, 22] => QQFieldElem[19, 0, 3, 13, -4, 12, 12, -4, 13, 3],
	[20, 20, 20, 20, 20, 5] => QQFieldElem[-331, 0, 880, 2032, 3095, 3723, 3723, 3095, 2032, 880],
	[20, 20, 20, 20, 17, 14] => QQFieldElem[45, 0, 14, 39, -9, 27, 27, -9, 39, 14],
	[20, 20, 20, 20, 12, 11] => QQFieldElem[-32, 0, -9, -28, 7, -20, -20, 7, -28, -9])