Dict(
	[21, 18, 18, 23, 18, 8] => QQFieldElem[-3, -10, -17, -20, -22, -19, -13, -7, -1, 2],
	[21, 18, 18, 23, 18, 23] => QQFieldElem[-1, 0, 0, 1, 2, 3, 3, 2, 1, 0],
	[21, 18, 18, 23, 3, 8] => QQFieldElem[-4, -18, 5, -10, -13, 5, -17, -6, 3, -19],
	[21, 18, 18, 23, 3, 23] => QQFieldElem[-169//11, -96//11, 142//11, 303//11, 145//11, -112//11, -160//11, 12//11, 250//11, 268//11],
	[21, 18, 18, 23, 13, 8] => QQFieldElem[2, 1, 4, 4, 3, 4, 1, 0, 1, -2],
	[21, 18, 18, 23, 13, 23] => QQFieldElem[1//11, 2//11, -8//11, -7//11, -6//11, -5//11, -4//11, -3//11, -2//11, -12//11],
	[21, 18, 18, 23, 23, 13] => QQFieldElem[0, 0, -7, -17, -20, -19, -20, -17, -7, 0],
	[21, 18, 18, 23, 23, 18] => QQFieldElem[0, 0, -2, -4, -5, -7, -7, -5, -4, -2],
	[21, 18, 18, 23, 18, 13] => QQFieldElem[0, 3, 10, 17, 20, 20, 19, 14, 6, 1],
	[21, 18, 18, 23, 18, 18] => QQFieldElem[0, 1, 2, 4, 5, 6, 6, 5, 3, 1],
	[21, 18, 18, 23, 3, 13] => QQFieldElem[-4, -9, -5, 3, -1, -6, -4, -5, -4, 0],
	[21, 18, 18, 23, 13, 13] => QQFieldElem[-1, -5, -4, -2, -5, -7, -3, -1, -4, -4],
	[21, 18, 18, 23, 3, 18] => QQFieldElem[-60, -123, -109, -41, 4, -24, -98, -126, -77, -12],
	[21, 18, 18, 23, 23, 8] => QQFieldElem[0, 9, 13, 16, 21, 16, 13, 9, 0, 0],
	[21, 18, 18, 23, 13, 18] => QQFieldElem[-2, -5, -5, -3, -1, -1, -4, -6, -4, -1],
	[21, 18, 18, 23, 23, 23] => QQFieldElem[7//11, 3//11, -1//11, -16//11, -31//11, -35//11, -39//11, -32//11, -25//11, -7//11])