Dict(
	[21, 16, 21, 16, 11, 21] => QQFieldElem[-5, 0, 13, 30, 46, 55, 55, 46, 30, 13],
	[21, 16, 21, 16, 21, 6] => QQFieldElem[0, 0, -1, -1, 0, 0, 0, 0, -1, -1],
	[21, 16, 21, 16, 21, 11] => QQFieldElem[1, 0, 0, 0, -1, 0, 0, -1, 0, 0],
	[21, 16, 21, 16, 16, 16] => QQFieldElem[0, 0, 1, 3, 4, 6, 6, 4, 3, 1],
	[21, 16, 21, 16, 6, 21] => QQFieldElem[-1, 0, 1, 4, 6, 7, 7, 6, 4, 1],
	[21, 16, 21, 16, 11, 16] => QQFieldElem[-3, 0, 7, 16, 25, 30, 30, 25, 16, 7],
	[21, 16, 21, 16, 6, 16] => QQFieldElem[-1, 0, 1, 2, 4, 4, 4, 4, 2, 1],
	[21, 16, 21, 16, 16, 6] => QQFieldElem[-1, 0, 4, 4, 2, -1, -1, 2, 4, 4],
	[21, 16, 21, 16, 16, 11] => QQFieldElem[0, 0, 2, 1, 1, 1, 1, 1, 1, 2],
	[21, 16, 21, 16, 11, 6] => QQFieldElem[-1, 0, 2, 2, 0, -2, -2, 0, 2, 2],
	[21, 16, 21, 16, 11, 11] => QQFieldElem[0, 0, 0, 1, 3, 4, 4, 3, 1, 0],
	[21, 16, 21, 16, 21, 21] => QQFieldElem[3, 0, -3, -7, -13, -14, -14, -13, -7, -3],
	[21, 16, 21, 16, 6, 6] => QQFieldElem[1, 0, -2, -2, -1, 0, 0, -1, -2, -2],
	[21, 16, 21, 16, 6, 11] => QQFieldElem[1, 0, 0, 0, 1, 1, 1, 1, 0, 0],
	[21, 16, 21, 16, 21, 16] => QQFieldElem[6, 0, 0, 1, -7, -4, -4, -7, 1, 0],
	[21, 16, 21, 16, 16, 21] => QQFieldElem[-1, 0, 3, 6, 9, 11, 11, 9, 6, 3])