Dict(
	[21, 21, 17, 22, 12, 21] => QQFieldElem[-3, 0, -1, -3, 0, -3, -3, 0, -3, -1],
	[21, 21, 17, 22, 17, 16] => QQFieldElem[0, 0, -1, -2, -1, 0, 0, -1, -2, -1],
	[21, 21, 17, 22, 22, 6] => QQFieldElem[-3, 0, -1, -1, 1, 0, 0, 1, -1, -1],
	[21, 21, 17, 22, 22, 11] => QQFieldElem[-3, 0, 2, 7, 10, 13, 13, 10, 7, 2],
	[21, 21, 17, 22, 7, 6] => QQFieldElem[2, 0, 0, 3, -1, 2, 2, -1, 3, 0],
	[21, 21, 17, 22, 12, 16] => QQFieldElem[1, 0, 0, 0, -2, -2, -2, -2, 0, 0],
	[21, 21, 17, 22, 7, 11] => QQFieldElem[-1, 0, 0, 1, 1, 2, 2, 1, 1, 0],
	[21, 21, 17, 22, 17, 6] => QQFieldElem[-2, 0, -1, -1, 0, -1, -1, 0, -1, -1],
	[21, 21, 17, 22, 17, 11] => QQFieldElem[1, 0, 1, 1, 2, 2, 2, 2, 1, 1],
	[21, 21, 17, 22, 12, 6] => QQFieldElem[-8, 0, -2, -6, 3, -3, -3, 3, -6, -2],
	[21, 21, 17, 22, 12, 11] => QQFieldElem[-1, 0, 3, 7, 11, 13, 13, 11, 7, 3],
	[21, 21, 17, 22, 22, 21] => QQFieldElem[-1, 0, -1, -2, -1, -2, -2, -1, -2, -1],
	[21, 21, 17, 22, 7, 21] => QQFieldElem[2, 0, 1, 2, 0, 1, 1, 0, 2, 1],
	[21, 21, 17, 22, 17, 21] => QQFieldElem[-1, 0, 2, 3, 1, -1, -1, 1, 3, 2],
	[21, 21, 17, 22, 22, 16] => QQFieldElem[0, 0, -1, -2, -3, -3, -3, -3, -2, -1],
	[21, 21, 17, 22, 7, 16] => QQFieldElem[1, 0, 0, 0, 0, 0, 0, 0, 0, 0])