Dict(
	[21, 22, 22, 21, 1, 17] => QQFieldElem[-2, 0, 0, -1, -2, 0, 0, -2, -1, 0],
	[21, 22, 22, 21, 1, 22] => QQFieldElem[2, 0, 0, 1, 0, 1, 1, 0, 1, 0],
	[21, 22, 22, 21, 11, 7] => QQFieldElem[-1, 0, -3, -2, -2, 0, 0, -2, -2, -3],
	[21, 22, 22, 21, 6, 7] => QQFieldElem[1, 0, -1, -1, 0, 1, 1, 0, -1, -1],
	[21, 22, 22, 21, 16, 2] => QQFieldElem[0, 0, 1, 2, 3, 3, 3, 3, 2, 1],
	[21, 22, 22, 21, 21, 12] => QQFieldElem[1, 0, 2, 6, 7, 9, 9, 7, 6, 2],
	[21, 22, 22, 21, 21, 17] => QQFieldElem[-6, 0, 17, 38, 58, 70, 70, 58, 38, 17],
	[21, 22, 22, 21, 21, 22] => QQFieldElem[2, 0, -5, -11, -17, -20, -20, -17, -11, -5],
	[21, 22, 22, 21, 11, 2] => QQFieldElem[1, 0, -2, -3, -1, 1, 1, -1, -3, -2],
	[21, 22, 22, 21, 1, 7] => QQFieldElem[3, 0, 2, 1, 2, 1, 1, 2, 1, 2],
	[21, 22, 22, 21, 6, 2] => QQFieldElem[-1, 0, 2, 3, 2, 0, 0, 2, 3, 2],
	[21, 22, 22, 21, 16, 12] => QQFieldElem[-2, 0, -2, -6, -5, -8, -8, -5, -6, -2],
	[21, 22, 22, 21, 16, 17] => QQFieldElem[4, 0, -13, -28, -43, -52, -52, -43, -28, -13],
	[21, 22, 22, 21, 1, 2] => QQFieldElem[1, 0, 0, 1, 1, 0, 0, 1, 1, 0],
	[21, 22, 22, 21, 21, 7] => QQFieldElem[4, 0, 2, -1, 0, -2, -2, 0, -1, 2],
	[21, 22, 22, 21, 11, 12] => QQFieldElem[16, 0, 5, 15, -3, 10, 10, -3, 15, 5],
	[21, 22, 22, 21, 16, 22] => QQFieldElem[-2, 0, 3, 7, 12, 14, 14, 12, 7, 3],
	[21, 22, 22, 21, 11, 17] => QQFieldElem[0, 0, 1, 1, 0, -2, -2, 0, 1, 1],
	[21, 22, 22, 21, 6, 12] => QQFieldElem[1, 0, 0, 0, -1, 0, 0, -1, 0, 0],
	[21, 22, 22, 21, 11, 22] => QQFieldElem[1, 0, 3, 5, 1, 1, 1, 1, 5, 3],
	[21, 22, 22, 21, 6, 17] => QQFieldElem[0, 0, 0, -1, -3, -5, -5, -3, -1, 0],
	[21, 22, 22, 21, 6, 22] => QQFieldElem[1, 0, -1, -1, 0, 2, 2, 0, -1, -1],
	[21, 22, 22, 21, 21, 2] => QQFieldElem[0, 0, 0, -2, -3, -3, -3, -3, -2, 0],
	[21, 22, 22, 21, 16, 7] => QQFieldElem[-2, 0, -1, 1, 1, 2, 2, 1, 1, -1],
	[21, 22, 22, 21, 1, 12] => QQFieldElem[5, 0, 2, 5, -2, 4, 4, -2, 5, 2])