Dict(
	[22, 17, 22, 17, 18, 18] => QQFieldElem[0, 0, 0, 0, 1, 3, 3, 3, 3, 1],
	[22, 17, 22, 17, 8, 18] => QQFieldElem[-11, -26, -11, 0, -1, -3, -21, -21, -3, -1],
	[22, 17, 22, 17, 11, 6] => QQFieldElem[0, 1, 1, 0, 1, 1, 0, 1, 1, 0],
	[22, 17, 22, 17, 21, 13] => QQFieldElem[2, 0, -1, 0, 0, -2, -2, 0, 0, -1],
	[22, 17, 22, 17, 6, 23] => QQFieldElem[-601//529, -826//529, 124//529, -478//529, -640//529, -485//529, -199//529, -231//529, -860//529, -379//529],
	[22, 17, 22, 17, 6, 11] => QQFieldElem[-2, -1, -2, 0, -2, -2, 0, -2, -1, -2],
	[22, 17, 22, 17, 18, 16] => QQFieldElem[8, 0, -23, -52, -79, -95, -95, -79, -52, -23],
	[22, 17, 22, 17, 8, 16] => QQFieldElem[-3, 0, 3, 3, 2, -2, -2, 2, 3, 3],
	[22, 17, 22, 17, 13, 21] => QQFieldElem[0, 0, -1, -2, -2, -3, -3, -2, -2, -1],
	[22, 17, 22, 17, 23, 6] => QQFieldElem[3, 2, -1, -3, -3, -5, -6, -4, -1, 0],
	[22, 17, 22, 17, 16, 21] => QQFieldElem[2, 4, 3, 2, 2, 2, 2, 3, 4, 2],
	[22, 17, 22, 17, 11, 13] => QQFieldElem[0, 0, 1, 0, -2, 0, 0, -2, 0, 1],
	[22, 17, 22, 17, 21, 23] => QQFieldElem[435//529, 538//529, -132//529, 287//529, 340//529, 175//529, -10//529, 7//529, 523//529, 284//529],
	[22, 17, 22, 17, 13, 8] => QQFieldElem[-3, -5, -3, 0, 3, 6, 9, 9, 6, 3],
	[22, 17, 22, 17, 21, 11] => QQFieldElem[-1, 0, -1, -2, -1, -1, -2, -1, 0, -1],
	[22, 17, 22, 17, 6, 18] => QQFieldElem[0, 0, -1, -1, 1, -1, -1, 1, -1, -1],
	[22, 17, 22, 17, 16, 8] => QQFieldElem[-1, 0, 2, 0, 0, 2, 2, 0, 0, 2],
	[22, 17, 22, 17, 23, 13] => QQFieldElem[2, 5, 4, -1, -5, -6, -9, -11, -7, -2],
	[22, 17, 22, 17, 6, 16] => QQFieldElem[-1, -1, -1, -1, -1, -1, -1, -1, -1, -1],
	[22, 17, 22, 17, 18, 21] => QQFieldElem[-2, 0, 6, 14, 21, 25, 25, 21, 14, 6],
	[22, 17, 22, 17, 11, 23] => QQFieldElem[633//529, 429//529, 56//529, 808//529, -16//529, 54//529, 934//529, -19//529, 243//529, 665//529],
	[22, 17, 22, 17, 8, 21] => QQFieldElem[4, 0, -1, 0, -2, 3, 3, -2, 0, -1],
	[22, 17, 22, 17, 11, 11] => QQFieldElem[-5, -4, -1, -6, -3, -3, -6, -1, -4, -5],
	[22, 17, 22, 17, 21, 18] => QQFieldElem[2, 0, -1, 1, 1, -1, -1, 1, 1, -1],
	[22, 17, 22, 17, 23, 23] => QQFieldElem[185//529, 168//529, 181//529, -109//529, -883//529, -789//529, -363//529, -1280//529, -1170//529, -165//529],
	[22, 17, 22, 17, 21, 16] => QQFieldElem[-1, -3, -5, -7, -9, -9, -7, -5, -3, -1],
	[22, 17, 22, 17, 8, 8] => QQFieldElem[0, 0, 0, 0, -1, -1, 1, 1, -1, -1],
	[22, 17, 22, 17, 18, 8] => QQFieldElem[17, 23, 17, 0, -21, -41, -53, -53, -41, -21],
	[22, 17, 22, 17, 23, 11] => QQFieldElem[-2, 0, 3, 9, 11, 14, 15, 11, 7, 3],
	[22, 17, 22, 17, 11, 18] => QQFieldElem[-1, 0, 1, -1, -2, 1, 1, -2, -1, 1],
	[22, 17, 22, 17, 6, 21] => QQFieldElem[0, -1, 0, 1, -1, -1, 1, 0, -1, 0],
	[22, 17, 22, 17, 13, 6] => QQFieldElem[0, 0, 0, -1, -1, -1, -1, -1, -1, 0],
	[22, 17, 22, 17, 11, 16] => QQFieldElem[0, -1, -3, -4, -4, -4, -4, -3, -1, 0],
	[22, 17, 22, 17, 23, 18] => QQFieldElem[0, 2, 2, -1, -2, 0, -2, -5, -2, 1],
	[22, 17, 22, 17, 16, 6] => QQFieldElem[1, 2, 1, 1, 1, 1, 1, 1, 2, 1],
	[22, 17, 22, 17, 6, 8] => QQFieldElem[2, 0, -2, 2, 3, 0, 0, 3, 2, -2],
	[22, 17, 22, 17, 23, 16] => QQFieldElem[-8, 3, 29, 63, 94, 111, 109, 90, 59, 25],
	[22, 17, 22, 17, 21, 21] => QQFieldElem[0, 1, 1, 1, 3, 3, 1, 1, 1, 0],
	[22, 17, 22, 17, 13, 13] => QQFieldElem[0, 0, 0, 0, -1, -2, -1, -1, -2, -1],
	[22, 17, 22, 17, 16, 13] => QQFieldElem[5, 0, -3, 2, 4, -2, -2, 4, 2, -3],
	[22, 17, 22, 17, 18, 6] => QQFieldElem[0, 0, 2, 4, 6, 7, 7, 6, 4, 2],
	[22, 17, 22, 17, 8, 6] => QQFieldElem[4, 0, -1, 0, -2, 3, 3, -2, 0, -1],
	[22, 17, 22, 17, 21, 8] => QQFieldElem[1, 0, -1, 6, 9, 7, 7, 9, 6, -1],
	[22, 17, 22, 17, 11, 21] => QQFieldElem[-2, -1, 1, -1, 0, 0, -1, 1, -1, -2],
	[22, 17, 22, 17, 13, 23] => QQFieldElem[-271//529, -126//529, -268//529, -315//529, 1//529, -334//529, -389//529, -98//529, -445//529, -273//529],
	[22, 17, 22, 17, 13, 11] => QQFieldElem[-1, 0, 0, 0, 2, 1, 1, 2, 0, 0],
	[22, 17, 22, 17, 16, 23] => QQFieldElem[618//529, 830//529, 170//529, -41//529, 556//529, 504//529, 77//529, 528//529, 681//529, 35//529],
	[22, 17, 22, 17, 23, 21] => QQFieldElem[2, -1, -8, -17, -27, -31, -29, -25, -17, -7],
	[22, 17, 22, 17, 16, 11] => QQFieldElem[1, 3, 0, 0, 2, 2, 0, 0, 3, 1],
	[22, 17, 22, 17, 18, 13] => QQFieldElem[-3, -5, -3, 0, 3, 6, 9, 9, 6, 3],
	[22, 17, 22, 17, 8, 13] => QQFieldElem[-2, -4, -2, 0, 1, 0, -4, -4, 0, 1],
	[22, 17, 22, 17, 11, 8] => QQFieldElem[-2, 0, 3, 4, 6, 9, 9, 6, 4, 3],
	[22, 17, 22, 17, 6, 6] => QQFieldElem[0, -1, 0, 1, -1, -1, 1, 0, -1, 0],
	[22, 17, 22, 17, 23, 8] => QQFieldElem[-17, -18, -10, 1, 23, 46, 55, 50, 41, 25],
	[22, 17, 22, 17, 13, 18] => QQFieldElem[-1, -2, -1, 0, -1, -2, -1, -1, -2, -1],
	[22, 17, 22, 17, 18, 23] => QQFieldElem[-107//529, -243//529, -139//529, 186//529, 342//529, 565//529, 799//529, 869//529, 691//529, 267//529],
	[22, 17, 22, 17, 8, 23] => QQFieldElem[1301//529, -1312//529, -1212//529, 423//529, -485//529, 1174//529, 341//529, -2196//529, -7//529, 155//529],
	[22, 17, 22, 17, 13, 16] => QQFieldElem[-1, 0, 3, 6, 9, 11, 11, 9, 6, 3],
	[22, 17, 22, 17, 16, 18] => QQFieldElem[-3, 0, 0, -4, -3, 1, 1, -3, -4, 0],
	[22, 17, 22, 17, 18, 11] => QQFieldElem[3, 0, -2, -7, -10, -13, -13, -10, -7, -2],
	[22, 17, 22, 17, 8, 11] => QQFieldElem[3, 0, 2, 3, 0, 2, 2, 0, 3, 2],
	[22, 17, 22, 17, 21, 6] => QQFieldElem[-1, -2, 0, 0, -1, -1, 0, 0, -2, -1],
	[22, 17, 22, 17, 6, 13] => QQFieldElem[-1, 0, 2, -1, -1, 1, 1, -1, -1, 2],
	[22, 17, 22, 17, 16, 16] => QQFieldElem[0, -1, -2, -2, 0, 0, -2, -2, -1, 0])