Dict(
	[22, 7, 12, 17, 18, 23] => QQFieldElem[-14, -11, 2, 2, -5, -5, -6, -10, -4, 6],
	[22, 7, 12, 17, 16, 21] => QQFieldElem[0, -1, -3, -2, 1, 1, -2, -3, -1, 0],
	[22, 7, 12, 17, 8, 23] => QQFieldElem[3, 5, 3, 0, 0, 2, 4, 4, 2, 0],
	[22, 7, 12, 17, 16, 18] => QQFieldElem[-3, 0, 3, -1, -2, 2, 2, -2, -1, 3],
	[22, 7, 12, 17, 16, 16] => QQFieldElem[-1, -1, 1, 1, -2, -2, 1, 1, -1, -1],
	[22, 7, 12, 17, 6, 21] => QQFieldElem[0, 2, 1, 1, 0, 0, 1, 1, 2, 0],
	[22, 7, 12, 17, 6, 18] => QQFieldElem[-5, 0, 1, -2, -4, 1, 1, -4, -2, 1],
	[22, 7, 12, 17, 16, 23] => QQFieldElem[6, 0, -5, 1, 4, -2, -2, 4, 1, -5],
	[22, 7, 12, 17, 6, 16] => QQFieldElem[-1, -3, -1, 0, -2, -2, 0, -1, -3, -1],
	[22, 7, 12, 17, 18, 21] => QQFieldElem[-1, 1, 5, 6, 2, 0, 3, 6, 5, 2],
	[22, 7, 12, 17, 8, 21] => QQFieldElem[1, 0, -1, -2, -1, 0, 0, -1, -2, -1],
	[22, 7, 12, 17, 18, 18] => QQFieldElem[5, 3, -2, 1, 5, 3, 2, 6, 5, -1],
	[22, 7, 12, 17, 8, 18] => QQFieldElem[-1, -2, -1, 0, -2, -3, -2, -2, -3, -2],
	[22, 7, 12, 17, 6, 23] => QQFieldElem[1, 0, 0, 1, 2, -1, -1, 2, 1, 0],
	[22, 7, 12, 17, 18, 16] => QQFieldElem[1, 1, -2, -3, 0, 2, -1, -3, -1, 0],
	[22, 7, 12, 17, 8, 16] => QQFieldElem[0, 0, 0, 1, 1, 0, 0, 1, 1, 0])