Dict(
	[22, 7, 22, 7, 21, 23] => QQFieldElem[7694//7921, 18740//7921, 6950//7921, 3335//7921, 15136//7921, 17797//7921, 3043//7921, 5896//7921, 19136//7921, 12211//7921],
	[22, 7, 22, 7, 16, 16] => QQFieldElem[-1, -2, 0, 0, -2, -1, 0, -1, -2, -1],
	[22, 7, 22, 7, 16, 23] => QQFieldElem[-9698//7921, 6879//7921, -12940//7921, 4333//7921, -11040//7921, 4452//7921, -9119//7921, -3011//7921, -594//7921, -5708//7921],
	[22, 7, 22, 7, 23, 21] => QQFieldElem[0, -2, -2, 0, 2, 5, 6, 2, -3, -3],
	[22, 7, 22, 7, 23, 18] => QQFieldElem[5, 2, -4, -2, 2, 1, 0, 3, 2, -2],
	[22, 7, 22, 7, 18, 21] => QQFieldElem[0, 0, 1, 0, -1, -2, -2, -1, 0, 1],
	[22, 7, 22, 7, 18, 18] => QQFieldElem[-1, -2, 0, 2, 0, -2, -1, 0, -1, -1],
	[22, 7, 22, 7, 23, 16] => QQFieldElem[0, 5, 7, 8, 9, 7, 4, 7, 11, 7],
	[22, 7, 22, 7, 21, 21] => QQFieldElem[1, 2, 1, 1, 2, 1, 0, 2, 4, 2],
	[22, 7, 22, 7, 21, 18] => QQFieldElem[-3, 0, 3, -1, -2, 2, 2, -2, -1, 3],
	[22, 7, 22, 7, 18, 16] => QQFieldElem[2, 0, -3, -3, -2, -2, -2, -2, -3, -3],
	[22, 7, 22, 7, 23, 23] => QQFieldElem[-1857//7921, -19387//7921, -20610//7921, -13195//7921, -16837//7921, -15656//7921, 14//7921, -1631//7921, -20265//7921, -20073//7921],
	[22, 7, 22, 7, 21, 16] => QQFieldElem[-3, -5, -3, -3, -5, -3, 0, -3, -6, -3],
	[22, 7, 22, 7, 18, 23] => QQFieldElem[-2885//7921, 332//7921, 3606//7921, 5537//7921, -633//7921, 1607//7921, -1838//7921, 260//7921, -951//7921, 3263//7921],
	[22, 7, 22, 7, 16, 21] => QQFieldElem[0, 0, 0, 0, 0, 0, 0, -1, 1, -1],
	[22, 7, 22, 7, 16, 18] => QQFieldElem[-1, 0, 1, 0, -2, 1, 1, -2, 0, 1])