Dict(
	[22, 17, 17, 7, 16, 11] => QQFieldElem[-1, -1, 0, 0, 0, 0, 0, -1, -1, 0],
	[22, 17, 17, 7, 18, 13] => QQFieldElem[-1, 1, 1, -1, 0, 1, 0, 0, 0, 1],
	[22, 17, 17, 7, 18, 21] => QQFieldElem[-1, 0, -1, -1, 1, -1, -1, 1, -1, -1],
	[22, 17, 17, 7, 21, 13] => QQFieldElem[-4, 0, 2, -2, -3, 1, 1, -3, -2, 2],
	[22, 17, 17, 7, 21, 21] => QQFieldElem[2, 1, 0, 1, 2, 1, 0, 1, 2, 0],
	[22, 17, 17, 7, 23, 23] => QQFieldElem[-2577//979, -1953//979, 695//979, -1046//979, -3150//979, -1184//979, 331//979, -1938//979, -3195//979, -283//979],
	[22, 17, 17, 7, 23, 11] => QQFieldElem[-3, -1, 3, 3, 3, 7, 8, 4, 1, 2],
	[22, 17, 17, 7, 16, 13] => QQFieldElem[0, 0, -1, 0, 1, -1, -1, 1, 0, -1],
	[22, 17, 17, 7, 18, 23] => QQFieldElem[1302//979, 426//979, -505//979, 753//979, 845//979, 156//979, 6//979, 725//979, 927//979, -224//979],
	[22, 17, 17, 7, 16, 21] => QQFieldElem[1, -1, 1, 1, -2, 1, 1, -1, 1, 0],
	[22, 17, 17, 7, 18, 11] => QQFieldElem[1, 0, 0, 0, 0, -1, -1, 0, 0, 0],
	[22, 17, 17, 7, 21, 23] => QQFieldElem[2158//979, 1852//979, -49//979, 833//979, 2166//979, 1409//979, -360//979, 1534//979, 2141//979, 713//979],
	[22, 17, 17, 7, 21, 11] => QQFieldElem[2, 1, -1, 0, 2, 0, -1, 1, 2, 0],
	[22, 17, 17, 7, 23, 13] => QQFieldElem[5, -1, -4, 3, 3, -3, -2, 3, 1, -4],
	[22, 17, 17, 7, 16, 23] => QQFieldElem[-719//979, -921//979, 230//979, 6//979, -1296//979, -420//979, 511//979, -747//979, -839//979, -150//979],
	[22, 17, 17, 7, 23, 21] => QQFieldElem[-1, -1, 0, -2, -5, -3, -2, -4, -3, 0])