Dict(
	[24, 24, 16, 21, 14, 6] => QQFieldElem[1, 0, -1, 1, 6, 10, 10, 6, 1, -1],
	[24, 24, 16, 21, 14, 11] => QQFieldElem[-4, 0, 8, 11, 6, -1, -1, 6, 11, 8],
	[24, 24, 16, 21, 19, 21] => QQFieldElem[1, 0, 1, -1, 0, 1, 1, 0, -1, 1],
	[24, 24, 16, 21, 9, 6] => QQFieldElem[-2, 0, 5, 6, 3, -1, -1, 3, 6, 5],
	[24, 24, 16, 21, 9, 11] => QQFieldElem[-6, 0, 10, 13, 5, -4, -4, 5, 13, 10],
	[24, 24, 16, 21, 19, 16] => QQFieldElem[2, 0, -1, 1, -1, 1, 1, -1, 1, -1],
	[24, 24, 16, 21, 24, 21] => QQFieldElem[4//23, 0, -2//23, 3//23, -9//23, -8//23, -8//23, -9//23, 3//23, -2//23],
	[24, 24, 16, 21, 14, 21] => QQFieldElem[19//23, 0, 2//23, 20//23, 32//23, 8//23, 8//23, 32//23, 20//23, 2//23],
	[24, 24, 16, 21, 19, 6] => QQFieldElem[1, 0, -3, -3, -2, 0, 0, -2, -3, -3],
	[24, 24, 16, 21, 24, 16] => QQFieldElem[-1, 0, -1, -1, -1, -1, -1, -1, -1, -1],
	[24, 24, 16, 21, 19, 11] => QQFieldElem[1, 0, -5, -6, -3, 1, 1, -3, -6, -5],
	[24, 24, 16, 21, 9, 21] => QQFieldElem[22//23, 0, 35//23, 28//23, 31//23, 2//23, 2//23, 31//23, 28//23, 35//23],
	[24, 24, 16, 21, 14, 16] => QQFieldElem[0, 0, -1, 0, 0, 1, 1, 0, 0, -1],
	[24, 24, 16, 21, 24, 6] => QQFieldElem[1, 0, -1, -2, -3, -3, -3, -3, -2, -1],
	[24, 24, 16, 21, 24, 11] => QQFieldElem[0, 0, 0, 0, -1, -1, -1, -1, 0, 0],
	[24, 24, 16, 21, 9, 16] => QQFieldElem[3, 0, 4, 2, 3, 1, 1, 3, 2, 4])