Dict(
	[4, 20, 5, 19, 18, 17] => QQFieldElem[4, 0, -11, -25, -38, -46, -46, -38, -25, -11],
	[4, 20, 5, 19, 20, 18] => QQFieldElem[0, -1, 0, 0, -4, -8, -9, -9, -8, -4],
	[4, 20, 5, 19, 18, 19] => QQFieldElem[2, 1, 1, 2, 0, 1, 1, -1, 1, 1],
	[4, 20, 5, 19, 16, 18] => QQFieldElem[2, 1, 0, 1, 1, 1, 0, 1, 2, 0],
	[4, 20, 5, 19, 20, 20] => QQFieldElem[0, 1, -1, -1, -4, -2, -4, -1, -1, 1],
	[4, 20, 5, 19, 16, 20] => QQFieldElem[3, 1, 2, 2, 1, 3, 0, 3, 1, 3],
	[4, 20, 5, 19, 20, 17] => QQFieldElem[-16, -42, -70, -91, -99, -91, -70, -42, -16, 0],
	[4, 20, 5, 19, 20, 19] => QQFieldElem[2, 0, -1, -1, -4, -4, -4, -4, -1, -1],
	[4, 20, 5, 19, 16, 17] => QQFieldElem[-1, -2, -2, -1, 0, 1, 2, 2, 2, 1],
	[4, 20, 5, 19, 16, 19] => QQFieldElem[-5, -3, -1, -5, -1, -3, -5, 0, -4, -4],
	[4, 20, 5, 19, 19, 18] => QQFieldElem[-4, -4, -4, -4, 0, 4, 6, 7, 6, 4],
	[4, 20, 5, 19, 18, 18] => QQFieldElem[2, 3, 2, 2, 3, 2, 0, 0, 1, 0],
	[4, 20, 5, 19, 19, 20] => QQFieldElem[-1, 0, 0, 0, 2, 4, 4, 2, 0, 0],
	[4, 20, 5, 19, 19, 17] => QQFieldElem[12, 44, 85, 122, 144, 144, 122, 85, 44, 12],
	[4, 20, 5, 19, 18, 20] => QQFieldElem[1, -1, 1, 0, 0, -1, 0, 0, -1, 0],
	[4, 20, 5, 19, 19, 19] => QQFieldElem[1, 1, 0, 3, 4, 5, 7, 5, 4, 3])