Dict(
	[4, 9, 10, 15, 12, 8] => QQFieldElem[1, -1, 0, -1, 1, 0, -2, 1, 1, -2],
	[4, 9, 10, 15, 15, 8] => QQFieldElem[2, 1, -1, -3, -5, -7, -8, -6, -4, -2],
	[4, 9, 10, 15, 13, 8] => QQFieldElem[0, 1, 0, 0, 0, 0, 0, 1, 1, -1],
	[4, 9, 10, 15, 14, 8] => QQFieldElem[-1, -1, 0, 1, 2, 4, 5, 4, 3, 2],
	[4, 9, 10, 15, 12, 6] => QQFieldElem[2, 2, 1, 1, 2, 2, 0, 1, 2, 1],
	[4, 9, 10, 15, 15, 6] => QQFieldElem[-5, -6, -3, 3, 9, 15, 18, 17, 12, 6],
	[4, 9, 10, 15, 12, 9] => QQFieldElem[4, -3, -3, 4, 0, -3, 0, 2, 0, -3],
	[4, 9, 10, 15, 13, 6] => QQFieldElem[1, 2, 1, 1, 1, 1, 0, 1, 1, 1],
	[4, 9, 10, 15, 14, 6] => QQFieldElem[5, 7, 5, 2, -1, -6, -10, -10, -7, -4],
	[4, 9, 10, 15, 15, 9] => QQFieldElem[-1, 1, 1, -3, -3, -1, -2, -3, -1, 1],
	[4, 9, 10, 15, 13, 9] => QQFieldElem[-2, 0, -2, -2, 1, -3, -2, 2, -3, -2],
	[4, 9, 10, 15, 14, 9] => QQFieldElem[0, -1, -1, 1, 1, 0, 1, 2, 0, -1],
	[4, 9, 10, 15, 12, 10] => QQFieldElem[-30//23, -362//253, -30//253, -588//253, 32//253, -271//253, -540//253, 17//253, -239//253, -527//253],
	[4, 9, 10, 15, 15, 10] => QQFieldElem[-27//253, -43//253, -268//253, -317//253, -421//253, -492//253, -431//253, -348//253, -177//253, -160//253],
	[4, 9, 10, 15, 13, 10] => QQFieldElem[228//253, 128//253, -157//253, -5//23, -61//253, 122//253, 164//253, 10//253, -54//253, -149//253],
	[4, 9, 10, 15, 14, 10] => QQFieldElem[-1//11, 0, 3//11, 8//11, 4//11, 13//11, 13//11, 4//11, 8//11, 3//11])