Dict(
	[5, 14, 5, 14, 12, 12] => QQFieldElem[0, -1, -1, 0, 0, 0, -1, -1, 0, 0],
	[5, 14, 5, 14, 15, 12] => QQFieldElem[-29, -47, -47, -29, 0, 34, 57, 68, 57, 34],
	[5, 14, 5, 14, 13, 12] => QQFieldElem[-6, -12, -17, -18, -17, -12, -6, 0, 3, 3],
	[5, 14, 5, 14, 14, 12] => QQFieldElem[37, 64, 75, 64, 37, 0, -33, -53, -53, -33],
	[5, 14, 5, 14, 12, 14] => QQFieldElem[-9, -23, -19, -23, -9, 0, -19, -21, -21, -19],
	[5, 14, 5, 14, 15, 14] => QQFieldElem[0, 0, -3, -4, -5, -7, -5, -4, -3, 0],
	[5, 14, 5, 14, 13, 14] => QQFieldElem[0, 0, 0, 0, 0, 0, -1, -1, 0, 0],
	[5, 14, 5, 14, 14, 14] => QQFieldElem[0, 0, 1, 3, 4, 6, 6, 4, 3, 1],
	[5, 14, 5, 14, 12, 13] => QQFieldElem[3, 2, -1, -1, -1, 2, 3, 0, -1, -1],
	[5, 14, 5, 14, 12, 15] => QQFieldElem[-11, -28, -28, -11, 0, -3, -20, -32, -20, -3],
	[5, 14, 5, 14, 15, 13] => QQFieldElem[3, 3, 0, -6, -12, -16, -19, -16, -12, -6],
	[5, 14, 5, 14, 15, 15] => QQFieldElem[-1, -1, -2, -4, -4, -4, -4, -2, -1, -1],
	[5, 14, 5, 14, 13, 13] => QQFieldElem[1, 2, 2, 2, 1, 0, 0, -1, -1, 0],
	[5, 14, 5, 14, 13, 15] => QQFieldElem[-1, -1, 0, 1, 0, -1, -1, -1, 0, 1],
	[5, 14, 5, 14, 14, 13] => QQFieldElem[-5, -6, -5, 0, 6, 12, 15, 15, 12, 6],
	[5, 14, 5, 14, 14, 15] => QQFieldElem[0, 0, 0, 1, 3, 4, 3, 1, 0, 0])