Dict(
	[7, 24, 24, 12, 18, 23] => QQFieldElem[27//23, 11//23, -8//23, -17//23, -51//23, -48//23, -50//23, -52//23, -26//23, -14//23],
	[7, 24, 24, 12, 8, 23] => QQFieldElem[6//23, 12//23, 3//23, 13//23, 40//23, 28//23, 30//23, 41//23, 22//23, 9//23],
	[7, 24, 24, 12, 6, 25] => QQFieldElem[17, 13, -5, 18, 9, 4, 21, 0, 6, 18],
	[7, 24, 24, 12, 16, 18] => QQFieldElem[4, 0, 0, 2, -2, 1, 2, -2, 1, 0],
	[7, 24, 24, 12, 16, 20] => QQFieldElem[1, 3, -2, 0, 3, -1, 1, 1, -1, 2],
	[7, 24, 24, 12, 6, 18] => QQFieldElem[1, 0, 1, 1, 1, 2, 0, 1, 3, 0],
	[7, 24, 24, 12, 18, 25] => QQFieldElem[-5, 27, -9, 7, 22, -14, 18, 12, -12, 26],
	[7, 24, 24, 12, 8, 25] => QQFieldElem[-11, -20, 5, -18, -15, 4, -22, -8, -2, -22],
	[7, 24, 24, 12, 16, 23] => QQFieldElem[-40//23, -11//23, 26//23, 36//23, 40//23, 5//23, 7//23, 41//23, 45//23, 32//23],
	[7, 24, 24, 12, 6, 20] => QQFieldElem[-1, 1, 2, 1, -1, 1, 3, -1, 0, 3],
	[7, 24, 24, 12, 18, 18] => QQFieldElem[-3, 0, -1, -2, 3, 0, -1, 3, -1, -1],
	[7, 24, 24, 12, 8, 18] => QQFieldElem[-4, 0, -1, -3, -2, -4, -2, -2, -5, 0],
	[7, 24, 24, 12, 6, 23] => QQFieldElem[7//23, -12//23, -21//23, -32//23, -29//23, -8//23, -10//23, -30//23, -41//23, -27//23],
	[7, 24, 24, 12, 16, 25] => QQFieldElem[8, -42, 24, -5, -35, 24, -29, -14, 29, -39],
	[7, 24, 24, 12, 18, 20] => QQFieldElem[-1, 0, 2, -3, -4, 1, -2, -4, 0, 1],
	[7, 24, 24, 12, 8, 20] => QQFieldElem[2, -4, -3, 2, 2, -2, -2, 4, 0, -6])