Dict(
	[7, 10, 10, 8, 14, 14] => QQFieldElem[4, 1, -2, 0, 2, -1, -2, 2, 1, -3],
	[7, 10, 10, 8, 2, 4] => QQFieldElem[0, -2, -1, -1, 0, -2, 0, -1, -1, -2],
	[7, 10, 10, 8, 2, 15] => QQFieldElem[-4, 0, 4, 0, -2, 1, 1, -2, 0, 4],
	[7, 10, 10, 8, 12, 4] => QQFieldElem[-1, 0, 0, 0, 0, -1, -1, 0, 0, 0],
	[7, 10, 10, 8, 12, 15] => QQFieldElem[5, 5, 0, -6, -4, 3, 6, 3, -4, -6],
	[7, 10, 10, 8, 4, 4] => QQFieldElem[0, 0, 0, 1, 0, -1, 0, 1, 0, 0],
	[7, 10, 10, 8, 4, 15] => QQFieldElem[1, 0, -2, -2, 0, 0, 0, 0, -2, -2],
	[7, 10, 10, 8, 14, 4] => QQFieldElem[-1, 0, -1, -3, 0, 1, 0, -1, -2, -1],
	[7, 10, 10, 8, 14, 15] => QQFieldElem[-10, -6, 5, 14, 7, -6, -8, -2, 10, 14],
	[7, 10, 10, 8, 2, 5] => QQFieldElem[0, -2, -1, 2, -1, -3, -1, 2, -1, -2],
	[7, 10, 10, 8, 12, 5] => QQFieldElem[1, 0, -1, -1, 0, 1, 1, 0, -1, -1],
	[7, 10, 10, 8, 4, 5] => QQFieldElem[0, 0, -1, -1, 0, 1, 0, -1, -1, 0],
	[7, 10, 10, 8, 14, 5] => QQFieldElem[-1, 0, 2, 2, 0, -3, -2, 1, 2, 1],
	[7, 10, 10, 8, 2, 14] => QQFieldElem[-5, 0, 1, -2, -4, 1, 1, -4, -2, 1],
	[7, 10, 10, 8, 12, 14] => QQFieldElem[-1, -1, 0, 0, 0, 0, 0, 0, 0, 0],
	[7, 10, 10, 8, 4, 14] => QQFieldElem[-2, 0, 2, -1, -2, 1, 1, -2, -1, 2])