Dict(
	[8, 22, 23, 7, 2, 24] => QQFieldElem[-48, 273, 587, 529, 167, -78, 81, 460, 615, 363],
	[8, 22, 23, 7, 2, 17] => QQFieldElem[7, 9, 3, -5, -4, 5, 10, 5, -2, -4],
	[8, 22, 23, 7, 12, 24] => QQFieldElem[-321, -1661, -2453, -1772, -414, 34, -952, -2220, -2287, -1074],
	[8, 22, 23, 7, 2, 19] => QQFieldElem[6, 7, 2, -4, -3, 3, 7, 4, -2, -4],
	[8, 22, 23, 7, 2, 22] => QQFieldElem[1, 0, 0, 2, 2, -1, -1, 2, 2, 0],
	[8, 22, 23, 7, 12, 17] => QQFieldElem[-12, -9, 6, 16, 8, -8, -13, -1, 13, 13],
	[8, 22, 23, 7, 4, 24] => QQFieldElem[37, -90, -233, -226, -76, 42, -11, -173, -254, -159],
	[8, 22, 23, 7, 12, 19] => QQFieldElem[-10, -7, 5, 13, 7, -5, -9, 0, 11, 11],
	[8, 22, 23, 7, 12, 22] => QQFieldElem[23//67, -141//67, -332//67, -380//67, -163//67, 55//67, -40//67, -321//67, -406//67, -199//67],
	[8, 22, 23, 7, 4, 17] => QQFieldElem[-4, -4, -2, 1, 1, -2, -4, -3, 0, 1],
	[8, 22, 23, 7, 14, 24] => QQFieldElem[293, 1191, 1646, 1124, 234, 19, 731, 1535, 1491, 653],
	[8, 22, 23, 7, 14, 17] => QQFieldElem[7, 4, -6, -10, -5, 4, 6, -1, -9, -9],
	[8, 22, 23, 7, 4, 19] => QQFieldElem[-2, -3, -1, 1, 0, -3, -5, -4, -1, 1],
	[8, 22, 23, 7, 4, 22] => QQFieldElem[6//67, 4//67, -40//67, -70//67, -60//67, -41//67, -25//67, -75//67, -36//67, -49//67],
	[8, 22, 23, 7, 14, 19] => QQFieldElem[6, 3, -5, -8, -2, 6, 8, 2, -6, -7],
	[8, 22, 23, 7, 14, 22] => QQFieldElem[-27//67, 116//67, 314//67, 315//67, 203//67, 151//67, 213//67, 304//67, 296//67, 187//67])