Dict(
	[8, 12, 12, 18, 13, 19] => QQFieldElem[-773//737, -732//737, -185//737, -1156//737, -521//737, -282//737, -1066//737, -255//737, -544//737, -1218//737],
	[8, 12, 12, 18, 21, 9] => QQFieldElem[0, 0, 0, 0, 0, -1, -1, 0, 0, 0],
	[8, 12, 12, 18, 13, 9] => QQFieldElem[0, 1, 1, 0, 1, 1, 0, 1, 1, 0],
	[8, 12, 12, 18, 21, 7] => QQFieldElem[-3, -6, -3, 0, 0, -1, -5, -5, -1, 0],
	[8, 12, 12, 18, 13, 7] => QQFieldElem[-1, 0, 4, 6, 2, -1, -1, 2, 6, 4],
	[8, 12, 12, 18, 11, 17] => QQFieldElem[1, 0, 1, 0, -2, -2, -4, -4, -2, -2],
	[8, 12, 12, 18, 11, 19] => QQFieldElem[-512//737, -584//737, -502//737, -145//737, 124//737, -80//737, -339//737, -433//737, -285//737, -126//737],
	[8, 12, 12, 18, 11, 9] => QQFieldElem[1, 0, -2, -3, -3, -3, -3, -3, -3, -2],
	[8, 12, 12, 18, 23, 17] => QQFieldElem[-5, 3, -5, -10, -6, -17, -14, -8, -13, -2],
	[8, 12, 12, 18, 23, 19] => QQFieldElem[169//67, 64//67, -23//67, 171//67, -9//67, -5//67, 117//67, -48//67, 112//67, 168//67],
	[8, 12, 12, 18, 11, 7] => QQFieldElem[10, 15, 10, 0, -3, 5, 14, 14, 5, -3],
	[8, 12, 12, 18, 23, 9] => QQFieldElem[1, -2, -4, -4, -7, -6, -4, -5, -2, 0],
	[8, 12, 12, 18, 21, 17] => QQFieldElem[1, -3, 1, 0, -2, 3, 0, 0, 3, -2],
	[8, 12, 12, 18, 21, 19] => QQFieldElem[-229//737, 257//737, 72//737, -311//737, -100//737, -197//737, -107//737, 159//737, -103//737, -255//737],
	[8, 12, 12, 18, 23, 7] => QQFieldElem[3, 6, -1, -6, -2, 1, 5, 3, -5, -4],
	[8, 12, 12, 18, 13, 17] => QQFieldElem[4, 0, 1, 3, -1, 2, 2, -1, 3, 1])