Dict(
	[8, 17, 8, 17, 12, 14] => QQFieldElem[0, -1, -3, 0, 0, 0, 0, -3, -1, 0],
	[8, 17, 8, 17, 14, 14] => QQFieldElem[0, 1, -1, -1, 1, 0, 0, 0, -1, 0],
	[8, 17, 8, 17, 22, 12] => QQFieldElem[-1, 0, -1, -2, 0, 0, 0, 0, -2, -1],
	[8, 17, 8, 17, 22, 24] => QQFieldElem[725//529, 450//529, 682//529, 594//529, -157//529, 365//529, 696//529, 461//529, 842//529, 132//529],
	[8, 17, 8, 17, 22, 22] => QQFieldElem[1, 1, 1, 2, 0, 0, 2, 1, 1, 1],
	[8, 17, 8, 17, 22, 14] => QQFieldElem[2, 2, 1, -1, -1, 1, 2, 2, 0, -1],
	[8, 17, 8, 17, 24, 12] => QQFieldElem[0, -1, -1, -2, -3, -3, -3, -1, 1, 0],
	[8, 17, 8, 17, 24, 24] => QQFieldElem[-479//529, 104//529, -409//529, -32//529, 354//529, -139//529, 48//529, -406//529, -325//529, 757//529],
	[8, 17, 8, 17, 12, 12] => QQFieldElem[1, -6, 1, 0, -4, 2, -3, -3, 2, -4],
	[8, 17, 8, 17, 12, 24] => QQFieldElem[-695//529, 1411//529, -610//529, -190//529, 1639//529, -1718//529, 1343//529, 36//529, -508//529, 957//529],
	[8, 17, 8, 17, 24, 22] => QQFieldElem[-1, 0, -1, -2, 0, 0, -1, -1, 0, 1],
	[8, 17, 8, 17, 14, 12] => QQFieldElem[2, 1, 0, 3, 1, 1, 3, 0, 1, 2],
	[8, 17, 8, 17, 14, 24] => QQFieldElem[-1655//529, -1009//529, -269//529, -2009//529, -291//529, -742//529, -2012//529, 2//529, -1145//529, -1622//529],
	[8, 17, 8, 17, 12, 22] => QQFieldElem[-5, 0, -3, -4, 1, -4, -4, 1, -4, -3],
	[8, 17, 8, 17, 14, 22] => QQFieldElem[0, -2, 0, -1, -1, 0, -2, 0, 0, -2],
	[8, 17, 8, 17, 24, 14] => QQFieldElem[-2, -2, 0, 1, 0, -1, -1, -1, 1, 2])