Dict(
	[8, 14, 12, 8, 13, 19] => QQFieldElem[-357//737, 298//737, 370//737, 882//737, 19//737, -140//737, -288//737, 543//737, 802//737, 269//737],
	[8, 14, 12, 8, 3, 9] => QQFieldElem[3, 3, 2, 6, 4, 4, 6, 2, 3, 3],
	[8, 14, 12, 8, 15, 9] => QQFieldElem[0, -1, -1, 2, 5, 7, 6, 3, 1, 0],
	[8, 14, 12, 8, 13, 9] => QQFieldElem[0, 0, 1, 1, 1, 0, 0, 1, 1, 1],
	[8, 14, 12, 8, 5, 17] => QQFieldElem[2, 0, -2, -2, 0, 1, 1, 0, -2, -2],
	[8, 14, 12, 8, 15, 7] => QQFieldElem[0, -2, -4, -3, -2, 0, -1, -4, -4, -2],
	[8, 14, 12, 8, 3, 7] => QQFieldElem[4, 3, 1, 5, 2, 2, 5, 1, 3, 4],
	[8, 14, 12, 8, 5, 19] => QQFieldElem[370//737, 1609//737, 1330//737, 820//737, -350//737, 174//737, 1116//737, 1673//737, 1130//737, -29//737],
	[8, 14, 12, 8, 13, 7] => QQFieldElem[-1, 0, 1, 2, 1, -1, -1, 1, 2, 1],
	[8, 14, 12, 8, 5, 9] => QQFieldElem[0, 1, 1, 0, -1, -1, 0, 1, 1, 0],
	[8, 14, 12, 8, 5, 7] => QQFieldElem[0, 2, 2, 1, 0, 0, 1, 2, 2, 0],
	[8, 14, 12, 8, 3, 17] => QQFieldElem[0, 0, 0, 1, 2, 2, 2, 2, 1, 0],
	[8, 14, 12, 8, 15, 17] => QQFieldElem[-3, -2, 0, 2, 3, 2, 0, 1, 4, 4],
	[8, 14, 12, 8, 3, 19] => QQFieldElem[-358//737, 208//737, -271//737, -156//737, -239//737, -256//737, -295//737, -81//737, -197//737, -203//737],
	[8, 14, 12, 8, 13, 17] => QQFieldElem[1, 1, 1, 0, -2, -1, 2, 2, -1, -2],
	[8, 14, 12, 8, 15, 19] => QQFieldElem[-27//67, -152//67, -222//67, -154//67, 2//67, 17//67, -55//67, -165//67, -173//67, -81//67])