Dict(
	[9, 12, 17, 14, 6, 10] => QQFieldElem[1, 0, -1, -1, 0, 0, 0, 0, -1, -1],
	[9, 12, 17, 14, 6, 18] => QQFieldElem[1, 0, -1, -1, 0, 0, 0, 0, -1, -1],
	[9, 12, 17, 14, 16, 8] => QQFieldElem[0, 0, 0, 0, 0, -1, -1, 0, 0, 0],
	[9, 12, 17, 14, 6, 20] => QQFieldElem[-1, 0, -1, -4, -2, 1, 1, -2, -4, -1],
	[9, 12, 17, 14, 18, 10] => QQFieldElem[-2, 0, 7, 18, 27, 31, 31, 27, 18, 7],
	[9, 12, 17, 14, 8, 10] => QQFieldElem[1, 0, -2, -4, -6, -7, -7, -6, -4, -2],
	[9, 12, 17, 14, 6, 8] => QQFieldElem[-3, 0, 6, 7, 3, -2, -2, 3, 7, 6],
	[9, 12, 17, 14, 8, 18] => QQFieldElem[0, 0, 1, 2, 2, 2, 2, 2, 2, 1],
	[9, 12, 17, 14, 18, 18] => QQFieldElem[-4, 0, 11, 26, 40, 49, 49, 40, 26, 11],
	[9, 12, 17, 14, 18, 20] => QQFieldElem[1, 0, 0, 0, -2, -3, -3, -2, 0, 0],
	[9, 12, 17, 14, 8, 20] => QQFieldElem[1, 0, 0, 0, -1, 1, 1, -1, 0, 0],
	[9, 12, 17, 14, 18, 8] => QQFieldElem[-2, 0, 4, 5, 3, 1, 1, 3, 5, 4],
	[9, 12, 17, 14, 8, 8] => QQFieldElem[2, 0, -3, -4, -2, 1, 1, -2, -4, -3],
	[9, 12, 17, 14, 16, 10] => QQFieldElem[-1, 0, 1, 1, 2, 3, 3, 2, 1, 1],
	[9, 12, 17, 14, 16, 18] => QQFieldElem[1, 0, -4, -9, -13, -16, -16, -13, -9, -4],
	[9, 12, 17, 14, 16, 20] => QQFieldElem[-3, 0, -1, -3, 0, -2, -2, 0, -3, -1])