Dict(
	[9, 18, 18, 7, 5, 14] => QQFieldElem[0, -1, 0, 0, 0, 1, 1, 1, 1, 0],
	[9, 18, 18, 7, 3, 12] => QQFieldElem[-15, 35, -15, 0, 30, -24, 17, 17, -24, 30],
	[9, 18, 18, 7, 3, 24] => QQFieldElem[21270//737, 4293//737, 5510//737, 20686//737, -119//737, 11845//737, 16890//737, -1528//737, 17278//737, 11378//737],
	[9, 18, 18, 7, 15, 24] => QQFieldElem[544//737, 252//737, -480//737, -629//737, -316//737, 85//737, 222//737, -323//737, -296//737, -511//737],
	[9, 18, 18, 7, 15, 12] => QQFieldElem[1, 1, -2, -2, 0, 0, 0, -1, -2, -1],
	[9, 18, 18, 7, 13, 12] => QQFieldElem[-2, 0, 2, 2, 1, -1, -1, 1, 2, 2],
	[9, 18, 18, 7, 13, 24] => QQFieldElem[58//737, -49//737, 339//737, 716//737, 389//737, -37//737, -166//737, 288//737, 467//737, 734//737],
	[9, 18, 18, 7, 3, 22] => QQFieldElem[15, 0, 4, 13, -2, 9, 9, -2, 13, 4],
	[9, 18, 18, 7, 15, 22] => QQFieldElem[1, 0, 0, 0, -2, -3, -1, 1, 0, -1],
	[9, 18, 18, 7, 13, 22] => QQFieldElem[0, -1, -2, -1, 1, 1, -1, -2, -1, 0],
	[9, 18, 18, 7, 3, 14] => QQFieldElem[-14, 32, -14, 0, 28, -23, 16, 16, -23, 28],
	[9, 18, 18, 7, 15, 14] => QQFieldElem[1, 1, -1, -2, -2, -3, -3, -3, -3, -1],
	[9, 18, 18, 7, 13, 14] => QQFieldElem[-1, 0, 0, 0, 0, -1, -1, 0, 0, 0],
	[9, 18, 18, 7, 5, 24] => QQFieldElem[-248//737, -375//737, -128//737, -266//737, 14//737, -223//737, -383//737, -37//737, -472//737, -38//737],
	[9, 18, 18, 7, 5, 12] => QQFieldElem[0, -1, 0, 0, -1, 0, 0, 0, 0, -1],
	[9, 18, 18, 7, 5, 22] => QQFieldElem[-1, 0, 0, -1, -1, 0, 0, -1, -1, 0])