Dict(
	[10, 25, 25, 9, 2, 18] => QQFieldElem[-1, 0, 1, 0, -1, 2, 2, -1, 1, 2],
	[10, 25, 25, 9, 2, 20] => QQFieldElem[2, 2, 0, 0, 0, 0, 2, 3, 1, -2],
	[10, 25, 25, 9, 3, 24] => QQFieldElem[-2, -1, 0, -1, -2, 0, -1, -2, -1, -1],
	[10, 25, 25, 9, 2, 19] => QQFieldElem[-5, 1, 5, -3, -3, 4, 2, -4, -2, 6],
	[10, 25, 25, 9, 3, 17] => QQFieldElem[-37, 13, 36, -21, -28, 31, 21, -35, -9, 40],
	[10, 25, 25, 9, 4, 24] => QQFieldElem[-2, 1, -11, 2, -1, -3, -6, 0, 1, -9],
	[10, 25, 25, 9, 13, 24] => QQFieldElem[6, 1, -2, 2, 5, 0, -1, 4, 3, -1],
	[10, 25, 25, 9, 14, 24] => QQFieldElem[-14, -5, 17, -8, -15, 7, 10, -12, -13, 16],
	[10, 25, 25, 9, 3, 22] => QQFieldElem[44, 8, -26, 20, 41, -11, -17, 36, 27, -23],
	[10, 25, 25, 9, 4, 17] => QQFieldElem[142, -54, -138, 80, 103, -122, -81, 133, 30, -153],
	[10, 25, 25, 9, 14, 17] => QQFieldElem[-211, 54, 189, -114, -163, 154, 113, -193, -64, 204],
	[10, 25, 25, 9, 13, 17] => QQFieldElem[65, -13, -56, 34, 51, -44, -34, 58, 22, -60],
	[10, 25, 25, 9, 4, 22] => QQFieldElem[-166, -27, 100, -76, -152, 45, 66, -138, -101, 93],
	[10, 25, 25, 9, 13, 22] => QQFieldElem[-199, -55, 102, -87, -190, 29, 70, -161, -137, 87],
	[10, 25, 25, 9, 14, 22] => QQFieldElem[651, 155, -356, 286, 614, -121, -240, 529, 429, -312],
	[10, 25, 25, 9, 5, 23] => QQFieldElem[-18, -3, 11, -9, -18, 4, 6, -16, -11, 10],
	[10, 25, 25, 9, 5, 25] => QQFieldElem[-66//23, -16//23, 43//23, -1//23, -6//23, 87//23, 96//23, 16//23, 9//23, 61//23],
	[10, 25, 25, 9, 2, 24] => QQFieldElem[6, 1, 4, 0, 4, 2, 4, 3, 0, 4],
	[10, 25, 25, 9, 2, 17] => QQFieldElem[1, -1, -3, 1, 1, -2, -1, 1, 1, -3],
	[10, 25, 25, 9, 2, 22] => QQFieldElem[-3, 0, 1, 0, -2, 0, 1, -2, -1, 2],
	[10, 25, 25, 9, 12, 23] => QQFieldElem[0, -1, -1, -2, -1, 1, 1, -2, -3, 0],
	[10, 25, 25, 9, 5, 18] => QQFieldElem[139, -54, -137, 81, 101, -122, -79, 130, 28, -153],
	[10, 25, 25, 9, 15, 23] => QQFieldElem[68, 15, -38, 30, 63, -14, -25, 55, 44, -33],
	[10, 25, 25, 9, 5, 20] => QQFieldElem[-164, 67, 166, -93, -118, 148, 97, -155, -33, 184],
	[10, 25, 25, 9, 12, 25] => QQFieldElem[-86//253, -216//253, 17//253, 228//253, -12//253, -10//253, -360//253, -83//253, 18//253, 306//253],
	[10, 25, 25, 9, 15, 25] => QQFieldElem[226//23, 52//23, -111//23, 124//23, 238//23, -24//23, -59//23, 201//23, 149//23, -112//23],
	[10, 25, 25, 9, 5, 19] => QQFieldElem[717, -289, -719, 409, 518, -641, -420, 676, 143, -801],
	[10, 25, 25, 9, 12, 18] => QQFieldElem[5, 0, -2, 3, 3, -1, -1, 3, 2, -3],
	[10, 25, 25, 9, 15, 18] => QQFieldElem[-195, 54, 179, -107, -150, 150, 107, -179, -54, 195],
	[10, 25, 25, 9, 12, 20] => QQFieldElem[-5, -2, 3, 2, 0, 0, -2, -3, 1, 5],
	[10, 25, 25, 9, 15, 20] => QQFieldElem[233, -67, -215, 127, 178, -178, -127, 215, 67, -233],
	[10, 25, 25, 9, 12, 19] => QQFieldElem[12, -1, -11, 5, 10, -8, -6, 11, 4, -12],
	[10, 25, 25, 9, 3, 23] => QQFieldElem[-5, -1, 2, -2, -4, 1, 2, -4, -3, 3],
	[10, 25, 25, 9, 15, 19] => QQFieldElem[-1016, 289, 934, -555, -776, 776, 555, -934, -289, 1016],
	[10, 25, 25, 9, 4, 23] => QQFieldElem[22, 4, -12, 10, 20, -6, -8, 18, 13, -11],
	[10, 25, 25, 9, 13, 23] => QQFieldElem[21, 5, -12, 8, 20, -3, -8, 16, 13, -10],
	[10, 25, 25, 9, 14, 23] => QQFieldElem[-84, -20, 45, -37, -79, 15, 30, -68, -55, 39],
	[10, 25, 25, 9, 5, 24] => QQFieldElem[-3, -1, 5, -2, -3, 2, 3, -3, -2, 4],
	[10, 25, 25, 9, 5, 17] => QQFieldElem[-110, 45, 111, -62, -79, 99, 65, -104, -22, 123],
	[10, 25, 25, 9, 3, 25] => QQFieldElem[-11//23, 5//23, 11//23, -4//23, -1//23, 3//23, -7//23, -28//23, -33//23, -9//23],
	[10, 25, 25, 9, 5, 22] => QQFieldElem[131, 20, -80, 60, 120, -37, -52, 109, 78, -74],
	[10, 25, 25, 9, 4, 25] => QQFieldElem[985//253, 144//253, -180//253, 607//253, 767//253, 91//253, -266//253, 983//253, 494//253, 49//253],
	[10, 25, 25, 9, 13, 25] => QQFieldElem[707//253, 193//253, -431//253, -21//253, 334//253, -59//253, -100//253, 497//253, 258//253, -421//253],
	[10, 25, 25, 9, 14, 25] => QQFieldElem[-2942//253, -670//253, 1470//253, -1373//253, -2511//253, 311//253, 1076//253, -2504//253, -1673//253, 1160//253],
	[10, 25, 25, 9, 3, 18] => QQFieldElem[34, -13, -35, 18, 26, -31, -22, 33, 7, -39],
	[10, 25, 25, 9, 13, 18] => QQFieldElem[-62, 13, 53, -33, -49, 41, 32, -56, -22, 57],
	[10, 25, 25, 9, 4, 18] => QQFieldElem[-162, 62, 160, -92, -117, 141, 93, -151, -35, 177],
	[10, 25, 25, 9, 14, 18] => QQFieldElem[241, -62, -218, 130, 187, -178, -130, 221, 73, -235],
	[10, 25, 25, 9, 3, 20] => QQFieldElem[-32, 10, 29, -19, -24, 26, 17, -31, -9, 33],
	[10, 25, 25, 9, 4, 20] => QQFieldElem[175, -67, -171, 100, 128, -152, -101, 165, 38, -190],
	[10, 25, 25, 9, 13, 20] => QQFieldElem[57, -10, -49, 26, 42, -36, -27, 49, 16, -53],
	[10, 25, 25, 9, 2, 23] => QQFieldElem[-1, 0, 1, 2, 1, 0, -1, 0, 1, 0],
	[10, 25, 25, 9, 15, 24] => QQFieldElem[18, 4, -10, 8, 17, -4, -6, 14, 12, -9],
	[10, 25, 25, 9, 14, 20] => QQFieldElem[-262, 67, 235, -141, -202, 191, 140, -239, -79, 254],
	[10, 25, 25, 9, 12, 17] => QQFieldElem[-4, 1, 5, -2, -4, 4, 3, -4, -2, 5],
	[10, 25, 25, 9, 15, 17] => QQFieldElem[156, -45, -144, 85, 119, -119, -85, 144, 45, -156],
	[10, 25, 25, 9, 12, 24] => QQFieldElem[-7, 0, -3, 0, -4, -3, -3, -3, 1, -5],
	[10, 25, 25, 9, 3, 19] => QQFieldElem[153, -53, -147, 86, 113, -127, -86, 142, 37, -162],
	[10, 25, 25, 9, 12, 22] => QQFieldElem[16, 4, -8, 5, 15, -1, -6, 12, 10, -7],
	[10, 25, 25, 9, 15, 22] => QQFieldElem[-487, -108, 271, -216, -456, 99, 181, -397, -315, 240],
	[10, 25, 25, 9, 4, 19] => QQFieldElem[-788, 303, 778, -446, -574, 687, 456, -740, -167, 864],
	[10, 25, 25, 9, 13, 19] => QQFieldElem[-265, 53, 228, -140, -210, 178, 137, -239, -91, 243],
	[10, 25, 25, 9, 14, 19] => QQFieldElem[1180, -303, -1060, 638, 912, -864, -633, 1078, 359, -1146],
	[10, 25, 25, 9, 2, 25] => QQFieldElem[-86//253, 37//253, -236//253, -531//253, -518//253, -516//253, -107//253, -83//253, 18//253, -200//253])