Dict(
	[10, 14, 7, 14, 10, 20] => QQFieldElem[5//23, 9//23, -2//23, 9//23, 3//23, 3//23, 4//23, 12//23, 3//23, 14//23],
	[10, 14, 7, 14, 18, 8] => QQFieldElem[0, -5, -5, 0, 0, -3, -3, -2, -3, -3],
	[10, 14, 7, 14, 8, 8] => QQFieldElem[1, 2, 2, 2, 2, 2, 2, 1, 0, 0],
	[10, 14, 7, 14, 20, 10] => QQFieldElem[2, 2, 1, 2, 3, 1, 0, 0, 0, -1],
	[10, 14, 7, 14, 20, 18] => QQFieldElem[4, 1, 4, 2, 3, 1, 1, 2, 0, 2],
	[10, 14, 7, 14, 10, 8] => QQFieldElem[2, 2, 2, 2, 2, 0, 1, 3, 3, 1],
	[10, 14, 7, 14, 20, 20] => QQFieldElem[8//23, 18//23, 20//23, 19//23, 26//23, 17//23, 32//23, 27//23, 19//23, -2//23],
	[10, 14, 7, 14, 20, 8] => QQFieldElem[-5, 3, 6, -3, -5, 5, 4, -4, -1, 5],
	[10, 14, 7, 14, 18, 10] => QQFieldElem[0, 0, 1, 1, 1, 1, 1, 1, 1, 1],
	[10, 14, 7, 14, 18, 18] => QQFieldElem[0, 0, 0, 0, 1, 1, 1, 0, 0, 0],
	[10, 14, 7, 14, 8, 18] => QQFieldElem[14, 22, 22, 14, 0, -15, -26, -31, -26, -15],
	[10, 14, 7, 14, 10, 10] => QQFieldElem[0, 0, 0, 0, 0, 1, 1, 1, 0, 0],
	[10, 14, 7, 14, 10, 18] => QQFieldElem[-3, 0, -3, 0, -2, -1, -1, -2, 0, -3],
	[10, 14, 7, 14, 8, 10] => QQFieldElem[31, 54, 63, 54, 31, 0, -28, -45, -45, -28],
	[10, 14, 7, 14, 18, 20] => QQFieldElem[3//23, -18//23, -14//23, -13//23, 2//23, 3//23, -3//23, -9//23, -10//23, 6//23],
	[10, 14, 7, 14, 8, 20] => QQFieldElem[67//23, 164//23, 304//23, 392//23, 444//23, 416//23, 329//23, 205//23, 90//23, 11//23])