Dict(
	[10, 10, 7, 9, 15, 13] => QQFieldElem[3, 1, -2, -3, -1, 1, 1, -2, -5, -4],
	[10, 10, 7, 9, 15, 15] => QQFieldElem[-836//2047, -3254//2047, -3235//2047, -1040//2047, 867//2047, -439//2047, -2855//2047, -4221//2047, -3980//2047, -1995//2047],
	[10, 10, 7, 9, 5, 3] => QQFieldElem[2, 3, 2, 1, 0, 1, 2, 3, 2, 0],
	[10, 10, 7, 9, 4, 13] => QQFieldElem[0, 0, -1, -1, 0, 1, 1, 0, -1, -1],
	[10, 10, 7, 9, 4, 15] => QQFieldElem[-689//2047, 516//2047, 206//2047, -54//2047, -140//2047, 52//2047, 147//2047, 887//2047, 187//2047, -202//2047],
	[10, 10, 7, 9, 14, 13] => QQFieldElem[-1, -2, -2, -1, 0, 1, 1, 1, 1, 1],
	[10, 10, 7, 9, 14, 15] => QQFieldElem[369//2047, -312//2047, -553//2047, -491//2047, -439//2047, 397//2047, 768//2047, 749//2047, 601//2047, 741//2047],
	[10, 10, 7, 9, 15, 5] => QQFieldElem[1, -2, -3, 1, 3, 0, -1, 1, 1, -1],
	[10, 10, 7, 9, 4, 5] => QQFieldElem[0, 1, 0, 1, 0, 1, 0, 1, 0, 0],
	[10, 10, 7, 9, 14, 5] => QQFieldElem[0, 0, 0, -1, -1, -1, -1, -1, -1, 0],
	[10, 10, 7, 9, 5, 13] => QQFieldElem[-2, 0, 3, 4, 2, -1, -1, 2, 4, 3],
	[10, 10, 7, 9, 5, 15] => QQFieldElem[1965//2047, 3481//2047, 3762//2047, 2611//2047, 325//2047, 1049//2047, 3241//2047, 4155//2047, 3733//2047, 1200//2047],
	[10, 10, 7, 9, 5, 5] => QQFieldElem[1, 2, 2, 1, 0, 1, 2, 2, 1, 0],
	[10, 10, 7, 9, 15, 3] => QQFieldElem[-6, -3, 1, -3, -4, 1, 0, -7, -4, 3],
	[10, 10, 7, 9, 4, 3] => QQFieldElem[-1, -1, -1, 0, -1, 0, -1, -1, -1, 0],
	[10, 10, 7, 9, 14, 3] => QQFieldElem[1, 0, 0, 1, 1, 0, 0, 1, 1, 0])