Dict(
	[12, 13, 18, 22, 23, 12] => QQFieldElem[-10, 1, 6, -5, -8, 4, 4, -9, -4, 6],
	[12, 13, 18, 22, 23, 24] => QQFieldElem[1344//1541, 788//1541, 486//1541, 455//1541, 610//1541, -165//1541, -913//1541, -255//1541, -463//1541, -964//1541],
	[12, 13, 18, 22, 18, 12] => QQFieldElem[2, 0, -2, 1, 2, -1, -1, 2, 1, -2],
	[12, 13, 18, 22, 18, 24] => QQFieldElem[-357//1541, -113//1541, 208//1541, 144//1541, 464//1541, 405//1541, 700//1541, 766//1541, 436//1541, 545//1541],
	[12, 13, 18, 22, 23, 22] => QQFieldElem[5, 0, -3, 2, 3, -3, -3, 3, 1, -4],
	[12, 13, 18, 22, 18, 22] => QQFieldElem[-1, 0, 1, 0, 0, 1, 1, 0, 0, 1],
	[12, 13, 18, 22, 21, 12] => QQFieldElem[2, -1, -1, 1, 1, -1, -1, 2, 0, -1],
	[12, 13, 18, 22, 21, 24] => QQFieldElem[-604//1541, -666//1541, -356//1541, -365//1541, -320//1541, -545//1541, -961//1541, -422//1541, -35//1541, -429//1541],
	[12, 13, 18, 22, 23, 14] => QQFieldElem[1, 1, 2, 2, 2, 0, 0, 2, 2, 1],
	[12, 13, 18, 22, 21, 22] => QQFieldElem[-1, 0, 0, -1, -1, 0, 0, -1, 0, 1],
	[12, 13, 18, 22, 18, 14] => QQFieldElem[0, 1, 2, 1, 0, 0, 1, 2, 2, 1],
	[12, 13, 18, 22, 21, 14] => QQFieldElem[0, 0, -2, -2, -1, 0, 0, -1, -2, -2],
	[12, 13, 18, 22, 16, 24] => QQFieldElem[3440//1541, 109//1541, 1354//1541, -248//1541, 57//1541, 73//1541, -7//1541, 1934//1541, -66//1541, 3770//1541],
	[12, 13, 18, 22, 16, 12] => QQFieldElem[-5, -2, -5, -4, -4, -5, -2, -5, 0, -5],
	[12, 13, 18, 22, 16, 22] => QQFieldElem[1, -3, -3, -5, -5, -3, -3, 1, 0, 3],
	[12, 13, 18, 22, 16, 14] => QQFieldElem[3, 0, 2, -1, 1, 0, 0, 1, -1, 2])