Dict(
	[13, 9, 9, 13, 11, 17] => QQFieldElem[0, 0, -2, -4, -6, -7, -7, -6, -4, -2],
	[13, 9, 9, 13, 11, 19] => QQFieldElem[0, 0, 2, 2, 2, 1, 1, 2, 2, 2],
	[13, 9, 9, 13, 5, 9] => QQFieldElem[1, 0, 0, 1, 2, 1, 1, 2, 1, 0],
	[13, 9, 9, 13, 1, 20] => QQFieldElem[-38//11, 0, -29//11, -4//11, -35//11, -34//11, -34//11, -35//11, -4//11, -29//11],
	[13, 9, 9, 13, 11, 9] => QQFieldElem[2, 0, -2, -6, -9, -11, -11, -9, -6, -2],
	[13, 9, 9, 13, 3, 10] => QQFieldElem[-1, 0, -3, -3, -5, -6, -6, -5, -3, -3],
	[13, 9, 9, 13, 15, 10] => QQFieldElem[7, 0, -6, 5, 8, -2, -2, 8, 5, -6],
	[13, 9, 9, 13, 13, 10] => QQFieldElem[-1, 0, 8, 5, 9, 14, 14, 9, 5, 8],
	[13, 9, 9, 13, 5, 7] => QQFieldElem[-2, 0, -1, 0, -1, 0, 0, -1, 0, -1],
	[13, 9, 9, 13, 1, 17] => QQFieldElem[-1, 0, 1, 3, 4, 5, 5, 4, 3, 1],
	[13, 9, 9, 13, 1, 19] => QQFieldElem[3, 0, -3, -5, -2, 1, 1, -2, -5, -3],
	[13, 9, 9, 13, 11, 7] => QQFieldElem[2, 0, 1, -1, -1, -2, -2, -1, -1, 1],
	[13, 9, 9, 13, 3, 20] => QQFieldElem[-74//11, 0, -64//11, -13//11, -45//11, -28//11, -28//11, -45//11, -13//11, -64//11],
	[13, 9, 9, 13, 15, 20] => QQFieldElem[-23//11, 0, -30//11, -3//11, -18//11, -20//11, -20//11, -18//11, -3//11, -30//11],
	[13, 9, 9, 13, 1, 9] => QQFieldElem[-2, 0, 8, 17, 26, 31, 31, 26, 17, 8],
	[13, 9, 9, 13, 13, 20] => QQFieldElem[111//11, 0, 96//11, 3//11, 51//11, 20//11, 20//11, 51//11, 3//11, 96//11],
	[13, 9, 9, 13, 5, 10] => QQFieldElem[-1, 0, 2, 0, 0, 2, 2, 0, 0, 2],
	[13, 9, 9, 13, 3, 17] => QQFieldElem[0, 0, -1, 0, -1, -1, -1, -1, 0, -1],
	[13, 9, 9, 13, 15, 17] => QQFieldElem[-5, 0, 3, -1, -2, 4, 4, -2, -1, 3],
	[13, 9, 9, 13, 3, 19] => QQFieldElem[1, 0, 0, -1, 0, 1, 1, 0, -1, 0],
	[13, 9, 9, 13, 1, 7] => QQFieldElem[1, 0, 3, 4, 7, 8, 8, 7, 4, 3],
	[13, 9, 9, 13, 11, 10] => QQFieldElem[0, 0, -3, -5, -8, -9, -9, -8, -5, -3],
	[13, 9, 9, 13, 15, 19] => QQFieldElem[3, 0, -2, 4, 4, -3, -3, 4, 4, -2],
	[13, 9, 9, 13, 13, 19] => QQFieldElem[-5, 0, 3, 1, -3, -2, -2, -3, 1, 3],
	[13, 9, 9, 13, 13, 17] => QQFieldElem[4, 0, 0, 5, 9, 5, 5, 9, 5, 0],
	[13, 9, 9, 13, 3, 9] => QQFieldElem[1, 0, -1, -4, -6, -7, -7, -6, -4, -1],
	[13, 9, 9, 13, 15, 9] => QQFieldElem[-5, 0, 3, -1, -2, 4, 4, -2, -1, 3],
	[13, 9, 9, 13, 5, 20] => QQFieldElem[28//11, 0, 26//11, 7//11, 20//11, 10//11, 10//11, 20//11, 7//11, 26//11],
	[13, 9, 9, 13, 13, 9] => QQFieldElem[0, 0, 1, 10, 15, 15, 15, 15, 10, 1],
	[13, 9, 9, 13, 11, 20] => QQFieldElem[-32//11, 0, -25//11, 3//11, -4//11, 9//11, 9//11, -4//11, 3//11, -25//11],
	[13, 9, 9, 13, 1, 10] => QQFieldElem[-3, 0, 5, 13, 19, 23, 23, 19, 13, 5],
	[13, 9, 9, 13, 3, 7] => QQFieldElem[3, 0, 2, 0, 1, 0, 0, 1, 0, 2],
	[13, 9, 9, 13, 15, 7] => QQFieldElem[4, 0, 1, 2, 4, 1, 1, 4, 2, 1],
	[13, 9, 9, 13, 5, 17] => QQFieldElem[0, 0, 1, 0, 0, 1, 1, 0, 0, 1],
	[13, 9, 9, 13, 5, 19] => QQFieldElem[0, 0, 2, 3, 2, -1, -1, 2, 3, 2],
	[13, 9, 9, 13, 13, 7] => QQFieldElem[-7, 0, -3, 0, -3, 1, 1, -3, 0, -3])