Dict(
	[13, 9, 12, 8, 20, 7] => QQFieldElem[2, -2, 0, 3, 5, 3, 4, 6, 2, 0],
	[13, 9, 12, 8, 18, 17] => QQFieldElem[3, 1, 1, 3, 0, 4, -1, 4, -1, 4],
	[13, 9, 12, 8, 8, 17] => QQFieldElem[-7, 0, -7, -1, -5, -3, -3, -5, -1, -7],
	[13, 9, 12, 8, 10, 17] => QQFieldElem[1, 1, 1, 1, 0, 3, -2, 4, -2, 3],
	[13, 9, 12, 8, 8, 19] => QQFieldElem[-21//23, 2//23, -22//23, 3//23, -12//23, -6//23, 1//23, -16//23, 3//23, -15//23],
	[13, 9, 12, 8, 18, 19] => QQFieldElem[18//23, 18//23, 9//23, 27//23, 7//23, 15//23, 9//23, 17//23, 4//23, 26//23],
	[13, 9, 12, 8, 10, 19] => QQFieldElem[29//23, 26//23, 6//23, 36//23, 9//23, 25//23, 18//23, 24//23, 4//23, 41//23],
	[13, 9, 12, 8, 18, 9] => QQFieldElem[-1, 0, 0, -1, 0, 0, -1, 1, -1, 0],
	[13, 9, 12, 8, 8, 9] => QQFieldElem[-1, 0, -1, 0, -1, -1, -1, -1, 0, -1],
	[13, 9, 12, 8, 10, 9] => QQFieldElem[1, 0, 0, 1, 0, 1, 0, 1, 0, 1],
	[13, 9, 12, 8, 18, 7] => QQFieldElem[-1, 0, -1, -1, -2, -2, -2, -2, -1, -1],
	[13, 9, 12, 8, 8, 7] => QQFieldElem[1, 1, 3, 3, 5, 3, 3, 1, 1, 0],
	[13, 9, 12, 8, 20, 17] => QQFieldElem[-4, 0, -1, -5, 1, -5, 3, -7, 3, -5],
	[13, 9, 12, 8, 10, 7] => QQFieldElem[-1, 0, -1, -1, -2, -2, -2, -2, -1, -1],
	[13, 9, 12, 8, 20, 19] => QQFieldElem[-18//23, -5//23, 1//23, -29//23, 5//23, -25//23, 18//23, -30//23, 33//23, -1],
	[13, 9, 12, 8, 20, 9] => QQFieldElem[0, 4, 2, -1, 2, 2, 2, -2, 3, 2])