Dict(
	[14, 22, 22, 14, 13, 20] => QQFieldElem[-8, 0, 5, -7, -9, 5, 5, -9, -7, 5],
	[14, 22, 22, 14, 21, 23] => QQFieldElem[-11, 0, 8, -4, -7, 7, 7, -7, -4, 8],
	[14, 22, 22, 14, 11, 15] => QQFieldElem[2, 0, -2, -1, -1, -3, -3, -1, -1, -2],
	[14, 22, 22, 14, 3, 23] => QQFieldElem[1, 0, 0, 2, 3, 2, 2, 3, 2, 0],
	[14, 22, 22, 14, 11, 13] => QQFieldElem[17, 0, -12, 9, 15, -8, -8, 15, 9, -12],
	[14, 22, 22, 14, 11, 18] => QQFieldElem[-5, 0, 3, -4, -6, 1, 1, -6, -4, 3],
	[14, 22, 22, 14, 13, 23] => QQFieldElem[-17, 0, 13, -8, -14, 9, 9, -14, -8, 13],
	[14, 22, 22, 14, 1, 25] => QQFieldElem[17//11, 0, 15//11, 7//11, 20//11, 21//11, 21//11, 20//11, 7//11, 15//11],
	[14, 22, 22, 14, 23, 25] => QQFieldElem[27//11, 0, -4//11, 15//11, 24//11, 1//11, 1//11, 24//11, 15//11, -4//11],
	[14, 22, 22, 14, 11, 20] => QQFieldElem[-3, 0, 4, 4, 1, -1, -1, 1, 4, 4],
	[14, 22, 22, 14, 1, 15] => QQFieldElem[-1, 0, 3, 7, 11, 14, 14, 11, 7, 3],
	[14, 22, 22, 14, 23, 15] => QQFieldElem[-14, 0, 11, -3, -6, 12, 12, -6, -3, 11],
	[14, 22, 22, 14, 1, 13] => QQFieldElem[-2, 0, 2, 0, -1, 1, 1, -1, 0, 2],
	[14, 22, 22, 14, 21, 25] => QQFieldElem[1//11, 0, -3//11, -8//11, -4//11, -13//11, -13//11, -4//11, -8//11, -3//11],
	[14, 22, 22, 14, 1, 18] => QQFieldElem[3, 0, -7, -15, -22, -26, -26, -22, -15, -7],
	[14, 22, 22, 14, 23, 18] => QQFieldElem[-17, 0, 10, -16, -27, -6, -6, -27, -16, 10],
	[14, 22, 22, 14, 3, 25] => QQFieldElem[3//11, 0, 2//11, -2//11, -1//11, -6//11, -6//11, -1//11, -2//11, 2//11],
	[14, 22, 22, 14, 23, 13] => QQFieldElem[43, 0, -31, 21, 37, -19, -19, 37, 21, -31],
	[14, 22, 22, 14, 13, 25] => QQFieldElem[1//11, 0, 19//11, -8//11, -4//11, 9//11, 9//11, -4//11, -8//11, 19//11],
	[14, 22, 22, 14, 11, 23] => QQFieldElem[6, 0, -4, 3, 5, -3, -3, 5, 3, -4],
	[14, 22, 22, 14, 21, 13] => QQFieldElem[-18, 0, 13, -9, -16, 8, 8, -16, -9, 13],
	[14, 22, 22, 14, 1, 20] => QQFieldElem[-3, 0, 6, 8, 4, -1, -1, 4, 8, 6],
	[14, 22, 22, 14, 23, 20] => QQFieldElem[13, 0, -11, 1, 8, -3, -3, 8, 1, -11],
	[14, 22, 22, 14, 3, 15] => QQFieldElem[-3, 0, 1, -5, -8, -5, -5, -8, -5, 1],
	[14, 22, 22, 14, 21, 15] => QQFieldElem[0, 0, -2, -8, -13, -13, -13, -13, -8, -2],
	[14, 22, 22, 14, 21, 18] => QQFieldElem[6, 0, -1, 14, 22, 15, 15, 22, 14, -1],
	[14, 22, 22, 14, 3, 13] => QQFieldElem[11, 0, -8, 5, 9, -5, -5, 9, 5, -8],
	[14, 22, 22, 14, 3, 18] => QQFieldElem[-3, 0, 6, 11, 16, 21, 21, 16, 11, 6],
	[14, 22, 22, 14, 13, 15] => QQFieldElem[15, 0, -10, 10, 17, -3, -3, 17, 10, -10],
	[14, 22, 22, 14, 13, 13] => QQFieldElem[-51, 0, 36, -25, -44, 23, 23, -44, -25, 36],
	[14, 22, 22, 14, 13, 18] => QQFieldElem[15, 0, -10, 10, 17, -3, -3, 17, 10, -10],
	[14, 22, 22, 14, 1, 23] => QQFieldElem[0, 0, -1, -2, -3, -3, -3, -3, -2, -1],
	[14, 22, 22, 14, 23, 23] => QQFieldElem[25, 0, -18, 11, 20, -13, -13, 20, 11, -18],
	[14, 22, 22, 14, 11, 25] => QQFieldElem[-10//11, 0, -3//11, 3//11, -4//11, -2//11, -2//11, -4//11, 3//11, -3//11],
	[14, 22, 22, 14, 21, 20] => QQFieldElem[2, 0, -2, -1, 0, -1, -1, 0, -1, -2],
	[14, 22, 22, 14, 3, 20] => QQFieldElem[2, 0, -3, -3, -1, 0, 0, -1, -3, -3])