Dict(
	[14, 9, 14, 10, 10, 9] => QQFieldElem[-2, 0, 2, -1, -2, 1, 1, -2, -1, 2],
	[14, 9, 14, 10, 20, 20] => QQFieldElem[1, -1, -1, 0, 0, -1, -1, 1, 0, 0],
	[14, 9, 14, 10, 9, 20] => QQFieldElem[2//23, 0, 9//23, -4//23, 1//23, -2//23, -2//23, 1//23, -4//23, 9//23],
	[14, 9, 14, 10, 20, 8] => QQFieldElem[-132, -53, 56, -53, -132, 0, 42, -103, -103, 42],
	[14, 9, 14, 10, 20, 19] => QQFieldElem[3718//4577, -2554//4577, -6197//4577, 3031//4577, 4605//4577, -3356//4577, -2350//4577, 5688//4577, 1248//4577, -6229//4577],
	[14, 9, 14, 10, 9, 8] => QQFieldElem[-9, -6, 3, -3, -11, -3, 3, -6, -9, 0],
	[14, 9, 14, 10, 19, 10] => QQFieldElem[-7, 2, 5, -3, -4, 6, 4, -5, -1, 6],
	[14, 9, 14, 10, 19, 18] => QQFieldElem[-2, -2, 4, -3, -1, 0, 3, -3, -1, 3],
	[14, 9, 14, 10, 9, 19] => QQFieldElem[-1644//4577, 1117//4577, -399//4577, 755//4577, -1790//4577, 733//4577, -155//4577, -735//4577, -1320//4577, 339//4577],
	[14, 9, 14, 10, 20, 9] => QQFieldElem[20, 0, -15, 10, 18, -9, -9, 18, 10, -15],
	[14, 9, 14, 10, 9, 9] => QQFieldElem[1, 1, -1, 1, 1, 0, -1, 1, 1, -1],
	[14, 9, 14, 10, 18, 10] => QQFieldElem[1, 0, 0, 1, 2, 1, 1, 2, 1, 0],
	[14, 9, 14, 10, 8, 10] => QQFieldElem[-25, -2, -31, -2, -25, 0, -12, -2, -2, -12],
	[14, 9, 14, 10, 8, 18] => QQFieldElem[8, -10, 12, -17, 13, -17, 12, -10, 8, 0],
	[14, 9, 14, 10, 10, 10] => QQFieldElem[-1, 1, 1, 0, 0, 1, 1, -1, 0, 0],
	[14, 9, 14, 10, 19, 20] => QQFieldElem[-37//23, -2//23, -8//23, -10//23, -16//23, 19//23, 5//23, -22//23, -9//23, 4//23],
	[14, 9, 14, 10, 10, 18] => QQFieldElem[-1, 0, -2, 0, 0, -1, -1, 0, 0, -2],
	[14, 9, 14, 10, 18, 18] => QQFieldElem[0, 0, -1, 0, 0, 0, 0, 1, 1, 0],
	[14, 9, 14, 10, 19, 8] => QQFieldElem[138, 73, -47, 53, 145, 18, -38, 105, 120, -26],
	[14, 9, 14, 10, 18, 20] => QQFieldElem[9//23, 0, 6//23, 5//23, 16//23, 14//23, 14//23, 16//23, 5//23, 6//23],
	[14, 9, 14, 10, 19, 19] => QQFieldElem[-5021//4577, -734//4577, 5839//4577, -4774//4577, -2655//4577, 1100//4577, 4769//4577, -5143//4577, 11//4577, 5604//4577],
	[14, 9, 14, 10, 8, 20] => QQFieldElem[-411//23, 54//23, -471//23, 54//23, -411//23, 0, -266//23, -111//23, -111//23, -266//23],
	[14, 9, 14, 10, 10, 20] => QQFieldElem[-7//23, -2//23, -11//23, -1//23, -1//23, -11//23, -2//23, -7//23, 0, -22//23],
	[14, 9, 14, 10, 18, 8] => QQFieldElem[-21, -15, 5, -7, -24, -7, 5, -15, -21, 0],
	[14, 9, 14, 10, 8, 8] => QQFieldElem[0, 0, 0, 1, 0, 1, 0, 1, 0, 1],
	[14, 9, 14, 10, 19, 9] => QQFieldElem[-20, -4, 13, -10, -18, 5, 9, -17, -12, 12],
	[14, 9, 14, 10, 20, 10] => QQFieldElem[6, -5, -8, 2, 2, -8, -5, 6, 0, -7],
	[14, 9, 14, 10, 18, 19] => QQFieldElem[721//4577, -643//4577, 33//4577, 557//4577, 1559//4577, -508//4577, -1054//4577, -421//4577, 178//4577, -441//4577],
	[14, 9, 14, 10, 8, 19] => QQFieldElem[341//4577, 13903//4577, -9113//4577, 24964//4577, -14568//4577, 29050//4577, -15734//4577, 24165//4577, -11152//4577, 12767//4577],
	[14, 9, 14, 10, 10, 8] => QQFieldElem[15, 6, -6, 6, 15, 0, -5, 12, 12, -5],
	[14, 9, 14, 10, 10, 19] => QQFieldElem[668//4577, -710//4577, -1074//4577, -652//4577, 1273//4577, -2191//4577, -1897//4577, 1635//4577, -800//4577, -1875//4577],
	[14, 9, 14, 10, 9, 10] => QQFieldElem[1, 0, 0, 0, 0, -1, -1, 0, 0, 0],
	[14, 9, 14, 10, 9, 18] => QQFieldElem[-2, 0, -1, 0, -2, 0, -1, -1, -1, -1],
	[14, 9, 14, 10, 20, 18] => QQFieldElem[5, 0, -1, 1, 3, -2, -2, 3, 1, -1],
	[14, 9, 14, 10, 18, 9] => QQFieldElem[3, 1, -1, 1, 3, 0, -1, 2, 2, -1],
	[14, 9, 14, 10, 8, 9] => QQFieldElem[-5, 6, -8, 10, -9, 10, -8, 6, -5, 0])