Dict(
	[14, 8, 9, 13, 2, 9] => QQFieldElem[1, 3, 3, 1, 0, -2, -3, -5, -3, -2],
	[14, 8, 9, 13, 4, 19] => QQFieldElem[3, 0, 3, 0, 1, 0, 0, 1, 0, 3],
	[14, 8, 9, 13, 14, 17] => QQFieldElem[70, 46, -20, 25, 75, 18, -18, 51, 67, -6],
	[14, 8, 9, 13, 14, 19] => QQFieldElem[-5, 2, 3, 8, 4, 10, 8, 4, 0, -1],
	[14, 8, 9, 13, 12, 9] => QQFieldElem[-1, 0, -1, 1, 1, 1, 1, 1, 1, -1],
	[14, 8, 9, 13, 15, 9] => QQFieldElem[-59, 12, 49, -32, -46, 38, 30, -54, -19, 52],
	[14, 8, 9, 13, 5, 20] => QQFieldElem[-190//529, -221//529, -730//529, 25//529, -172//529, 194//529, -8//529, 566//529, 281//529, -30//529],
	[14, 8, 9, 13, 4, 9] => QQFieldElem[-3, 3, 3, -3, 0, 4, 3, -3, 3, 4],
	[14, 8, 9, 13, 14, 9] => QQFieldElem[35, -3, -23, 17, 26, -18, -17, 29, 11, -24],
	[14, 8, 9, 13, 2, 7] => QQFieldElem[3, 0, 0, 3, 0, 7, 1, 9, 1, 7],
	[14, 8, 9, 13, 12, 7] => QQFieldElem[10, 0, 9, 1, 6, 3, 3, 6, 1, 9],
	[14, 8, 9, 13, 5, 17] => QQFieldElem[-13, 0, 8, -6, -11, 5, 5, -11, -6, 8],
	[14, 8, 9, 13, 15, 7] => QQFieldElem[3, 3, 8, 3, -1, 10, 2, 5, -2, 12],
	[14, 8, 9, 13, 5, 19] => QQFieldElem[-2, 0, -3, 0, -1, -1, -1, -1, 0, -3],
	[14, 8, 9, 13, 4, 7] => QQFieldElem[7, 4, 4, 7, 0, 10, -2, 10, -2, 10],
	[14, 8, 9, 13, 14, 7] => QQFieldElem[-17, -4, -18, -7, -6, -16, -4, -16, 2, -24],
	[14, 8, 9, 13, 5, 9] => QQFieldElem[6, -12, -12, 6, 0, -15, -7, 8, -7, -15],
	[14, 8, 9, 13, 2, 10] => QQFieldElem[-13, -21, -21, -13, 0, 14, 25, 29, 25, 14],
	[14, 8, 9, 13, 12, 10] => QQFieldElem[1, 0, -3, -7, -11, -13, -13, -11, -7, -3],
	[14, 8, 9, 13, 15, 10] => QQFieldElem[26, -4, -20, 17, 24, -15, -11, 24, 9, -25],
	[14, 8, 9, 13, 4, 10] => QQFieldElem[2, 1, 1, 2, 0, -4, -4, -3, -4, -4],
	[14, 8, 9, 13, 5, 7] => QQFieldElem[-4, -3, -3, -4, 0, -7, 1, -6, 1, -7],
	[14, 8, 9, 13, 14, 10] => QQFieldElem[-14, -1, 9, -4, -4, 16, 16, -1, 2, 14],
	[14, 8, 9, 13, 2, 20] => QQFieldElem[-2056//529, -3494//529, -3556//529, -2458//529, -419//529, 1832//529, 3622//529, 4276//529, 3837//529, 2209//529],
	[14, 8, 9, 13, 12, 20] => QQFieldElem[654//529, 215//529, -1413//529, -3622//529, -5678//529, -7116//529, -7178//529, -6080//529, -4041//529, -1790//529],
	[14, 8, 9, 13, 15, 20] => QQFieldElem[1841//529, 1643//529, 1310//529, 2361//529, 3816//529, 2007//529, 1297//529, 1738//529, 1590//529, -294//529],
	[14, 8, 9, 13, 2, 17] => QQFieldElem[0, 0, 1, -1, -1, 0, 0, -1, -1, 1],
	[14, 8, 9, 13, 4, 20] => QQFieldElem[219//529, 419//529, 563//529, 180//529, 137//529, -296//529, -375//529, -580//529, -516//529, -216//529],
	[14, 8, 9, 13, 14, 20] => QQFieldElem[-1911//529, -1975//529, -688//529, 683//529, 2051//529, 4496//529, 5410//529, 4735//529, 3191//529, 2037//529],
	[14, 8, 9, 13, 2, 19] => QQFieldElem[1, 0, 3, 4, 7, 8, 8, 7, 4, 3],
	[14, 8, 9, 13, 12, 17] => QQFieldElem[-1, -1, 1, 0, 0, 0, 1, -1, -1, 0],
	[14, 8, 9, 13, 5, 10] => QQFieldElem[-3, 4, 4, -3, 0, 9, 5, 0, 5, 9],
	[14, 8, 9, 13, 15, 17] => QQFieldElem[-89, -54, 26, -33, -95, -19, 22, -66, -82, 11],
	[14, 8, 9, 13, 12, 19] => QQFieldElem[-1, -4, -5, -8, -7, -8, -5, -4, -1, 0],
	[14, 8, 9, 13, 15, 19] => QQFieldElem[8, 4, 2, 3, 8, 2, 0, 5, 5, 1],
	[14, 8, 9, 13, 4, 17] => QQFieldElem[7, 0, -3, 3, 6, -2, -2, 6, 3, -3])