Dict(
	[14, 7, 9, 12, 3, 10] => QQFieldElem[-2, -1, -1, -2, -1, -1, -2, 0, -1, -1],
	[14, 7, 9, 12, 15, 10] => QQFieldElem[-3, 2, 0, -1, -4, 4, 0, -2, -2, 2],
	[14, 7, 9, 12, 15, 18] => QQFieldElem[-7, -4, -6, -3, -8, -3, -2, -6, -7, -6],
	[14, 7, 9, 12, 3, 18] => QQFieldElem[3, 0, 4, 1, 3, 1, 1, 3, 1, 4],
	[14, 7, 9, 12, 13, 10] => QQFieldElem[-1, 0, 1, 0, 0, 0, 0, 0, 0, 1],
	[14, 7, 9, 12, 13, 18] => QQFieldElem[-1, 1, 1, 1, 1, -1, 0, 0, 3, 0],
	[14, 7, 9, 12, 3, 20] => QQFieldElem[-6880//4489, 8023//4489, -4919//4489, -1179//4489, 6653//4489, -8052//4489, 1555//4489, 3770//4489, -7171//4489, 6463//4489],
	[14, 7, 9, 12, 15, 20] => QQFieldElem[-5046//4489, -720//4489, -7610//4489, -1970//4489, -7323//4489, -524//4489, -2024//4489, -4373//4489, -6229//4489, -5257//4489],
	[14, 7, 9, 12, 13, 20] => QQFieldElem[-984//4489, -2094//4489, 2183//4489, 630//4489, -985//4489, 122//4489, -1996//4489, 487//4489, 1673//4489, -438//4489],
	[14, 7, 9, 12, 3, 8] => QQFieldElem[-1, -1, -3, -2, -3, -1, -1, 0, 0, 0],
	[14, 7, 9, 12, 5, 10] => QQFieldElem[2, -2, 2, -1, 2, -2, 2, 0, 0, 0],
	[14, 7, 9, 12, 15, 8] => QQFieldElem[1, -1, 1, 1, 2, -2, 0, 1, 2, 0],
	[14, 7, 9, 12, 5, 18] => QQFieldElem[6, 0, 6, 0, 4, 3, 3, 4, 0, 6],
	[14, 7, 9, 12, 13, 8] => QQFieldElem[1, 0, 0, -1, 0, 1, 1, 0, -1, 0],
	[14, 7, 9, 12, 5, 20] => QQFieldElem[8788//4489, -1116//4489, 8405//4489, -809//4489, 5932//4489, 2779//4489, 4943//4489, 3771//4489, 1792//4489, 5992//4489],
	[14, 7, 9, 12, 5, 8] => QQFieldElem[-1, 1, -1, 1, -1, 1, -1, 0, 0, 0])