Dict(
	[14, 12, 18, 10, 9, 25] => QQFieldElem[1798//2189, 2716//2189, 4558//2189, 7181//2189, 7780//2189, 6564//2189, 5612//2189, 3945//2189, 1387//2189, -126//2189],
	[14, 12, 18, 10, 19, 23] => QQFieldElem[11, 2, -9, 2, 9, -3, -5, 10, 10, -4],
	[14, 12, 18, 10, 7, 23] => QQFieldElem[-2, -4, -6, -8, -9, -8, -6, -4, -2, 0],
	[14, 12, 18, 10, 17, 23] => QQFieldElem[-5, -2, 5, 3, -1, 3, 5, -2, -5, 0],
	[14, 12, 18, 10, 9, 13] => QQFieldElem[-3, -5, -6, -9, -9, -6, -3, -2, 0, 2],
	[14, 12, 18, 10, 9, 15] => QQFieldElem[-3, 7, 10, 3, 6, 15, 10, 1, 5, 9],
	[14, 12, 18, 10, 19, 25] => QQFieldElem[943//2189, -3460//2189, -5971//2189, -3026//2189, -3183//2189, -6431//2189, -4135//2189, 658//2189, -126//2189, -3044//2189],
	[14, 12, 18, 10, 7, 25] => QQFieldElem[-906//2189, -2681//2189, -5842//2189, -9080//2189, -11471//2189, -12234//2189, -11204//2189, -8007//2189, -4568//2189, -1602//2189],
	[14, 12, 18, 10, 17, 25] => QQFieldElem[124//2189, 1546//2189, 4013//2189, 5930//2189, 7330//2189, 7850//2189, 7105//2189, 4952//2189, 2964//2189, 1350//2189],
	[14, 12, 18, 10, 19, 13] => QQFieldElem[5, 5, 3, 7, 8, 3, 0, 2, 1, -3],
	[14, 12, 18, 10, 19, 15] => QQFieldElem[11, -12, -19, 3, 1, -22, -13, 9, -3, -19],
	[14, 12, 18, 10, 7, 13] => QQFieldElem[2, 5, 8, 11, 12, 11, 8, 5, 2, 0],
	[14, 12, 18, 10, 9, 23] => QQFieldElem[4, 4, 4, 7, 8, 4, 2, 3, 1, -2],
	[14, 12, 18, 10, 7, 15] => QQFieldElem[1, 0, -3, -6, -9, -11, -11, -9, -6, -3],
	[14, 12, 18, 10, 17, 13] => QQFieldElem[-3, -5, -6, -9, -11, -9, -6, -5, -3, 0],
	[14, 12, 18, 10, 17, 15] => QQFieldElem[-2, 0, 3, 4, 6, 9, 9, 6, 4, 3])