Dict(
	[14, 7, 13, 8, 9, 20] => QQFieldElem[-69//11, -32//11, -32//11, -69//11, 0, -100//11, 27//11, -114//11, 27//11, -100//11],
	[14, 7, 13, 8, 9, 8] => QQFieldElem[1, 0, 0, 1, 0, 2, -1, 1, -1, 2],
	[14, 7, 13, 8, 19, 10] => QQFieldElem[-7, 5, -6, 4, -9, 7, -6, 0, -3, 1],
	[14, 7, 13, 8, 19, 18] => QQFieldElem[10, -3, 13, 0, 6, 3, 7, 6, -1, 11],
	[14, 7, 13, 8, 7, 10] => QQFieldElem[-3, -1, -1, -3, 0, -4, 0, -4, 0, -4],
	[14, 7, 13, 8, 7, 18] => QQFieldElem[-3, 2, -4, 2, -4, 2, -4, 2, -3, 0],
	[14, 7, 13, 8, 17, 10] => QQFieldElem[-3, 0, -2, -1, -2, -1, -1, -2, -1, -2],
	[14, 7, 13, 8, 17, 18] => QQFieldElem[4, 2, 2, 2, 2, 4, 0, 4, 1, 4],
	[14, 7, 13, 8, 19, 20] => QQFieldElem[7, 24//11, 39//11, 56//11, 9//11, 96//11, -13//11, 100//11, -27//11, 101//11],
	[14, 7, 13, 8, 7, 20] => QQFieldElem[-86//11, 0, -50//11, -49//11, -19//11, -48//11, -48//11, -19//11, -49//11, -50//11],
	[14, 7, 13, 8, 19, 8] => QQFieldElem[0, 0, -1, 0, 1, -2, 0, 0, 2, -2],
	[14, 7, 13, 8, 17, 20] => QQFieldElem[-1//11, 8//11, -6//11, 12//11, -15//11, 12//11, -6//11, 8//11, -1//11, 0],
	[14, 7, 13, 8, 7, 8] => QQFieldElem[1, 0, 2, 2, 3, 3, 3, 3, 2, 2],
	[14, 7, 13, 8, 17, 8] => QQFieldElem[0, 0, 1, 0, 0, 0, 1, 0, 0, 0],
	[14, 7, 13, 8, 9, 10] => QQFieldElem[9, -4, 11, -5, 11, -4, 9, 0, 4, 4],
	[14, 7, 13, 8, 9, 18] => QQFieldElem[-16, 0, -13, -3, -11, -6, -6, -11, -3, -13])