Dict(
	[15, 8, 17, 15, 22, 19] => QQFieldElem[-5, 3, 8, -1, -4, 4, 2, -7, -4, 5],
	[15, 8, 17, 15, 14, 10] => QQFieldElem[12, 5, 8, 10, 2, 16, -1, 17, -2, 17],
	[15, 8, 17, 15, 22, 9] => QQFieldElem[72, 22, -36, 30, 69, -8, -25, 57, 51, -29],
	[15, 8, 17, 15, 24, 20] => QQFieldElem[-289//253, -347//253, -581//253, -199//253, -202//253, -1008//253, -395//253, -574//253, -258//253, -1042//253],
	[15, 8, 17, 15, 12, 20] => QQFieldElem[-350//253, -183//253, -434//253, -234//253, -221//253, -186//253, 25//253, -127//253, 106//253, -123//253],
	[15, 8, 17, 15, 14, 20] => QQFieldElem[504//253, 51//253, 291//253, 256//253, 298//253, 450//253, 217//253, 699//253, 70//253, 673//253],
	[15, 8, 17, 15, 24, 19] => QQFieldElem[6, -4, -10, 3, 5, -8, -4, 7, 3, -10],
	[15, 8, 17, 15, 12, 19] => QQFieldElem[-2, -2, -3, -3, -3, -2, -1, -1, 0, 0],
	[15, 8, 17, 15, 24, 9] => QQFieldElem[-96, -17, 56, -43, -88, 24, 37, -79, -59, 51],
	[15, 8, 17, 15, 14, 19] => QQFieldElem[3, 1, 2, 2, 2, 1, 0, 2, 0, 1],
	[15, 8, 17, 15, 12, 9] => QQFieldElem[-7, -4, 2, -2, -7, -1, 2, -5, -6, 1],
	[15, 8, 17, 15, 22, 10] => QQFieldElem[0, 2, 2, 0, -2, 3, -1, 0, -1, 4],
	[15, 8, 17, 15, 14, 9] => QQFieldElem[15, 4, -7, 6, 14, -2, -5, 12, 10, -6],
	[15, 8, 17, 15, 22, 20] => QQFieldElem[128//253, 278//253, 351//253, 61//253, -97//253, 42//253, -226//253, -208//253, -179//253, 191//253],
	[15, 8, 17, 15, 24, 10] => QQFieldElem[-3, -7, -7, -5, 1, -15, -1, -7, 0, -14],
	[15, 8, 17, 15, 12, 10] => QQFieldElem[-7, -2, -5, -4, -2, -6, 0, -7, 1, -8])