Dict(
	[16, 24, 24, 23, 23, 19] => QQFieldElem[8, 2, -4, 4, 9, -1, -3, 7, 5, -5],
	[16, 24, 24, 23, 18, 24] => QQFieldElem[-48//11, -5//11, 45//11, -15//11, -49//11, 24//11, 21//11, -32//11, -32//11, 47//11],
	[16, 24, 24, 23, 8, 24] => QQFieldElem[-1//11, -2//11, -7//11, -9//11, -1//11, 2//11, 7//11, -1//11, -4//11, -6//11],
	[16, 24, 24, 23, 23, 9] => QQFieldElem[-124, -106, 13, -39, -143, -62, 19, -85, -137, -18],
	[16, 24, 24, 23, 8, 19] => QQFieldElem[0, 1, 2, 3, 2, 2, 2, 2, 2, 1],
	[16, 24, 24, 23, 18, 19] => QQFieldElem[-9, -2, 8, -1, -6, 3, 6, -6, -6, 4],
	[16, 24, 24, 23, 23, 14] => QQFieldElem[33, 15, -9, 11, 31, 7, -11, 22, 30, -8],
	[16, 24, 24, 23, 18, 9] => QQFieldElem[159, 153, -4, 46, 188, 98, -18, 106, 186, 39],
	[16, 24, 24, 23, 13, 24] => QQFieldElem[10//11, 8//11, 3//11, 15//11, 20//11, 5//11, 1//11, 17//11, 18//11, 2//11],
	[16, 24, 24, 23, 8, 9] => QQFieldElem[1, 2, 0, 0, 3, 2, -1, 0, 3, 2],
	[16, 24, 24, 23, 18, 14] => QQFieldElem[-39, -27, 9, -14, -43, -12, 8, -29, -38, 1],
	[16, 24, 24, 23, 8, 14] => QQFieldElem[-1, -2, -1, -1, -1, 0, -1, -1, -1, -1],
	[16, 24, 24, 23, 13, 19] => QQFieldElem[1, -1, -4, -3, -1, -2, -2, 1, 2, 0],
	[16, 24, 24, 23, 13, 9] => QQFieldElem[-42, -50, -6, -10, -52, -36, 1, -26, -55, -19],
	[16, 24, 24, 23, 13, 14] => QQFieldElem[9, 8, -1, 3, 11, 5, -1, 6, 10, 2],
	[16, 24, 24, 23, 23, 24] => QQFieldElem[50//11, 0, -40//11, 18//11, 31//11, -34//11, -34//11, 31//11, 18//11, -40//11])