Dict(
	[16, 16, 20, 20, 15, 21] => QQFieldElem[-4, 0, 11, 26, 39, 46, 46, 39, 26, 11],
	[16, 16, 20, 20, 25, 1] => QQFieldElem[15, 0, -11, 7, 13, -7, -7, 13, 7, -11],
	[16, 16, 20, 20, 25, 11] => QQFieldElem[2, 0, -1, 2, 3, 1, 1, 3, 2, -1],
	[16, 16, 20, 20, 20, 21] => QQFieldElem[-2, 0, 4, 9, 14, 16, 16, 14, 9, 4],
	[16, 16, 20, 20, 15, 16] => QQFieldElem[4, 0, 3, 1, 3, 1, 1, 3, 1, 3],
	[16, 16, 20, 20, 5, 21] => QQFieldElem[2, 0, -5, -12, -19, -23, -23, -19, -12, -5],
	[16, 16, 20, 20, 15, 1] => QQFieldElem[25, 0, -18, 12, 21, -12, -12, 21, 12, -18],
	[16, 16, 20, 20, 20, 16] => QQFieldElem[-1, 0, -1, 0, -1, -1, -1, -1, 0, -1],
	[16, 16, 20, 20, 15, 11] => QQFieldElem[0, 0, 3, 10, 15, 16, 16, 15, 10, 3],
	[16, 16, 20, 20, 5, 16] => QQFieldElem[4, 0, 4, 1, 3, 2, 2, 3, 1, 4],
	[16, 16, 20, 20, 20, 1] => QQFieldElem[2, 0, -2, 0, 1, -2, -2, 1, 0, -2],
	[16, 16, 20, 20, 25, 21] => QQFieldElem[1, 0, 1, 4, 5, 5, 5, 5, 4, 1],
	[16, 16, 20, 20, 20, 11] => QQFieldElem[4, 0, 2, 6, 3, 7, 7, 3, 6, 2],
	[16, 16, 20, 20, 5, 1] => QQFieldElem[13, 0, -9, 7, 12, -5, -5, 12, 7, -9],
	[16, 16, 20, 20, 5, 11] => QQFieldElem[1, 0, -1, -3, -6, -6, -6, -6, -3, -1],
	[16, 16, 20, 20, 25, 16] => QQFieldElem[5, 0, 3, 1, 4, 1, 1, 4, 1, 3])