Dict(
	[17, 12, 12, 17, 23, 6] => QQFieldElem[-2, 0, -4, -3, -4, -2, -2, -4, -3, -4],
	[17, 12, 12, 17, 21, 16] => QQFieldElem[1, 0, -1, -2, -2, -2, -2, -2, -2, -1],
	[17, 12, 12, 17, 3, 16] => QQFieldElem[0, 0, 1, 1, 3, 3, 3, 3, 1, 1],
	[17, 12, 12, 17, 13, 16] => QQFieldElem[0, 0, 1, 4, 6, 6, 6, 6, 4, 1],
	[17, 12, 12, 17, 21, 8] => QQFieldElem[0, 0, 0, 0, 1, 2, 2, 1, 0, 0],
	[17, 12, 12, 17, 3, 8] => QQFieldElem[0, 0, 0, 1, 1, 2, 2, 1, 1, 0],
	[17, 12, 12, 17, 21, 23] => QQFieldElem[-3//11, 0, -13//11, -9//11, -10//11, -5//11, -5//11, -10//11, -9//11, -13//11],
	[17, 12, 12, 17, 11, 21] => QQFieldElem[-1, 0, -1, 0, 0, 0, 0, 0, 0, -1],
	[17, 12, 12, 17, 3, 23] => QQFieldElem[35//11, 0, 38//11, 6//11, 25//11, 7//11, 7//11, 25//11, 6//11, 38//11],
	[17, 12, 12, 17, 21, 6] => QQFieldElem[2, 0, 3, 1, 1, -1, -1, 1, 1, 3],
	[17, 12, 12, 17, 11, 18] => QQFieldElem[5, 0, -9, -12, -5, 4, 4, -5, -12, -9],
	[17, 12, 12, 17, 3, 6] => QQFieldElem[-3, 0, -2, 1, -1, 0, 0, -1, 1, -2],
	[17, 12, 12, 17, 13, 23] => QQFieldElem[-14//11, 0, -13//11, -9//11, -21//11, -16//11, -16//11, -21//11, -9//11, -13//11],
	[17, 12, 12, 17, 13, 8] => QQFieldElem[1, 0, 0, 2, 3, 2, 2, 3, 2, 0],
	[17, 12, 12, 17, 13, 6] => QQFieldElem[1, 0, 1, 1, 2, 2, 2, 2, 1, 1],
	[17, 12, 12, 17, 11, 16] => QQFieldElem[0, 0, -1, -1, 0, 1, 1, 0, -1, -1],
	[17, 12, 12, 17, 1, 21] => QQFieldElem[1, 0, -1, -1, 0, 1, 1, 0, -1, -1],
	[17, 12, 12, 17, 23, 21] => QQFieldElem[10, 0, -6, 4, 7, -6, -6, 7, 4, -6],
	[17, 12, 12, 17, 1, 18] => QQFieldElem[-5, 0, 9, 11, 4, -3, -3, 4, 11, 9],
	[17, 12, 12, 17, 23, 18] => QQFieldElem[1, 0, 5, 13, 9, -5, -5, 9, 13, 5],
	[17, 12, 12, 17, 11, 8] => QQFieldElem[-1, 0, -1, -2, 0, -1, -1, 0, -2, -1],
	[17, 12, 12, 17, 11, 23] => QQFieldElem[-18//11, 0, -12//11, -10//11, -5//11, -8//11, -8//11, -5//11, -10//11, -12//11],
	[17, 12, 12, 17, 11, 6] => QQFieldElem[2, 0, 3, 2, 2, 1, 1, 2, 2, 3],
	[17, 12, 12, 17, 1, 16] => QQFieldElem[-1, 0, 1, 1, 1, 0, 0, 1, 1, 1],
	[17, 12, 12, 17, 23, 16] => QQFieldElem[-2, 0, 1, -1, -3, -2, -2, -3, -1, 1],
	[17, 12, 12, 17, 21, 21] => QQFieldElem[-1, 0, -1, -2, -3, -2, -2, -3, -2, -1],
	[17, 12, 12, 17, 3, 21] => QQFieldElem[1, 0, 2, 2, 3, 3, 3, 3, 2, 2],
	[17, 12, 12, 17, 21, 18] => QQFieldElem[4, 0, -7, -8, -3, 2, 2, -3, -8, -7],
	[17, 12, 12, 17, 3, 18] => QQFieldElem[0, 0, -3, -3, -2, 0, 0, -2, -3, -3],
	[17, 12, 12, 17, 13, 21] => QQFieldElem[-4, 0, 3, 1, 1, 6, 6, 1, 1, 3],
	[17, 12, 12, 17, 1, 8] => QQFieldElem[-2, 0, 1, 0, 0, -1, -1, 0, 0, 1],
	[17, 12, 12, 17, 23, 8] => QQFieldElem[-2, 0, 1, -1, -3, -2, -2, -3, -1, 1],
	[17, 12, 12, 17, 13, 18] => QQFieldElem[-3, 0, 3, 0, -2, 0, 0, -2, 0, 3],
	[17, 12, 12, 17, 1, 23] => QQFieldElem[16//11, 0, -15//11, -18//11, -9//11, 12//11, 12//11, -9//11, -18//11, -15//11],
	[17, 12, 12, 17, 23, 23] => QQFieldElem[28//11, 0, 26//11, 18//11, 31//11, 10//11, 10//11, 31//11, 18//11, 26//11],
	[17, 12, 12, 17, 1, 6] => QQFieldElem[1, 0, -2, -2, -1, 1, 1, -1, -2, -2])