Dict(
	[17, 9, 14, 14, 20, 13] => QQFieldElem[-30, 1, 22, -15, -25, 15, 13, -26, -14, 22],
	[17, 9, 14, 14, 20, 15] => QQFieldElem[1, -4, -6, -6, -8, -11, -8, -4, -4, -3],
	[17, 9, 14, 14, 18, 23] => QQFieldElem[0, 0, -2, -4, -6, -6, -6, -5, -3, -1],
	[17, 9, 14, 14, 8, 23] => QQFieldElem[-2, 0, 2, 6, 9, 11, 11, 9, 6, 2],
	[17, 9, 14, 14, 10, 23] => QQFieldElem[0, -1, -3, -5, -7, -8, -8, -6, -4, -2],
	[17, 9, 14, 14, 18, 25] => QQFieldElem[39//23, 28//23, -27//23, -107//23, -8, -243//23, -259//23, -232//23, -163//23, -73//23],
	[17, 9, 14, 14, 8, 25] => QQFieldElem[-4, -100//23, -15//23, 118//23, 281//23, 406//23, 454//23, 422//23, 301//23, 145//23],
	[17, 9, 14, 14, 10, 25] => QQFieldElem[50//23, 40//23, -34//23, -134//23, -242//23, -321//23, -339//23, -298//23, -210//23, -96//23],
	[17, 9, 14, 14, 20, 23] => QQFieldElem[3, 0, 3, 3, 5, 3, 4, 4, 1, 1],
	[17, 9, 14, 14, 18, 13] => QQFieldElem[11, 2, -7, 4, 10, -3, -5, 9, 7, -6],
	[17, 9, 14, 14, 8, 13] => QQFieldElem[-2, -1, 1, 0, -1, 0, 1, -1, -2, 0],
	[17, 9, 14, 14, 18, 15] => QQFieldElem[-1, 1, 5, 9, 13, 15, 14, 11, 7, 3],
	[17, 9, 14, 14, 8, 15] => QQFieldElem[2, 0, -5, -12, -18, -22, -22, -18, -12, -5],
	[17, 9, 14, 14, 10, 13] => QQFieldElem[11, 2, -7, 4, 10, -3, -5, 9, 7, -6],
	[17, 9, 14, 14, 10, 15] => QQFieldElem[-1, 2, 6, 10, 14, 17, 16, 12, 8, 4],
	[17, 9, 14, 14, 20, 25] => QQFieldElem[9//23, 8//23, 63//23, 103//23, 145//23, 156//23, 159//23, 136//23, 77//23, 34//23])