Dict(
	[17, 7, 14, 14, 20, 13] => QQFieldElem[1, 2, 0, -3, -1, 3, 2, -2, -2, 0],
	[17, 7, 14, 14, 20, 21] => QQFieldElem[-2, -2, -2, 0, -1, 1, -2, -2, -2, 1],
	[17, 7, 14, 14, 18, 23] => QQFieldElem[1, 35//23, 55//23, 37//23, 16//23, 12//23, 30//23, 49//23, 42//23, 27//23],
	[17, 7, 14, 14, 8, 23] => QQFieldElem[-3//23, 1, 37//23, 36//23, 2, 35//23, 25//23, 26//23, 4//23, -5//23],
	[17, 7, 14, 14, 10, 23] => QQFieldElem[15//23, 9//23, 0, 3//23, -11//23, -5//23, 1//23, -7//23, 0, 5//23],
	[17, 7, 14, 14, 18, 11] => QQFieldElem[2, 3, 2, 1, 0, 1, 2, 3, 2, 0],
	[17, 7, 14, 14, 8, 11] => QQFieldElem[1, 0, -1, 0, 1, 0, -1, 0, 1, 0],
	[17, 7, 14, 14, 10, 11] => QQFieldElem[1, 0, 0, 1, 1, 0, 0, 1, 1, 0],
	[17, 7, 14, 14, 20, 23] => QQFieldElem[-12//23, -36//23, -40//23, -36//23, -2//23, 12//23, -13//23, -43//23, -41//23, -9//23],
	[17, 7, 14, 14, 20, 11] => QQFieldElem[-6, -3, 1, -3, -4, 1, 0, -7, -4, 3],
	[17, 7, 14, 14, 18, 13] => QQFieldElem[-1, 0, 2, 2, 1, -1, -1, 1, 2, 2],
	[17, 7, 14, 14, 8, 13] => QQFieldElem[0, 0, -1, -2, -2, -2, -2, -2, -2, -1],
	[17, 7, 14, 14, 18, 21] => QQFieldElem[2, 2, 3, 0, 1, 0, 3, 2, 2, 0],
	[17, 7, 14, 14, 8, 21] => QQFieldElem[0, 1, 1, 1, 1, 1, 1, 1, 0, 0],
	[17, 7, 14, 14, 10, 13] => QQFieldElem[0, -1, -1, 0, 0, 0, 0, 0, 0, 0],
	[17, 7, 14, 14, 10, 21] => QQFieldElem[-1, 0, -1, -1, -1, -1, -1, -1, -1, -1])