Dict(
	[17, 17, 10, 10, 24, 1] => QQFieldElem[0, 0, -3, -3, -2, 0, 0, -2, -3, -3],
	[17, 17, 10, 10, 15, 1] => QQFieldElem[0, 0, -3, -3, -2, 0, 0, -2, -3, -3],
	[17, 17, 10, 10, 24, 11] => QQFieldElem[12, 0, 9, 0, 7, 5, 5, 7, 0, 9],
	[17, 17, 10, 10, 14, 1] => QQFieldElem[1, 0, -2, -2, -1, 1, 1, -1, -2, -2],
	[17, 17, 10, 10, 15, 11] => QQFieldElem[-21, 0, -21, -5, -16, -9, -9, -16, -5, -21],
	[17, 17, 10, 10, 24, 3] => QQFieldElem[-6, 0, 9, 12, 4, -5, -5, 4, 12, 9],
	[17, 17, 10, 10, 14, 11] => QQFieldElem[-6, 0, -7, -2, -5, -2, -2, -5, -2, -7],
	[17, 17, 10, 10, 25, 13] => QQFieldElem[16//23, 0, 13//23, 4//23, 3//23, -2//23, -2//23, 3//23, 4//23, 13//23],
	[17, 17, 10, 10, 15, 3] => QQFieldElem[-5, 0, 6, 9, 3, -3, -3, 3, 9, 6],
	[17, 17, 10, 10, 14, 3] => QQFieldElem[-5, 0, 9, 12, 5, -3, -3, 5, 12, 9],
	[17, 17, 10, 10, 24, 13] => QQFieldElem[16//23, 0, -56//23, -65//23, -43//23, -2//23, -2//23, -43//23, -65//23, -56//23],
	[17, 17, 10, 10, 15, 13] => QQFieldElem[50//23, 0, 9//23, -22//23, 18//23, 34//23, 34//23, 18//23, -22//23, 9//23],
	[17, 17, 10, 10, 14, 13] => QQFieldElem[26//23, 0, -22//23, -28//23, 2//23, 37//23, 37//23, 2//23, -28//23, -22//23],
	[17, 17, 10, 10, 25, 1] => QQFieldElem[1, 0, 1, 1, 1, 1, 1, 1, 1, 1],
	[17, 17, 10, 10, 25, 11] => QQFieldElem[-8, 0, -7, -1, -5, -3, -3, -5, -1, -7],
	[17, 17, 10, 10, 25, 3] => QQFieldElem[1, 0, 0, -1, 0, 0, 0, 0, -1, 0])