Dict(
	[20, 8, 17, 20, 22, 14] => QQFieldElem[144, 43, -72, 62, 139, -17, -50, 115, 101, -60],
	[20, 8, 17, 20, 24, 24] => QQFieldElem[12, -7, -16, 5, 9, -11, -6, 15, 6, -13],
	[20, 8, 17, 20, 12, 24] => QQFieldElem[1, 0, -2, -1, -2, -4, -4, -2, -1, -2],
	[20, 8, 17, 20, 22, 25] => QQFieldElem[2//11, -7//11, -49//11, -113//11, -155//11, -164//11, -162//11, -138//11, -81//11, -24//11],
	[20, 8, 17, 20, 14, 24] => QQFieldElem[1, 4, 6, 2, 0, 0, -2, -5, -4, 0],
	[20, 8, 17, 20, 24, 14] => QQFieldElem[-182, -36, 105, -81, -169, 42, 70, -149, -115, 94],
	[20, 8, 17, 20, 22, 15] => QQFieldElem[-1, 5, 8, 5, 6, 10, 7, 1, 2, 4],
	[20, 8, 17, 20, 12, 14] => QQFieldElem[-49, -20, 20, -20, -49, 0, 15, -38, -38, 15],
	[20, 8, 17, 20, 24, 25] => QQFieldElem[-1391//253, -2606//253, -2160//253, -64//253, 1823//253, 3050//253, 4563//253, 5075//253, 3651//253, 1413//253],
	[20, 8, 17, 20, 14, 14] => QQFieldElem[71, 18, -38, 30, 67, -12, -26, 57, 48, -32],
	[20, 8, 17, 20, 12, 25] => QQFieldElem[3//11, 39//11, 75//11, 122//11, 147//11, 150//11, 131//11, 90//11, 49//11, 8//11],
	[20, 8, 17, 20, 14, 25] => QQFieldElem[2110//253, 2614//253, 1655//253, -888//253, -3706//253, -6194//253, -7560//253, -7287//253, -5540//253, -2627//253],
	[20, 8, 17, 20, 24, 15] => QQFieldElem[5, -6, -10, -3, -8, -19, -15, -4, -8, -11],
	[20, 8, 17, 20, 22, 24] => QQFieldElem[-12, 1, 9, -5, -7, 10, 9, -7, -2, 11],
	[20, 8, 17, 20, 12, 15] => QQFieldElem[-2, -4, -7, -6, -6, -7, -4, -2, 0, -2],
	[20, 8, 17, 20, 14, 15] => QQFieldElem[-1, 4, 10, 11, 16, 22, 19, 13, 9, 8])