Dict(
	[20, 16, 16, 20, 11, 15] => QQFieldElem[-1, 0, -1, -6, -10, -10, -10, -10, -6, -1],
	[20, 16, 16, 20, 1, 25] => QQFieldElem[-4, 0, 10, 24, 37, 45, 45, 37, 24, 10],
	[20, 16, 16, 20, 16, 5] => QQFieldElem[7, 0, -6, 0, 1, -8, -8, 1, 0, -6],
	[20, 16, 16, 20, 16, 20] => QQFieldElem[106, 0, -76, 51, 90, -49, -49, 90, 51, -76],
	[20, 16, 16, 20, 11, 5] => QQFieldElem[-1, 0, 1, -2, -2, 1, 1, -2, -2, 1],
	[20, 16, 16, 20, 11, 20] => QQFieldElem[-12, 0, 11, -7, -11, 7, 7, -11, -7, 11],
	[20, 16, 16, 20, 1, 15] => QQFieldElem[-3, 0, 9, 21, 32, 39, 39, 32, 21, 9],
	[20, 16, 16, 20, 21, 25] => QQFieldElem[34, 0, -23, 19, 33, -11, -11, 33, 19, -23],
	[20, 16, 16, 20, 1, 5] => QQFieldElem[0, 0, 2, 3, 4, 4, 4, 4, 3, 2],
	[20, 16, 16, 20, 1, 20] => QQFieldElem[-4, 0, -3, 0, -2, -1, -1, -2, 0, -3],
	[20, 16, 16, 20, 21, 15] => QQFieldElem[-9, 0, 7, -2, -4, 8, 8, -4, -2, 7],
	[20, 16, 16, 20, 16, 25] => QQFieldElem[-29, 0, 14, -37, -60, -24, -24, -60, -37, 14],
	[20, 16, 16, 20, 21, 5] => QQFieldElem[-5, 0, 3, -2, -4, 2, 2, -4, -2, 3],
	[20, 16, 16, 20, 11, 25] => QQFieldElem[4, 0, -5, -3, -5, -12, -12, -5, -3, -5],
	[20, 16, 16, 20, 21, 20] => QQFieldElem[-103, 0, 77, -51, -89, 48, 48, -89, -51, 77],
	[20, 16, 16, 20, 16, 15] => QQFieldElem[12, 0, -14, -12, -17, -35, -35, -17, -12, -14])