Dict(
	[21, 22, 22, 18, 13, 7] => QQFieldElem[1, 1, 0, 0, 1, 1, 0, 1, 1, 1],
	[21, 22, 22, 18, 23, 12] => QQFieldElem[7, 2, -4, 2, 7, 0, -3, 5, 5, -3],
	[21, 22, 22, 18, 23, 17] => QQFieldElem[2, 0, -1, 1, 2, -1, -1, 2, 1, -1],
	[21, 22, 22, 18, 18, 12] => QQFieldElem[-6, -4, 1, -2, -6, -2, 1, -4, -6, 0],
	[21, 22, 22, 18, 8, 12] => QQFieldElem[1, 0, 1, 1, 0, 1, 0, 2, 0, 2],
	[21, 22, 22, 18, 23, 22] => QQFieldElem[10//11, -2//11, -14//11, 7//11, 6//11, -6//11, -7//11, 14//11, 2//11, -10//11],
	[21, 22, 22, 18, 18, 17] => QQFieldElem[-1, -1, 1, -1, -1, 0, 1, -1, -1, 1],
	[21, 22, 22, 18, 8, 17] => QQFieldElem[-4, -4, 0, -7, 3, -9, 4, -9, 3, -7],
	[21, 22, 22, 18, 18, 22] => QQFieldElem[-21//11, -9//11, 3//11, -18//11, -6//11, -16//11, 7//11, -25//11, -2//11, -12//11],
	[21, 22, 22, 18, 8, 22] => QQFieldElem[-260//11, -14//11, -230//11, -61//11, -167//11, -130//11, -93//11, -199//11, -30//11, -246//11],
	[21, 22, 22, 18, 13, 12] => QQFieldElem[-1, -1, 0, -2, 0, -3, 0, -3, 0, -2],
	[21, 22, 22, 18, 13, 17] => QQFieldElem[5, -3, 10, -4, 12, -4, 10, -3, 5, 0],
	[21, 22, 22, 18, 23, 7] => QQFieldElem[-39, -29, 8, -13, -44, -13, 8, -29, -39, 0],
	[21, 22, 22, 18, 13, 22] => QQFieldElem[100//11, 24//11, 69//11, 48//11, 27//11, 72//11, -4//11, 96//11, -13//11, 109//11],
	[21, 22, 22, 18, 18, 7] => QQFieldElem[31, 31, 0, 10, 37, 20, -2, 20, 37, 10],
	[21, 22, 22, 18, 8, 7] => QQFieldElem[2, 3, 1, 0, 3, 3, 0, 1, 3, 2])