Dict(
	[22, 12, 22, 12, 18, 11] => QQFieldElem[-15, 0, -11, -3, -11, -5, -5, -11, -3, -11],
	[22, 12, 22, 12, 11, 13] => QQFieldElem[-6, 0, 4, -4, -6, 3, 3, -6, -4, 4],
	[22, 12, 22, 12, 21, 23] => QQFieldElem[1605//4489, 480//4489, -32//4489, 3809//4489, 3550//4489, 627//4489, 1627//4489, 4576//4489, 5152//4489, 1392//4489],
	[22, 12, 22, 12, 11, 21] => QQFieldElem[3, 3, -1, -1, 3, 3, 0, 1, 3, 1],
	[22, 12, 22, 12, 11, 18] => QQFieldElem[4, 0, -7, -10, -5, 4, 4, -5, -10, -7],
	[22, 12, 22, 12, 13, 23] => QQFieldElem[-2305//4489, -4591//4489, -5380//4489, -6589//4489, -8049//4489, -8494//4489, -6462//4489, -2768//4489, -197//4489, 602//4489],
	[22, 12, 22, 12, 16, 16] => QQFieldElem[0, 1, 0, 0, 1, 0, 0, 0, 2, 0],
	[22, 12, 22, 12, 21, 11] => QQFieldElem[-4, -1, -2, -2, -1, -4, 0, -5, 0, -5],
	[22, 12, 22, 12, 13, 11] => QQFieldElem[5, 0, 4, 0, 2, 0, 0, 2, 0, 4],
	[22, 12, 22, 12, 11, 16] => QQFieldElem[2, 3, 1, 1, 3, 2, 0, 1, 3, 1],
	[22, 12, 22, 12, 23, 13] => QQFieldElem[-4, -27, -15, 4, -12, -27, -6, 2, -22, -24],
	[22, 12, 22, 12, 16, 23] => QQFieldElem[-5324//4489, 2//4489, 6883//4489, 3738//4489, 950//4489, -2298//4489, -3042//4489, 3311//4489, 5109//4489, 3597//4489],
	[22, 12, 22, 12, 23, 21] => QQFieldElem[30, 3, -19, 13, 28, -6, -9, 27, 18, -16],
	[22, 12, 22, 12, 23, 18] => QQFieldElem[0, -7, -5, -1, -4, -7, -1, 0, -7, -7],
	[22, 12, 22, 12, 16, 11] => QQFieldElem[3, 2, 5, 5, 2, 3, 0, 6, 3, 6],
	[22, 12, 22, 12, 18, 13] => QQFieldElem[5, 23, 12, -2, 12, 23, 5, 0, 19, 19],
	[22, 12, 22, 12, 18, 21] => QQFieldElem[-18, 0, 12, -9, -16, 7, 7, -16, -9, 12],
	[22, 12, 22, 12, 11, 23] => QQFieldElem[-128//4489, -290//4489, -1477//4489, -3330//4489, -3080//4489, 1024//4489, 1168//4489, -4261//4489, -4609//4489, -841//4489],
	[22, 12, 22, 12, 18, 18] => QQFieldElem[1, 5, 2, -1, 2, 5, 1, 0, 4, 4],
	[22, 12, 22, 12, 21, 13] => QQFieldElem[3, 0, -2, 2, 3, -1, -1, 3, 2, -2],
	[22, 12, 22, 12, 23, 16] => QQFieldElem[13, 3, -13, 6, 11, -10, -11, 7, 7, -15],
	[22, 12, 22, 12, 21, 21] => QQFieldElem[-3, -3, 1, 1, -3, -3, 0, -2, -4, -2],
	[22, 12, 22, 12, 11, 11] => QQFieldElem[3, 1, 1, 1, 1, 3, 0, 3, 0, 3],
	[22, 12, 22, 12, 21, 18] => QQFieldElem[0, 0, 0, 1, 1, -1, -1, 1, 1, 0],
	[22, 12, 22, 12, 13, 13] => QQFieldElem[-1, -3, -2, -1, -2, -3, -1, 0, -1, -1],
	[22, 12, 22, 12, 13, 21] => QQFieldElem[1, 0, -1, -1, -2, -4, -4, -2, -1, -1],
	[22, 12, 22, 12, 18, 16] => QQFieldElem[-7, 0, 9, -8, -12, 0, 0, -12, -8, 9],
	[22, 12, 22, 12, 13, 18] => QQFieldElem[-3, -2, 2, 4, 2, -2, -3, 0, 3, 3],
	[22, 12, 22, 12, 23, 23] => QQFieldElem[1095//4489, -15405//4489, -7951//4489, 4990//4489, -305//4489, -8760//4489, 2914//4489, 5765//4489, -12721//4489, -15496//4489],
	[22, 12, 22, 12, 21, 16] => QQFieldElem[-1, -3, -1, -1, -3, -1, 0, 1, -2, 1],
	[22, 12, 22, 12, 23, 11] => QQFieldElem[15, 1, 9, 5, 10, 8, 4, 14, 3, 12],
	[22, 12, 22, 12, 16, 13] => QQFieldElem[-3, 0, 5, 4, 0, 0, 0, 0, 4, 5],
	[22, 12, 22, 12, 18, 23] => QQFieldElem[1011//4489, 10497//4489, 4687//4489, -2526//4489, 3285//4489, 9868//4489, 1436//4489, -1380//4489, 8523//4489, 9343//4489],
	[22, 12, 22, 12, 16, 21] => QQFieldElem[1, 3, 3, 3, 3, 1, 0, 3, 5, 3],
	[22, 12, 22, 12, 13, 16] => QQFieldElem[0, 0, 0, 2, 3, 3, 3, 3, 2, 0],
	[22, 12, 22, 12, 16, 18] => QQFieldElem[9, 0, -16, -21, -9, 7, 7, -9, -21, -16])