Dict(
	[22, 10, 22, 10, 19, 19] => QQFieldElem[-1, -1, -1, 1, -1, -1, -1, 0, -1, -1],
	[22, 10, 22, 10, 25, 19] => QQFieldElem[-2, -4, -1, -2, -3, -5, 1, -2, -4, -4],
	[22, 10, 22, 10, 24, 20] => QQFieldElem[1, 1, 1, 0, 1, 1, 0, 1, 1, 1],
	[22, 10, 22, 10, 24, 24] => QQFieldElem[2, 2, 2, 1, 2, 2, 1, 2, 2, 2],
	[22, 10, 22, 10, 24, 19] => QQFieldElem[1, 2, 1, 0, 2, 2, 0, 0, 2, 2],
	[22, 10, 22, 10, 19, 25] => QQFieldElem[-3130//7921, -690//7921, -1428//7921, -2776//7921, 21//7921, -4766//7921, -351//7921, -680//7921, -4093//7921, -1483//7921],
	[22, 10, 22, 10, 25, 25] => QQFieldElem[-4831//7921, -12453//7921, -1045//7921, 387//7921, -8954//7921, -2811//7921, -4234//7921, -1252//7921, -11776//7921, 4678//7921],
	[22, 10, 22, 10, 20, 20] => QQFieldElem[2, 2, 2, 1, 2, 2, 1, 2, 2, 2],
	[22, 10, 22, 10, 20, 24] => QQFieldElem[1, 1, 1, 0, 1, 1, 0, 1, 1, 1],
	[22, 10, 22, 10, 20, 19] => QQFieldElem[1, 2, 1, 0, 2, 2, 0, 0, 2, 2],
	[22, 10, 22, 10, 24, 25] => QQFieldElem[3721//7921, 6160//7921, 1728//7921, 2627//7921, 4634//7921, 4436//7921, 1756//7921, 3086//7921, 5086//7921, 2793//7921],
	[22, 10, 22, 10, 19, 20] => QQFieldElem[-2, 0, -2, 0, -2, -1, -1, -1, -1, -2],
	[22, 10, 22, 10, 25, 20] => QQFieldElem[1, -5, 3, -3, 3, -4, 3, -3, -1, 0],
	[22, 10, 22, 10, 20, 25] => QQFieldElem[3721//7921, 6160//7921, 1728//7921, 2627//7921, 4634//7921, 4436//7921, 1756//7921, 3086//7921, 5086//7921, 2793//7921],
	[22, 10, 22, 10, 19, 24] => QQFieldElem[-2, 0, -2, 0, -2, -1, -1, -1, -1, -2],
	[22, 10, 22, 10, 25, 24] => QQFieldElem[1, -5, 3, -3, 3, -4, 3, -3, -1, 0])