Dict(
	[22, 18, 8, 22, 11, 22] => QQFieldElem[1, 0, 0, 1, 0, 0, -1, 1, -1, 0],
	[22, 18, 8, 22, 23, 24] => QQFieldElem[811//737, 709//737, 13//737, 813//737, 766//737, 532//737, -241//737, 944//737, 446//737, 256//737],
	[22, 18, 8, 22, 23, 17] => QQFieldElem[-3, 0, 1, -4, -5, -1, -1, -5, -2, 2],
	[22, 18, 8, 22, 23, 19] => QQFieldElem[5, 4, -2, 2, 5, 1, -1, 4, 5, -2],
	[22, 18, 8, 22, 23, 22] => QQFieldElem[8, -2, -7, 4, 5, -6, -5, 7, 2, -7],
	[22, 18, 8, 22, 21, 24] => QQFieldElem[-36//737, -325//737, -86//737, -276//737, 205//737, -458//737, 177//737, -519//737, 281//737, -503//737],
	[22, 18, 8, 22, 21, 17] => QQFieldElem[1, 0, 0, 1, 0, -1, -1, 0, -1, -1],
	[22, 18, 8, 22, 13, 24] => QQFieldElem[-433//737, -613//737, 153//737, -863//737, -339//737, -882//737, 225//737, -1022//737, -80//737, -502//737],
	[22, 18, 8, 22, 21, 22] => QQFieldElem[-1, 2, 2, -1, 0, 2, 1, -2, 1, 2],
	[22, 18, 8, 22, 21, 19] => QQFieldElem[2, 0, 1, 1, 2, 0, 0, 2, 1, 1],
	[22, 18, 8, 22, 13, 17] => QQFieldElem[1, -2, -3, 1, 3, 2, 3, 6, 4, 0],
	[22, 18, 8, 22, 13, 19] => QQFieldElem[-3, -2, 2, -1, -4, -1, 1, -2, -3, 1],
	[22, 18, 8, 22, 13, 22] => QQFieldElem[-5, 0, 3, -3, -3, 2, 3, -4, -1, 3],
	[22, 18, 8, 22, 11, 24] => QQFieldElem[214//737, 417//737, -62//737, 658//737, -195//737, 921//737, -438//737, 997//737, -483//737, 820//737],
	[22, 18, 8, 22, 11, 17] => QQFieldElem[1, 2, 2, 1, 0, -1, -2, -3, -2, -1],
	[22, 18, 8, 22, 11, 19] => QQFieldElem[-1, 0, -1, -1, -1, 0, 0, -1, -1, -1])