Dict(
	[23, 23, 23, 16, 18, 8] => QQFieldElem[0, 31, 22, -7, 10, 34, 10, -7, 22, 31],
	[23, 23, 23, 16, 8, 8] => QQFieldElem[-1, -1, -1, 0, 0, 1, 1, 1, 1, 0],
	[23, 23, 23, 16, 18, 23] => QQFieldElem[-577//253, 164//253, 538//253, -304//253, -450//253, 450//253, 304//253, -538//253, -164//253, 577//253],
	[23, 23, 23, 16, 8, 23] => QQFieldElem[304//253, 52//253, 356//253, 106//253, 315//253, 148//253, 178//253, 208//253, 41//253, 250//253],
	[23, 23, 23, 16, 13, 8] => QQFieldElem[-3, -10, -8, -4, -8, -10, -3, 0, -5, -5],
	[23, 23, 23, 16, 13, 23] => QQFieldElem[39//253, -52//253, -12//253, 134//253, 174//253, 83//253, 122//253, 189//253, 61//253, -67//253],
	[23, 23, 23, 16, 23, 13] => QQFieldElem[9, -8, -11, 5, 2, -15, -6, 12, -3, -18],
	[23, 23, 23, 16, 23, 18] => QQFieldElem[3, -1, -5, 5, 1, -1, -5, 5, 1, -3],
	[23, 23, 23, 16, 18, 13] => QQFieldElem[-6, 14, 14, -6, 0, 18, 7, -8, 7, 18],
	[23, 23, 23, 16, 8, 13] => QQFieldElem[-1, 1, -2, 1, -2, 1, -1, 0, -1, -1],
	[23, 23, 23, 16, 18, 18] => QQFieldElem[-3, 2, 4, -2, -2, 4, 2, -3, 0, 5],
	[23, 23, 23, 16, 8, 18] => QQFieldElem[0, -6, 5, -10, 8, -11, 8, -10, 5, -6],
	[23, 23, 23, 16, 13, 13] => QQFieldElem[0, -3, -2, 1, -1, -3, -1, 1, -2, -3],
	[23, 23, 23, 16, 23, 8] => QQFieldElem[5, -21, -16, 11, -1, -26, -8, 10, -15, -27],
	[23, 23, 23, 16, 13, 18] => QQFieldElem[1, 0, 0, 1, 0, 0, -1, 1, -1, 0],
	[23, 23, 23, 16, 23, 23] => QQFieldElem[3, 0, -2, 1, 2, -2, -2, 2, 1, -2])