Dict(
	[24, 7, 14, 24, 18, 20] => QQFieldElem[1, -1, -1, -1, 1, -1, 1, 0, 0, -2],
	[24, 7, 14, 24, 8, 20] => QQFieldElem[-1, 0, 0, 0, -1, 1, -1, 0, 0, 1],
	[24, 7, 14, 24, 10, 20] => QQFieldElem[2, -6, -6, 2, 0, -8, -3, 2, -4, -8],
	[24, 7, 14, 24, 18, 23] => QQFieldElem[-2, 1, -4, 0, 0, 0, -1, 0, 2, -3],
	[24, 7, 14, 24, 20, 18] => QQFieldElem[-25, 10, 25, -14, -17, 23, 14, -24, -4, 29],
	[24, 7, 14, 24, 8, 23] => QQFieldElem[3, 0, 4, 1, 2, 2, 2, 2, 0, 3],
	[24, 7, 14, 24, 10, 23] => QQFieldElem[3, 0, -1, 0, 2, 0, 0, 2, 2, 0],
	[24, 7, 14, 24, 20, 20] => QQFieldElem[-3, 7, 8, -3, -1, 9, 4, -4, 3, 10],
	[24, 7, 14, 24, 18, 25] => QQFieldElem[-15//253, -173//253, -100//253, -478//253, -108//253, -596//253, -204//253, -494//253, -91//253, -282//253],
	[24, 7, 14, 24, 8, 25] => QQFieldElem[3//253, -16//253, -233//253, 45//253, -282//253, 271//253, -111//253, 200//253, -83//253, 107//253],
	[24, 7, 14, 24, 10, 25] => QQFieldElem[120//253, 119//253, 41//253, 29//253, 105//253, -292//253, -139//253, -96//253, -31//253, -274//253],
	[24, 7, 14, 24, 20, 23] => QQFieldElem[-5, -2, 1, -2, -6, -1, 0, -4, -5, 1],
	[24, 7, 14, 24, 18, 18] => QQFieldElem[12, -1, -10, 5, 10, -5, -6, 9, 4, -9],
	[24, 7, 14, 24, 8, 18] => QQFieldElem[-7, 2, 7, -3, -5, 5, 4, -6, -1, 7],
	[24, 7, 14, 24, 10, 18] => QQFieldElem[17, -11, -19, 11, 9, -21, -10, 18, 0, -24],
	[24, 7, 14, 24, 20, 25] => QQFieldElem[-4//11, 3//11, 21//11, 6//11, 2//11, 20//11, 16//11, 1//11, -3//11, 15//11])