Dict(
	[25, 4, 14, 25, 11, 25] => QQFieldElem[1//11, -9//11, -19//11, -29//11, -28//11, -16//11, -4//11, -3//11, -2//11, -1//11],
	[25, 4, 14, 25, 15, 24] => QQFieldElem[29, 0, -21, 13, 23, -15, -15, 23, 13, -21],
	[25, 4, 14, 25, 13, 24] => QQFieldElem[8, 3, -3, 4, 8, 1, -1, 6, 6, -2],
	[25, 4, 14, 25, 15, 23] => QQFieldElem[127, 51, -55, 51, 127, 0, -39, 100, 100, -39],
	[25, 4, 14, 25, 14, 24] => QQFieldElem[-34, -5, 21, -16, -31, 10, 13, -28, -20, 19],
	[25, 4, 14, 25, 15, 22] => QQFieldElem[51, 51, 0, 14, 60, 32, -7, 32, 60, 14],
	[25, 4, 14, 25, 13, 23] => QQFieldElem[36, 24, -9, 12, 40, 12, -8, 26, 36, -1],
	[25, 4, 14, 25, 14, 23] => QQFieldElem[-156, -79, 55, -60, -161, -17, 43, -118, -132, 33],
	[25, 4, 14, 25, 13, 22] => QQFieldElem[24, 31, 5, 6, 32, 24, 1, 15, 34, 14],
	[25, 4, 14, 25, 14, 22] => QQFieldElem[-72, -78, -5, -19, -89, -54, 5, -46, -91, -27],
	[25, 4, 14, 25, 11, 24] => QQFieldElem[0, 0, 0, 1, 0, 0, 1, 0, 1, 1],
	[25, 4, 14, 25, 15, 25] => QQFieldElem[163//11, -37//11, -138//11, 91//11, 122//11, -122//11, -91//11, 138//11, 37//11, -163//11],
	[25, 4, 14, 25, 13, 25] => QQFieldElem[36//11, 17//11, -2//11, 34//11, 37//11, -26//11, -34//11, 24//11, 27//11, -14//11],
	[25, 4, 14, 25, 11, 23] => QQFieldElem[-1, -1, 1, 1, 0, 1, 1, -1, -2, -1],
	[25, 4, 14, 25, 14, 25] => QQFieldElem[-17, 1, 12, -9, -14, 9, 7, -16, -8, 13],
	[25, 4, 14, 25, 11, 22] => QQFieldElem[-2, -4, -1, -1, -3, -3, 0, -1, -3, -2])