Dict(
	[7, 8, 8, 7, 3, 4] => QQFieldElem[-1, 0, 1, 2, 1, 0, 0, 1, 2, 1],
	[7, 8, 8, 7, 3, 2] => QQFieldElem[-2, 0, -5, -3, -3, 0, 0, -3, -3, -5],
	[7, 8, 8, 7, 1, 12] => QQFieldElem[-2, 0, 1, -1, -1, 0, 0, -1, -1, 1],
	[7, 8, 8, 7, 13, 4] => QQFieldElem[1, 0, -1, 0, 0, -1, -1, 0, 0, -1],
	[7, 8, 8, 7, 11, 14] => QQFieldElem[0, 0, -4, -3, -2, 0, 0, -2, -3, -4],
	[7, 8, 8, 7, 13, 2] => QQFieldElem[-1, 0, -1, 0, -1, -1, -1, -1, 0, -1],
	[7, 8, 8, 7, 3, 12] => QQFieldElem[-1, 0, 1, 1, 0, -1, -1, 0, 1, 1],
	[7, 8, 8, 7, 1, 14] => QQFieldElem[-6, 0, 7, 4, -1, 0, 0, -1, 4, 7],
	[7, 8, 8, 7, 13, 12] => QQFieldElem[1, 0, -1, 0, 0, -1, -1, 0, 0, -1],
	[7, 8, 8, 7, 11, 4] => QQFieldElem[1, 0, 1, 0, 1, 1, 1, 1, 0, 1],
	[7, 8, 8, 7, 11, 2] => QQFieldElem[7, 0, 7, 2, 6, 4, 4, 6, 2, 7],
	[7, 8, 8, 7, 3, 14] => QQFieldElem[-6, 0, 12, 16, 7, -5, -5, 7, 16, 12],
	[7, 8, 8, 7, 1, 4] => QQFieldElem[-1, 0, 1, 0, 0, 0, 0, 0, 0, 1],
	[7, 8, 8, 7, 13, 14] => QQFieldElem[-2, 0, 1, -3, -3, 2, 2, -3, -3, 1],
	[7, 8, 8, 7, 1, 2] => QQFieldElem[2, 0, 1, 0, 1, 1, 1, 1, 0, 1],
	[7, 8, 8, 7, 11, 12] => QQFieldElem[1, 0, 1, 1, 2, 2, 2, 2, 1, 1])