Dict(
	[7, 17, 18, 8, 4, 13] => QQFieldElem[0, 0, 1, 2, 3, 4, 4, 3, 2, 1],
	[7, 17, 18, 8, 4, 21] => QQFieldElem[-1, 0, 2, 3, 3, 2, 2, 3, 3, 2],
	[7, 17, 18, 8, 14, 13] => QQFieldElem[-1, 0, -2, -1, -3, -4, -4, -3, -1, -2],
	[7, 17, 18, 8, 14, 21] => QQFieldElem[4, 0, -5, -7, -3, 1, 1, -3, -7, -5],
	[7, 17, 18, 8, 2, 23] => QQFieldElem[3, 0, 0, -2, 0, 1, 1, 0, -2, 0],
	[7, 17, 18, 8, 12, 23] => QQFieldElem[0, 0, 5, 5, 4, 1, 1, 4, 5, 5],
	[7, 17, 18, 8, 2, 11] => QQFieldElem[0, 0, 1, 1, 0, -1, -1, 0, 1, 1],
	[7, 17, 18, 8, 4, 23] => QQFieldElem[1, 0, -5, -11, -18, -22, -22, -18, -11, -5],
	[7, 17, 18, 8, 12, 11] => QQFieldElem[0, 0, -1, 0, 2, 4, 4, 2, 0, -1],
	[7, 17, 18, 8, 14, 23] => QQFieldElem[-3, 0, -3, 2, 5, 10, 10, 5, 2, -3],
	[7, 17, 18, 8, 4, 11] => QQFieldElem[1, 0, -3, -6, -8, -9, -9, -8, -6, -3],
	[7, 17, 18, 8, 14, 11] => QQFieldElem[-1, 0, 5, 7, 8, 7, 7, 8, 7, 5],
	[7, 17, 18, 8, 2, 13] => QQFieldElem[0, 0, 0, 1, 0, 0, 0, 0, 1, 0],
	[7, 17, 18, 8, 2, 21] => QQFieldElem[1, 0, -2, -2, -1, 1, 1, -1, -2, -2],
	[7, 17, 18, 8, 12, 13] => QQFieldElem[1, 0, 0, -1, 0, 0, 0, 0, -1, 0],
	[7, 17, 18, 8, 12, 21] => QQFieldElem[-2, 0, 3, 4, 1, -2, -2, 1, 4, 3])