Dict(
	[7, 22, 12, 22, 18, 18] => QQFieldElem[-1, 0, 0, 0, -1, -1, 0, 0, 0, -1],
	[7, 22, 12, 22, 23, 16] => QQFieldElem[2, -1, -2, -9, -11, -12, -11, -9, -6, 0],
	[7, 22, 12, 22, 21, 21] => QQFieldElem[-1, 0, -1, 0, 0, 0, -1, -1, 0, 0],
	[7, 22, 12, 22, 21, 18] => QQFieldElem[-1, 0, 2, 3, 1, -1, -1, 1, 3, 2],
	[7, 22, 12, 22, 18, 16] => QQFieldElem[-1, 0, -1, 1, 1, 1, 1, 1, 1, -1],
	[7, 22, 12, 22, 23, 23] => QQFieldElem[9329//5963, 6770//5963, 5160//5963, -525//5963, 5790//5963, 6107//5963, 5393//5963, 7020//5963, 2302//5963, 4050//5963],
	[7, 22, 12, 22, 21, 16] => QQFieldElem[0, 1, 0, 0, -2, -3, -4, -4, -3, -2],
	[7, 22, 12, 22, 18, 23] => QQFieldElem[-2723//5963, -1838//5963, -2176//5963, -888//5963, -2303//5963, -1392//5963, -453//5963, -2267//5963, -2376//5963, -3372//5963],
	[7, 22, 12, 22, 16, 21] => QQFieldElem[-2, -2, -2, 0, 0, -1, -2, -2, -1, 0],
	[7, 22, 12, 22, 16, 18] => QQFieldElem[1, 0, -7, -10, -3, 1, 1, -3, -10, -7],
	[7, 22, 12, 22, 21, 23] => QQFieldElem[-4729//5963, -4668//5963, -2360//5963, -1840//5963, -152//5963, -2562//5963, -6257//5963, -2656//5963, -1700//5963, -1991//5963],
	[7, 22, 12, 22, 16, 16] => QQFieldElem[0, 1, 0, 0, -1, 0, 0, 0, 0, -1],
	[7, 22, 12, 22, 16, 23] => QQFieldElem[-10834//5963, -10867//5963, -4002//5963, -2817//5963, 571//5963, -4577//5963, -12940//5963, -6970//5963, -3186//5963, -1269//5963],
	[7, 22, 12, 22, 23, 21] => QQFieldElem[5, 0, 0, 1, 3, -1, 0, 4, 1, -1],
	[7, 22, 12, 22, 23, 18] => QQFieldElem[3, 0, -2, -3, 1, 3, 1, -1, -3, -1],
	[7, 22, 12, 22, 18, 21] => QQFieldElem[-2, 0, 0, -1, -2, 0, 0, -2, -1, 0])