Dict(
	[7, 14, 14, 10, 5, 8] => QQFieldElem[-1, -1, 0, 0, -1, -1, 0, -1, -1, 0],
	[7, 14, 14, 10, 15, 10] => QQFieldElem[3, 1, -1, 2, 4, 0, 0, 3, 3, -1],
	[7, 14, 14, 10, 15, 18] => QQFieldElem[-1, -1, -2, 0, 0, 0, 0, -1, -1, -2],
	[7, 14, 14, 10, 4, 10] => QQFieldElem[2, 2, 0, 3, -2, 3, -3, 3, -2, 3],
	[7, 14, 14, 10, 4, 18] => QQFieldElem[-19, 0, -18, -3, -14, -8, -8, -14, -3, -18],
	[7, 14, 14, 10, 14, 10] => QQFieldElem[0, 0, 0, -1, -1, 0, 0, -1, -1, 0],
	[7, 14, 14, 10, 14, 18] => QQFieldElem[0, 1, 1, 1, 0, 0, 0, 1, 1, 1],
	[7, 14, 14, 10, 15, 20] => QQFieldElem[-116//979, -331//979, -29//979, 75//979, 234//979, -982//979, -130//979, -70//979, 210//979, -115//979],
	[7, 14, 14, 10, 4, 20] => QQFieldElem[1312//979, 1887//979, -651//979, 4148//979, -2174//979, 5199//979, -2817//979, 4809//979, -1700//979, 3495//979],
	[7, 14, 14, 10, 14, 20] => QQFieldElem[635//979, 335//979, -86//979, -419//979, -15//979, 565//979, 661//979, 130//979, -390//979, -206//979],
	[7, 14, 14, 10, 15, 8] => QQFieldElem[3, 1, -1, 2, 3, -1, -2, 3, 3, -1],
	[7, 14, 14, 10, 5, 18] => QQFieldElem[2, 0, 1, 0, 1, 1, 1, 1, 0, 1],
	[7, 14, 14, 10, 5, 10] => QQFieldElem[-1, -1, 0, 0, -1, 0, 0, 0, -1, 0],
	[7, 14, 14, 10, 4, 8] => QQFieldElem[1, 1, 0, 2, 0, 2, 0, 2, 0, 2],
	[7, 14, 14, 10, 14, 8] => QQFieldElem[0, 0, 0, -1, -1, 1, 1, -1, -1, 0],
	[7, 14, 14, 10, 5, 20] => QQFieldElem[39//979, 221//979, -235//979, 574//979, 107//979, 212//979, -277//979, 378//979, -155//979, 621//979])