Dict(
	[7, 25, 25, 8, 2, 20] => QQFieldElem[3, 0, 0, 1, 3, 0, 0, 2, 2, 0],
	[7, 25, 25, 8, 12, 20] => QQFieldElem[-2, 0, 1, -1, -3, 1, 1, -2, -2, 1],
	[7, 25, 25, 8, 2, 24] => QQFieldElem[0, 0, -1, 1, 1, 0, 0, 0, 0, -1],
	[7, 25, 25, 8, 4, 20] => QQFieldElem[-6, -1, 1, -2, -5, 0, 1, -4, -3, 1],
	[7, 25, 25, 8, 12, 24] => QQFieldElem[-1, 1, 3, -1, -1, 2, 2, -1, 0, 2],
	[7, 25, 25, 8, 14, 20] => QQFieldElem[5, 1, -3, 2, 5, -1, -2, 4, 3, -3],
	[7, 25, 25, 8, 2, 19] => QQFieldElem[-3, 0, 1, -2, -5, -2, -2, -5, -4, 0],
	[7, 25, 25, 8, 4, 24] => QQFieldElem[1, 1, 1, -1, -1, 1, 1, 0, -1, 1],
	[7, 25, 25, 8, 12, 19] => QQFieldElem[3, 0, -2, 2, 5, 1, 1, 5, 4, -1],
	[7, 25, 25, 8, 14, 24] => QQFieldElem[2, -1, -2, 2, 2, -2, -2, 2, 1, -2],
	[7, 25, 25, 8, 4, 19] => QQFieldElem[4, 0, -2, 1, 4, 0, 0, 5, 4, 0],
	[7, 25, 25, 8, 14, 19] => QQFieldElem[-4, 0, 4, 0, -2, 3, 3, -3, -3, 2],
	[7, 25, 25, 8, 2, 25] => QQFieldElem[3, 0, 3, 2, 4, 3, 2, 2, 0, 3],
	[7, 25, 25, 8, 12, 25] => QQFieldElem[-1, 2, -1, 1, -2, 1, 0, 1, 0, -2],
	[7, 25, 25, 8, 4, 25] => QQFieldElem[-4, -1, -2, 0, 0, -1, 0, -2, 1, -3],
	[7, 25, 25, 8, 14, 25] => QQFieldElem[0, 0, 0, -1, 0, 0, 1, 0, 0, 0])