Dict(
	[8, 12, 13, 17, 12, 7] => QQFieldElem[-1, 2, 2, -1, 0, 1, 1, -2, 1, 1],
	[8, 12, 13, 17, 14, 7] => QQFieldElem[2, 0, 0, 1, 2, 0, 0, 2, 1, 0],
	[8, 12, 13, 17, 22, 17] => QQFieldElem[-1, -2, -3, -4, -5, -4, -3, -2, -1, 0],
	[8, 12, 13, 17, 22, 19] => QQFieldElem[11//23, 20//23, 31//23, 38//23, 34//23, 36//23, 13//23, 9//23, 2//23, -8//23],
	[8, 12, 13, 17, 22, 9] => QQFieldElem[0, 1, 0, 1, 1, 1, 0, 1, 0, 0],
	[8, 12, 13, 17, 24, 17] => QQFieldElem[8, 12, 10, 13, 20, 16, 8, 8, 9, 2],
	[8, 12, 13, 17, 22, 7] => QQFieldElem[2, 0, 0, 1, 2, 0, 0, 2, 1, 0],
	[8, 12, 13, 17, 24, 19] => QQFieldElem[-43//23, -113//23, -8, -220//23, -187//23, -155//23, -96//23, -28//23, 42//23, 40//23],
	[8, 12, 13, 17, 12, 17] => QQFieldElem[-1, 0, 3, 6, 9, 11, 11, 9, 6, 3],
	[8, 12, 13, 17, 12, 19] => QQFieldElem[5//23, -20//23, -45//23, -79//23, -100//23, -109//23, -100//23, -72//23, -41//23, -14//23],
	[8, 12, 13, 17, 14, 17] => QQFieldElem[-1, -2, -4, -5, -5, -5, -4, -2, -1, 0],
	[8, 12, 13, 17, 24, 9] => QQFieldElem[2, 0, -3, -5, -1, -3, -3, -1, 3, 1],
	[8, 12, 13, 17, 14, 19] => QQFieldElem[22//23, 50//23, 78//23, 94//23, 89//23, 77//23, 43//23, 19//23, -1//23, -11//23],
	[8, 12, 13, 17, 12, 9] => QQFieldElem[1, 0, 1, -1, -1, -1, -1, -1, -1, 1],
	[8, 12, 13, 17, 14, 9] => QQFieldElem[0, 1, 1, 2, 1, 2, 1, 1, 0, 0],
	[8, 12, 13, 17, 24, 7] => QQFieldElem[-26, -14, 6, -10, -28, -6, 5, -20, -23, 2])