Dict(
	[8, 17, 13, 12, 17, 22] => QQFieldElem[2, -1, 4, -2, 4, -2, 4, -1, 2, 0],
	[8, 17, 13, 12, 19, 14] => QQFieldElem[0, 3, -2, 4, -1, 4, -3, 3, 0, 1],
	[8, 17, 13, 12, 7, 14] => QQFieldElem[-4, 0, -3, 0, -1, 0, 0, -1, 0, -3],
	[8, 17, 13, 12, 17, 14] => QQFieldElem[2, -1, 3, -2, 4, -2, 3, -1, 2, 0],
	[8, 17, 13, 12, 9, 12] => QQFieldElem[0, 0, 2, 4, 6, 7, 7, 6, 4, 2],
	[8, 17, 13, 12, 9, 24] => QQFieldElem[-238//39601, -20840//39601, -12183//39601, -34860//39601, -12808//39601, -29394//39601, -9542//39601, -19560//39601, -884//39601, -3215//39601],
	[8, 17, 13, 12, 9, 22] => QQFieldElem[0, -1, -1, -2, -1, -2, -1, -1, 0, 0],
	[8, 17, 13, 12, 9, 14] => QQFieldElem[0, -1, 0, -2, -1, -2, 0, -1, 0, 0],
	[8, 17, 13, 12, 19, 12] => QQFieldElem[-2, -1, -3, -3, -5, -4, -4, -4, -2, -2],
	[8, 17, 13, 12, 19, 24] => QQFieldElem[-25141//39601, 37532//39601, -54821//39601, 75019//39601, -58446//39601, 75041//39601, -71184//39601, 44956//39601, -36808//39601, 20954//39601],
	[8, 17, 13, 12, 7, 12] => QQFieldElem[5, 8, 8, 5, 0, -6, -9, -12, -9, -6],
	[8, 17, 13, 12, 7, 24] => QQFieldElem[-48555//39601, 27282//39601, -44034//39601, 23289//39601, 10656//39601, -1022//39601, 28370//39601, -769//39601, 686//39601, -10138//39601],
	[8, 17, 13, 12, 19, 22] => QQFieldElem[0, 3, -2, 4, -1, 4, -3, 3, 0, 1],
	[8, 17, 13, 12, 17, 12] => QQFieldElem[2, 0, 1, -1, -1, -2, -2, -1, -1, 1],
	[8, 17, 13, 12, 17, 24] => QQFieldElem[35271//39601, -31724//39601, 68204//39601, -51850//39601, 78464//39601, -52240//39601, 66668//39601, -33728//39601, 40490//39601, -4248//39601],
	[8, 17, 13, 12, 7, 22] => QQFieldElem[-3, 0, -1, 2, 2, 3, 3, 2, 2, -1])