Dict(
	[8, 8, 10, 10, 5, 11] => QQFieldElem[2, 0, -2, -1, 0, 0, 0, 0, -1, -2],
	[8, 8, 10, 10, 3, 13] => QQFieldElem[-3, 0, 5, 5, 1, -1, -1, 1, 5, 5],
	[8, 8, 10, 10, 15, 13] => QQFieldElem[7, 0, -10, -9, -2, 1, 1, -2, -9, -10],
	[8, 8, 10, 10, 15, 15] => QQFieldElem[109//67, 0, -38//67, 148//67, 197//67, 51//67, 51//67, 197//67, 148//67, -38//67],
	[8, 8, 10, 10, 5, 3] => QQFieldElem[1, 0, -1, 1, 1, -1, -1, 1, 1, -1],
	[8, 8, 10, 10, 4, 13] => QQFieldElem[-2, 0, 2, 1, 0, 0, 0, 0, 1, 2],
	[8, 8, 10, 10, 13, 15] => QQFieldElem[-10//67, 0, 25//67, 19//67, -15//67, -60//67, -60//67, -15//67, 19//67, 25//67],
	[8, 8, 10, 10, 14, 13] => QQFieldElem[0, 0, 1, 1, 0, 1, 1, 0, 1, 1],
	[8, 8, 10, 10, 14, 15] => QQFieldElem[-9//67, 0, -11//67, -70//67, -114//67, -121//67, -121//67, -114//67, -70//67, -11//67],
	[8, 8, 10, 10, 13, 13] => QQFieldElem[-2, 0, 4, 5, 2, -2, -2, 2, 5, 4],
	[8, 8, 10, 10, 3, 15] => QQFieldElem[-35//67, 0, 54//67, 33//67, -19//67, -9//67, -9//67, -19//67, 33//67, 54//67],
	[8, 8, 10, 10, 4, 15] => QQFieldElem[-42//67, 0, 38//67, -14//67, -63//67, -51//67, -51//67, -63//67, -14//67, 38//67],
	[8, 8, 10, 10, 3, 5] => QQFieldElem[2, 0, -1, 2, 2, -2, -2, 2, 2, -1],
	[8, 8, 10, 10, 15, 5] => QQFieldElem[19, 0, -14, 8, 14, -12, -12, 14, 8, -14],
	[8, 8, 10, 10, 4, 5] => QQFieldElem[3, 0, -2, 1, 1, -4, -4, 1, 1, -2],
	[8, 8, 10, 10, 13, 5] => QQFieldElem[0, 0, 1, 2, 2, 1, 1, 2, 2, 1],
	[8, 8, 10, 10, 14, 5] => QQFieldElem[-3, 0, 3, 1, 1, 5, 5, 1, 1, 3],
	[8, 8, 10, 10, 5, 13] => QQFieldElem[-5, 0, 11, 15, 6, -4, -4, 6, 15, 11],
	[8, 8, 10, 10, 5, 15] => QQFieldElem[-6//67, 0, -52//67, -69//67, -9//67, -36//67, -36//67, -9//67, -69//67, -52//67],
	[8, 8, 10, 10, 3, 1] => QQFieldElem[-15, 0, -14, -3, -11, -6, -6, -11, -3, -14],
	[8, 8, 10, 10, 15, 1] => QQFieldElem[7, 0, 6, 0, 4, 3, 3, 4, 0, 6],
	[8, 8, 10, 10, 4, 1] => QQFieldElem[22, 0, 20, 3, 15, 9, 9, 15, 3, 20],
	[8, 8, 10, 10, 13, 1] => QQFieldElem[93, 0, 85, 14, 65, 39, 39, 65, 14, 85],
	[8, 8, 10, 10, 14, 1] => QQFieldElem[11, 0, 10, 2, 8, 5, 5, 8, 2, 10],
	[8, 8, 10, 10, 3, 11] => QQFieldElem[-12, 0, 9, -5, -10, 5, 5, -10, -5, 9],
	[8, 8, 10, 10, 15, 11] => QQFieldElem[8, 0, -5, 6, 9, -3, -3, 9, 6, -5],
	[8, 8, 10, 10, 5, 5] => QQFieldElem[-1, 0, 0, -2, -2, 0, 0, -2, -2, 0],
	[8, 8, 10, 10, 4, 11] => QQFieldElem[-4, 0, 3, -2, -4, 1, 1, -4, -2, 3],
	[8, 8, 10, 10, 13, 11] => QQFieldElem[1, 0, 0, 1, 1, -1, -1, 1, 1, 0],
	[8, 8, 10, 10, 14, 11] => QQFieldElem[-2, 0, 1, -2, -3, -1, -1, -3, -2, 1],
	[8, 8, 10, 10, 3, 3] => QQFieldElem[-5, 0, 3, -2, -4, 2, 2, -4, -2, 3],
	[8, 8, 10, 10, 15, 3] => QQFieldElem[-21, 0, 15, -11, -19, 9, 9, -19, -11, 15],
	[8, 8, 10, 10, 4, 3] => QQFieldElem[-3, 0, 4, -2, -3, 2, 2, -3, -2, 4],
	[8, 8, 10, 10, 13, 3] => QQFieldElem[2, 0, 3, 0, 1, 1, 1, 1, 0, 3],
	[8, 8, 10, 10, 14, 3] => QQFieldElem[4, 0, -2, 2, 4, -1, -1, 4, 2, -2],
	[8, 8, 10, 10, 5, 1] => QQFieldElem[-21, 0, -18, -2, -14, -9, -9, -14, -2, -18])