Dict(
	[10, 9, 8, 7, 15, 4] => QQFieldElem[1, 0, -2, -2, -1, 0, 0, -1, -2, -2],
	[10, 9, 8, 7, 5, 14] => QQFieldElem[-606//2047, 1268//2047, -521//2047, 2005//2047, -922//2047, 2887//2047, -427//2047, 1640//2047, -354//2047, 1117//2047],
	[10, 9, 8, 7, 15, 2] => QQFieldElem[1, 0, -1, -1, 0, 0, 0, 0, -1, -1],
	[10, 9, 8, 7, 4, 4] => QQFieldElem[0, 0, 0, 0, 0, 1, 1, 1, 0, 0],
	[10, 9, 8, 7, 14, 4] => QQFieldElem[-3, 0, 1, -2, -2, 0, 0, -2, -2, 1],
	[10, 9, 8, 7, 4, 2] => QQFieldElem[0, 0, 0, -1, 0, -1, 1, -1, 0, -1],
	[10, 9, 8, 7, 14, 2] => QQFieldElem[1, 0, 2, 1, -1, 2, 2, -1, 1, 2],
	[10, 9, 8, 7, 5, 4] => QQFieldElem[0, 0, 0, 1, -1, 1, 0, 1, -1, 1],
	[10, 9, 8, 7, 15, 12] => QQFieldElem[0, 0, 0, -1, 0, 0, 0, -1, 0, 0],
	[10, 9, 8, 7, 5, 2] => QQFieldElem[-2, -2, 0, -2, -1, -2, 0, -2, -1, -2],
	[10, 9, 8, 7, 4, 12] => QQFieldElem[-4, 0, -3, 0, -2, -1, -1, -2, 0, -3],
	[10, 9, 8, 7, 14, 12] => QQFieldElem[0, -1, -1, 0, 1, -3, 1, 0, -1, -1],
	[10, 9, 8, 7, 15, 14] => QQFieldElem[-151//2047, 370//2047, -194//2047, -51//2047, 635//2047, 1020//2047, 505//2047, -348//2047, 155//2047, -252//2047],
	[10, 9, 8, 7, 4, 14] => QQFieldElem[-341//2047, 700//2047, 1514//2047, 3057//2047, 3359//2047, 4364//2047, 3445//2047, 3159//2047, 1787//2047, 1017//2047],
	[10, 9, 8, 7, 5, 12] => QQFieldElem[-5, 0, -4, -1, -4, -2, -2, -4, -1, -4],
	[10, 9, 8, 7, 14, 14] => QQFieldElem[-1823//2047, -2867//2047, -1949//2047, 279//2047, -1186//2047, -3533//2047, -234//2047, 218//2047, -3497//2047, -2595//2047])