Dict(
	[12, 12, 22, 12, 21, 13] => QQFieldElem[-2, 0, -3, -1, -2, -1, -1, -2, -1, -3],
	[12, 12, 22, 12, 21, 21] => QQFieldElem[0, -1, 0, 1, 0, -2, 0, 1, 0, -1],
	[12, 12, 22, 12, 13, 13] => QQFieldElem[1, 1, 0, 1, 2, 1, -1, 1, 2, 1],
	[12, 12, 22, 12, 13, 21] => QQFieldElem[-5, 0, 4, -2, -4, 2, 2, -4, -2, 4],
	[12, 12, 22, 12, 23, 23] => QQFieldElem[-48//67, -98//67, -44//67, -38//67, -149//67, -72//67, 11//67, -17//67, -169//67, -104//67],
	[12, 12, 22, 12, 23, 11] => QQFieldElem[2, 2, -1, 1, 3, -1, 2, 1, 1, 1],
	[12, 12, 22, 12, 11, 13] => QQFieldElem[2, 0, -7, -8, -4, 2, 2, -4, -8, -7],
	[12, 12, 22, 12, 21, 23] => QQFieldElem[243//737, 2//737, -129//737, -84//737, 390//737, -71//737, 183//737, 107//737, 240//737, -177//737],
	[12, 12, 22, 12, 11, 21] => QQFieldElem[0, 3, 4, 3, 1, 1, 1, 3, 4, 3],
	[12, 12, 22, 12, 13, 23] => QQFieldElem[1508//737, 1817//737, 355//737, 334//737, 2029//737, 1458//737, 62//737, 1031//737, 2099//737, 967//737],
	[12, 12, 22, 12, 21, 11] => QQFieldElem[0, -2, 0, 0, -2, 1, -2, 0, 0, -2],
	[12, 12, 22, 12, 13, 11] => QQFieldElem[-3, 0, 1, -2, -1, 0, 0, -1, -2, 1],
	[12, 12, 22, 12, 23, 13] => QQFieldElem[5, 2, 2, -3, -1, 2, 5, 3, -3, -1],
	[12, 12, 22, 12, 23, 21] => QQFieldElem[8, 1, -10, -8, 0, 3, 1, -1, -7, -9],
	[12, 12, 22, 12, 11, 23] => QQFieldElem[-28//737, 21//737, -249//737, -145//737, -327//737, 360//737, 79//737, 18//737, -428//737, -16//737],
	[12, 12, 22, 12, 11, 11] => QQFieldElem[0, 2, 0, 1, 1, 0, 1, 1, 0, 2])