Dict(
	[12, 10, 12, 10, 10, 19] => QQFieldElem[-2, 6, -2, 0, 5, -4, 3, 3, -4, 5],
	[12, 10, 12, 10, 9, 10] => QQFieldElem[1, 1, 0, 0, 1, 1, 0, 0, 2, 0],
	[12, 10, 12, 10, 10, 9] => QQFieldElem[-2, 2, 0, 0, 2, -2, 0, 2, -1, 2],
	[12, 10, 12, 10, 20, 20] => QQFieldElem[1120//529, 155//529, 559//529, 1165//529, -42//529, 528//529, 854//529, 285//529, 754//529, 664//529],
	[12, 10, 12, 10, 9, 20] => QQFieldElem[239//529, -196//529, -55//529, -108//529, -452//529, 90//529, -155//529, -258//529, 381//529, 17//529],
	[12, 10, 12, 10, 20, 19] => QQFieldElem[3, -2, 2, 3, -4, 5, -2, 1, 3, -1],
	[12, 10, 12, 10, 19, 10] => QQFieldElem[-1, -2, -1, 0, -1, -2, -1, -1, -2, -1],
	[12, 10, 12, 10, 9, 19] => QQFieldElem[-2, -4, 0, -3, -3, 0, -4, -2, 0, -5],
	[12, 10, 12, 10, 20, 9] => QQFieldElem[5, 4, 2, -1, -3, 3, 5, 3, 1, -3],
	[12, 10, 12, 10, 9, 9] => QQFieldElem[0, -2, 0, -1, -1, 0, -1, -1, 0, -2],
	[12, 10, 12, 10, 10, 10] => QQFieldElem[-1, 0, 0, -1, 1, -1, -1, 1, -1, 0],
	[12, 10, 12, 10, 19, 20] => QQFieldElem[-80//529, -200//529, -380//529, -121//529, 3//529, -340//529, -61//529, 93//529, -205//529, -123//529],
	[12, 10, 12, 10, 19, 19] => QQFieldElem[1, 1, 0, 1, 1, 0, 2, 0, 0, 2],
	[12, 10, 12, 10, 10, 20] => QQFieldElem[-1300//529, -76//529, -356//529, -1305//529, 181//529, -764//529, -859//529, 321//529, -1083//529, -544//529],
	[12, 10, 12, 10, 19, 9] => QQFieldElem[-2, -2, -1, 1, 1, -1, -2, -2, 0, 2],
	[12, 10, 12, 10, 20, 10] => QQFieldElem[1, 1, 1, 1, -2, 1, 2, 1, 0, 0])