Dict(
	[12, 7, 12, 7, 16, 8] => QQFieldElem[-6, 0, -6, -1, -5, -3, -3, -5, -1, -6],
	[12, 7, 12, 7, 16, 6] => QQFieldElem[0, 0, 1, -2, 4, -4, 4, -2, 1, 0],
	[12, 7, 12, 7, 6, 16] => QQFieldElem[0, 0, -1, 0, 1, 1, 1, 0, -1, 0],
	[12, 7, 12, 7, 18, 18] => QQFieldElem[-1, -1, 0, -2, 0, -1, -1, -1, 0, -2],
	[12, 7, 12, 7, 6, 8] => QQFieldElem[3, 0, 2, 0, 2, 2, 2, 2, 0, 2],
	[12, 7, 12, 7, 8, 18] => QQFieldElem[-97, -97, 0, -127, -58, -21, -139, -21, -58, -127],
	[12, 7, 12, 7, 6, 6] => QQFieldElem[0, 1, -1, 1, -1, 1, -1, 1, -1, 1],
	[12, 7, 12, 7, 18, 16] => QQFieldElem[0, 0, 0, -1, -1, 0, 0, -1, -1, 0],
	[12, 7, 12, 7, 8, 16] => QQFieldElem[7, 0, 2, 6, -2, 4, 4, -2, 6, 2],
	[12, 7, 12, 7, 18, 8] => QQFieldElem[0, 0, 0, -1, -1, -1, 0, -1, -1, -1],
	[12, 7, 12, 7, 8, 8] => QQFieldElem[-2, -2, 0, -2, -2, 1, -4, 1, -2, -2],
	[12, 7, 12, 7, 16, 18] => QQFieldElem[-1, 0, -10, 11, -14, 3, 3, -14, 11, -10],
	[12, 7, 12, 7, 8, 6] => QQFieldElem[4, 0, 0, 5, -2, 3, 3, -2, 5, 0],
	[12, 7, 12, 7, 18, 6] => QQFieldElem[1, 0, 0, 0, 0, -1, -1, 0, 0, 0],
	[12, 7, 12, 7, 16, 16] => QQFieldElem[0, 2, 0, 0, 3, -2, 3, 0, 0, 2],
	[12, 7, 12, 7, 6, 18] => QQFieldElem[4, 0, 2, 3, 0, 2, 2, 0, 3, 2])