Dict(
	[13, 7, 14, 18, 10, 7] => QQFieldElem[1, 1, 0, 0, 0, 0, 1, 0, 0, 0],
	[13, 7, 14, 18, 20, 19] => QQFieldElem[36//23, 12//23, 15//23, 55//23, 12//23, 5//23, 36//23, 13//23, 33//23, 25//23],
	[13, 7, 14, 18, 20, 9] => QQFieldElem[0, 0, 2, 3, 0, 0, 1, 0, 2, 3],
	[13, 7, 14, 18, 20, 7] => QQFieldElem[-3, -1, 4, 4, 2, -2, -3, 2, 4, 4],
	[13, 7, 14, 18, 18, 17] => QQFieldElem[0, 3, -1, 1, 2, -1, 2, 1, -1, 3],
	[13, 7, 14, 18, 8, 17] => QQFieldElem[2, 0, 0, 2, 0, 1, 1, 0, 2, 0],
	[13, 7, 14, 18, 10, 17] => QQFieldElem[-2, 0, 0, -2, 1, -1, -1, 1, -2, 0],
	[13, 7, 14, 18, 8, 19] => QQFieldElem[17//23, 1//23, -3//23, 1, 21//23, 4//23, 15//23, 21//23, 7//23, 0],
	[13, 7, 14, 18, 18, 19] => QQFieldElem[-12//23, 2//23, -6//23, -1, -4//23, -15//23, -16//23, -4//23, -9//23, 0],
	[13, 7, 14, 18, 10, 19] => QQFieldElem[-7//23, -12//23, 7//23, -20//23, -10//23, -1//23, -21//23, -2//23, -9//23, -7//23],
	[13, 7, 14, 18, 18, 9] => QQFieldElem[0, 0, 0, 0, 1, 0, 0, 1, 0, 0],
	[13, 7, 14, 18, 8, 9] => QQFieldElem[-2, -2, 0, 0, -2, -1, 1, -1, -2, 0],
	[13, 7, 14, 18, 10, 9] => QQFieldElem[0, 0, 0, -1, 0, 0, -1, 0, 0, -1],
	[13, 7, 14, 18, 18, 7] => QQFieldElem[0, 0, -1, 0, -1, 0, 0, -1, 0, -1],
	[13, 7, 14, 18, 8, 7] => QQFieldElem[0, 0, 0, -1, -1, 0, 0, 0, -1, -1],
	[13, 7, 14, 18, 20, 17] => QQFieldElem[3, -2, 3, 3, -2, 2, 0, 0, 5, -1])