Dict(
	[13, 8, 9, 14, 4, 18] => QQFieldElem[3, 0, 2, 2, 0, 2, 2, 0, 2, 2],
	[13, 8, 9, 14, 14, 10] => QQFieldElem[-5, 0, 5, 1, -2, 1, 1, -2, 1, 5],
	[13, 8, 9, 14, 14, 18] => QQFieldElem[-4, 0, 2, -1, -3, 1, 1, -3, -1, 2],
	[13, 8, 9, 14, 2, 16] => QQFieldElem[0, 0, -3, -3, -2, 0, 0, -2, -3, -3],
	[13, 8, 9, 14, 2, 20] => QQFieldElem[3//23, 0, -21//23, -6//23, -10//23, -26//23, -26//23, -10//23, -6//23, -21//23],
	[13, 8, 9, 14, 12, 16] => QQFieldElem[-1, 0, 1, -2, 2, -1, -1, 2, -2, 1],
	[13, 8, 9, 14, 12, 20] => QQFieldElem[-22//23, 0, 16//23, -25//23, 12//23, -1//23, -1//23, 12//23, -25//23, 16//23],
	[13, 8, 9, 14, 15, 16] => QQFieldElem[-12, 0, 22, 28, 12, -9, -9, 12, 28, 22],
	[13, 8, 9, 14, 15, 20] => QQFieldElem[-66//23, 0, 25//23, -75//23, -79//23, 43//23, 43//23, -79//23, -75//23, 25//23],
	[13, 8, 9, 14, 2, 8] => QQFieldElem[0, 0, -1, -1, -1, 0, 0, -1, -1, -1],
	[13, 8, 9, 14, 4, 20] => QQFieldElem[-2//23, 0, -9//23, 4//23, 22//23, 2//23, 2//23, 22//23, 4//23, -9//23],
	[13, 8, 9, 14, 4, 16] => QQFieldElem[2, 0, 0, 1, -1, 1, 1, -1, 1, 0],
	[13, 8, 9, 14, 14, 20] => QQFieldElem[91//23, 0, -62//23, 48//23, 80//23, -45//23, -45//23, 80//23, 48//23, -62//23],
	[13, 8, 9, 14, 12, 8] => QQFieldElem[7, 0, 3, 5, 0, 4, 4, 0, 5, 3],
	[13, 8, 9, 14, 14, 16] => QQFieldElem[5, 0, -9, -12, -5, 4, 4, -5, -12, -9],
	[13, 8, 9, 14, 5, 10] => QQFieldElem[0, 0, 2, 5, 3, -2, -2, 3, 5, 2],
	[13, 8, 9, 14, 15, 8] => QQFieldElem[-17, 0, 34, 45, 18, -13, -13, 18, 45, 34],
	[13, 8, 9, 14, 5, 18] => QQFieldElem[2, 0, 0, 1, 0, 1, 1, 0, 1, 0],
	[13, 8, 9, 14, 4, 8] => QQFieldElem[-2, 0, 0, -1, 0, -1, -1, 0, -1, 0],
	[13, 8, 9, 14, 2, 6] => QQFieldElem[-1, 0, 0, -1, 0, -1, -1, 0, -1, 0],
	[13, 8, 9, 14, 14, 8] => QQFieldElem[3, 0, -6, -9, -4, 3, 3, -4, -9, -6],
	[13, 8, 9, 14, 12, 6] => QQFieldElem[-37, 0, -12, -33, 6, -24, -24, 6, -33, -12],
	[13, 8, 9, 14, 15, 6] => QQFieldElem[-7, 0, -1, -4, 2, -5, -5, 2, -4, -1],
	[13, 8, 9, 14, 4, 6] => QQFieldElem[19, 0, 6, 17, -4, 12, 12, -4, 17, 6],
	[13, 8, 9, 14, 14, 6] => QQFieldElem[1, 0, 0, 0, -1, 1, 1, -1, 0, 0],
	[13, 8, 9, 14, 5, 16] => QQFieldElem[-1, 0, 4, 5, 2, -1, -1, 2, 5, 4],
	[13, 8, 9, 14, 5, 20] => QQFieldElem[-7//23, 0, 3//23, -9//23, -15//23, 7//23, 7//23, -15//23, -9//23, 3//23],
	[13, 8, 9, 14, 5, 8] => QQFieldElem[3, 0, -7, -9, -3, 2, 2, -3, -9, -7],
	[13, 8, 9, 14, 5, 6] => QQFieldElem[5, 0, 1, 4, -1, 3, 3, -1, 4, 1],
	[13, 8, 9, 14, 2, 10] => QQFieldElem[-2, 0, 1, -1, -2, 0, 0, -2, -1, 1],
	[13, 8, 9, 14, 2, 18] => QQFieldElem[3, 0, 3, 0, 2, 1, 1, 2, 0, 3],
	[13, 8, 9, 14, 12, 10] => QQFieldElem[0, 0, 0, -1, 1, -1, -1, 1, -1, 0],
	[13, 8, 9, 14, 12, 18] => QQFieldElem[-13, 0, -8, -7, -3, -7, -7, -3, -7, -8],
	[13, 8, 9, 14, 15, 10] => QQFieldElem[12, 0, -19, -20, -6, 5, 5, -6, -20, -19],
	[13, 8, 9, 14, 15, 18] => QQFieldElem[2, 0, -4, -3, 1, -1, -1, 1, -3, -4],
	[13, 8, 9, 14, 4, 10] => QQFieldElem[-2, 0, 1, -1, -1, 1, 1, -1, -1, 1])