Dict(
	[13, 17, 22, 8, 18, 24] => QQFieldElem[7, 1, 2, 5, -1, 5, 4, 0, 5, 2],
	[13, 17, 22, 8, 8, 24] => QQFieldElem[-6, 0, -1, -4, 0, -3, -2, 0, -5, 0],
	[13, 17, 22, 8, 18, 17] => QQFieldElem[-1, -8, 2, -4, -7, 3, -6, -4, 1, -8],
	[13, 17, 22, 8, 8, 17] => QQFieldElem[1, 3, -2, 3, 3, -3, 3, 2, -1, 3],
	[13, 17, 22, 8, 18, 19] => QQFieldElem[5, 4, -1, -4, -2, 3, 5, 1, -2, -4],
	[13, 17, 22, 8, 18, 22] => QQFieldElem[3, 1, -6, -5, 0, 1, 2, -2, -6, -3],
	[13, 17, 22, 8, 8, 22] => QQFieldElem[-2, 2, 5, 0, 0, 4, 0, -1, 4, 4],
	[13, 17, 22, 8, 8, 19] => QQFieldElem[-4, -3, 1, 2, 1, -2, -3, -2, 1, 3],
	[13, 17, 22, 8, 16, 24] => QQFieldElem[-8, 0, -3, -7, 1, -5, -5, 1, -7, -3],
	[13, 17, 22, 8, 16, 17] => QQFieldElem[0, 8, -2, 3, 6, -3, 6, 3, -2, 8],
	[13, 17, 22, 8, 16, 19] => QQFieldElem[0, 0, -1, -2, 0, 0, 0, 0, -2, -1],
	[13, 17, 22, 8, 16, 22] => QQFieldElem[0, -1, 2, 1, -1, 0, -1, 1, 2, -1],
	[13, 17, 22, 8, 6, 24] => QQFieldElem[7, 0, 2, 6, -1, 4, 4, -1, 6, 2],
	[13, 17, 22, 8, 6, 17] => QQFieldElem[0, -3, 2, -2, -3, 3, -3, -2, 2, -3],
	[13, 17, 22, 8, 6, 19] => QQFieldElem[0, 0, 0, 1, 0, 0, 0, 0, 1, 0],
	[13, 17, 22, 8, 6, 22] => QQFieldElem[0, -2, -3, 1, 0, -4, 0, 1, -3, -2])