Dict(
	[13, 23, 23, 10, 18, 18] => QQFieldElem[8, -14, -40, -40, -14, 8, 0, -29, -45, -29],
	[13, 23, 23, 10, 8, 18] => QQFieldElem[-2, 13, 27, 24, 7, -4, 3, 20, 27, 16],
	[13, 23, 23, 10, 10, 18] => QQFieldElem[15, -31, -84, -82, -28, 15, -4, -62, -92, -58],
	[13, 23, 23, 10, 20, 25] => QQFieldElem[360//253, -171//253, -229//253, 21//253, -158//253, -128//253, 144//253, 97//253, -93//253, -382//253],
	[13, 23, 23, 10, 18, 20] => QQFieldElem[2, 0, -1, 2, 2, -1, -1, 2, 2, -1],
	[13, 23, 23, 10, 8, 20] => QQFieldElem[-1, -2, -1, -1, -1, -2, 0, -1, -2, -2],
	[13, 23, 23, 10, 10, 20] => QQFieldElem[-2, 1, 5, 4, 2, 0, -1, 2, 5, 5],
	[13, 23, 23, 10, 18, 23] => QQFieldElem[-3, 0, 1, -2, 1, 0, -3, 0, 0, 0],
	[13, 23, 23, 10, 20, 18] => QQFieldElem[-27, 31, 105, 110, 39, -24, -6, 73, 120, 80],
	[13, 23, 23, 10, 8, 23] => QQFieldElem[2, 1, 0, 2, 0, 1, 3, 0, 1, 2],
	[13, 23, 23, 10, 10, 23] => QQFieldElem[-2, -2, 1, -1, 0, 0, -3, 0, 1, -1],
	[13, 23, 23, 10, 20, 20] => QQFieldElem[2, 1, -3, -6, -4, 4, 3, -3, -6, -3],
	[13, 23, 23, 10, 18, 25] => QQFieldElem[-56//253, 229//253, 283//253, -37//253, -71//253, 346//253, 180//253, -195//253, 200//253, 408//253],
	[13, 23, 23, 10, 8, 25] => QQFieldElem[-174//253, -183//253, 39//253, -124//253, -67//253, -208//253, -19//253, -127//253, -246//253, -178//253],
	[13, 23, 23, 10, 20, 23] => QQFieldElem[5, 1, -1, 1, -2, 2, 5, 0, 0, -1],
	[13, 23, 23, 10, 10, 25] => QQFieldElem[-87//253, 35//253, 146//253, -62//253, 93//253, 149//253, -136//253, 63//253, 130//253, 164//253])