Dict(
	[15, 14, 4, 15, 11, 13] => QQFieldElem[-1, 0, -1, 1, -2, 2, 0, 2, -1, 2],
	[15, 14, 4, 15, 13, 12] => QQFieldElem[-3, -4, -3, -2, -1, -1, -2, -3, -1, 1],
	[15, 14, 4, 15, 14, 12] => QQFieldElem[10, 14, 8, 0, -1, 5, 11, 10, 2, -4],
	[15, 14, 4, 15, 11, 15] => QQFieldElem[-331//253, -563//253, 151//253, -4//253, -786//253, 82//253, 81//253, -492//253, -9//11, -219//253],
	[15, 14, 4, 15, 15, 14] => QQFieldElem[3, 0, -3, -4, -1, 1, 1, -1, -4, -3],
	[15, 14, 4, 15, 13, 14] => QQFieldElem[-1, 0, 0, -1, 0, 0, 0, 0, -1, -1],
	[15, 14, 4, 15, 14, 14] => QQFieldElem[-2, -1, 1, 2, 0, -3, -3, 0, 3, 3],
	[15, 14, 4, 15, 11, 12] => QQFieldElem[4, 6, 0, -1, 6, 6, 1, 4, 9, 5],
	[15, 14, 4, 15, 15, 13] => QQFieldElem[4, 7, -11, -9, -11, 7, 4, 0, -12, -12],
	[15, 14, 4, 15, 15, 15] => QQFieldElem[40//23, -4//23, -36//23, -51//23, -10//23, 31//23, 16//23, -16//23, -60//23, -20//23],
	[15, 14, 4, 15, 13, 13] => QQFieldElem[5, 2, 4, 0, 2, 2, 3, 3, 0, 2],
	[15, 14, 4, 15, 11, 14] => QQFieldElem[5, 7, -1, 5, 3, 1, 6, 1, 4, 8],
	[15, 14, 4, 15, 14, 13] => QQFieldElem[-9, -7, 3, 10, 5, -5, -10, -3, 7, 9],
	[15, 14, 4, 15, 14, 15] => QQFieldElem[-27//23, 0, 43//23, 50//23, 12//23, -9//23, -9//23, 12//23, 50//23, 43//23],
	[15, 14, 4, 15, 13, 15] => QQFieldElem[-65//253, -9//253, -19//253, -7//11, -6//253, -49//253, 84//253, -146//253, 20//253, -144//253],
	[15, 14, 4, 15, 15, 12] => QQFieldElem[-6, -10, -5, 3, 3, -5, -10, -6, 0, 3])