Dict(
	[16, 25, 25, 17, 22, 10] => QQFieldElem[-3, 6, 15, 12, 4, -3, 0, 12, 15, 8],
	[16, 25, 25, 17, 2, 25] => QQFieldElem[2, 2, 0, 2, 2, 1, 1, 2, 1, 2],
	[16, 25, 25, 17, 12, 25] => QQFieldElem[0, -1, -2, -3, -1, -1, 1, -2, -2, -3],
	[16, 25, 25, 17, 17, 15] => QQFieldElem[34, -27, -111, -121, -44, 29, 13, -73, -129, -89],
	[16, 25, 25, 17, 17, 10] => QQFieldElem[8, -9, -22, -14, -6, 6, 2, -19, -19, -10],
	[16, 25, 25, 17, 22, 20] => QQFieldElem[12, 0, -21, -26, -10, 8, 8, -10, -26, -21],
	[16, 25, 25, 17, 2, 15] => QQFieldElem[0, -1, -1, -2, 0, 0, 0, -1, -1, -1],
	[16, 25, 25, 17, 2, 10] => QQFieldElem[-4, -2, -2, -5, -1, -2, -4, -1, -4, -3],
	[16, 25, 25, 17, 12, 15] => QQFieldElem[-6, 9, 29, 29, 11, -6, 0, 20, 32, 21],
	[16, 25, 25, 17, 12, 10] => QQFieldElem[0, 5, 9, 8, 2, -1, 2, 7, 9, 5],
	[16, 25, 25, 17, 17, 20] => QQFieldElem[-134//11, 18//11, 269//11, 333//11, 133//11, -100//11, -91//11, 149//11, 334//11, 255//11],
	[16, 25, 25, 17, 2, 20] => QQFieldElem[2//11, 4//11, 6//11, 8//11, -1//11, 12//11, 3//11, 5//11, 7//11, 9//11],
	[16, 25, 25, 17, 12, 20] => QQFieldElem[21//11, -13//11, -58//11, -70//11, -27//11, 16//11, 15//11, -41//11, -75//11, -54//11],
	[16, 25, 25, 17, 22, 25] => QQFieldElem[5, 2, -6, -9, -4, 3, 5, -2, -9, -7],
	[16, 25, 25, 17, 17, 25] => QQFieldElem[-7, -4, 7, 8, 2, -3, -8, 2, 9, 5],
	[16, 25, 25, 17, 22, 15] => QQFieldElem[-30, 18, 88, 99, 37, -25, -14, 56, 104, 74])