Dict(
	[17, 13, 13, 22, 23, 24] => QQFieldElem[-229//253, -282//253, -302//253, -553//253, -199//253, -32//253, -327//253, -171//253, -389//253, -519//253],
	[17, 13, 13, 22, 23, 17] => QQFieldElem[-3, 0, 5, 6, 3, -2, -3, 2, 6, 5],
	[17, 13, 13, 22, 23, 19] => QQFieldElem[0, -2, -7, -8, -2, 0, 0, -5, -8, -6],
	[17, 13, 13, 22, 23, 22] => QQFieldElem[5, 1, -9, -13, -5, 4, 4, -4, -12, -10],
	[17, 13, 13, 22, 21, 24] => QQFieldElem[260//253, 234//253, -67//253, 292//253, 79//253, 75//253, 379//253, 45//253, 129//253, 323//253],
	[17, 13, 13, 22, 21, 17] => QQFieldElem[1, 0, -1, -1, -1, 0, 1, 0, -1, -1],
	[17, 13, 13, 22, 13, 24] => QQFieldElem[821//253, 663//253, 274//253, 996//253, 519//253, 339//253, 863//253, 254//253, 745//253, 873//253],
	[17, 13, 13, 22, 21, 22] => QQFieldElem[-1, -1, 1, 3, 1, -1, -1, 0, 2, 2],
	[17, 13, 13, 22, 21, 19] => QQFieldElem[1, 0, -1, 0, -1, 1, 1, -1, 0, -1],
	[17, 13, 13, 22, 13, 17] => QQFieldElem[2, 2, -1, -4, -1, 4, 3, -2, -3, -1],
	[17, 13, 13, 22, 13, 19] => QQFieldElem[-2, 1, 3, 4, 1, -2, 0, 1, 6, 1],
	[17, 13, 13, 22, 13, 22] => QQFieldElem[-1, 1, 6, 8, 3, 0, 0, 2, 8, 7],
	[17, 13, 13, 22, 11, 24] => QQFieldElem[-547//253, -467//253, 31//253, -626//253, -282//253, -114//253, -738//253, -119//253, -358//253, -663//253],
	[17, 13, 13, 22, 11, 17] => QQFieldElem[-1, -2, -1, 0, -1, -2, -1, 0, -1, -1],
	[17, 13, 13, 22, 11, 19] => QQFieldElem[0, 0, 1, 0, 1, 0, 0, 1, 0, 1],
	[17, 13, 13, 22, 11, 22] => QQFieldElem[-1, -1, -1, -2, -1, -1, -1, 0, -2, -2])