Dict(
	[17, 13, 8, 22, 18, 24] => QQFieldElem[6, -1, 1, 4, -1, 3, 4, -2, 4, 1],
	[17, 13, 8, 22, 8, 24] => QQFieldElem[-6, 0, 0, -5, 0, -2, -3, 0, -4, -1],
	[17, 13, 8, 22, 18, 17] => QQFieldElem[7, 8, 0, 9, 4, 2, 11, 1, 4, 10],
	[17, 13, 8, 22, 8, 17] => QQFieldElem[-2, -3, 0, -4, -1, 0, -6, 0, 0, -5],
	[17, 13, 8, 22, 18, 19] => QQFieldElem[1, -4, -8, -6, -3, 1, -1, -6, -8, -5],
	[17, 13, 8, 22, 18, 22] => QQFieldElem[2, -1, -4, -7, -3, 1, 0, -1, -6, -7],
	[17, 13, 8, 22, 8, 22] => QQFieldElem[-4, -2, 2, 2, -3, -2, 2, -2, -2, 3],
	[17, 13, 8, 22, 8, 19] => QQFieldElem[-1, 3, 6, 4, 1, 0, 1, 4, 5, 4],
	[17, 13, 8, 22, 16, 24] => QQFieldElem[-8, 0, -3, -7, 1, -5, -5, 1, -7, -3],
	[17, 13, 8, 22, 16, 17] => QQFieldElem[-8, -8, 0, -10, -5, -2, -11, -2, -5, -10],
	[17, 13, 8, 22, 16, 19] => QQFieldElem[0, 0, -1, -2, 0, 0, 0, 0, -2, -1],
	[17, 13, 8, 22, 16, 22] => QQFieldElem[1, 1, 0, 3, 2, 0, 1, 0, 2, 3],
	[17, 13, 8, 22, 6, 24] => QQFieldElem[7, 0, 2, 6, -1, 4, 4, -1, 6, 2],
	[17, 13, 8, 22, 6, 17] => QQFieldElem[3, 3, 0, 5, 1, 0, 6, 0, 1, 5],
	[17, 13, 8, 22, 6, 19] => QQFieldElem[0, 0, 0, 1, 0, 0, 0, 0, 1, 0],
	[17, 13, 8, 22, 6, 22] => QQFieldElem[2, 2, 0, -1, 3, 2, -2, 2, 3, -1])