Dict(
	[17, 22, 21, 21, 17, 21] => QQFieldElem[-3, 0, -1, -3, 1, -2, -2, 1, -3, -1],
	[17, 22, 21, 21, 22, 16] => QQFieldElem[1, 0, -2, -2, -1, 1, 1, -1, -2, -2],
	[17, 22, 21, 21, 7, 16] => QQFieldElem[1, 0, 0, 0, 0, 0, 0, 0, 0, 0],
	[17, 22, 21, 21, 12, 21] => QQFieldElem[-2, 0, 1, -2, -2, 1, 1, -2, -2, 1],
	[17, 22, 21, 21, 17, 16] => QQFieldElem[1, 0, 0, 1, -1, 1, 1, -1, 1, 0],
	[17, 22, 21, 21, 22, 6] => QQFieldElem[-2, 0, 2, 1, 0, 1, 1, 0, 1, 2],
	[17, 22, 21, 21, 22, 11] => QQFieldElem[-5, 0, 8, 11, 5, -2, -2, 5, 11, 8],
	[17, 22, 21, 21, 7, 6] => QQFieldElem[2, 0, -1, 2, 3, 0, 0, 3, 2, -1],
	[17, 22, 21, 21, 12, 16] => QQFieldElem[1, 0, -2, -2, 0, 0, 0, 0, -2, -2],
	[17, 22, 21, 21, 7, 11] => QQFieldElem[-1, 0, 1, 2, 1, 0, 0, 1, 2, 1],
	[17, 22, 21, 21, 17, 6] => QQFieldElem[-1, 0, 1, 0, 0, 1, 1, 0, 0, 1],
	[17, 22, 21, 21, 17, 11] => QQFieldElem[0, 0, 1, 1, 0, -1, -1, 0, 1, 1],
	[17, 22, 21, 21, 12, 6] => QQFieldElem[-6, 0, 5, -1, -4, 2, 2, -4, -1, 5],
	[17, 22, 21, 21, 12, 11] => QQFieldElem[-4, 0, 8, 10, 4, -3, -3, 4, 10, 8],
	[17, 22, 21, 21, 22, 21] => QQFieldElem[0, 0, 0, -1, -1, 1, 1, -1, -1, 0],
	[17, 22, 21, 21, 7, 21] => QQFieldElem[1, 0, -1, 0, 1, -1, -1, 1, 0, -1])