Dict(
	[17, 15, 10, 22, 16, 20] => QQFieldElem[747//67, -41//67, -1409//67, -1829//67, -759//67, 484//67, 503//67, -753//67, -1771//67, -1363//67],
	[17, 15, 10, 22, 18, 25] => QQFieldElem[0, 0, -3, -4, 1, -2, 2, -3, -3, -2],
	[17, 15, 10, 22, 8, 25] => QQFieldElem[1, 1, 1, 3, 0, 1, 1, 1, 2, 2],
	[17, 15, 10, 22, 16, 24] => QQFieldElem[52, 46, -12, -53, -30, 31, 58, 20, -39, -50],
	[17, 15, 10, 22, 16, 19] => QQFieldElem[-9, -8, 2, 9, 5, -6, -11, -4, 7, 9],
	[17, 15, 10, 22, 6, 20] => QQFieldElem[-505//67, -40//67, 1039//67, 1278//67, 575//67, -389//67, -377//67, 540//67, 1297//67, 1061//67],
	[17, 15, 10, 22, 6, 24] => QQFieldElem[-19, -17, 3, 18, 10, -11, -21, -8, 13, 17],
	[17, 15, 10, 22, 6, 19] => QQFieldElem[7, 6, -1, -7, -4, 4, 8, 3, -5, -6],
	[17, 15, 10, 22, 16, 25] => QQFieldElem[1, 1, 1, 2, 1, 1, 0, 2, 1, 2],
	[17, 15, 10, 22, 18, 20] => QQFieldElem[-2147//67, 957//67, 5575//67, 6438//67, 2432//67, -1646//67, -1109//67, 3462//67, 6702//67, 4784//67],
	[17, 15, 10, 22, 8, 20] => QQFieldElem[1673//67, -769//67, -4301//67, -4954//67, -1818//67, 1337//67, 891//67, -2650//67, -5180//67, -3667//67],
	[17, 15, 10, 22, 18, 24] => QQFieldElem[-62, -46, 32, 78, 41, -38, -65, -9, 64, 70],
	[17, 15, 10, 22, 8, 24] => QQFieldElem[23, 17, -12, -29, -15, 14, 24, 3, -24, -26],
	[17, 15, 10, 22, 18, 19] => QQFieldElem[11, 8, -6, -14, -8, 6, 11, 1, -12, -13],
	[17, 15, 10, 22, 6, 25] => QQFieldElem[-1, 0, 0, -1, -1, 1, -1, 0, -1, 0],
	[17, 15, 10, 22, 8, 19] => QQFieldElem[-8, -6, 5, 11, 6, -5, -9, -1, 9, 10])