Dict(
	[17, 17, 16, 18, 17, 13] => QQFieldElem[-2, 4, 10, 10, 4, -2, 0, 7, 12, 7],
	[17, 17, 16, 18, 17, 18] => QQFieldElem[-2, 0, 5, 7, 3, -2, -2, 3, 7, 5],
	[17, 17, 16, 18, 2, 13] => QQFieldElem[-3, -1, -2, -1, -2, -2, -1, -2, -1, -3],
	[17, 17, 16, 18, 12, 13] => QQFieldElem[0, 5, 3, -2, 2, 6, 2, -2, 3, 5],
	[17, 17, 16, 18, 2, 18] => QQFieldElem[-2, -2, 0, -2, -2, 0, -3, -1, -1, -3],
	[17, 17, 16, 18, 12, 18] => QQFieldElem[0, 0, -1, -1, 0, 0, 0, 0, 0, 0],
	[17, 17, 16, 18, 22, 23] => QQFieldElem[-6, 4, 7, -7, -8, 8, 7, -7, -4, 6],
	[17, 17, 16, 18, 17, 23] => QQFieldElem[-2, -3, 0, 2, 0, -3, -2, 0, 0, 0],
	[17, 17, 16, 18, 22, 3] => QQFieldElem[2, 2, 0, 0, 2, 2, 0, 0, 2, 1],
	[17, 17, 16, 18, 2, 23] => QQFieldElem[0, 1, 1, 0, -1, 3, -1, 0, 1, 1],
	[17, 17, 16, 18, 12, 23] => QQFieldElem[10, 0, -7, 5, 8, -4, -4, 8, 5, -7],
	[17, 17, 16, 18, 17, 3] => QQFieldElem[-1, 0, 1, 0, -1, 0, 0, 0, 0, 0],
	[17, 17, 16, 18, 2, 3] => QQFieldElem[2, 0, 0, 2, -1, 2, 0, 0, 2, 0],
	[17, 17, 16, 18, 22, 13] => QQFieldElem[3, -8, -14, -11, -7, -3, 0, -6, -17, -14],
	[17, 17, 16, 18, 12, 3] => QQFieldElem[-1, -2, -1, 0, -2, -2, 0, -1, -2, -1],
	[17, 17, 16, 18, 22, 18] => QQFieldElem[4, 1, -5, -8, -4, 3, 4, -2, -8, -7])