Dict(
	[18, 7, 18, 7, 14, 14] => QQFieldElem[3, 1, 1, 3, 0, 2, 2, 1, 2, 2],
	[18, 7, 18, 7, 22, 12] => QQFieldElem[-4, -4, 0, -6, -1, -1, -6, 0, -4, -4],
	[18, 7, 18, 7, 22, 24] => QQFieldElem[1499//529, -220//529, 640//529, 1401//529, -367//529, 1213//529, 938//529, -268//529, 1626//529, 235//529],
	[18, 7, 18, 7, 22, 22] => QQFieldElem[2, -1, 1, 1, 0, 1, 1, -1, 2, 0],
	[18, 7, 18, 7, 22, 14] => QQFieldElem[-7, 0, -2, -6, 1, -5, -5, 1, -6, -2],
	[18, 7, 18, 7, 24, 12] => QQFieldElem[1, 3, 1, 7, 1, 1, 2, 2, 4, 5],
	[18, 7, 18, 7, 24, 24] => QQFieldElem[-795//529, -136//529, 59//529, -971//529, 658//529, -866//529, -507//529, 296//529, -880//529, 1//529],
	[18, 7, 18, 7, 12, 12] => QQFieldElem[0, 2, 2, -1, 1, 2, 1, -1, 2, 2],
	[18, 7, 18, 7, 12, 24] => QQFieldElem[-353//529, -2205//529, -1280//529, 901//529, 205//529, -839//529, 769//529, 1594//529, -607//529, -1528//529],
	[18, 7, 18, 7, 24, 22] => QQFieldElem[0, 1, 2, 1, 1, 0, 0, 3, 0, 2],
	[18, 7, 18, 7, 14, 12] => QQFieldElem[1, 1, 0, 0, 1, -1, 3, -1, 1, 0],
	[18, 7, 18, 7, 14, 24] => QQFieldElem[14//529, 35//529, -198//529, 246//529, -146//529, 324//529, -29//529, 235//529, 102//529, 167//529],
	[18, 7, 18, 7, 12, 22] => QQFieldElem[-18, -30, -9, -2, -25, -25, -2, -9, -30, -18],
	[18, 7, 18, 7, 14, 22] => QQFieldElem[-1, 0, -1, 0, -1, -1, -1, -1, 0, -1],
	[18, 7, 18, 7, 24, 14] => QQFieldElem[4, -1, 1, 4, 0, 2, 3, -2, 4, 2],
	[18, 7, 18, 7, 12, 14] => QQFieldElem[-7, -7, 0, -2, -8, -4, 1, -4, -8, -2])