Dict(
	[22, 16, 22, 21, 22, 12] => QQFieldElem[-55, -55, 0, 46, 29, -31, -64, -31, 29, 46],
	[22, 16, 22, 21, 22, 17] => QQFieldElem[19, 12, -13, -27, -13, 12, 19, 0, -23, -23],
	[22, 16, 22, 21, 7, 12] => QQFieldElem[5, 9, 7, 2, 0, 2, 7, 9, 5, 0],
	[22, 16, 22, 21, 22, 22] => QQFieldElem[7, 0, -12, -14, -5, 4, 4, -5, -14, -12],
	[22, 16, 22, 21, 7, 17] => QQFieldElem[-2, -3, -2, 0, 0, -2, -2, -2, -2, 0],
	[22, 16, 22, 21, 17, 12] => QQFieldElem[46, 59, 24, -18, -18, 24, 59, 46, 0, -25],
	[22, 16, 22, 21, 7, 22] => QQFieldElem[1, -2, -2, 1, 1, -2, -2, 1, 0, -2],
	[22, 16, 22, 21, 17, 17] => QQFieldElem[-16, -16, 0, 14, 9, -9, -19, -9, 9, 14],
	[22, 16, 22, 21, 17, 22] => QQFieldElem[-6, -4, 4, 8, 4, -4, -6, 0, 7, 7],
	[22, 16, 22, 21, 12, 12] => QQFieldElem[-5, -8, -5, 0, 1, -2, -7, -7, -2, 1],
	[22, 16, 22, 21, 22, 7] => QQFieldElem[3, 3, 1, -1, -1, 1, 3, 3, 0, -2],
	[22, 16, 22, 21, 12, 17] => QQFieldElem[2, 3, 1, 0, 0, 1, 3, 2, 0, 0],
	[22, 16, 22, 21, 12, 22] => QQFieldElem[1, 1, 0, 0, 0, 1, 1, 1, 0, 0],
	[22, 16, 22, 21, 7, 7] => QQFieldElem[-1, -2, -2, -1, 0, -2, -2, 0, -2, -2],
	[22, 16, 22, 21, 17, 7] => QQFieldElem[-2, -3, -2, 0, 1, -1, -3, -3, -1, 1],
	[22, 16, 22, 21, 12, 7] => QQFieldElem[-1, 1, 0, -1, 1, -1, 0, 1, -1, 0])