Dict(
	[22, 7, 17, 17, 23, 16] => QQFieldElem[3, -1, -2, -5, 0, 1, 2, -2, -4, -3],
	[22, 7, 17, 17, 21, 21] => QQFieldElem[-2, -2, -2, -2, -2, 0, -3, -2, -2, -3],
	[22, 7, 17, 17, 21, 18] => QQFieldElem[-5, 0, -3, 0, -2, -2, -2, -2, 0, -3],
	[22, 7, 17, 17, 13, 21] => QQFieldElem[3, 0, -2, -3, -1, 2, 2, -1, -3, -2],
	[22, 7, 17, 17, 13, 18] => QQFieldElem[4, 4, 2, 0, 0, 2, 4, 4, 0, 1],
	[22, 7, 17, 17, 23, 23] => QQFieldElem[1463//1541, -310//1541, 699//1541, 1764//1541, 1257//1541, -251//1541, 914//1541, -639//1541, 1459//1541, 2444//1541],
	[22, 7, 17, 17, 21, 16] => QQFieldElem[-2, 1, -2, 1, -2, 0, -1, 0, 0, -1],
	[22, 7, 17, 17, 13, 16] => QQFieldElem[0, 0, 3, 3, 2, 0, 0, 2, 3, 3],
	[22, 7, 17, 17, 21, 23] => QQFieldElem[-1901//1541, -601//1541, -1871//1541, -1223//1541, -2022//1541, -1277//1541, -1827//1541, -697//1541, -497//1541, -1048//1541],
	[22, 7, 17, 17, 11, 21] => QQFieldElem[3, 1, 2, 1, 3, 0, 3, 1, 1, 3],
	[22, 7, 17, 17, 11, 18] => QQFieldElem[4, 0, 4, 0, 3, 1, 1, 3, 0, 4],
	[22, 7, 17, 17, 13, 23] => QQFieldElem[1430//1541, 33//1541, 1054//1541, 21//1541, 70//1541, 1006//1541, 708//1541, 928//1541, 476//1541, 396//1541],
	[22, 7, 17, 17, 11, 16] => QQFieldElem[3, 0, 3, 0, 3, 0, 2, 1, 1, 2],
	[22, 7, 17, 17, 23, 21] => QQFieldElem[-2, 2, 8, 10, 5, -3, 0, 5, 10, 9],
	[22, 7, 17, 17, 23, 18] => QQFieldElem[1, -5, 2, 4, 4, 0, -2, -2, 3, 6],
	[22, 7, 17, 17, 11, 23] => QQFieldElem[2781//1541, -327//1541, 2164//1541, -68//1541, 1828//1541, 118//1541, 1670//1541, 1031//1541, 1027//1541, 2240//1541])