Dict(
	[23, 17, 22, 21, 13, 7] => QQFieldElem[0, 1, 0, 0, -1, 0, 1, 0, 1, -1],
	[23, 17, 22, 21, 23, 12] => QQFieldElem[7, 5, 0, -4, -2, 5, 6, 4, -4, -3],
	[23, 17, 22, 21, 23, 17] => QQFieldElem[2, 0, -1, -2, -1, 1, 2, -1, -1, -2],
	[23, 17, 22, 21, 23, 22] => QQFieldElem[1, 0, -1, -1, 0, 1, 1, 0, -1, -1],
	[23, 17, 22, 21, 8, 12] => QQFieldElem[0, -2, -1, 0, -1, -1, 0, -3, 2, -3],
	[23, 17, 22, 21, 18, 12] => QQFieldElem[-4, -5, -1, 3, 2, -2, -5, -3, 1, 3],
	[23, 17, 22, 21, 18, 17] => QQFieldElem[-2, 0, 0, 1, 1, -1, -1, 0, 0, 2],
	[23, 17, 22, 21, 8, 17] => QQFieldElem[-2, 12, -4, 2, 11, -7, 8, 5, -5, 11],
	[23, 17, 22, 21, 18, 22] => QQFieldElem[-9//23, -11//23, 9//23, 16//23, -8//23, -21//23, -29//23, -18//23, 10//23, 6//23],
	[23, 17, 22, 21, 8, 22] => QQFieldElem[24//23, -55//23, -1//23, 11//23, -40//23, 10//23, -30//23, -21//23, 27//23, -62//23],
	[23, 17, 22, 21, 13, 12] => QQFieldElem[-1, 2, -1, 0, 2, -1, 0, 2, -2, 2],
	[23, 17, 22, 21, 23, 7] => QQFieldElem[-27, -33, -7, 17, 14, -15, -35, -23, 6, 20],
	[23, 17, 22, 21, 13, 17] => QQFieldElem[1, 13, -4, 7, 10, -6, 12, 5, -4, 14],
	[23, 17, 22, 21, 13, 22] => QQFieldElem[1//23, 14//23, -24//23, 11//23, 29//23, -13//23, 16//23, 25//23, 4//23, 7//23],
	[23, 17, 22, 21, 18, 7] => QQFieldElem[24, 33, 18, -5, -8, 12, 32, 29, 6, -9],
	[23, 17, 22, 21, 8, 7] => QQFieldElem[4, 4, 5, 2, 1, 2, 4, 5, 3, 2])