Dict(
	[23, 18, 16, 23, 18, 13] => QQFieldElem[-2, 7, 16, 14, 4, -3, 2, 12, 17, 10],
	[23, 18, 16, 23, 18, 18] => QQFieldElem[-1, 1, 4, 4, 1, -2, -2, 1, 3, 2],
	[23, 18, 16, 23, 3, 13] => QQFieldElem[-1, 0, 2, -1, 2, 0, 2, -2, 1, -1],
	[23, 18, 16, 23, 13, 13] => QQFieldElem[3, -2, 0, -2, 1, 1, 0, 0, -2, 2],
	[23, 18, 16, 23, 3, 18] => QQFieldElem[-2, -7, 1, -3, -6, -1, -6, -4, -2, -8],
	[23, 18, 16, 23, 23, 8] => QQFieldElem[4, 10, 13, 10, 4, 0, 5, 13, 13, 5],
	[23, 18, 16, 23, 13, 18] => QQFieldElem[-1, 0, -1, -1, 0, 0, 0, 0, -1, 0],
	[23, 18, 16, 23, 23, 23] => QQFieldElem[44//23, 4//23, -16//23, -56//23, -12//23, 20//23, 35//23, -6//23, -47//23, -32//23],
	[23, 18, 16, 23, 18, 8] => QQFieldElem[-4, -14, -18, -12, -4, -3, -9, -15, -14, -6],
	[23, 18, 16, 23, 18, 23] => QQFieldElem[-27//23, 0, 43//23, 50//23, 12//23, -9//23, -9//23, 12//23, 50//23, 43//23],
	[23, 18, 16, 23, 3, 8] => QQFieldElem[-2, -6, -1, 3, -2, -5, 0, 0, -7, -6],
	[23, 18, 16, 23, 3, 23] => QQFieldElem[232//253, 563//253, 344//253, 356//253, 71//253, 28//11, 645//253, -223//253, 559//253, 714//253],
	[23, 18, 16, 23, 13, 8] => QQFieldElem[1, 4, 5, 3, 1, 2, 3, 3, 2, 1],
	[23, 18, 16, 23, 13, 23] => QQFieldElem[-56//253, 9//253, -135//253, 29//253, -137//253, 93//253, -40//253, 3//253, -152//253, -10//253],
	[23, 18, 16, 23, 23, 13] => QQFieldElem[-3, -7, -19, -19, -7, -3, 0, -18, -16, -18],
	[23, 18, 16, 23, 23, 18] => QQFieldElem[3, 0, -3, -4, -1, 1, 1, -1, -4, -3])