Dict(
	[4, 5, 25, 24, 24, 5] => QQFieldElem[11, 0, 9, 2, 7, 4, 4, 7, 2, 9],
	[4, 5, 25, 24, 21, 5] => QQFieldElem[8, 0, -13, 5, 7, -8, -8, 7, 5, -13],
	[4, 5, 25, 24, 25, 3] => QQFieldElem[0, 0, 0, 0, 0, 1, 1, 0, 0, 0],
	[4, 5, 25, 24, 23, 3] => QQFieldElem[3, 0, -2, 1, 1, -4, -4, 1, 1, -2],
	[4, 5, 25, 24, 24, 3] => QQFieldElem[1, 0, -1, -2, -3, -4, -4, -3, -2, -1],
	[4, 5, 25, 24, 21, 3] => QQFieldElem[7, 0, -4, 8, 13, 4, 4, 13, 8, -4],
	[4, 5, 25, 24, 25, 4] => QQFieldElem[1, 0, 0, 0, 0, 0, 0, 0, 0, 0],
	[4, 5, 25, 24, 23, 4] => QQFieldElem[1, 0, -1, 1, 1, -1, -1, 1, 1, -1],
	[4, 5, 25, 24, 25, 2] => QQFieldElem[2, 0, -3, -3, -1, 1, 1, -1, -3, -3],
	[4, 5, 25, 24, 23, 2] => QQFieldElem[-1, 0, 7, 15, 9, -6, -6, 9, 15, 7],
	[4, 5, 25, 24, 25, 5] => QQFieldElem[2, 0, 2, 0, 1, 1, 1, 1, 0, 2],
	[4, 5, 25, 24, 24, 4] => QQFieldElem[4, 0, 2, 4, 1, 4, 4, 1, 4, 2],
	[4, 5, 25, 24, 23, 5] => QQFieldElem[5, 0, -10, 4, 5, -6, -6, 5, 4, -10],
	[4, 5, 25, 24, 21, 4] => QQFieldElem[-2, 0, 0, 0, -1, 1, 1, -1, 0, 0],
	[4, 5, 25, 24, 24, 2] => QQFieldElem[1, 0, 0, 0, 0, 1, 1, 0, 0, 0],
	[4, 5, 25, 24, 21, 2] => QQFieldElem[-4, 0, 3, -1, -3, 1, 1, -3, -1, 3])