Dict(
	[4, 10, 10, 14, 13, 9] => QQFieldElem[1, 1, 0, 2, 0, 0, 2, 0, 0, 2],
	[4, 10, 10, 14, 14, 9] => QQFieldElem[-1, -1, 0, 0, 0, -1, -1, 0, 1, 1],
	[4, 10, 10, 14, 15, 7] => QQFieldElem[1, 1, 0, 0, 0, 0, 1, 1, 0, 0],
	[4, 10, 10, 14, 11, 8] => QQFieldElem[-1, -4, -1, 0, -3, -4, 0, 0, -4, -3],
	[4, 10, 10, 14, 13, 7] => QQFieldElem[1, -1, 1, 1, -1, 1, 1, -1, 1, 0],
	[4, 10, 10, 14, 14, 7] => QQFieldElem[0, -1, 0, 0, 0, 0, -1, -1, 0, 0],
	[4, 10, 10, 14, 11, 9] => QQFieldElem[2, -1, -2, 1, 1, -2, -1, 2, 0, -2],
	[4, 10, 10, 14, 15, 10] => QQFieldElem[6//11, 1//11, -15//11, -9//11, -3//11, 3//11, 9//11, -7//11, -12//11, -6//11],
	[4, 10, 10, 14, 13, 10] => QQFieldElem[7//11, -8//11, -1//11, 6//11, -9//11, 9//11, -6//11, 1//11, 8//11, -7//11],
	[4, 10, 10, 14, 14, 10] => QQFieldElem[0, -1, 1, 0, 0, 0, -1, 0, 1, 0],
	[4, 10, 10, 14, 11, 7] => QQFieldElem[1, -2, -2, 1, 0, -3, -1, 2, -1, -3],
	[4, 10, 10, 14, 15, 8] => QQFieldElem[4, 2, -2, -5, -2, 2, 4, 0, -4, -4],
	[4, 10, 10, 14, 13, 8] => QQFieldElem[-1, 0, -1, 0, 0, -1, 0, -1, 0, -1],
	[4, 10, 10, 14, 11, 10] => QQFieldElem[-14//11, -39//11, -20//11, -1//11, -26//11, -40//11, -10//11, -2//11, -38//11, -30//11],
	[4, 10, 10, 14, 14, 8] => QQFieldElem[-3, -3, 0, 2, 2, -2, -3, -2, 2, 2],
	[4, 10, 10, 14, 15, 9] => QQFieldElem[1, 0, -2, -2, -1, 0, 0, -1, -2, -2])