Dict(
	[4, 14, 14, 14, 13, 11] => QQFieldElem[0, -1, 0, 0, -1, -1, 0, 0, -1, -1],
	[4, 14, 14, 14, 14, 11] => QQFieldElem[-1, -2, -1, 1, 1, -1, -2, -1, 0, 1],
	[4, 14, 14, 14, 15, 14] => QQFieldElem[1, 0, -2, -3, -1, 1, 0, -2, -3, -2],
	[4, 14, 14, 14, 13, 14] => QQFieldElem[0, -1, -1, -1, -1, -1, 0, 0, 0, 0],
	[4, 14, 14, 14, 14, 14] => QQFieldElem[-1, 0, 1, 2, 1, -1, -1, 1, 2, 1],
	[4, 14, 14, 14, 11, 11] => QQFieldElem[2, -6, -6, 2, 0, -8, -3, 3, -3, -8],
	[4, 14, 14, 14, 15, 13] => QQFieldElem[3, 0, -6, -9, -6, 2, 4, -3, -10, -8],
	[4, 14, 14, 14, 15, 15] => QQFieldElem[-1, -3, -2, -2, -3, -1, 0, -2, -4, -2],
	[4, 14, 14, 14, 13, 13] => QQFieldElem[2, 2, 0, 0, 2, 1, 1, 1, 2, 0],
	[4, 14, 14, 14, 11, 14] => QQFieldElem[2, -2, -4, 1, 1, -4, -2, 2, 0, -4],
	[4, 14, 14, 14, 14, 13] => QQFieldElem[-4, -3, 4, 6, 4, -3, -4, 0, 6, 6],
	[4, 14, 14, 14, 14, 15] => QQFieldElem[-8//11, 6//11, 9//11, 12//11, 4//11, -4//11, -1//11, 2//11, 16//11, 8//11],
	[4, 14, 14, 14, 13, 15] => QQFieldElem[25//11, 17//11, 9//11, 1//11, 26//11, 18//11, -1//11, 13//11, 27//11, 8//11],
	[4, 14, 14, 14, 11, 13] => QQFieldElem[1, 6, 1, 0, 3, 5, 0, 0, 5, 3],
	[4, 14, 14, 14, 11, 15] => QQFieldElem[15//11, 85//11, 34//11, -17//11, 53//11, 68//11, 17//11, -12//11, 80//11, 51//11],
	[4, 14, 14, 14, 15, 11] => QQFieldElem[2, 3, 1, -1, 0, 2, 2, 1, 1, 0])