Dict(
	[5, 4, 10, 10, 8, 5] => QQFieldElem[3, 0, -4, -4, -1, 1, 1, -1, -4, -4],
	[5, 4, 10, 10, 10, 5] => QQFieldElem[3, 0, -4, -4, -1, 1, 1, -1, -4, -4],
	[5, 4, 10, 10, 9, 4] => QQFieldElem[-3, 0, 3, 3, 2, -2, -2, 2, 3, 3],
	[5, 4, 10, 10, 9, 2] => QQFieldElem[-2, 0, 0, -1, 1, -1, -1, 1, -1, 0],
	[5, 4, 10, 10, 7, 3] => QQFieldElem[-6, 0, 10, 13, 5, -4, -4, 5, 13, 10],
	[5, 4, 10, 10, 9, 5] => QQFieldElem[-2, 0, 1, 1, 1, -1, -1, 1, 1, 1],
	[5, 4, 10, 10, 8, 3] => QQFieldElem[-14, 0, 25, 32, 13, -10, -10, 13, 32, 25],
	[5, 4, 10, 10, 10, 3] => QQFieldElem[-10, 0, 19, 24, 10, -7, -7, 10, 24, 19],
	[5, 4, 10, 10, 7, 4] => QQFieldElem[1, 0, -3, -4, -2, 1, 1, -2, -4, -3],
	[5, 4, 10, 10, 7, 2] => QQFieldElem[1, 0, -1, -1, 0, 0, 0, 0, -1, -1],
	[5, 4, 10, 10, 8, 4] => QQFieldElem[5, 0, -9, -11, -4, 3, 3, -4, -11, -9],
	[5, 4, 10, 10, 10, 4] => QQFieldElem[4, 0, -8, -10, -4, 3, 3, -4, -10, -8],
	[5, 4, 10, 10, 8, 2] => QQFieldElem[1, 0, -2, -2, 0, 0, 0, 0, -2, -2],
	[5, 4, 10, 10, 10, 2] => QQFieldElem[1, 0, -1, -1, 0, 0, 0, 0, -1, -1],
	[5, 4, 10, 10, 7, 5] => QQFieldElem[1, 0, -2, -1, 0, 0, 0, 0, -1, -2],
	[5, 4, 10, 10, 9, 3] => QQFieldElem[5, 0, -8, -10, -4, 4, 4, -4, -10, -8])