Dict(
	[5, 10, 10, 15, 12, 8] => QQFieldElem[3, -3, 1, 3, -4, 5, -2, -1, 3, -1],
	[5, 10, 10, 15, 15, 8] => QQFieldElem[7, 3, 1, -10, 0, 0, 10, -1, -3, -7],
	[5, 10, 10, 15, 13, 8] => QQFieldElem[-2, 3, -1, -1, 5, -6, 5, 0, -3, 4],
	[5, 10, 10, 15, 11, 10] => QQFieldElem[36//11, 17//11, 20//11, 34//11, 15//11, 18//11, 21//11, 2//11, 16//11, 19//11],
	[5, 10, 10, 15, 14, 8] => QQFieldElem[-7, -5, -4, 5, -1, -1, -9, -3, 0, 3],
	[5, 10, 10, 15, 12, 6] => QQFieldElem[-2, 0, 2, 0, -3, 0, 2, -1, -1, 1],
	[5, 10, 10, 15, 15, 6] => QQFieldElem[-4, -6, -2, 1, 1, -2, -5, -5, -2, 2],
	[5, 10, 10, 15, 13, 6] => QQFieldElem[-2, -5, -2, 0, -3, -5, -1, 0, -5, -4],
	[5, 10, 10, 15, 12, 9] => QQFieldElem[4, 69, -20, 32, 53, -27, 57, 27, -18, 71],
	[5, 10, 10, 15, 14, 6] => QQFieldElem[3, 6, 4, 0, -1, 2, 5, 5, 3, 0],
	[5, 10, 10, 15, 15, 9] => QQFieldElem[1, 0, -2, -3, -2, 1, 1, -1, -3, -3],
	[5, 10, 10, 15, 13, 9] => QQFieldElem[40, 80, -13, 69, 56, -10, 89, 26, 10, 93],
	[5, 10, 10, 15, 14, 9] => QQFieldElem[2, 3, 1, 6, 4, 0, 4, 1, 3, 7],
	[5, 10, 10, 15, 12, 7] => QQFieldElem[5, 6, 6, 3, 0, 3, 5, 7, 4, 2],
	[5, 10, 10, 15, 15, 7] => QQFieldElem[-30, -36, -7, 22, 16, -14, -39, -22, 8, 25],
	[5, 10, 10, 15, 11, 8] => QQFieldElem[-3, 3, -6, 5, -7, 5, -6, 3, -3, 0],
	[5, 10, 10, 15, 13, 7] => QQFieldElem[1, 1, 1, 0, -1, 0, 1, 0, 1, -1],
	[5, 10, 10, 15, 14, 7] => QQFieldElem[27, 38, 20, -6, -9, 14, 37, 32, 6, -12],
	[5, 10, 10, 15, 11, 6] => QQFieldElem[-2, -2, -1, 0, -2, -2, 0, -1, -2, -2],
	[5, 10, 10, 15, 11, 9] => QQFieldElem[0, -4, 0, 0, -5, 2, -3, -3, 2, -5],
	[5, 10, 10, 15, 12, 10] => QQFieldElem[109//11, 9//11, 30//11, 106//11, -16//11, 71//11, 81//11, -19//11, 101//11, 45//11],
	[5, 10, 10, 15, 15, 10] => QQFieldElem[1, 0, -1, -1, 0, 2, 2, 0, -1, -1],
	[5, 10, 10, 15, 13, 10] => QQFieldElem[-135//11, 27//11, -53//11, -100//11, 40//11, -106//11, -54//11, 31//11, -137//11, -8//11],
	[5, 10, 10, 15, 14, 10] => QQFieldElem[-5//11, -10//11, 7//11, 13//11, -3//11, -8//11, -13//11, -7//11, 10//11, 5//11],
	[5, 10, 10, 15, 11, 7] => QQFieldElem[2, 1, 1, 2, 0, 3, 0, 4, 0, 3])