Dict(
	[7, 22, 7, 22, 18, 23] => QQFieldElem[-2569//7921, 2073//7921, 339//7921, 96//7921, 569//7921, -1297//7921, 86//7921, -748//7921, -1276//7921, -2693//7921],
	[7, 22, 7, 22, 16, 21] => QQFieldElem[0, -1, -1, 0, 0, 0, 0, 1, 0, 0],
	[7, 22, 7, 22, 16, 18] => QQFieldElem[-2, 0, -3, 0, -1, -1, -1, -1, 0, -3],
	[7, 22, 7, 22, 21, 23] => QQFieldElem[1577//7921, 4114//7921, -1574//7921, 6564//7921, -3670//7921, 9340//7921, -4021//7921, 8263//7921, -4076//7921, 4980//7921],
	[7, 22, 7, 22, 16, 16] => QQFieldElem[-1, -1, -1, -1, 0, -2, 0, -2, 0, -2],
	[7, 22, 7, 22, 16, 23] => QQFieldElem[3242//7921, 7232//7921, 9929//7921, 17392//7921, 17273//7921, 19819//7921, 12940//7921, 12346//7921, 3821//7921, 1900//7921],
	[7, 22, 7, 22, 23, 21] => QQFieldElem[2, 0, 0, -1, -1, 1, 3, -2, 0, -1],
	[7, 22, 7, 22, 23, 18] => QQFieldElem[4, -1, 3, 2, 1, 3, 1, 2, 0, 4],
	[7, 22, 7, 22, 18, 21] => QQFieldElem[-1, 0, 0, 0, 0, -1, -1, 0, 0, 0],
	[7, 22, 7, 22, 18, 18] => QQFieldElem[0, 0, 1, -1, 1, -1, 1, 0, 0, 0],
	[7, 22, 7, 22, 23, 16] => QQFieldElem[-1, 1, -2, -2, -1, 1, -2, 2, -4, -1],
	[7, 22, 7, 22, 21, 21] => QQFieldElem[0, 0, 0, 0, 0, 1, -1, 1, -1, 1],
	[7, 22, 7, 22, 21, 18] => QQFieldElem[-4, 0, -4, -1, -3, -2, -2, -3, -1, -4],
	[7, 22, 7, 22, 18, 16] => QQFieldElem[2, 0, 2, 2, 1, 1, 1, 1, 2, 2],
	[7, 22, 7, 22, 23, 23] => QQFieldElem[8225//7921, -5601//7921, 4850//7921, -2552//7921, 7977//7921, -1826//7921, 6955//7921, -6519//7921, 7517//7921, 960//7921],
	[7, 22, 7, 22, 21, 16] => QQFieldElem[-1, -1, -1, -1, 0, -2, 1, -3, 1, -2])