Dict(
	[7, 22, 22, 17, 11, 23] => QQFieldElem[724//737, 942//737, -446//737, 663//737, -76//737, -496//737, 481//737, 28//737, -29//737, 1267//737],
	[7, 22, 22, 17, 23, 16] => QQFieldElem[-2, 1, 4, 1, 1, 1, 1, -1, 3, 4],
	[7, 22, 22, 17, 21, 21] => QQFieldElem[0, 0, 0, 1, 0, 0, 0, 0, 0, 1],
	[7, 22, 22, 17, 21, 18] => QQFieldElem[-3, 0, -3, -1, -2, -1, -1, -2, -1, -3],
	[7, 22, 22, 17, 13, 21] => QQFieldElem[0, 0, 2, 3, 1, 0, 0, 1, 3, 2],
	[7, 22, 22, 17, 13, 18] => QQFieldElem[0, 1, 2, 1, 1, -1, 1, 1, 2, 1],
	[7, 22, 22, 17, 23, 23] => QQFieldElem[-699//737, -826//737, -227//737, -1201//737, -118//737, -421//737, -669//737, -422//737, -879//737, -1039//737],
	[7, 22, 22, 17, 21, 16] => QQFieldElem[-1, -1, 0, 0, -2, 0, 0, 0, -2, 0],
	[7, 22, 22, 17, 13, 16] => QQFieldElem[1, 0, -2, -1, 0, 0, 0, 0, -1, -2],
	[7, 22, 22, 17, 21, 23] => QQFieldElem[144//737, 167//737, -162//737, 26//737, -292//737, -5//737, -169//737, 30//737, -189//737, 252//737],
	[7, 22, 22, 17, 11, 21] => QQFieldElem[4, 4, 0, 5, 2, 1, 5, 1, 2, 5],
	[7, 22, 22, 17, 11, 18] => QQFieldElem[4, 0, 4, 0, 3, 1, 1, 3, 0, 4],
	[7, 22, 22, 17, 13, 23] => QQFieldElem[724//737, 205//737, 291//737, 663//737, -76//737, 241//737, 481//737, 28//737, 708//737, 530//737],
	[7, 22, 22, 17, 11, 16] => QQFieldElem[0, 0, 0, -1, 1, -1, 0, -1, 1, -1],
	[7, 22, 22, 17, 23, 21] => QQFieldElem[1, 0, -3, -6, -2, 1, 1, -2, -5, -4],
	[7, 22, 22, 17, 23, 18] => QQFieldElem[4, -2, 0, -1, 0, 3, 0, 0, -2, 1])