Dict(
	[7, 22, 17, 17, 13, 18] => QQFieldElem[1, 1, 3, 1, 1, 0, 1, 2, 2, 1],
	[7, 22, 17, 17, 23, 23] => QQFieldElem[1258//1541, -418//1541, -25//1541, -39//1541, 36//1541, 845//1541, -517//1541, -45//1541, -152//1541, 91//1541],
	[7, 22, 17, 17, 21, 16] => QQFieldElem[-2, 0, -1, -1, -1, -1, 0, -2, 0, -2],
	[7, 22, 17, 17, 13, 16] => QQFieldElem[1, 0, 0, -1, 0, 1, 1, 0, -1, 0],
	[7, 22, 17, 17, 21, 23] => QQFieldElem[-832//1541, 323//1541, -471//1541, -180//1541, -308//1541, -723//1541, -371//1541, -1156//1541, -583//1541, -1121//1541],
	[7, 22, 17, 17, 11, 21] => QQFieldElem[2, -1, 2, 0, 0, 2, -1, 2, 0, 1],
	[7, 22, 17, 17, 11, 18] => QQFieldElem[4, 0, 4, 0, 3, 1, 1, 3, 0, 4],
	[7, 22, 17, 17, 13, 23] => QQFieldElem[1079//1541, 472//1541, 972//1541, 715//1541, 881//1541, 432//1541, 746//1541, 825//1541, 732//1541, 900//1541],
	[7, 22, 17, 17, 11, 16] => QQFieldElem[3, 0, 2, 1, 1, 2, 0, 3, 0, 3],
	[7, 22, 17, 17, 23, 21] => QQFieldElem[2, 0, -2, -4, -2, 2, 1, -1, -4, -3],
	[7, 22, 17, 17, 23, 18] => QQFieldElem[3, -2, -1, -1, 1, 2, 0, -1, -2, 1],
	[7, 22, 17, 17, 11, 23] => QQFieldElem[3108//1541, 327//1541, 2567//1541, 1354//1541, 1358//1541, 1997//1541, 445//1541, 2155//1541, 259//1541, 2491//1541],
	[7, 22, 17, 17, 23, 16] => QQFieldElem[-1, 0, 3, 2, 0, 1, 0, 1, 1, 4],
	[7, 22, 17, 17, 21, 21] => QQFieldElem[-1, 0, -1, 0, 0, -1, 0, -1, 0, 0],
	[7, 22, 17, 17, 21, 18] => QQFieldElem[-3, 0, -3, -1, -2, -1, -1, -2, -1, -3],
	[7, 22, 17, 17, 13, 21] => QQFieldElem[0, 0, 2, 2, 1, 0, 0, 1, 2, 2])