Dict(
	[7, 9, 12, 14, 18, 3] => QQFieldElem[16, 0, -13, 8, 14, -8, -8, 14, 8, -13],
	[7, 9, 12, 14, 8, 3] => QQFieldElem[-3, -3, -2, -1, -3, -3, -1, -2, -3, -3],
	[7, 9, 12, 14, 10, 3] => QQFieldElem[3, 8, 1, 0, 6, 6, 0, 1, 8, 3],
	[7, 9, 12, 14, 18, 13] => QQFieldElem[-2, -6, -2, 0, -4, -5, -1, -1, -5, -4],
	[7, 9, 12, 14, 18, 15] => QQFieldElem[93//23, -11//23, -64//23, 49//23, 74//23, -54//23, -43//23, 76//23, 30//23, -75//23],
	[7, 9, 12, 14, 8, 15] => QQFieldElem[14//23, 3//23, 13//23, 3//23, -1//23, -10//23, -7//23, -7//23, -11//23, 5//23],
	[7, 9, 12, 14, 10, 13] => QQFieldElem[2, 0, 1, 1, 1, 1, 1, 1, 1, 1],
	[7, 9, 12, 14, 10, 15] => QQFieldElem[26//23, 10//23, 24//23, -3//23, 25//23, 18//23, 1//23, 17//23, 14//23, 20//23],
	[7, 9, 12, 14, 20, 3] => QQFieldElem[-10, -8, 6, -3, -12, -2, 4, -7, -11, 4],
	[7, 9, 12, 14, 8, 13] => QQFieldElem[2, 0, 1, 1, 0, 1, 1, 0, 1, 1],
	[7, 9, 12, 14, 18, 5] => QQFieldElem[3, 0, -4, 2, 3, -2, -2, 3, 2, -4],
	[7, 9, 12, 14, 8, 5] => QQFieldElem[-2, -1, -2, -1, -2, -2, -1, -2, -1, -2],
	[7, 9, 12, 14, 10, 5] => QQFieldElem[-2, 2, -2, -1, 0, 0, -1, -2, 2, -2],
	[7, 9, 12, 14, 20, 13] => QQFieldElem[-1, 4, 1, -1, 1, 2, 1, 0, 1, 2],
	[7, 9, 12, 14, 20, 15] => QQFieldElem[-82//23, -36//23, 12//23, -19//23, -97//23, -12//23, 28//23, -3, -64//23, 7//23],
	[7, 9, 12, 14, 20, 5] => QQFieldElem[2, -2, 5, 0, -1, 2, 3, 1, -3, 5])