Dict(
	[8, 18, 17, 17, 24, 13] => QQFieldElem[-2, -3, -2, -2, -1, -3, -2, 0, -4, -3],
	[8, 18, 17, 17, 24, 21] => QQFieldElem[-2, 1, 2, -2, -2, 3, 1, -2, -1, 2],
	[8, 18, 17, 17, 12, 13] => QQFieldElem[5, 0, -3, 2, 4, -2, -2, 4, 2, -3],
	[8, 18, 17, 17, 12, 21] => QQFieldElem[-37, -37, 0, -11, -44, -25, 4, -25, -44, -11],
	[8, 18, 17, 17, 22, 23] => QQFieldElem[19//23, 0, 3//23, 20//23, 10//23, 0, 21//23, 9//23, 5//23, 11//23],
	[8, 18, 17, 17, 14, 13] => QQFieldElem[0, 4, 2, 0, 2, 3, 2, 0, 2, 4],
	[8, 18, 17, 17, 14, 21] => QQFieldElem[4, 0, -3, 2, 3, -2, -2, 3, 2, -3],
	[8, 18, 17, 17, 22, 11] => QQFieldElem[1, 1, 0, 1, 0, 1, 1, 1, 0, 1],
	[8, 18, 17, 17, 24, 23] => QQFieldElem[-100//23, -118//23, -22//23, -37//23, -124//23, -83//23, -12//23, -62//23, -130//23, -60//23],
	[8, 18, 17, 17, 12, 23] => QQFieldElem[-18//23, -289//23, -173//23, 40//23, -119//23, -306//23, -82//23, 35//23, -220//23, -256//23],
	[8, 18, 17, 17, 24, 11] => QQFieldElem[-3, -1, 4, 4, 2, -2, -2, 1, 5, 3],
	[8, 18, 17, 17, 12, 11] => QQFieldElem[-1, -1, 0, -2, -3, -1, 2, -1, -3, -2],
	[8, 18, 17, 17, 14, 23] => QQFieldElem[113//23, 167//23, 2, 26//23, 155//23, 143//23, 15//23, 61//23, 179//23, 89//23],
	[8, 18, 17, 17, 22, 13] => QQFieldElem[2, 0, 0, 2, -1, 1, 1, -1, 2, 0],
	[8, 18, 17, 17, 14, 11] => QQFieldElem[0, 0, -1, -1, 0, 0, 0, 0, -1, -1],
	[8, 18, 17, 17, 22, 21] => QQFieldElem[-1, -1, 0, 0, -1, -1, 1, -1, -1, 0])