Dict(
	[8, 12, 8, 14, 9, 17] => QQFieldElem[1, 0, 0, 0, -1, 1, 1, -1, 0, 0],
	[8, 12, 8, 14, 9, 19] => QQFieldElem[669//2189, -312//2189, 940//2189, 498//2189, -395//2189, 1847//2189, 503//2189, -687//2189, 950//2189, -86//2189],
	[8, 12, 8, 14, 9, 9] => QQFieldElem[0, 1, 2, 0, 0, 2, 0, 0, 2, 1],
	[8, 12, 8, 14, 9, 7] => QQFieldElem[-5, 0, -2, -5, 2, -4, -4, 2, -5, -2],
	[8, 12, 8, 14, 19, 17] => QQFieldElem[3, 1, -4, -5, 1, 1, -1, 1, -3, -5],
	[8, 12, 8, 14, 19, 19] => QQFieldElem[21//199, -91//199, -356//199, -203//199, 175//199, -249//199, -243//199, 123//199, -237//199, -307//199],
	[8, 12, 8, 14, 7, 17] => QQFieldElem[2, 2, 0, -7, -4, 2, 2, 2, -4, -7],
	[8, 12, 8, 14, 7, 19] => QQFieldElem[-3649//2189, -1567//2189, -134//2189, -3266//2189, -293//2189, -1423//2189, -3290//2189, 233//2189, -2371//2189, -2214//2189],
	[8, 12, 8, 14, 17, 17] => QQFieldElem[-1, -1, 0, 1, -1, -1, 1, -1, -1, 1],
	[8, 12, 8, 14, 19, 9] => QQFieldElem[1, -6, -12, -7, -1, -3, -3, -5, -11, -8],
	[8, 12, 8, 14, 17, 19] => QQFieldElem[746//2189, 84//2189, 1094//2189, 1213//2189, -483//2189, 934//2189, 1801//2189, -236//2189, 81//2189, 1707//2189],
	[8, 12, 8, 14, 7, 9] => QQFieldElem[-2, 0, -1, -3, 0, -1, -1, 0, -3, -1],
	[8, 12, 8, 14, 17, 9] => QQFieldElem[0, 0, 1, 0, -1, 1, 1, -1, 0, 1],
	[8, 12, 8, 14, 19, 7] => QQFieldElem[7, 3, 2, 9, -1, 4, 10, -2, 5, 7],
	[8, 12, 8, 14, 7, 7] => QQFieldElem[13, 13, 0, 17, 8, 3, 18, 3, 8, 17],
	[8, 12, 8, 14, 17, 7] => QQFieldElem[-3, -3, 0, -5, -1, 0, -6, 0, -1, -5])