Dict(
	[8, 10, 10, 10, 4, 14] => QQFieldElem[3, 0, 3, 0, 2, 1, 1, 2, 0, 3],
	[8, 10, 10, 10, 13, 14] => QQFieldElem[1, 1, 0, 1, 0, 1, 0, 1, 0, 1],
	[8, 10, 10, 10, 14, 14] => QQFieldElem[-1, -1, 0, 1, 1, -1, -1, -1, 1, 1],
	[8, 10, 10, 10, 4, 3] => QQFieldElem[0, -2, 0, 0, -2, 1, -2, 0, 0, -2],
	[8, 10, 10, 10, 14, 3] => QQFieldElem[-1, 0, 1, 1, 1, -1, -1, 1, 1, 1],
	[8, 10, 10, 10, 13, 3] => QQFieldElem[0, 0, 1, 0, -1, 1, 1, -1, 0, 1],
	[8, 10, 10, 10, 3, 15] => QQFieldElem[576//737, 305//737, -142//737, 456//737, 515//737, -141//737, -467//737, 472//737, 487//737, -92//737],
	[8, 10, 10, 10, 15, 13] => QQFieldElem[6, 4, 1, -4, -2, 3, 6, 3, -3, -3],
	[8, 10, 10, 10, 15, 4] => QQFieldElem[-13, 2, 27, 34, 13, -9, -9, 16, 34, 26],
	[8, 10, 10, 10, 4, 15] => QQFieldElem[29//737, -206//737, 21//737, -192//737, 365//737, -57//737, 313//737, 34//737, 338//737, -194//737],
	[8, 10, 10, 10, 13, 15] => QQFieldElem[568//737, 311//737, 208//737, 204//737, 211//737, 383//737, 82//737, 56//737, 470//737, 114//737],
	[8, 10, 10, 10, 14, 15] => QQFieldElem[-714//737, -570//737, -85//737, 356//737, 137//737, -401//737, -565//737, -278//737, 141//737, 329//737],
	[8, 10, 10, 10, 3, 5] => QQFieldElem[0, -5, -5, -1, -2, -4, -2, -1, -5, -5],
	[8, 10, 10, 10, 4, 5] => QQFieldElem[0, -1, 0, 0, 0, -1, 0, 0, 0, -1],
	[8, 10, 10, 10, 13, 5] => QQFieldElem[0, 0, 0, -1, -1, 1, 1, -1, -1, 0],
	[8, 10, 10, 10, 14, 5] => QQFieldElem[-5, 0, 9, 12, 5, -4, -4, 5, 12, 9],
	[8, 10, 10, 10, 3, 13] => QQFieldElem[-2, 0, -1, 2, 0, -2, -2, 0, 2, -1],
	[8, 10, 10, 10, 3, 4] => QQFieldElem[0, 3, 5, 5, 1, 0, 1, 5, 5, 3],
	[8, 10, 10, 10, 4, 13] => QQFieldElem[-4, 0, -4, -1, -3, -2, -2, -3, -1, -4],
	[8, 10, 10, 10, 4, 4] => QQFieldElem[0, -1, 0, -1, 0, 0, 0, -1, 0, -1],
	[8, 10, 10, 10, 14, 13] => QQFieldElem[-4, -4, 0, 4, 2, -2, -5, -2, 2, 4],
	[8, 10, 10, 10, 14, 4] => QQFieldElem[11, 0, -21, -27, -11, 8, 8, -11, -27, -21],
	[8, 10, 10, 10, 13, 13] => QQFieldElem[1, 1, 0, 0, 0, 1, 0, 1, 0, 0],
	[8, 10, 10, 10, 13, 4] => QQFieldElem[-1, 0, 2, 2, 1, -1, -1, 1, 2, 2],
	[8, 10, 10, 10, 5, 14] => QQFieldElem[4, 0, 3, 0, 2, 1, 1, 2, 0, 3],
	[8, 10, 10, 10, 5, 3] => QQFieldElem[0, -1, 0, 0, -1, 0, -1, 0, 0, -1],
	[8, 10, 10, 10, 5, 15] => QQFieldElem[150//737, 256//737, -298//737, 303//737, -196//737, 493//737, -160//737, 430//737, -234//737, 191//737],
	[8, 10, 10, 10, 5, 5] => QQFieldElem[0, 1, 1, 2, 0, 0, 0, 2, 1, 1],
	[8, 10, 10, 10, 15, 14] => QQFieldElem[-3, 1, -4, -2, -4, -1, 0, -2, -2, -5],
	[8, 10, 10, 10, 15, 3] => QQFieldElem[2, 1, -2, -1, 1, 0, 1, 0, -1, -1],
	[8, 10, 10, 10, 15, 15] => QQFieldElem[20//67, -15//67, -4//67, -107//67, -44//67, -37//67, 68//67, -32//67, -58//67, -113//67],
	[8, 10, 10, 10, 15, 5] => QQFieldElem[7, -1, -13, -16, -5, 4, 4, -7, -15, -13],
	[8, 10, 10, 10, 5, 13] => QQFieldElem[-1, 0, -2, -1, -1, 0, 0, -1, -1, -2],
	[8, 10, 10, 10, 5, 4] => QQFieldElem[0, -2, -3, -3, 0, 0, 0, -3, -3, -2],
	[8, 10, 10, 10, 3, 14] => QQFieldElem[-3, 0, -3, 0, -2, -2, -2, -2, 0, -3],
	[8, 10, 10, 10, 3, 3] => QQFieldElem[0, -5, -4, 1, -2, -5, -2, 1, -4, -5])