Dict(
	[8, 14, 12, 8, 13, 19] => QQFieldElem[-626//737, 101//737, -250//737, -557//737, 533//737, -269//737, 29//737, 613//737, -409//737, 274//737],
	[8, 14, 12, 8, 3, 9] => QQFieldElem[0, -1, 1, 3, 0, -3, 0, 3, 1, -1],
	[8, 14, 12, 8, 15, 9] => QQFieldElem[0, -1, 5, 6, 1, 0, -1, 2, 7, 3],
	[8, 14, 12, 8, 13, 9] => QQFieldElem[-1, 0, 0, -1, 0, -1, -1, 0, -1, 0],
	[8, 14, 12, 8, 5, 17] => QQFieldElem[4, 0, 2, 3, 0, 2, 2, 0, 3, 2],
	[8, 14, 12, 8, 15, 7] => QQFieldElem[2, -2, 0, 1, -2, 2, 0, -1, 2, -2],
	[8, 14, 12, 8, 3, 7] => QQFieldElem[0, -3, -2, 1, -1, -4, -1, 1, -2, -3],
	[8, 14, 12, 8, 5, 19] => QQFieldElem[399//737, 1359//737, -321//737, 1145//737, 1159//737, 29//737, 1638//737, 849//737, 203//737, 1702//737],
	[8, 14, 12, 8, 13, 7] => QQFieldElem[-2, 0, 0, -2, 1, -1, -1, 1, -2, 0],
	[8, 14, 12, 8, 5, 9] => QQFieldElem[0, 1, -1, 0, 1, 0, 1, 0, -1, 1],
	[8, 14, 12, 8, 5, 7] => QQFieldElem[0, 2, 0, 1, 2, 0, 2, 1, 0, 2],
	[8, 14, 12, 8, 3, 17] => QQFieldElem[0, 0, 2, 2, 1, 0, 0, 1, 2, 2],
	[8, 14, 12, 8, 15, 17] => QQFieldElem[-7, -4, -1, -4, 0, -4, -6, -2, -2, -3],
	[8, 14, 12, 8, 3, 19] => QQFieldElem[-155//737, -68//737, -36//737, -92//737, 6//737, 203//737, 411//737, 47//737, -53//737, 122//737],
	[8, 14, 12, 8, 13, 17] => QQFieldElem[3, 3, 0, 4, 1, 2, 3, 2, 1, 4],
	[8, 14, 12, 8, 15, 19] => QQFieldElem[54//67, -141//67, 83//67, 26//67, -92//67, 81//67, -71//67, -73//67, 98//67, -84//67])