Dict(
	[9, 17, 12, 14, 18, 13] => QQFieldElem[5, 6, 2, 2, 4, 6, 2, 1, 7, 4],
	[9, 17, 12, 14, 18, 15] => QQFieldElem[-2, -4, -4, -5, -5, 0, 0, -5, -8, -3],
	[9, 17, 12, 14, 8, 15] => QQFieldElem[3, 3, 0, 3, 4, 0, -1, 4, 5, 0],
	[9, 17, 12, 14, 8, 13] => QQFieldElem[-7, -8, -2, -3, -7, -7, -2, -3, -9, -5],
	[9, 17, 12, 14, 6, 23] => QQFieldElem[-11, -11, 0, -3, -13, -7, 1, -7, -13, -3],
	[9, 17, 12, 14, 16, 25] => QQFieldElem[4, 0, -2, 2, 3, -1, -1, 3, 2, -2],
	[9, 17, 12, 14, 16, 13] => QQFieldElem[-6, -6, 0, -2, -7, -4, 0, -4, -7, -2],
	[9, 17, 12, 14, 16, 15] => QQFieldElem[5, 0, -4, 2, 4, -2, -2, 4, 2, -4],
	[9, 17, 12, 14, 8, 23] => QQFieldElem[8, 11, 2, 1, 10, 9, 1, 4, 11, 5],
	[9, 17, 12, 14, 6, 25] => QQFieldElem[-5, 0, 4, -3, -4, 2, 2, -4, -3, 4],
	[9, 17, 12, 14, 18, 23] => QQFieldElem[-2, -6, -4, -4, -7, -5, 1, -2, -10, -7],
	[9, 17, 12, 14, 6, 13] => QQFieldElem[8, 8, 0, 3, 9, 5, 0, 5, 9, 3],
	[9, 17, 12, 14, 6, 15] => QQFieldElem[-6, 0, 5, -3, -5, 3, 3, -5, -3, 5],
	[9, 17, 12, 14, 18, 25] => QQFieldElem[-2, -3, 0, -2, -3, -1, 0, -3, -2, -2],
	[9, 17, 12, 14, 8, 25] => QQFieldElem[2, 2, -2, 1, 3, 0, -1, 2, 2, -1],
	[9, 17, 12, 14, 16, 23] => QQFieldElem[6, 6, 0, 3, 9, 4, -2, 4, 9, 3])