Dict(
	[14, 10, 6, 14, 5, 13] => QQFieldElem[0, -2, 1, -1, 0, 1],
	[14, 10, 6, 14, 5, 15] => QQFieldElem[-22//19, -13//19, -12//19, -17//19, -4//19, 8//19],
	[14, 10, 6, 14, 15, 11] => QQFieldElem[7, -2, 0, 0, -6, -3],
	[14, 10, 6, 14, 15, 9] => QQFieldElem[99, 79, 17, 51, -16, -77],
	[14, 10, 6, 14, 13, 11] => QQFieldElem[-3, -2, 2, 0, 2, 4],
	[14, 10, 6, 14, 13, 9] => QQFieldElem[-78, -69, -27, -51, 0, 51],
	[14, 10, 6, 14, 7, 13] => QQFieldElem[-1, 2, -2, 0, 0, -2],
	[14, 10, 6, 14, 7, 15] => QQFieldElem[13//19, 12//19, -5//19, 4//19, -8//19, -22//19],
	[14, 10, 6, 14, 5, 11] => QQFieldElem[-1, 2, -2, 0, 0, -2],
	[14, 10, 6, 14, 5, 9] => QQFieldElem[16, 15, 5, 11, 0, -11],
	[14, 10, 6, 14, 15, 13] => QQFieldElem[2, -6, 4, -1, -1, 4],
	[14, 10, 6, 14, 15, 15] => QQFieldElem[-5//3, -8//3, -2//3, -4//3, -1//3, 5//3],
	[14, 10, 6, 14, 13, 13] => QQFieldElem[1, 2, 0, 1, 0, -1],
	[14, 10, 6, 14, 13, 15] => QQFieldElem[36//19, 23//19, 11//19, 33//19, 10//19, -20//19],
	[14, 10, 6, 14, 7, 11] => QQFieldElem[-2, 2, -1, 0, 2, -1],
	[14, 10, 6, 14, 7, 9] => QQFieldElem[-12, -6, 6, 0, 9, 15])