Dict(
	[10, 12, 14, 8, 3, 10] => QQFieldElem[2, 2, 0, 3, 0, 2, 1, 2, 0, 3],
	[10, 12, 14, 8, 15, 10] => QQFieldElem[28, 5, 7, 28, -1, 15, 24, -4, 24, 14],
	[10, 12, 14, 8, 13, 10] => QQFieldElem[-9, -2, -1, -11, 3, -7, -6, 1, -8, -4],
	[10, 12, 14, 8, 3, 20] => QQFieldElem[808//4489, -409//4489, 174//4489, -843//4489, 61//4489, 255//4489, -915//4489, 125//4489, -1797//4489, 909//4489],
	[10, 12, 14, 8, 15, 20] => QQFieldElem[200//4489, -8457//4489, 1732//4489, -342//4489, -8474//4489, 4241//4489, -3071//4489, -6547//4489, 5022//4489, -8753//4489],
	[10, 12, 14, 8, 13, 20] => QQFieldElem[-3916//4489, 1560//4489, -2310//4489, -3359//4489, 3060//4489, -6636//4489, 3479//4489, -3517//4489, -291//4489, -2161//4489],
	[10, 12, 14, 8, 5, 10] => QQFieldElem[-5, -5, 0, -7, -3, 0, -9, 0, -3, -7],
	[10, 12, 14, 8, 3, 19] => QQFieldElem[-2, 0, 0, -2, 0, -1, -1, 0, -2, 0],
	[10, 12, 14, 8, 15, 19] => QQFieldElem[5, -16, 7, -1, -14, 11, -8, -8, 10, -14],
	[10, 12, 14, 8, 13, 19] => QQFieldElem[-3, 11, -5, 2, 9, -7, 7, 4, -5, 9],
	[10, 12, 14, 8, 3, 9] => QQFieldElem[-10, -10, 0, -2, -13, -6, 1, -6, -13, -2],
	[10, 12, 14, 8, 15, 9] => QQFieldElem[-13, -19, -2, -1, -20, -13, 3, -10, -19, -7],
	[10, 12, 14, 8, 5, 20] => QQFieldElem[4799//4489, 1032//4489, 889//4489, 3510//4489, 1679//4489, 2309//4489, 1749//4489, 1748//4489, 3744//4489, 1471//4489],
	[10, 12, 14, 8, 13, 9] => QQFieldElem[6, 10, 3, -1, 11, 7, 0, 4, 10, 5],
	[10, 12, 14, 8, 5, 19] => QQFieldElem[6, 0, 1, 5, 0, 3, 3, 0, 5, 1],
	[10, 12, 14, 8, 5, 9] => QQFieldElem[19, 19, 0, 5, 23, 13, -3, 13, 23, 5])