Dict(
	[10, 12, 9, 14, 8, 20] => QQFieldElem[-12//23, 5//23, -10//23, 6//23, -19//23, 11//23, -11//23, 6//23, -15//23, 7//23],
	[10, 12, 9, 14, 10, 20] => QQFieldElem[15//23, 3//23, 1//23, 5//23, 9//23, 12//23, -7//23, 0, 1, -5//23],
	[10, 12, 9, 14, 20, 10] => QQFieldElem[6, -8, 5, 2, -7, 7, -2, -4, 7, -5],
	[10, 12, 9, 14, 18, 19] => QQFieldElem[-1, 3, 0, 0, 3, -2, 3, 1, -2, 4],
	[10, 12, 9, 14, 8, 19] => QQFieldElem[0, 1, -1, 0, 1, 0, -1, 1, 0, 0],
	[10, 12, 9, 14, 10, 19] => QQFieldElem[3, 1, 1, 1, 1, 3, 0, 0, 4, 0],
	[10, 12, 9, 14, 18, 9] => QQFieldElem[81, -8, 28, 70, -21, 56, 46, -18, 76, 17],
	[10, 12, 9, 14, 8, 9] => QQFieldElem[-8, -4, -2, -9, -2, -4, -8, 0, -6, -6],
	[10, 12, 9, 14, 10, 9] => QQFieldElem[21, 5, 5, 21, 0, 11, 17, -2, 17, 11],
	[10, 12, 9, 14, 20, 20] => QQFieldElem[-17//23, -36//23, 5//23, -6//23, -44//23, 15//23, -30//23, -14//23, -11//23, -32//23],
	[10, 12, 9, 14, 20, 19] => QQFieldElem[-1, -7, 1, -1, -7, 2, -4, -3, 0, -6],
	[10, 12, 9, 14, 20, 9] => QQFieldElem[-119, 18, -42, -100, 36, -84, -63, 29, -113, -19],
	[10, 12, 9, 14, 18, 10] => QQFieldElem[-5, 3, -4, -2, 2, -5, 0, 0, -4, 0],
	[10, 12, 9, 14, 8, 10] => QQFieldElem[3, 0, 3, 1, 2, 2, 2, 2, 1, 3],
	[10, 12, 9, 14, 10, 10] => QQFieldElem[-1, 1, -1, -1, 1, -1, -1, 1, -1, 0],
	[10, 12, 9, 14, 18, 20] => QQFieldElem[24//23, 3//23, 20//23, -5//23, 44//23, -20//23, 32//23, 6//23, 8//23, 18//23])