Dict(
	[13, 12, 13, 14, 2, 4] => QQFieldElem[1, 0, 0, 1, 0, 1, 1, 0, 1, 0],
	[13, 12, 13, 14, 24, 4] => QQFieldElem[-51, 0, -16, -47, 11, -34, -34, 11, -47, -16],
	[13, 12, 13, 14, 22, 12] => QQFieldElem[7, 0, 2, 6, -1, 4, 4, -1, 6, 2],
	[13, 12, 13, 14, 24, 2] => QQFieldElem[-6, 0, 3, -4, -3, 1, 1, -3, -4, 3],
	[13, 12, 13, 14, 22, 24] => QQFieldElem[49//23, 0, 59//23, 8//23, 37//23, 33//23, 33//23, 37//23, 8//23, 59//23],
	[13, 12, 13, 14, 12, 4] => QQFieldElem[-2, 0, 1, -1, -2, 1, 1, -2, -1, 1],
	[13, 12, 13, 14, 12, 2] => QQFieldElem[13, 0, -10, 6, 11, -6, -6, 11, 6, -10],
	[13, 12, 13, 14, 2, 2] => QQFieldElem[-1, 0, 0, -1, -1, 0, 0, -1, -1, 0],
	[13, 12, 13, 14, 4, 4] => QQFieldElem[4, 0, -3, 2, 4, -2, -2, 4, 2, -3],
	[13, 12, 13, 14, 14, 4] => QQFieldElem[21, 0, 6, 20, -5, 14, 14, -5, 20, 6],
	[13, 12, 13, 14, 22, 22] => QQFieldElem[-8, 0, -6, -2, -5, -3, -3, -5, -2, -6],
	[13, 12, 13, 14, 4, 2] => QQFieldElem[-25, 0, 18, -12, -21, 12, 12, -21, -12, 18],
	[13, 12, 13, 14, 14, 2] => QQFieldElem[1, 0, -1, 1, 0, 0, 0, 0, 1, -1],
	[13, 12, 13, 14, 22, 14] => QQFieldElem[2, 0, 1, 1, 2, 1, 1, 2, 1, 1],
	[13, 12, 13, 14, 2, 12] => QQFieldElem[3, 0, 1, 3, 0, 3, 3, 0, 3, 1],
	[13, 12, 13, 14, 2, 24] => QQFieldElem[-9//23, 0, -16//23, -1//23, 4//23, 16//23, 16//23, 4//23, -1//23, -16//23],
	[13, 12, 13, 14, 24, 24] => QQFieldElem[8, 0, 6, 2, 5, 3, 3, 5, 2, 6],
	[13, 12, 13, 14, 24, 12] => QQFieldElem[-34, 0, -10, -31, 6, -22, -22, 6, -31, -10],
	[13, 12, 13, 14, 12, 12] => QQFieldElem[2, 0, -2, 1, 2, -1, -1, 2, 1, -2],
	[13, 12, 13, 14, 12, 24] => QQFieldElem[-94//23, 0, -47//23, -13//23, -63//23, -22//23, -22//23, -63//23, -13//23, -47//23],
	[13, 12, 13, 14, 2, 22] => QQFieldElem[2, 0, 1, 0, 1, 1, 1, 1, 0, 1],
	[13, 12, 13, 14, 4, 12] => QQFieldElem[-2, 0, 1, -3, -5, -2, -2, -5, -3, 1],
	[13, 12, 13, 14, 4, 24] => QQFieldElem[57//23, 0, -29//23, 37//23, 59//23, -17//23, -17//23, 59//23, 37//23, -29//23],
	[13, 12, 13, 14, 14, 12] => QQFieldElem[2, 0, 0, 2, -1, 1, 1, -1, 2, 0],
	[13, 12, 13, 14, 14, 24] => QQFieldElem[-241//23, 0, -224//23, -37//23, -174//23, -98//23, -98//23, -174//23, -37//23, -224//23],
	[13, 12, 13, 14, 12, 22] => QQFieldElem[7, 0, 9, 1, 5, 4, 4, 5, 1, 9],
	[13, 12, 13, 14, 24, 22] => QQFieldElem[-8, 0, -11, 2, -9, -3, -3, -9, 2, -11],
	[13, 12, 13, 14, 4, 22] => QQFieldElem[3, 0, -3, 1, 2, -2, -2, 2, 1, -3],
	[13, 12, 13, 14, 14, 22] => QQFieldElem[21, 0, 19, 4, 14, 9, 9, 14, 4, 19],
	[13, 12, 13, 14, 24, 14] => QQFieldElem[6, 0, 5, 3, 1, 4, 4, 1, 3, 5],
	[13, 12, 13, 14, 22, 4] => QQFieldElem[-2, 0, 0, -2, 0, -1, -1, 0, -2, 0],
	[13, 12, 13, 14, 2, 14] => QQFieldElem[0, 0, -1, -2, -3, -3, -3, -3, -2, -1],
	[13, 12, 13, 14, 12, 14] => QQFieldElem[4, 0, -6, 2, 3, -4, -4, 3, 2, -6],
	[13, 12, 13, 14, 22, 2] => QQFieldElem[4, 0, -2, 2, 3, -1, -1, 3, 2, -2],
	[13, 12, 13, 14, 4, 14] => QQFieldElem[-7, 0, 5, -4, -7, 2, 2, -7, -4, 5],
	[13, 12, 13, 14, 14, 14] => QQFieldElem[-6, 0, -6, -1, -4, -3, -3, -4, -1, -6])