Dict(
	[13, 15, 15, 22, 24, 25] => QQFieldElem[589//253, -153//253, 326//253, 101//253, 250//253, 58//253, 229//253, 136//253, 373//253, 71//253],
	[13, 15, 15, 22, 14, 14] => QQFieldElem[48, 11, 11, 48, 0, 26, 40, -5, 40, 26],
	[13, 15, 15, 22, 12, 25] => QQFieldElem[-213//253, -217//253, -166//253, -247//253, -163//253, -222//253, -39//253, -285//253, -58//253, -106//253],
	[13, 15, 15, 22, 14, 25] => QQFieldElem[-339//253, 125//253, -478//253, 63//253, -320//253, -54//253, -283//253, -83//253, -103//253, -354//253],
	[13, 15, 15, 22, 24, 15] => QQFieldElem[6, 0, 1, 3, 2, 2, 1, 1, 6, -1],
	[13, 15, 15, 22, 22, 24] => QQFieldElem[-7, 0, -3, -5, -1, -4, -5, 0, -6, -3],
	[13, 15, 15, 22, 12, 15] => QQFieldElem[2, 2, 0, 1, 2, 1, 0, 1, 3, 0],
	[13, 15, 15, 22, 14, 15] => QQFieldElem[-4, -1, -1, -1, -3, -1, -1, -1, -4, 0],
	[13, 15, 15, 22, 22, 14] => QQFieldElem[99, 26, 22, 99, 2, 53, 84, -8, 80, 56],
	[13, 15, 15, 22, 24, 24] => QQFieldElem[5, 0, 0, 7, -3, 4, 3, -3, 6, -1],
	[13, 15, 15, 22, 12, 24] => QQFieldElem[0, -1, 0, -1, 0, -1, 1, -1, 1, 0],
	[13, 15, 15, 22, 22, 25] => QQFieldElem[-233//253, 18//253, -83//253, 3//253, -208//253, -111//253, -146//253, -16//253, -282//253, -53//253],
	[13, 15, 15, 22, 14, 24] => QQFieldElem[3, 0, 3, 0, 3, 1, 1, 3, 0, 3],
	[13, 15, 15, 22, 24, 14] => QQFieldElem[-132, -25, -32, -129, 5, -74, -105, 15, -111, -66],
	[13, 15, 15, 22, 22, 15] => QQFieldElem[-3, -2, -1, -1, -2, -3, -1, 0, -4, -1],
	[13, 15, 15, 22, 12, 14] => QQFieldElem[-29, -11, -7, -31, -3, -14, -27, 0, -24, -20])