Dict(
	[13, 14, 10, 17, 9, 24] => QQFieldElem[2, 0, 1, 2, -1, 2, 1, 0, 2, 1],
	[13, 14, 10, 17, 19, 15] => QQFieldElem[9, -4, 3, 6, -4, 6, 3, -3, 9, -1],
	[13, 14, 10, 17, 7, 15] => QQFieldElem[0, 0, -1, 1, -1, 0, 0, -1, 1, -1],
	[13, 14, 10, 17, 17, 15] => QQFieldElem[-2, 1, 0, -2, 2, -2, -1, 2, -3, 1],
	[13, 14, 10, 17, 9, 14] => QQFieldElem[1, 1, -3, 4, -2, -1, 5, -6, 5, -2],
	[13, 14, 10, 17, 19, 24] => QQFieldElem[9, -4, 3, 6, -4, 6, 3, -3, 9, -1],
	[13, 14, 10, 17, 9, 25] => QQFieldElem[-3017//39601, -5276//39601, -877//39601, 251//39601, -12306//39601, 7799//39601, -8282//39601, -6383//39601, -1719//39601, 7588//39601],
	[13, 14, 10, 17, 7, 24] => QQFieldElem[-2, 0, -1, -1, 0, -1, -1, 0, -1, -1],
	[13, 14, 10, 17, 17, 24] => QQFieldElem[-6, 2, -2, -5, 3, -5, -3, 2, -7, 0],
	[13, 14, 10, 17, 9, 15] => QQFieldElem[-4, 1, -1, -3, 1, -2, -2, 1, -4, 0],
	[13, 14, 10, 17, 19, 14] => QQFieldElem[-12, -2, -2, -13, 1, -4, -14, 7, -15, -3],
	[13, 14, 10, 17, 7, 14] => QQFieldElem[0, -3, 4, -6, 4, -3, 0, 0, -1, -1],
	[13, 14, 10, 17, 19, 25] => QQFieldElem[22119//39601, -26844//39601, -3021//39601, -7760//39601, -20129//39601, -8717//39601, -14847//39601, -9028//39601, 15753//39601, -26964//39601],
	[13, 14, 10, 17, 17, 14] => QQFieldElem[8, 4, -2, 13, -4, 7, 7, -2, 8, 4],
	[13, 14, 10, 17, 7, 25] => QQFieldElem[-17540//39601, 8219//39601, -13578//39601, 1538//39601, -10718//39601, -11061//39601, -3416//39601, -2824//39601, 6033//39601, -19927//39601],
	[13, 14, 10, 17, 17, 25] => QQFieldElem[8332//39601, 539//39601, 7633//39601, 5266//39601, 16344//39601, 802//39601, 2002//39601, 11393//39601, -10190//39601, 17359//39601])