Dict(
	[13, 8, 13, 10, 20, 20] => QQFieldElem[12//23, -3//23, 18//23, -1, 44//23, -39//23, 58//23, -43//23, 40//23, -4//23],
	[13, 8, 13, 10, 20, 8] => QQFieldElem[-57, -11, -14, -56, 2, -32, -45, 6, -48, -28],
	[13, 8, 13, 10, 18, 10] => QQFieldElem[4, -2, 6, -3, 6, -2, 4, 0, 2, 2],
	[13, 8, 13, 10, 8, 10] => QQFieldElem[2, 0, 3, 0, 1, 1, 1, 1, 0, 3],
	[13, 8, 13, 10, 18, 18] => QQFieldElem[-3, 0, -3, 0, -3, 0, -3, 0, -2, -2],
	[13, 8, 13, 10, 8, 18] => QQFieldElem[3, 0, -3, 2, 3, -2, -2, 3, 2, -3],
	[13, 8, 13, 10, 10, 18] => QQFieldElem[1, -1, 0, 1, 0, -1, 1, 0, 0, 0],
	[13, 8, 13, 10, 10, 10] => QQFieldElem[-3, 0, -3, 0, -3, 0, -3, 0, -2, -2],
	[13, 8, 13, 10, 18, 20] => QQFieldElem[-40//23, 45//23, -73//23, 71//23, -87//23, 77//23, -77//23, 52//23, -44//23, 7//23],
	[13, 8, 13, 10, 8, 20] => QQFieldElem[-42//23, -2//23, -14//23, -4//23, -28//23, 1//23, -14//23, -31//23, -12//23, -4//23],
	[13, 8, 13, 10, 10, 20] => QQFieldElem[13//23, -11//23, 14//23, -8//23, 16//23, -20//23, 1, -9//23, 8//23, -2//23],
	[13, 8, 13, 10, 18, 8] => QQFieldElem[14, 0, 4, 13, -3, 9, 9, -3, 13, 4],
	[13, 8, 13, 10, 8, 8] => QQFieldElem[1, 2, 0, 0, 2, 1, 0, 1, 2, 1],
	[13, 8, 13, 10, 20, 10] => QQFieldElem[6, 6, -1, 10, 0, 5, 6, 2, 4, 7],
	[13, 8, 13, 10, 20, 18] => QQFieldElem[4, 3, 2, 3, 3, 2, 5, 0, 4, 4],
	[13, 8, 13, 10, 10, 8] => QQFieldElem[7, 0, 2, 6, -1, 4, 4, -1, 6, 2])