Dict(
	[14, 7, 14, 10, 10, 8] => QQFieldElem[1, -1, -1, 1, 0, 1, 2, 1, 2, 1],
	[14, 7, 14, 10, 20, 18] => QQFieldElem[3, 0, -4, 1, 4, -3, -2, 4, 1, -3],
	[14, 7, 14, 10, 20, 10] => QQFieldElem[-4, -2, -1, -4, -1, -3, -4, -1, -4, -3],
	[14, 7, 14, 10, 20, 20] => QQFieldElem[-28//23, -32//23, -1, -27//23, -25//23, -32//23, -13//23, -3//23, -1, -7//23],
	[14, 7, 14, 10, 20, 8] => QQFieldElem[-9, 1, -4, -9, 1, -7, -5, 2, -8, -1],
	[14, 7, 14, 10, 18, 10] => QQFieldElem[1, 0, 0, 1, 1, 1, 1, 1, 1, 0],
	[14, 7, 14, 10, 18, 18] => QQFieldElem[0, -1, 0, 0, -1, -1, -1, -1, -1, -1],
	[14, 7, 14, 10, 8, 18] => QQFieldElem[8, 11, 1, 1, 11, 8, 0, 4, 12, 4],
	[14, 7, 14, 10, 10, 10] => QQFieldElem[1, 1, 0, 0, 0, 0, 0, 0, 1, 1],
	[14, 7, 14, 10, 10, 18] => QQFieldElem[-5, 0, 3, -3, -4, 2, 2, -4, -3, 3],
	[14, 7, 14, 10, 8, 10] => QQFieldElem[-4, 7, 7, -4, 0, 8, 4, -6, 4, 8],
	[14, 7, 14, 10, 18, 20] => QQFieldElem[21//23, 10//23, 3//23, 17//23, 15//23, -6//23, -14//23, -2//23, -6//23, -17//23],
	[14, 7, 14, 10, 8, 20] => QQFieldElem[-61//23, 199//23, 198//23, -77//23, 11//23, 247//23, 107//23, -94//23, 110//23, 247//23],
	[14, 7, 14, 10, 10, 20] => QQFieldElem[0, 5//23, -6//23, -5//23, 19//23, 14//23, -10//23, -3//23, 12//23, 10//23],
	[14, 7, 14, 10, 18, 8] => QQFieldElem[3, 0, 3, 3, 0, 3, 0, -2, 1, -2],
	[14, 7, 14, 10, 8, 8] => QQFieldElem[-1, -1, -1, -1, -2, -1, -1, -1, -1, 0])