Dict(
	[14, 13, 8, 7, 18, 14] => QQFieldElem[67//23, 39//23, 28//23, 80//23, 1//23, 89//23, -26//23, 114//23, -10//23, 87//23],
	[14, 13, 8, 7, 8, 14] => QQFieldElem[-3//23, 12//23, 38//23, 40//23, 18//23, 1//23, 8//23, 31//23, 39//23, 26//23],
	[14, 13, 8, 7, 10, 14] => QQFieldElem[17//23, 11//23, 18//23, 1//23, 5//23, 7//23, -4//23, 10//23, 10//23, 26//23],
	[14, 13, 8, 7, 20, 12] => QQFieldElem[-1, -1, -1, -1, -1, -1, 0, -2, 0, -2],
	[14, 13, 8, 7, 18, 4] => QQFieldElem[-11, 0, -11, -2, -8, -5, -5, -8, -2, -11],
	[14, 13, 8, 7, 8, 4] => QQFieldElem[-1, 0, 0, 1, 0, 0, -1, 0, 0, 0],
	[14, 13, 8, 7, 10, 4] => QQFieldElem[-3, 1, -4, 1, -4, 1, -3, 0, -1, -1],
	[14, 13, 8, 7, 8, 2] => QQFieldElem[1, 1, 1, 2, 1, 1, 1, 0, 0, 0],
	[14, 13, 8, 7, 18, 2] => QQFieldElem[-1, 0, -3, 0, -1, -2, -2, -1, 0, -3],
	[14, 13, 8, 7, 10, 2] => QQFieldElem[0, 2, 1, 2, 1, 2, 0, 0, 0, 0],
	[14, 13, 8, 7, 20, 14] => QQFieldElem[-14//23, -7//23, 3//23, -11//23, 1//23, -1, 10//23, -1, 17//23, -20//23],
	[14, 13, 8, 7, 18, 12] => QQFieldElem[6, 4, 3, 3, 4, 6, 0, 6, 3, 6],
	[14, 13, 8, 7, 8, 12] => QQFieldElem[0, 0, 0, 0, 0, -1, -1, 0, 0, 0],
	[14, 13, 8, 7, 20, 4] => QQFieldElem[4, 0, 3, 1, 2, 2, 2, 2, 1, 3],
	[14, 13, 8, 7, 10, 12] => QQFieldElem[0, 0, 1, -1, -1, 0, 0, -1, -1, 1],
	[14, 13, 8, 7, 20, 2] => QQFieldElem[2, 0, 1, 1, 0, 1, 1, 0, 1, 1])