Dict(
	[14, 4, 14, 4, 14, 15] => QQFieldElem[-6, -1, -1, -6, 0, -3, -6, 1, -6, -3],
	[14, 4, 14, 4, 13, 15] => QQFieldElem[2, 0, 4, 1, 5, 1, 4, 0, 2, 0],
	[14, 4, 14, 4, 11, 13] => QQFieldElem[0, 0, -1, 0, -1, -1, 0, -1, 0, 0],
	[14, 4, 14, 4, 11, 15] => QQFieldElem[-2, -3, -5, -6, -6, -5, -3, -2, 0, 0],
	[14, 4, 14, 4, 15, 11] => QQFieldElem[0, -3, 2, -2, -2, 2, -3, 0, 0, -2],
	[14, 4, 14, 4, 13, 11] => QQFieldElem[-2, -1, -1, -1, -1, -1, -1, -1, -1, -2],
	[14, 4, 14, 4, 14, 11] => QQFieldElem[4, 4, 0, 4, 4, 0, 5, 2, 2, 5],
	[14, 4, 14, 4, 15, 14] => QQFieldElem[14, 3, 3, 14, 0, 8, 11, -1, 11, 8],
	[14, 4, 14, 4, 13, 14] => QQFieldElem[0, -1, -1, -1, -1, 0, 0, -1, 0, -1],
	[14, 4, 14, 4, 14, 14] => QQFieldElem[-9, 0, -2, -9, 3, -6, -6, 3, -9, -2],
	[14, 4, 14, 4, 11, 11] => QQFieldElem[1, 1, -1, 0, 1, 0, -1, 1, 1, 0],
	[14, 4, 14, 4, 15, 13] => QQFieldElem[32, -9, 11, 28, -17, 28, 11, -9, 32, 0],
	[14, 4, 14, 4, 15, 15] => QQFieldElem[6, 5, -2, 11, -2, 5, 6, 0, 5, 5],
	[14, 4, 14, 4, 13, 13] => QQFieldElem[0, -4, 2, -3, 0, -1, 0, -3, 2, -4],
	[14, 4, 14, 4, 11, 14] => QQFieldElem[0, 1, 1, 1, 0, 0, 0, 0, 0, 0],
	[14, 4, 14, 4, 14, 13] => QQFieldElem[-21, 18, -12, -12, 18, -21, 0, 12, -25, 12])