Dict(
	[14, 9, 10, 14, 3, 18] => QQFieldElem[-3, 0, 4, -2, -3, 2, 2, -3, -2, 4],
	[14, 9, 10, 14, 15, 18] => QQFieldElem[15, -4, 6, 12, -6, 11, 7, -5, 15, 1],
	[14, 9, 10, 14, 15, 10] => QQFieldElem[41, 2, 11, 39, -7, 26, 28, -7, 37, 14],
	[14, 9, 10, 14, 4, 10] => QQFieldElem[4, 1, 1, 4, 0, 2, 4, -1, 4, 2],
	[14, 9, 10, 14, 4, 18] => QQFieldElem[-2, 0, 0, -1, 1, 0, 0, 1, -1, 0],
	[14, 9, 10, 14, 13, 18] => QQFieldElem[2, -1, 0, 1, -2, 1, 0, -1, 2, 0],
	[14, 9, 10, 14, 14, 18] => QQFieldElem[-15, 4, -7, -13, 5, -13, -8, 4, -15, -1],
	[14, 9, 10, 14, 14, 10] => QQFieldElem[-36, -1, -11, -33, 6, -23, -25, 7, -33, -12],
	[14, 9, 10, 14, 13, 10] => QQFieldElem[5, 0, 2, 4, 0, 3, 3, 0, 4, 2],
	[14, 9, 10, 14, 3, 20] => QQFieldElem[1445//253, 5849//253, 3697//253, -666//253, 3265//253, 6019//253, 1700//253, -56//253, 4865//253, 5276//253],
	[14, 9, 10, 14, 15, 20] => QQFieldElem[508//253, -337//253, 72//253, 448//253, -287//253, 199//253, 300//253, -248//253, 546//253, -200//253],
	[14, 9, 10, 14, 4, 20] => QQFieldElem[-49//253, 34//253, 7//253, -97//253, 74//253, 58//253, -13//253, 4//253, 32//253, 93//253],
	[14, 9, 10, 14, 13, 20] => QQFieldElem[91//253, -27//253, -13//253, 144//253, -29//253, 73//253, -12//253, 101//253, 49//253, 8//253],
	[14, 9, 10, 14, 14, 20] => QQFieldElem[-615//253, 24//253, -382//253, -381//253, 82//253, -599//253, -411//253, 107//253, -662//253, -232//253],
	[14, 9, 10, 14, 3, 8] => QQFieldElem[-24, -11, -11, -24, 0, -33, 7, -37, 7, -33],
	[14, 9, 10, 14, 15, 8] => QQFieldElem[-29, -1, -12, -23, 0, -16, -20, 2, -24, -12],
	[14, 9, 10, 14, 5, 18] => QQFieldElem[3, 0, 1, 3, 0, 2, 2, 0, 3, 1],
	[14, 9, 10, 14, 5, 10] => QQFieldElem[-9, -2, -2, -9, 0, -5, -7, 0, -7, -5],
	[14, 9, 10, 14, 4, 8] => QQFieldElem[-4, -1, -1, -4, 0, -3, -2, -1, -2, -3],
	[14, 9, 10, 14, 13, 8] => QQFieldElem[0, 0, 2, -3, 3, -1, -1, 3, -3, 2],
	[14, 9, 10, 14, 14, 8] => QQFieldElem[26, 1, 8, 24, -4, 17, 16, -3, 22, 10],
	[14, 9, 10, 14, 3, 19] => QQFieldElem[-29, 0, 19, -14, -25, 12, 12, -25, -14, 19],
	[14, 9, 10, 14, 4, 19] => QQFieldElem[1, 0, -1, 0, 1, -1, -1, 1, 0, -1],
	[14, 9, 10, 14, 13, 19] => QQFieldElem[1, 0, 0, 0, 0, 0, 0, 0, 1, 0],
	[14, 9, 10, 14, 14, 19] => QQFieldElem[-7, 0, -1, -4, -1, -3, -1, -1, -6, 0],
	[14, 9, 10, 14, 15, 19] => QQFieldElem[4, -1, 2, 4, -2, 4, 2, -1, 4, 1],
	[14, 9, 10, 14, 3, 9] => QQFieldElem[-1, 2, 2, -1, 0, 2, 1, -1, 1, 2],
	[14, 9, 10, 14, 15, 9] => QQFieldElem[-163, -7, -47, -150, 24, -102, -111, 28, -144, -58],
	[14, 9, 10, 14, 5, 20] => QQFieldElem[188//253, 200//253, 190//253, 114//253, 93//253, 237//253, 117//253, -36//253, 218//253, 175//253],
	[14, 9, 10, 14, 4, 9] => QQFieldElem[-18, -4, -4, -18, 0, -10, -15, 2, -15, -10],
	[14, 9, 10, 14, 13, 9] => QQFieldElem[-18, 0, -6, -17, 3, -12, -12, 3, -17, -6],
	[14, 9, 10, 14, 14, 9] => QQFieldElem[149, 4, 45, 137, -24, 95, 100, -26, 134, 51],
	[14, 9, 10, 14, 5, 8] => QQFieldElem[4, 1, 1, 4, 0, 1, 5, -2, 5, 1],
	[14, 9, 10, 14, 5, 19] => QQFieldElem[1, 0, 0, 1, 0, 0, 0, 0, 1, 0],
	[14, 9, 10, 14, 5, 9] => QQFieldElem[33, 7, 7, 33, 0, 18, 27, -4, 27, 18],
	[14, 9, 10, 14, 3, 10] => QQFieldElem[-8, 4, 4, -8, 0, 1, 5, -12, 5, 1])