Dict(
	[14, 9, 12, 9, 18, 10] => QQFieldElem[2, -1, 3, -1, 3, -1, 2, 0, 1, 1],
	[14, 9, 12, 9, 18, 18] => QQFieldElem[-1, 1, -1, 0, -1, 1, -1, 0, 0, 0],
	[14, 9, 12, 9, 8, 18] => QQFieldElem[-1, 0, 6, -1, -1, 3, 3, -1, -1, 6],
	[14, 9, 12, 9, 10, 10] => QQFieldElem[-1, 1, -1, 0, -1, 1, -1, 0, 0, 0],
	[14, 9, 12, 9, 10, 18] => QQFieldElem[1, 3, 2, 0, 2, 3, 1, 0, 3, 3],
	[14, 9, 12, 9, 8, 10] => QQFieldElem[-14, 0, -14, -2, -10, -7, -7, -10, -2, -14],
	[14, 9, 12, 9, 18, 20] => QQFieldElem[-19//23, 20//23, -34//23, 38//23, -40//23, 38//23, -32//23, 29//23, -22//23, 1//23],
	[14, 9, 12, 9, 8, 20] => QQFieldElem[131//23, -25//23, 110//23, 8//23, 121//23, 12//23, 52//23, 68//23, 35//23, 4],
	[14, 9, 12, 9, 10, 20] => QQFieldElem[13//23, 18//23, 19//23, -7//23, 19//23, 11//23, 16//23, -1//23, 22//23, 14//23],
	[14, 9, 12, 9, 18, 8] => QQFieldElem[1, 0, 2, -1, 2, 0, 0, 2, -1, 2],
	[14, 9, 12, 9, 8, 8] => QQFieldElem[-8, -3, -5, -5, -3, -8, 0, -9, 0, -9],
	[14, 9, 12, 9, 20, 10] => QQFieldElem[1, 1, -1, 3, -1, 1, 1, 1, 0, 1],
	[14, 9, 12, 9, 20, 18] => QQFieldElem[0, -3, -1, 1, -1, -3, 1, 0, -2, -2],
	[14, 9, 12, 9, 10, 8] => QQFieldElem[-2, 0, -1, -1, -1, -1, -1, -1, -1, -1],
	[14, 9, 12, 9, 20, 20] => QQFieldElem[-8//23, -31//23, -5//23, -17//23, 4//23, -41//23, 19//23, -1, -4//23, -24//23],
	[14, 9, 12, 9, 20, 8] => QQFieldElem[5, 1, 0, 6, -1, 3, 4, -1, 5, 2])