Dict(
	[17, 17, 8, 8, 22, 13] => QQFieldElem[-4//23, 0, 5//23, 8//23, 21//23, 27//23, 27//23, 21//23, 8//23, 5//23],
	[17, 17, 8, 8, 24, 3] => QQFieldElem[0, 0, 0, 1, 1, -1, -1, 1, 1, 0],
	[17, 17, 8, 8, 14, 11] => QQFieldElem[0, 0, -1, -2, -3, -4, -4, -3, -2, -1],
	[17, 17, 8, 8, 12, 3] => QQFieldElem[1, 0, 0, 1, 1, 2, 2, 1, 1, 0],
	[17, 17, 8, 8, 14, 3] => QQFieldElem[1, 0, 0, 1, 1, 1, 1, 1, 1, 0],
	[17, 17, 8, 8, 24, 13] => QQFieldElem[-1//23, 0, -16//23, -21//23, -12//23, 1//23, 1//23, -12//23, -21//23, -16//23],
	[17, 17, 8, 8, 12, 13] => QQFieldElem[1//23, 0, -7//23, -2//23, 12//23, 22//23, 22//23, 12//23, -2//23, -7//23],
	[17, 17, 8, 8, 22, 1] => QQFieldElem[1, 0, 1, -1, 0, -1, -1, 0, -1, 1],
	[17, 17, 8, 8, 14, 13] => QQFieldElem[9//23, 0, 6//23, 5//23, 16//23, 14//23, 14//23, 16//23, 5//23, 6//23],
	[17, 17, 8, 8, 22, 11] => QQFieldElem[1, 0, -1, -2, -4, -4, -4, -4, -2, -1],
	[17, 17, 8, 8, 22, 3] => QQFieldElem[0, 0, 0, 1, 2, 1, 1, 2, 1, 0],
	[17, 17, 8, 8, 24, 1] => QQFieldElem[-1, 0, -1, 0, -1, 0, 0, -1, 0, -1],
	[17, 17, 8, 8, 12, 1] => QQFieldElem[0, 0, -1, 0, -2, -1, -1, -2, 0, -1],
	[17, 17, 8, 8, 24, 11] => QQFieldElem[-1, 0, 1, 1, 1, 0, 0, 1, 1, 1],
	[17, 17, 8, 8, 12, 11] => QQFieldElem[1, 0, -1, -2, -3, -3, -3, -3, -2, -1],
	[17, 17, 8, 8, 14, 1] => QQFieldElem[1, 0, 1, -1, 0, -1, -1, 0, -1, 1])