Dict(
	[17, 22, 17, 22, 18, 8] => QQFieldElem[38, -32, 21, 21, -32, 38, 0, -20, 44, -20],
	[17, 22, 17, 22, 8, 8] => QQFieldElem[1, 2, 1, 1, 2, 1, 0, 0, 1, 0],
	[17, 22, 17, 22, 23, 11] => QQFieldElem[-13, 0, -2, -11, 4, -8, -8, 3, -11, -4],
	[17, 22, 17, 22, 21, 16] => QQFieldElem[8, 4, 2, 9, 2, 4, 8, 0, 6, 6],
	[17, 22, 17, 22, 11, 18] => QQFieldElem[1, 0, 1, 2, 3, 3, 3, 3, 2, 1],
	[17, 22, 17, 22, 6, 21] => QQFieldElem[1, 1, 2, 1, 2, 1, 1, 0, 0, 0],
	[17, 22, 17, 22, 13, 6] => QQFieldElem[1, 0, 0, 1, 0, 1, 1, 0, 1, 0],
	[17, 22, 17, 22, 11, 16] => QQFieldElem[4, 1, 0, 4, 0, 1, 4, 0, 3, 3],
	[17, 22, 17, 22, 16, 6] => QQFieldElem[0, 0, 0, -1, 0, 0, 0, 0, 1, 1],
	[17, 22, 17, 22, 23, 18] => QQFieldElem[2, -3, 1, 2, 0, 4, 3, 2, 4, 0],
	[17, 22, 17, 22, 6, 8] => QQFieldElem[-1, 0, -1, -3, -3, -5, -5, -3, -3, -1],
	[17, 22, 17, 22, 23, 16] => QQFieldElem[-102, -4, -31, -94, 15, -65, -69, 17, -91, -35],
	[17, 22, 17, 22, 21, 21] => QQFieldElem[-3, -2, -2, -3, -2, -2, -3, 0, -2, -2],
	[17, 22, 17, 22, 13, 13] => QQFieldElem[1, 0, 1, 1, 0, 1, 0, -1, 1, -1],
	[17, 22, 17, 22, 16, 13] => QQFieldElem[1, 0, -2, -4, -6, -7, -7, -6, -4, -2],
	[17, 22, 17, 22, 18, 6] => QQFieldElem[-6, 0, -2, -6, 1, -4, -4, 1, -6, -2],
	[17, 22, 17, 22, 8, 6] => QQFieldElem[6, 0, 2, 2, 5, 1, 1, 5, 2, 2],
	[17, 22, 17, 22, 21, 8] => QQFieldElem[-8, 0, -3, -9, -2, -10, -10, -2, -9, -3],
	[17, 22, 17, 22, 11, 21] => QQFieldElem[-2, 1, -1, 0, -1, 1, -2, 0, -1, -1],
	[17, 22, 17, 22, 13, 23] => QQFieldElem[-272//529, -99//529, -316//529, -1//529, -390//529, -269//529, -274//529, -335//529, -127//529, -446//529],
	[17, 22, 17, 22, 13, 11] => QQFieldElem[-3, 0, -2, -2, -1, -2, -2, -1, -2, -2],
	[17, 22, 17, 22, 16, 23] => QQFieldElem[62//529, -28//529, -597//529, -556//529, -479//529, -386//529, -521//529, -52//529, 274//529, 125//529],
	[17, 22, 17, 22, 23, 21] => QQFieldElem[29, 2, 10, 27, -2, 19, 20, -4, 26, 10],
	[17, 22, 17, 22, 16, 11] => QQFieldElem[-1, -2, -2, -2, -2, -2, -1, 0, 1, 1],
	[17, 22, 17, 22, 11, 8] => QQFieldElem[-8, 0, -2, -6, 3, -3, -3, 3, -6, -2],
	[17, 22, 17, 22, 8, 13] => QQFieldElem[-3, -5, -1, -1, -5, -3, 0, -1, -5, -1],
	[17, 22, 17, 22, 18, 13] => QQFieldElem[-6, 6, -3, -3, 6, -6, 0, 3, -8, 3],
	[17, 22, 17, 22, 6, 6] => QQFieldElem[1, 1, 2, 1, 2, 1, 1, 0, 0, 0],
	[17, 22, 17, 22, 23, 8] => QQFieldElem[-40, 27, -22, -23, 32, -33, 2, 23, -41, 18],
	[17, 22, 17, 22, 13, 18] => QQFieldElem[0, 0, 1, 1, 0, 0, 0, -1, -1, -1],
	[17, 22, 17, 22, 18, 23] => QQFieldElem[-449//529, 527//529, -156//529, -342//529, 457//529, -481//529, -75//529, 223//529, -585//529, 349//529],
	[17, 22, 17, 22, 8, 23] => QQFieldElem[1786//529, -1711//529, 908//529, 485//529, 826//529, -727//529, 640//529, 1659//529, -827//529, 478//529],
	[17, 22, 17, 22, 13, 16] => QQFieldElem[-10, 0, -3, -9, 2, -6, -6, 2, -9, -3],
	[17, 22, 17, 22, 16, 18] => QQFieldElem[0, 0, -1, 3, 4, 3, 3, 4, 3, -1],
	[17, 22, 17, 22, 18, 11] => QQFieldElem[13, 0, 3, 10, -3, 8, 8, -3, 10, 3],
	[17, 22, 17, 22, 8, 11] => QQFieldElem[3, 0, 3, 0, 2, 2, 2, 2, 0, 3],
	[17, 22, 17, 22, 21, 6] => QQFieldElem[0, 1, 1, 1, 1, 1, 0, 0, -1, -1],
	[17, 22, 17, 22, 6, 13] => QQFieldElem[0, 0, 0, 1, 2, 3, 3, 2, 1, 0],
	[17, 22, 17, 22, 16, 16] => QQFieldElem[0, -2, -2, 0, -2, -2, 0, 0, -1, -1],
	[17, 22, 17, 22, 18, 18] => QQFieldElem[-1, 2, -1, -1, 2, -1, 0, 2, -1, 2],
	[17, 22, 17, 22, 8, 18] => QQFieldElem[-10, -20, 1, 1, -20, -10, 0, -2, -25, -2],
	[17, 22, 17, 22, 11, 6] => QQFieldElem[-1, 0, -1, -1, -1, 0, -1, 0, 0, 0],
	[17, 22, 17, 22, 6, 23] => QQFieldElem[39//529, 409//529, 162//529, 640//529, 441//529, 764//529, 261//529, 155//529, -186//529, -220//529],
	[17, 22, 17, 22, 21, 13] => QQFieldElem[2, 0, 0, 0, -2, -1, -1, -2, 0, 0],
	[17, 22, 17, 22, 6, 11] => QQFieldElem[0, 0, 2, 2, 2, 0, 0, 0, 1, 1],
	[17, 22, 17, 22, 13, 21] => QQFieldElem[2, 0, 0, 2, -1, 1, 1, -1, 2, 0],
	[17, 22, 17, 22, 8, 16] => QQFieldElem[-5, 0, 1, -2, -4, 1, 1, -4, -2, 1],
	[17, 22, 17, 22, 18, 16] => QQFieldElem[87, 0, 27, 79, -16, 56, 56, -16, 79, 27],
	[17, 22, 17, 22, 23, 6] => QQFieldElem[6, -1, 0, 3, -3, 2, 3, -2, 5, 2],
	[17, 22, 17, 22, 16, 21] => QQFieldElem[0, 1, 0, -2, 0, 1, 0, 0, 2, 2],
	[17, 22, 17, 22, 21, 23] => QQFieldElem[95//529, -333//529, -53//529, -340//529, -350//529, -472//529, -56//529, -165//529, 198//529, 183//529],
	[17, 22, 17, 22, 11, 13] => QQFieldElem[2, 0, 2, 2, 2, 3, 3, 2, 2, 2],
	[17, 22, 17, 22, 13, 8] => QQFieldElem[-6, 6, -3, -3, 6, -6, 0, 3, -8, 3],
	[17, 22, 17, 22, 21, 11] => QQFieldElem[0, 0, -1, 1, -1, 0, 0, 0, 1, 1],
	[17, 22, 17, 22, 6, 18] => QQFieldElem[-1, 0, -2, -1, -2, -2, -2, -2, -1, -2],
	[17, 22, 17, 22, 16, 8] => QQFieldElem[-1, 0, 0, 0, 2, 2, 2, 2, 0, 0],
	[17, 22, 17, 22, 23, 13] => QQFieldElem[7, -6, 4, 5, -4, 9, 3, -1, 10, -2],
	[17, 22, 17, 22, 6, 16] => QQFieldElem[0, 0, 0, 1, 0, 0, 0, 0, 0, 0],
	[17, 22, 17, 22, 18, 21] => QQFieldElem[-23, 0, -7, -21, 4, -15, -15, 4, -21, -7],
	[17, 22, 17, 22, 11, 23] => QQFieldElem[649//529, -3//529, 824//529, 16//529, 950//529, 72//529, 681//529, 70//529, 445//529, 259//529],
	[17, 22, 17, 22, 8, 21] => QQFieldElem[6, 0, 2, 2, 5, 1, 1, 5, 2, 2],
	[17, 22, 17, 22, 11, 11] => QQFieldElem[-2, 2, -3, 3, -3, 2, -2, 0, -1, -1],
	[17, 22, 17, 22, 21, 18] => QQFieldElem[1, 0, 0, -1, -2, -2, -2, -2, -1, 0],
	[17, 22, 17, 22, 23, 23] => QQFieldElem[1068//529, -397//529, 774//529, 883//529, 520//529, 1064//529, 718//529, 94//529, 1051//529, -287//529])