Dict(
	[17, 12, 22, 22, 21, 18] => QQFieldElem[0, 0, 2, 5, 6, 8, 8, 6, 5, 2],
	[17, 12, 22, 22, 13, 21] => QQFieldElem[-2, 0, 2, -1, -2, 1, 1, -2, -1, 2],
	[17, 12, 22, 22, 23, 8] => QQFieldElem[25, 6, 7, 27, 2, 17, 23, 0, 22, 14],
	[17, 12, 22, 22, 18, 16] => QQFieldElem[65, 0, 20, 59, -12, 42, 42, -12, 59, 20],
	[17, 12, 22, 22, 13, 18] => QQFieldElem[0, 3, 3, 0, 0, 2, 0, -2, 0, 2],
	[17, 12, 22, 22, 23, 23] => QQFieldElem[358//67, 106//67, 155//67, 393//67, 75//67, 282//67, 292//67, 63//67, 262//67, 214//67],
	[17, 12, 22, 22, 23, 6] => QQFieldElem[6, 1, 3, 6, 1, 5, 4, 0, 5, 2],
	[17, 12, 22, 22, 21, 16] => QQFieldElem[6, -2, 2, 4, -3, 4, 2, -2, 6, 0],
	[17, 12, 22, 22, 18, 8] => QQFieldElem[-17, -4, -4, -17, 0, -9, -14, 2, -14, -9],
	[17, 12, 22, 22, 18, 23] => QQFieldElem[-3977//1541, -935//1541, -756//1541, -3830//1541, 449//1541, -1710//1541, -2874//1541, 948//1541, -3134//1541, -1741//1541],
	[17, 12, 22, 22, 16, 21] => QQFieldElem[2, 1, 1, 2, 2, 2, 1, 1, 2, 0],
	[17, 12, 22, 22, 13, 16] => QQFieldElem[4, 0, -3, 2, 4, -2, -2, 4, 2, -3],
	[17, 12, 22, 22, 18, 6] => QQFieldElem[-3, 0, -1, -3, 1, -2, -2, 1, -3, -1],
	[17, 12, 22, 22, 16, 18] => QQFieldElem[0, 0, 0, 0, 0, -1, -1, 0, 0, 0],
	[17, 12, 22, 22, 21, 8] => QQFieldElem[3, 0, 0, 1, -3, -1, -1, -3, 1, 0],
	[17, 12, 22, 22, 21, 23] => QQFieldElem[373//1541, -256//1541, -947//1541, -513//1541, -2224//1541, -1078//1541, -1044//1541, -965//1541, 261//1541, -63//1541],
	[17, 12, 22, 22, 11, 21] => QQFieldElem[1, -1, 0, -1, -1, -1, 0, -1, 1, 0],
	[17, 12, 22, 22, 13, 8] => QQFieldElem[0, 1, 1, 0, 0, 1, 0, -1, 0, 1],
	[17, 12, 22, 22, 21, 6] => QQFieldElem[-1, -1, -1, -2, -2, -2, -1, -1, -1, 0],
	[17, 12, 22, 22, 11, 18] => QQFieldElem[0, 0, -3, -6, -9, -11, -11, -9, -6, -3],
	[17, 12, 22, 22, 13, 23] => QQFieldElem[-1452//1541, 885//1541, 2100//1541, -833//1541, -1076//1541, 1668//1541, 792//1541, -1606//1541, -198//1541, 2439//1541],
	[17, 12, 22, 22, 16, 16] => QQFieldElem[-4, -1, 0, -2, -2, -2, 0, -1, -4, 0],
	[17, 12, 22, 22, 13, 6] => QQFieldElem[6, 0, -4, 3, 5, -3, -3, 5, 3, -4],
	[17, 12, 22, 22, 16, 8] => QQFieldElem[-1, 0, 0, 0, 1, 0, 0, 1, 0, 0],
	[17, 12, 22, 22, 11, 16] => QQFieldElem[-2, 1, 0, -1, 2, -1, 0, 1, -2, 0],
	[17, 12, 22, 22, 16, 23] => QQFieldElem[65//1541, 352//1541, 339//1541, 898//1541, 1517//1541, 1097//1541, 665//1541, 749//1541, 219//1541, -106//1541],
	[17, 12, 22, 22, 23, 21] => QQFieldElem[52, 0, 18, 47, -8, 35, 33, -8, 46, 16],
	[17, 12, 22, 22, 16, 6] => QQFieldElem[-4, -3, 1, -1, -4, -1, 1, -3, -4, 0],
	[17, 12, 22, 22, 23, 18] => QQFieldElem[8, 1, -1, 3, -7, -3, -1, -6, 3, 3],
	[17, 12, 22, 22, 11, 8] => QQFieldElem[-2, 0, -2, -4, -3, -5, -5, -3, -4, -2],
	[17, 12, 22, 22, 18, 21] => QQFieldElem[-30, 0, -9, -27, 6, -19, -19, 6, -27, -9],
	[17, 12, 22, 22, 11, 23] => QQFieldElem[-1015//1541, -518//1541, -1856//1541, -1339//1541, -1996//1541, -1483//1541, -1968//1541, -1146//1541, -1049//1541, -597//1541],
	[17, 12, 22, 22, 18, 18] => QQFieldElem[-5, -1, -1, -5, 0, -3, -4, 0, -4, -3],
	[17, 12, 22, 22, 11, 6] => QQFieldElem[0, -1, -1, -2, -2, -2, -1, -1, 0, 0],
	[17, 12, 22, 22, 23, 16] => QQFieldElem[-103, 2, -32, -92, 21, -67, -65, 20, -94, -30],
	[17, 12, 22, 22, 21, 21] => QQFieldElem[-3, 0, -2, -4, 0, -4, -2, 0, -3, 0])