Dict(
	[17, 18, 17, 16, 17, 12] => QQFieldElem[-4, 0, -2, -4, -1, -4, -4, -1, -4, -2],
	[17, 18, 17, 16, 17, 17] => QQFieldElem[-2, 0, 0, -2, 1, -1, -1, 1, -2, 0],
	[17, 18, 17, 16, 2, 12] => QQFieldElem[0, 0, -1, -2, -3, -3, -3, -3, -2, -1],
	[17, 18, 17, 16, 17, 22] => QQFieldElem[-3, 0, -2, -1, -1, -1, -1, -1, -1, -2],
	[17, 18, 17, 16, 12, 12] => QQFieldElem[11, 0, 10, 1, 7, 4, 4, 7, 1, 10],
	[17, 18, 17, 16, 2, 17] => QQFieldElem[2, 0, -2, -1, 0, -1, -1, 0, -1, -2],
	[17, 18, 17, 16, 12, 17] => QQFieldElem[-1, 0, 0, 1, 0, -1, -1, 0, 1, 0],
	[17, 18, 17, 16, 2, 22] => QQFieldElem[-1, 0, -1, -2, -3, -2, -2, -3, -2, -1],
	[17, 18, 17, 16, 12, 22] => QQFieldElem[26, 0, 23, 4, 18, 10, 10, 18, 4, 23],
	[17, 18, 17, 16, 22, 2] => QQFieldElem[1, 0, 0, 0, 0, 0, 0, 0, 0, 0],
	[17, 18, 17, 16, 17, 2] => QQFieldElem[-1, 0, -1, 0, 0, 0, 0, 0, 0, -1],
	[17, 18, 17, 16, 2, 2] => QQFieldElem[1, 0, -1, 1, 2, 1, 1, 2, 1, -1],
	[17, 18, 17, 16, 22, 12] => QQFieldElem[7, 0, 3, 6, 0, 5, 5, 0, 6, 3],
	[17, 18, 17, 16, 12, 2] => QQFieldElem[3, 0, 3, 0, 2, 2, 2, 2, 0, 3],
	[17, 18, 17, 16, 22, 17] => QQFieldElem[5, 0, 1, 4, -1, 3, 3, -1, 4, 1],
	[17, 18, 17, 16, 22, 22] => QQFieldElem[4, 0, 3, 2, 1, 2, 2, 1, 2, 3])