Dict(
	[18, 24, 24, 21, 18, 9] => QQFieldElem[368, 196, 53, 412, 85, 155, 391, 12, 272, 310],
	[18, 24, 24, 21, 13, 24] => QQFieldElem[20//11, 7//11, 16//11, 25//11, 12//11, 21//11, 19//11, 6//11, 15//11, 13//11],
	[18, 24, 24, 21, 8, 9] => QQFieldElem[4, 4, -1, 5, 3, 1, 6, 0, 1, 5],
	[18, 24, 24, 21, 18, 14] => QQFieldElem[-51, -15, -10, -53, -3, -26, -45, 4, -41, -32],
	[18, 24, 24, 21, 8, 14] => QQFieldElem[-2, -2, -1, 0, 0, -1, -2, -1, 0, 0],
	[18, 24, 24, 21, 13, 19] => QQFieldElem[6, 0, 5, 2, 4, 1, 5, 1, 4, 4],
	[18, 24, 24, 21, 13, 9] => QQFieldElem[-91, -65, -8, -109, -34, -31, -110, -10, -63, -94],
	[18, 24, 24, 21, 13, 14] => QQFieldElem[13, 8, 4, 13, 2, 6, 14, 3, 10, 9],
	[18, 24, 24, 21, 23, 24] => QQFieldElem[68//11, 4//11, 28//11, 52//11, -12//11, 56//11, 36//11, -17//11, 73//11, 20//11],
	[18, 24, 24, 21, 23, 19] => QQFieldElem[11, 0, 3, 10, -2, 7, 7, -2, 10, 3],
	[18, 24, 24, 21, 18, 24] => QQFieldElem[-130//11, -95//11, -49//11, -69//11, -67//11, -131//11, -52//11, -17//11, -169//11, -79//11],
	[18, 24, 24, 21, 8, 24] => QQFieldElem[18//11, 47//11, 10//11, -5//11, 24//11, 31//11, -6//11, 1//11, 41//11, 26//11],
	[18, 24, 24, 21, 23, 9] => QQFieldElem[-295, -134, -50, -321, -50, -134, -295, 0, -225, -225],
	[18, 24, 24, 21, 8, 19] => QQFieldElem[0, -1, 1, -2, 1, -1, 1, -2, 0, 0],
	[18, 24, 24, 21, 18, 19] => QQFieldElem[-12, -2, -4, -12, 2, -9, -9, 2, -11, -6],
	[18, 24, 24, 21, 23, 14] => QQFieldElem[44, 11, 11, 44, 0, 24, 37, -3, 37, 24])