Dict(
	[18, 17, 17, 16, 23, 2] => QQFieldElem[-2, -1, 0, -3, 0, -1, -2, 0, -2, -2],
	[18, 17, 17, 16, 18, 2] => QQFieldElem[3, 1, 1, 2, 1, 1, 2, 1, 1, 3],
	[18, 17, 17, 16, 3, 2] => QQFieldElem[1, 1, 1, 1, 1, 1, 1, 1, 0, 0],
	[18, 17, 17, 16, 23, 12] => QQFieldElem[5, 0, 1, 4, -2, 2, 2, -2, 4, 1],
	[18, 17, 17, 16, 13, 2] => QQFieldElem[1, 1, 0, 3, -1, 3, -2, 3, -1, 3],
	[18, 17, 17, 16, 23, 17] => QQFieldElem[1, -1, 0, 1, 0, 1, 0, -1, 1, 0],
	[18, 17, 17, 16, 23, 22] => QQFieldElem[7//11, 3//11, 10//11, 17//11, 2//11, 9//11, 5//11, 1//11, 8//11, -7//11],
	[18, 17, 17, 16, 18, 12] => QQFieldElem[-4, -2, -2, -4, 0, -1, -1, 2, -1, -1],
	[18, 17, 17, 16, 18, 17] => QQFieldElem[0, 0, 0, -1, 0, -1, -1, 0, -1, 0],
	[18, 17, 17, 16, 18, 22] => QQFieldElem[-7//11, -3//11, -10//11, -17//11, -13//11, -20//11, -16//11, -12//11, -8//11, -4//11],
	[18, 17, 17, 16, 3, 12] => QQFieldElem[1, 1, 0, -2, -4, -5, -5, -5, -4, -2],
	[18, 17, 17, 16, 3, 17] => QQFieldElem[-2, -5, -5, -4, -4, -4, -4, -5, -5, -2],
	[18, 17, 17, 16, 13, 12] => QQFieldElem[1, -2, 1, -2, 1, -2, 1, 0, 1, 1],
	[18, 17, 17, 16, 3, 22] => QQFieldElem[-23//11, -46//11, -69//11, -92//11, -93//11, -72//11, -51//11, -41//11, -20//11, 1//11],
	[18, 17, 17, 16, 13, 17] => QQFieldElem[-1, -3, -3, -1, 0, 0, -2, -2, -2, 0],
	[18, 17, 17, 16, 13, 22] => QQFieldElem[19//11, -6//11, 24//11, -12//11, 40//11, 4//11, 34//11, 9//11, 28//11, 14//11])