Dict(
	[18, 17, 7, 18, 23, 22] => QQFieldElem[2, -1, -1, 3, -2, 0, 2, -2, 2, -1],
	[18, 17, 7, 18, 21, 12] => QQFieldElem[0, 3, 1, 0, 1, 3, 0, 0, 2, 2],
	[18, 17, 7, 18, 21, 24] => QQFieldElem[707//737, 1359//737, 504//737, -76//737, 983//737, 1404//737, 263//737, 101//737, 1116//737, 921//737],
	[18, 17, 7, 18, 23, 14] => QQFieldElem[0, -1, 1, 0, -2, 2, 1, -1, 1, 1],
	[18, 17, 7, 18, 13, 12] => QQFieldElem[1, 0, 2, 0, 1, 1, 1, 1, 0, 2],
	[18, 17, 7, 18, 13, 24] => QQFieldElem[-97//737, -249//737, -434//737, -344//737, -89//737, -472//737, -206//737, -435//737, -224//737, -486//737],
	[18, 17, 7, 18, 21, 22] => QQFieldElem[-1, 1, 0, -1, 0, 1, -1, 0, 0, 0],
	[18, 17, 7, 18, 13, 22] => QQFieldElem[1, 0, 1, 0, 1, 0, 0, 1, 0, 1],
	[18, 17, 7, 18, 21, 14] => QQFieldElem[2, 0, -1, 1, 1, -1, -1, 1, 1, -1],
	[18, 17, 7, 18, 13, 14] => QQFieldElem[0, 1, 0, 0, 1, 0, 0, 0, 0, 0],
	[18, 17, 7, 18, 11, 12] => QQFieldElem[-77, 31, -99, 42, -99, 31, -77, 0, -40, -40],
	[18, 17, 7, 18, 11, 24] => QQFieldElem[7077//737, 228//737, 5512//737, 1567//737, 4024//737, 3984//737, 2151//737, 5433//737, -8//737, 6563//737],
	[18, 17, 7, 18, 11, 22] => QQFieldElem[-55, 22, -71, 30, -71, 22, -55, 0, -29, -29],
	[18, 17, 7, 18, 23, 12] => QQFieldElem[-2, -3, -3, 0, -3, -4, -1, -2, -2, -4],
	[18, 17, 7, 18, 11, 14] => QQFieldElem[7, 0, 6, 1, 5, 3, 3, 5, 1, 6],
	[18, 17, 7, 18, 23, 24] => QQFieldElem[-184//737, -951//737, -299//737, 320//737, -997//737, -675//737, -254//737, 79//737, -820//737, -542//737])