Dict(
	[20, 18, 7, 20, 24, 14] => QQFieldElem[-48, -9, -13, -47, 2, -27, -37, 6, -40, -23],
	[20, 18, 7, 20, 22, 15] => QQFieldElem[-1, -3, 2, -7, 5, -8, 4, -6, 2, -4],
	[20, 18, 7, 20, 12, 14] => QQFieldElem[-12, -1, -3, -11, 2, -6, -8, 2, -10, -5],
	[20, 18, 7, 20, 24, 25] => QQFieldElem[114//11, 19//11, 78//11, 60//11, 42//11, 90//11, 17//11, 109//11, 3//11, 117//11],
	[20, 18, 7, 20, 14, 14] => QQFieldElem[17, -1, 4, 14, -5, 9, 10, -4, 15, 5],
	[20, 18, 7, 20, 12, 25] => QQFieldElem[294//253, -710//253, 717//253, -936//253, 821//253, -1107//253, 837//253, -783//253, 314//253, -305//253],
	[20, 18, 7, 20, 14, 25] => QQFieldElem[-3747//253, 8//253, -3332//253, -886//253, -2334//253, -1802//253, -1402//253, -2916//253, -305//253, -3535//253],
	[20, 18, 7, 20, 24, 15] => QQFieldElem[-9, -1, -9, 0, -9, -3, -4, -8, 0, -10],
	[20, 18, 7, 20, 22, 24] => QQFieldElem[-6, 0, -4, -2, -5, 1, -8, 2, -5, -3],
	[20, 18, 7, 20, 12, 15] => QQFieldElem[5, 2, 1, 5, 0, 6, -2, 7, -1, 5],
	[20, 18, 7, 20, 14, 15] => QQFieldElem[11, -2, 14, -3, 12, 0, 9, 4, 3, 10],
	[20, 18, 7, 20, 22, 14] => QQFieldElem[38, 11, 10, 39, 2, 21, 32, -3, 30, 21],
	[20, 18, 7, 20, 24, 24] => QQFieldElem[1, 2, -3, 5, -2, 0, 4, -4, 4, -1],
	[20, 18, 7, 20, 12, 24] => QQFieldElem[-1, -2, 0, -2, 1, -3, 2, -3, 1, -2],
	[20, 18, 7, 20, 22, 25] => QQFieldElem[-1902//253, 695//253, -2186//253, 763//253, -2074//253, 501//253, -1687//253, -201//253, -849//253, -1068//253],
	[20, 18, 7, 20, 14, 24] => QQFieldElem[6, 0, 6, -1, 5, 1, 2, 3, 1, 5])