Dict(
	[20, 5, 19, 5, 17, 18] => QQFieldElem[1, 3, 0, 0, 2, 2, 0, 0, 3, 1],
	[20, 5, 19, 5, 18, 18] => QQFieldElem[-1, -3, 1, -2, -2, 1, -3, -1, 0, -3],
	[20, 5, 19, 5, 19, 20] => QQFieldElem[-4, 0, -2, -4, 1, -4, -4, 1, -4, -2],
	[20, 5, 19, 5, 19, 17] => QQFieldElem[32, 48, -5, 48, 32, 0, 57, 14, 14, 57],
	[20, 5, 19, 5, 17, 20] => QQFieldElem[2, 1, 2, 1, 1, 2, 1, 2, 0, 2],
	[20, 5, 19, 5, 18, 20] => QQFieldElem[0, 0, 1, 1, 0, 0, 0, -1, 1, -1],
	[20, 5, 19, 5, 19, 19] => QQFieldElem[-5, 2, -2, -4, 3, -4, -2, 2, -5, 0],
	[20, 5, 19, 5, 17, 17] => QQFieldElem[1, 0, 1, 1, 0, 1, 1, 0, 1, 1],
	[20, 5, 19, 5, 18, 17] => QQFieldElem[-16, -11, -2, -19, -6, -6, -19, -2, -11, -16],
	[20, 5, 19, 5, 17, 19] => QQFieldElem[6//11, 3//11, 13//11, 3//11, 6//11, 0, 7//11, 5//11, 5//11, 7//11],
	[20, 5, 19, 5, 20, 18] => QQFieldElem[7, -5, 4, 4, -5, 7, 0, -3, 8, -3],
	[20, 5, 19, 5, 18, 19] => QQFieldElem[14//11, -7//11, 14//11, 0, -5//11, 10//11, 1//11, 1//11, 10//11, -5//11],
	[20, 5, 19, 5, 20, 20] => QQFieldElem[4, 1, 1, 4, 0, 2, 4, -1, 4, 2],
	[20, 5, 19, 5, 20, 17] => QQFieldElem[-12, -35, 7, -25, -25, 7, -35, -12, 0, -39],
	[20, 5, 19, 5, 20, 19] => QQFieldElem[63//11, 0, 20//11, 57//11, -10//11, 39//11, 39//11, -10//11, 57//11, 20//11],
	[20, 5, 19, 5, 19, 18] => QQFieldElem[-6, 5, -6, 0, 5, -11, 4, 4, -11, 5])