Dict(
	[21, 20, 16, 25, 25, 10] => QQFieldElem[-60, -28, -9, -67, -9, -28, -60, 0, -46, -46],
	[21, 20, 16, 25, 15, 25] => QQFieldElem[3, 3, 5, 5, 3, 3, 0, 0, -1, 0],
	[21, 20, 16, 25, 25, 20] => QQFieldElem[5, 0, 2, 4, 0, 3, 3, 0, 4, 2],
	[21, 20, 16, 25, 20, 25] => QQFieldElem[-3, 0, -2, -5, -2, -6, -6, -2, -5, -2],
	[21, 20, 16, 25, 15, 15] => QQFieldElem[2, 1, 2, -2, -2, 2, 1, 2, 0, -3],
	[21, 20, 16, 25, 15, 10] => QQFieldElem[-29, 9, -12, -22, 12, -22, -12, 9, -29, 0],
	[21, 20, 16, 25, 5, 25] => QQFieldElem[-2, 1, 0, 1, 1, 0, 1, -2, 0, -3],
	[21, 20, 16, 25, 20, 15] => QQFieldElem[-2, 7, -2, 0, 5, -4, 4, 4, -4, 5],
	[21, 20, 16, 25, 20, 10] => QQFieldElem[94, 22, 22, 94, 0, 51, 78, -8, 78, 51],
	[21, 20, 16, 25, 15, 20] => QQFieldElem[0, -1, 0, 0, -1, 0, -1, -1, 0, -1],
	[21, 20, 16, 25, 5, 15] => QQFieldElem[-1, 2, 1, 1, -1, -1, 1, 1, 2, -1],
	[21, 20, 16, 25, 5, 10] => QQFieldElem[0, -3, 1, -1, -3, 2, -3, -1, 1, -3],
	[21, 20, 16, 25, 25, 25] => QQFieldElem[4, 1, 1, 4, 0, 3, 3, 1, 3, 3],
	[21, 20, 16, 25, 20, 20] => QQFieldElem[-6, 0, -1, -4, -1, -4, -1, 0, -6, 0],
	[21, 20, 16, 25, 5, 20] => QQFieldElem[2, 1, -1, 1, 2, 0, -1, 1, 1, -1],
	[21, 20, 16, 25, 25, 15] => QQFieldElem[5, -3, 3, 3, -3, 5, 0, -1, 5, -1])