Dict(
	[22, 18, 13, 12, 23, 12] => QQFieldElem[3, -1, 0, 4, -3, 2, 3, -4, 5, -1],
	[22, 18, 13, 12, 23, 24] => QQFieldElem[2257//1541, 748//1541, 913//1541, 1523//1541, -51//1541, 1368//1541, 450//1541, 1399//1541, 658//1541, 1701//1541],
	[22, 18, 13, 12, 18, 12] => QQFieldElem[1, 0, 2, -1, 2, 0, 0, 2, -1, 2],
	[22, 18, 13, 12, 18, 24] => QQFieldElem[-1057//1541, -295//1541, -700//1541, -236//1541, -155//1541, -556//1541, -264//1541, -492//1541, 66//1541, -813//1541],
	[22, 18, 13, 12, 23, 22] => QQFieldElem[8, 0, 3, 6, -1, 5, 4, 0, 6, 3],
	[22, 18, 13, 12, 18, 22] => QQFieldElem[-2, 0, -1, -1, 0, -1, -1, 0, -1, -1],
	[22, 18, 13, 12, 21, 12] => QQFieldElem[-1, 1, -1, 0, 0, 0, -1, 1, -1, 0],
	[22, 18, 13, 12, 21, 24] => QQFieldElem[357//1541, 416//1541, 961//1541, 641//1541, 532//1541, 596//1541, 926//1541, 605//1541, 539//1541, 295//1541],
	[22, 18, 13, 12, 23, 14] => QQFieldElem[1, 0, 0, 2, 1, 2, 2, 2, 2, 1],
	[22, 18, 13, 12, 21, 22] => QQFieldElem[-1, 0, 0, -1, 1, -1, 0, 0, -1, 0],
	[22, 18, 13, 12, 18, 14] => QQFieldElem[-1, -1, -1, -1, 0, 0, 1, 1, 1, 0],
	[22, 18, 13, 12, 16, 12] => QQFieldElem[-8, 5, -11, 9, -15, 9, -11, 5, -8, 0],
	[22, 18, 13, 12, 16, 24] => QQFieldElem[3447//1541, 80//1541, 7//1541, 64//1541, 3777//1541, -241//1541, -59//1541, 1361//1541, 1941//1541, 116//1541],
	[22, 18, 13, 12, 21, 14] => QQFieldElem[0, 0, 0, -1, -2, -2, -2, -2, -1, 0],
	[22, 18, 13, 12, 16, 22] => QQFieldElem[4, 0, 3, -2, 6, -2, 3, 0, 4, 0],
	[22, 18, 13, 12, 16, 14] => QQFieldElem[3, 0, 0, 1, 2, -1, -1, 2, 1, 0])