Dict(
	[23, 14, 9, 23, 6, 24] => QQFieldElem[2, -1, -1, 2, 0, -1, -1, 3, -1, -1],
	[23, 14, 9, 23, 6, 17] => QQFieldElem[1, -1, 2, -2, 2, -1, 1, 0, 0, 0],
	[23, 14, 9, 23, 6, 19] => QQFieldElem[-1, 1, 1, -1, 0, -1, 0, 1, 0, -1],
	[23, 14, 9, 23, 6, 22] => QQFieldElem[38//11, 18//11, 6//11, 35//11, 6//11, 18//11, 38//11, 0, 25//11, 25//11],
	[23, 14, 9, 23, 20, 25] => QQFieldElem[774//253, 305//253, 430//253, 401//253, 262//253, 695//253, 380//253, 109//253, 773//253, 370//253],
	[23, 14, 9, 23, 16, 25] => QQFieldElem[-334//253, 124//253, 208//253, -192//253, -251//253, 42//253, 225//253, -285//253, -25//253, 26//253],
	[23, 14, 9, 23, 18, 20] => QQFieldElem[-4, 2, -4, -3, 3, -4, -4, 4, -5, -1],
	[23, 14, 9, 23, 8, 20] => QQFieldElem[9, -2, 8, 3, 2, 5, 5, 2, 4, 6],
	[23, 14, 9, 23, 10, 20] => QQFieldElem[-4, 4, 0, -5, 7, -4, -2, 7, -8, 5],
	[23, 14, 9, 23, 18, 24] => QQFieldElem[-5, -2, -4, -4, 1, -6, -5, 2, -6, -5],
	[23, 14, 9, 23, 8, 24] => QQFieldElem[0, 0, 1, 0, -2, 1, 2, -3, 2, 1],
	[23, 14, 9, 23, 18, 17] => QQFieldElem[-51, -14, -12, -52, -2, -28, -44, 3, -42, -30],
	[23, 14, 9, 23, 8, 17] => QQFieldElem[34, 9, 7, 35, -1, 19, 28, -3, 28, 19],
	[23, 14, 9, 23, 10, 24] => QQFieldElem[-5, -1, -1, -4, 0, -3, -2, -1, -4, -1],
	[23, 14, 9, 23, 18, 19] => QQFieldElem[180, 6, 52, 164, -30, 112, 121, -31, 161, 63],
	[23, 14, 9, 23, 6, 25] => QQFieldElem[525//253, 49//253, 123//253, 373//253, 315//253, 290//253, -109//253, 526//253, -16//253, 300//253],
	[23, 14, 9, 23, 8, 22] => QQFieldElem[-1392//11, -346//11, -327//11, -1401//11, -15//11, -756//11, -1171//11, 115//11, -105, -779//11],
	[23, 14, 9, 23, 10, 19] => QQFieldElem[190, -8, 60, 170, -40, 126, 117, -39, 174, 53],
	[23, 14, 9, 23, 10, 22] => QQFieldElem[1583//11, 328//11, 382//11, 1558//11, -38//11, 885//11, 1280//11, -162//11, 1322//11, 815//11],
	[23, 14, 9, 23, 18, 22] => QQFieldElem[3433//11, 928//11, 779//11, 3481//11, 91//11, 1829//11, 2942//11, -255//11, 2820//11, 1992//11],
	[23, 14, 9, 23, 8, 19] => QQFieldElem[-122, -2, -38, -112, 20, -79, -81, 22, -110, -39],
	[23, 14, 9, 23, 10, 17] => QQFieldElem[-41, -8, -12, -39, -1, -22, -33, 3, -34, -22],
	[23, 14, 9, 23, 20, 20] => QQFieldElem[14, -3, 7, 9, -3, 10, 6, -4, 14, 1],
	[23, 14, 9, 23, 16, 20] => QQFieldElem[-4, 0, -2, -1, -3, -1, -1, -3, -1, -2],
	[23, 14, 9, 23, 20, 24] => QQFieldElem[7, -2, 3, 7, -4, 4, 6, -2, 5, 2],
	[23, 14, 9, 23, 18, 25] => QQFieldElem[170//253, -1//253, -524//253, 75//253, 355//253, -388//253, -416//253, 392//253, -10//253, -445//253],
	[23, 14, 9, 23, 16, 24] => QQFieldElem[-2, 2, 2, -2, 0, 3, 1, -3, 1, 3],
	[23, 14, 9, 23, 8, 25] => QQFieldElem[-582//253, -196//253, 14//253, -227//253, -501//253, -148//253, 183//253, -586//253, -189//253, -188//253],
	[23, 14, 9, 23, 10, 25] => QQFieldElem[-17//23, 7//23, -12//23, -19//23, 22//23, -21//23, -9//23, -7//23, 1//23, -13//23],
	[23, 14, 9, 23, 20, 19] => QQFieldElem[-267, 1, -83, -240, 51, -173, -172, 49, -242, -81],
	[23, 14, 9, 23, 20, 22] => QQFieldElem[-3687//11, -853//11, -870//11, -3672//11, 14//11, -2022//11, -3048//11, 335//11, -3060//11, -181],
	[23, 14, 9, 23, 20, 17] => QQFieldElem[55, 13, 13, 55, 0, 31, 45, -4, 45, 30],
	[23, 14, 9, 23, 16, 19] => QQFieldElem[4, 2, 2, 4, 0, 2, 4, 1, 4, 2],
	[23, 14, 9, 23, 16, 22] => QQFieldElem[-162//11, -75//11, -25//11, -166//11, -25//11, -75//11, -162//11, 0, -117//11, -117//11],
	[23, 14, 9, 23, 16, 17] => QQFieldElem[3, 1, 1, 2, 1, 1, 3, 0, 2, 2],
	[23, 14, 9, 23, 6, 20] => QQFieldElem[-9, 0, -9, -1, -6, -4, -4, -6, -1, -9])