Dict(
	[23, 7, 7, 23, 11, 24] => QQFieldElem[18, 0, -20, -14, -19, -46, -46, -19, -14, -20],
	[23, 7, 7, 23, 11, 17] => QQFieldElem[-31, 0, 24, -15, -30, 15, 15, -30, -15, 24],
	[23, 7, 7, 23, 11, 19] => QQFieldElem[5, 0, -3, 2, 3, 0, 0, 3, 2, -3],
	[23, 7, 7, 23, 11, 22] => QQFieldElem[65//23, 0, -64//23, 31//23, 90//23, -42//23, -42//23, 90//23, 31//23, -64//23],
	[23, 7, 7, 23, 1, 24] => QQFieldElem[-15, 0, 33, 68, 103, 130, 130, 103, 68, 33],
	[23, 7, 7, 23, 1, 17] => QQFieldElem[14, 0, -11, 8, 16, -5, -5, 16, 8, -11],
	[23, 7, 7, 23, 1, 19] => QQFieldElem[-2, 0, 0, -3, -3, -1, -1, -3, -3, 0],
	[23, 7, 7, 23, 1, 22] => QQFieldElem[-20//23, 0, 2//23, -29//23, -56//23, -26//23, -26//23, -56//23, -29//23, 2//23],
	[23, 7, 7, 23, 3, 24] => QQFieldElem[3, 0, -4, -6, -10, -14, -14, -10, -6, -4],
	[23, 7, 7, 23, 3, 17] => QQFieldElem[-3, 0, 7, 0, -8, 6, 6, -8, 0, 7],
	[23, 7, 7, 23, 13, 24] => QQFieldElem[-9, 0, 3, -11, -15, -7, -7, -15, -11, 3],
	[23, 7, 7, 23, 3, 19] => QQFieldElem[-2, 0, 0, -1, 2, -2, -2, 2, -1, 0],
	[23, 7, 7, 23, 13, 17] => QQFieldElem[18, 0, -19, 6, 21, -15, -15, 21, 6, -19],
	[23, 7, 7, 23, 3, 22] => QQFieldElem[4//23, 0, -5//23, -8//23, 25//23, -4//23, -4//23, 25//23, -8//23, -5//23],
	[23, 7, 7, 23, 13, 19] => QQFieldElem[1, 0, 3, 3, -2, 3, 3, -2, 3, 3],
	[23, 7, 7, 23, 13, 22] => QQFieldElem[-3//23, 0, 67//23, 29//23, -59//23, 72//23, 72//23, -59//23, 29//23, 67//23])