Dict(
	[24, 7, 12, 24, 18, 20] => QQFieldElem[-6, -2, -2, -4, 3, 1, 1, 5, -1, -1],
	[24, 7, 12, 24, 8, 20] => QQFieldElem[6, 3, 2, 2, -5, -5, -5, -8, -2, -1],
	[24, 7, 12, 24, 18, 23] => QQFieldElem[-110//23, 25//23, -45//23, -102//23, 44//23, -86//23, -74//23, 40//23, -101//23, -27//23],
	[24, 7, 12, 24, 8, 23] => QQFieldElem[68//23, -2//23, 8//23, 34//23, -26//23, 28//23, 16//23, -22//23, 56//23, 13//23],
	[24, 7, 12, 24, 6, 25] => QQFieldElem[1, -7, -8, 2, -4, -10, -6, 2, -6, -9],
	[24, 7, 12, 24, 16, 18] => QQFieldElem[0, 1, -2, 0, 3, -2, -2, 2, -1, -2],
	[24, 7, 12, 24, 16, 20] => QQFieldElem[0, -2, -3, -2, -2, -4, -3, 0, -2, -2],
	[24, 7, 12, 24, 6, 18] => QQFieldElem[0, -1, 0, -1, -3, 0, 0, -2, 1, 1],
	[24, 7, 12, 24, 18, 25] => QQFieldElem[2, 1, 2, 2, 0, 4, 1, 3, 0, 4],
	[24, 7, 12, 24, 8, 25] => QQFieldElem[-2, -2, 0, -1, 2, 1, 4, 1, 2, 0],
	[24, 7, 12, 24, 16, 23] => QQFieldElem[-24//23, -25//23, 77//23, 11//23, -95//23, 74//23, 62//23, -91//23, 10//23, 59//23],
	[24, 7, 12, 24, 6, 20] => QQFieldElem[0, 1, 2, 3, 4, 6, 5, 3, 3, 2],
	[24, 7, 12, 24, 18, 18] => QQFieldElem[4, -1, 1, 2, -3, 1, 1, -2, 3, 1],
	[24, 7, 12, 24, 8, 18] => QQFieldElem[-3, 1, 1, 0, 4, 1, 1, 3, -2, 0],
	[24, 7, 12, 24, 6, 23] => QQFieldElem[20//23, 2//23, -40//23, 11//23, 54//23, -39//23, -27//23, 50//23, -11//23, -45//23],
	[24, 7, 12, 24, 16, 25] => QQFieldElem[-9, 8, 8, -8, -2, 8, 6, -12, 5, 8])