Dict(
	[25, 5, 25, 4, 22, 22] => QQFieldElem[1, 0, 0, 1, 0, 1, 0, 0, 1, 0],
	[25, 5, 25, 4, 25, 23] => QQFieldElem[3, -7, 3, 0, -5, 4, -3, -3, 4, -5],
	[25, 5, 25, 4, 25, 22] => QQFieldElem[-11, -19, 4, -19, -11, 0, -21, -5, -5, -21],
	[25, 5, 25, 4, 23, 23] => QQFieldElem[-2, -3, 0, -3, -2, 0, -4, -1, -1, -4],
	[25, 5, 25, 4, 23, 22] => QQFieldElem[-12, -5, -3, -12, -3, -5, -12, 0, -9, -9],
	[25, 5, 25, 4, 24, 24] => QQFieldElem[-4, 3, -2, -2, 3, -4, 0, 2, -5, 2],
	[25, 5, 25, 4, 24, 23] => QQFieldElem[0, 11, -2, 4, 8, -3, 8, 4, -2, 11],
	[25, 5, 25, 4, 22, 25] => QQFieldElem[-3, -5, -6, -5, -3, 0, 3, 5, 5, 3],
	[25, 5, 25, 4, 24, 22] => QQFieldElem[24, 24, 0, 32, 14, 5, 35, 5, 14, 32],
	[25, 5, 25, 4, 25, 25] => QQFieldElem[5, 0, 2, 4, 0, 3, 3, 0, 4, 2],
	[25, 5, 25, 4, 23, 25] => QQFieldElem[-3, -5, -3, 0, 3, 8, 9, 9, 8, 3],
	[25, 5, 25, 4, 24, 25] => QQFieldElem[-4, 2, 0, -1, 4, -1, 0, 2, -4, 0],
	[25, 5, 25, 4, 22, 24] => QQFieldElem[0, 0, 0, 0, 0, -1, -1, -1, 0, 0],
	[25, 5, 25, 4, 25, 24] => QQFieldElem[4, -2, 2, 3, -2, 3, 2, -2, 4, 0],
	[25, 5, 25, 4, 22, 23] => QQFieldElem[0, -1, -1, 0, -1, -1, 0, 0, -1, -1],
	[25, 5, 25, 4, 23, 24] => QQFieldElem[0, -1, 0, 0, -2, 1, -2, 0, 0, -1])