Dict(
	[4, 15, 5, 15, 12, 13] => QQFieldElem[0, -2, 0, 0, -1, -2, 0, 0, -2, -1],
	[4, 15, 5, 15, 12, 15] => QQFieldElem[8//11, -18//11, -23//11, -18//11, 8//11, 0, -9//11, -19//11, -19//11, -9//11],
	[4, 15, 5, 15, 15, 13] => QQFieldElem[19, 13, 3, 23, 8, 8, 23, 3, 13, 19],
	[4, 15, 5, 15, 15, 15] => QQFieldElem[5, 0, 2, 4, 0, 3, 3, 0, 4, 2],
	[4, 15, 5, 15, 13, 13] => QQFieldElem[1, 3, -1, 2, 2, -1, 3, 1, 0, 3],
	[4, 15, 5, 15, 13, 15] => QQFieldElem[8//11, 21//11, 17//11, 18//11, 2//11, 2//11, 18//11, 17//11, 21//11, 8//11],
	[4, 15, 5, 15, 14, 13] => QQFieldElem[-17, -17, 0, -22, -10, -4, -24, -4, -10, -22],
	[4, 15, 5, 15, 14, 15] => QQFieldElem[-42//11, 3//11, 3//11, -42//11, 0, -25//11, -29//11, 21//11, -29//11, -25//11],
	[4, 15, 5, 15, 12, 12] => QQFieldElem[-1, -1, 0, 0, -1, 0, 0, -1, -1, 0],
	[4, 15, 5, 15, 15, 12] => QQFieldElem[-29, -44, 5, -44, -29, 0, -54, -13, -13, -54],
	[4, 15, 5, 15, 13, 12] => QQFieldElem[4, -8, 4, 0, -7, 6, -4, -4, 6, -7],
	[4, 15, 5, 15, 14, 12] => QQFieldElem[18, 53, -11, 38, 38, -11, 53, 18, 0, 59],
	[4, 15, 5, 15, 12, 14] => QQFieldElem[-3, 1, 2, -2, -2, 2, 1, -3, 0, 3],
	[4, 15, 5, 15, 15, 14] => QQFieldElem[7, 0, 0, 7, 0, 3, 6, 1, 6, 3],
	[4, 15, 5, 15, 13, 14] => QQFieldElem[1, 1, 0, 1, 1, 0, 1, 0, 1, 1],
	[4, 15, 5, 15, 14, 14] => QQFieldElem[-7, -3, -1, -8, -1, -3, -7, 0, -5, -5])