Dict(
	[7, 13, 13, 7, 3, 7] => QQFieldElem[1, 0, 3, 0, 1, 2, 2, 1, 0, 3],
	[7, 13, 13, 7, 13, 7] => QQFieldElem[-2, 0, -5, 0, -2, -3, -3, -2, 0, -5],
	[7, 13, 13, 7, 11, 17] => QQFieldElem[6, 0, 5, 1, 4, 2, 2, 4, 1, 5],
	[7, 13, 13, 7, 11, 19] => QQFieldElem[-1, 0, 3, 8, 12, 14, 14, 12, 8, 3],
	[7, 13, 13, 7, 11, 9] => QQFieldElem[2, 0, 1, 0, 1, 0, 0, 1, 0, 1],
	[7, 13, 13, 7, 1, 17] => QQFieldElem[1, 0, -4, 1, 1, -2, -2, 1, 1, -4],
	[7, 13, 13, 7, 1, 19] => QQFieldElem[4, 0, -3, 1, 2, -3, -3, 2, 1, -3],
	[7, 13, 13, 7, 11, 7] => QQFieldElem[1, 0, 3, 0, 1, 2, 2, 1, 0, 3],
	[7, 13, 13, 7, 1, 9] => QQFieldElem[1, 0, -4, 1, 1, -2, -2, 1, 1, -4],
	[7, 13, 13, 7, 3, 17] => QQFieldElem[2, 0, 1, 0, 1, 0, 0, 1, 0, 1],
	[7, 13, 13, 7, 3, 19] => QQFieldElem[-1, 0, 3, 8, 12, 14, 14, 12, 8, 3],
	[7, 13, 13, 7, 1, 7] => QQFieldElem[-12, 0, 4, -5, -10, 3, 3, -10, -5, 4],
	[7, 13, 13, 7, 13, 17] => QQFieldElem[-11, 0, -9, -2, -7, -4, -4, -7, -2, -9],
	[7, 13, 13, 7, 13, 19] => QQFieldElem[2, 0, -1, -5, -8, -9, -9, -8, -5, -1],
	[7, 13, 13, 7, 3, 9] => QQFieldElem[6, 0, 5, 1, 4, 2, 2, 4, 1, 5],
	[7, 13, 13, 7, 13, 9] => QQFieldElem[-11, 0, -9, -2, -7, -4, -4, -7, -2, -9])