Dict(
	[7, 13, 8, 14, 20, 7] => QQFieldElem[35, 0, 32, 5, 25, 14, 14, 25, 5, 32],
	[7, 13, 8, 14, 18, 17] => QQFieldElem[1, 1, 0, -1, 2, -1, 0, -1, 2, -1],
	[7, 13, 8, 14, 8, 17] => QQFieldElem[3, 11, 6, -1, 6, 11, 3, 0, 9, 9],
	[7, 13, 8, 14, 10, 17] => QQFieldElem[0, 0, 2, 0, 0, 1, 1, 0, 0, 2],
	[7, 13, 8, 14, 18, 19] => QQFieldElem[-58//23, -7//23, -2, -30//23, -39//23, -38//23, -14//23, -57//23, -7//23, -55//23],
	[7, 13, 8, 14, 8, 19] => QQFieldElem[-30//23, -43//23, -21//23, -31//23, -50//23, -27//23, 6//23, -35//23, -65//23, -33//23],
	[7, 13, 8, 14, 10, 19] => QQFieldElem[9//23, -19//23, 1//23, -13//23, 7//23, -18//23, 8//23, -7//23, -7//23, -10//23],
	[7, 13, 8, 14, 18, 9] => QQFieldElem[-7, 0, -6, -1, -5, -3, -3, -5, -1, -6],
	[7, 13, 8, 14, 8, 9] => QQFieldElem[-2, -2, -1, -1, -2, -2, 0, -2, -2, -2],
	[7, 13, 8, 14, 10, 9] => QQFieldElem[0, -2, 1, -3, 2, -4, 2, -3, 1, -2],
	[7, 13, 8, 14, 18, 7] => QQFieldElem[-8, 4, -10, 5, -10, 4, -8, 0, -4, -4],
	[7, 13, 8, 14, 8, 7] => QQFieldElem[-4, 0, -1, -1, -3, 0, 0, -3, -1, -1],
	[7, 13, 8, 14, 20, 17] => QQFieldElem[-3, -1, -5, 2, -5, -1, -3, 0, -3, -3],
	[7, 13, 8, 14, 10, 7] => QQFieldElem[-12, -4, -8, -8, -4, -12, 0, -14, 1, -14],
	[7, 13, 8, 14, 20, 19] => QQFieldElem[62//23, 45//23, 19//23, 67//23, 3//23, 91//23, -25//23, 91//23, -3//23, 79//23],
	[7, 13, 8, 14, 20, 9] => QQFieldElem[11, 3, 7, 7, 3, 11, 0, 12, 0, 12])