Dict(
	[7, 9, 8, 10, 4, 15] => QQFieldElem[965//2047, 497//2047, -1200//2047, -2494//2047, -2611//2047, -1500//2047, -800//2047, -1341//2047, -1575//2047, -1400//2047],
	[7, 9, 8, 10, 14, 13] => QQFieldElem[0, 0, 0, 2, 1, 4, 2, 4, 1, 2],
	[7, 9, 8, 10, 14, 15] => QQFieldElem[882//2047, -250//2047, 929//2047, -1921//2047, -157//2047, -2421//2047, -63//2047, -1669//2047, -188//2047, -622//2047],
	[7, 9, 8, 10, 15, 5] => QQFieldElem[1, 0, -1, 3, -1, 2, 1, 0, 2, -1],
	[7, 9, 8, 10, 4, 5] => QQFieldElem[0, 0, -1, -1, -1, -1, -1, -1, -1, 0],
	[7, 9, 8, 10, 14, 5] => QQFieldElem[2, 0, 2, 0, 1, 0, 0, 1, 0, 2],
	[7, 9, 8, 10, 5, 13] => QQFieldElem[-1, 0, 1, 3, 4, 5, 5, 4, 3, 1],
	[7, 9, 8, 10, 5, 15] => QQFieldElem[926//2047, 146//2047, 47//2047, -745//2047, -940//2047, -453//2047, -651//2047, -188//2047, -578//2047, 396//2047],
	[7, 9, 8, 10, 5, 5] => QQFieldElem[0, 0, 0, -1, 0, -1, 0, -1, 0, 0],
	[7, 9, 8, 10, 15, 3] => QQFieldElem[-14, 2, -16, 0, -15, -4, -12, -7, -6, -11],
	[7, 9, 8, 10, 4, 3] => QQFieldElem[0, 1, 0, 2, 0, 3, 0, 2, 0, 1],
	[7, 9, 8, 10, 14, 3] => QQFieldElem[29, 0, 27, 5, 21, 13, 13, 21, 5, 27],
	[7, 9, 8, 10, 15, 13] => QQFieldElem[1, 1, -2, -4, -6, -9, -8, -8, -4, -3],
	[7, 9, 8, 10, 15, 15] => QQFieldElem[1489//2047, 1119//2047, 206//2047, 3137//2047, 2021//2047, 3328//2047, 1502//2047, 3270//2047, 1038//2047, 1605//2047],
	[7, 9, 8, 10, 5, 3] => QQFieldElem[0, -2, 3, -3, 5, -3, 5, -3, 3, -2],
	[7, 9, 8, 10, 4, 13] => QQFieldElem[0, 0, 1, 2, 3, 4, 4, 3, 2, 1])