Dict(
	[8, 13, 12, 17, 14, 6] => QQFieldElem[2, 0, 3, 0, 1, 1, 1, 1, 0, 3],
	[8, 13, 12, 17, 22, 18] => QQFieldElem[6//23, 16//23, 28//23, 22//23, 3//23, 0, -13//23, 12//23, 16//23, 27//23],
	[8, 13, 12, 17, 22, 16] => QQFieldElem[-1, 1, 0, 2, 0, 1, -1, 0, 0, 0],
	[8, 13, 12, 17, 22, 8] => QQFieldElem[0, 0, 0, -1, 0, 2, 2, 0, -1, 0],
	[8, 13, 12, 17, 24, 18] => QQFieldElem[-6//23, 9//23, -5//23, 18//23, -18//23, 18//23, -12//23, 12//23, -7//23, 8//23],
	[8, 13, 12, 17, 12, 18] => QQFieldElem[-12//23, 11//23, 36//23, 34//23, 5//23, -27//23, -17//23, 9//23, 35//23, 20//23],
	[8, 13, 12, 17, 22, 6] => QQFieldElem[1, 0, 2, 1, 2, 0, 1, 0, 0, 0],
	[8, 13, 12, 17, 14, 18] => QQFieldElem[-7//23, 48//23, -2//23, 81//23, -32//23, 48//23, -40//23, 73//23, 13//23, 35//23],
	[8, 13, 12, 17, 24, 16] => QQFieldElem[-1, 0, -1, 0, -1, 0, 0, -1, 0, -1],
	[8, 13, 12, 17, 12, 16] => QQFieldElem[0, 0, 2, 2, 2, 0, 0, 0, 1, 1],
	[8, 13, 12, 17, 24, 8] => QQFieldElem[0, -1, 0, 0, -1, 0, 0, 0, -1, 0],
	[8, 13, 12, 17, 14, 16] => QQFieldElem[-3, 0, -5, -2, -3, -1, -1, -3, -2, -5],
	[8, 13, 12, 17, 12, 8] => QQFieldElem[0, 0, 0, 0, -1, -2, -2, -1, 0, 0],
	[8, 13, 12, 17, 24, 6] => QQFieldElem[2, 0, 1, 1, 1, 1, 1, 1, 1, 1],
	[8, 13, 12, 17, 12, 6] => QQFieldElem[-1, -1, -2, -2, -2, -1, -1, 0, 0, 0],
	[8, 13, 12, 17, 14, 8] => QQFieldElem[3, 3, 2, 2, 3, 3, 0, 3, 3, 3])