Dict(
	[8, 14, 14, 10, 5, 20] => QQFieldElem[636//737, 557//737, 269//737, 124//737, 463//737, 626//737, 250//737, 204//737, 708//737, 409//737],
	[8, 14, 14, 10, 4, 9] => QQFieldElem[-3, 1, -1, -1, 1, -3, 0, 1, -3, 1],
	[8, 14, 14, 10, 13, 9] => QQFieldElem[-1, 0, 0, -1, -1, 0, 0, -1, -1, 0],
	[8, 14, 14, 10, 14, 9] => QQFieldElem[29, -1, 9, 25, -5, 19, 16, -5, 27, 7],
	[8, 14, 14, 10, 3, 7] => QQFieldElem[-27, -7, -18, -18, -7, -27, 0, -33, 4, -33],
	[8, 14, 14, 10, 15, 7] => QQFieldElem[-2, -4, 0, 1, -6, -1, 1, -3, -3, -1],
	[8, 14, 14, 10, 5, 17] => QQFieldElem[1, 0, 1, 1, -1, 1, 1, -1, 1, 1],
	[8, 14, 14, 10, 5, 19] => QQFieldElem[-1, 0, 1, 0, -1, 1, 1, -1, 0, 1],
	[8, 14, 14, 10, 4, 7] => QQFieldElem[-3, -6, 0, 0, -6, -3, 0, -1, -7, -1],
	[8, 14, 14, 10, 13, 7] => QQFieldElem[1, 0, 6, -1, 0, 3, 3, 0, -1, 6],
	[8, 14, 14, 10, 14, 7] => QQFieldElem[3, 6, -6, 0, 8, -1, -4, 3, 7, -5],
	[8, 14, 14, 10, 5, 9] => QQFieldElem[6, -3, 3, 3, -3, 6, 0, -2, 7, -2],
	[8, 14, 14, 10, 3, 10] => QQFieldElem[-38, -11, -25, -25, -11, -38, 0, -46, 4, -46],
	[8, 14, 14, 10, 15, 10] => QQFieldElem[16, -2, 5, 15, -6, 12, 9, -4, 15, 3],
	[8, 14, 14, 10, 4, 10] => QQFieldElem[3, 0, 2, 2, 0, 3, 0, 2, 1, 2],
	[8, 14, 14, 10, 5, 7] => QQFieldElem[2, 4, 0, 0, 4, 2, 0, 1, 4, 1],
	[8, 14, 14, 10, 14, 10] => QQFieldElem[-17, 0, -8, -12, 0, -11, -8, -2, -11, -8],
	[8, 14, 14, 10, 13, 10] => QQFieldElem[6, 0, 5, 1, 4, 2, 2, 4, 1, 5],
	[8, 14, 14, 10, 3, 20] => QQFieldElem[3252//737, -239//737, 3211//737, 50//737, 2576//737, 823//737, 1765//737, 1794//737, 547//737, 2578//737],
	[8, 14, 14, 10, 15, 20] => QQFieldElem[549//737, -211//737, 41//737, 997//737, -313//737, 5//737, 1071//737, -547//737, 486//737, 287//737],
	[8, 14, 14, 10, 4, 20] => QQFieldElem[-197//737, 167//737, -8//737, 147//737, 115//737, 17//737, -191//737, -91//737, 31//737, -56//737],
	[8, 14, 14, 10, 13, 20] => QQFieldElem[-100//737, 515//737, -872//737, 546//737, -731//737, 379//737, -920//737, 399//737, -306//737, -208//737],
	[8, 14, 14, 10, 14, 20] => QQFieldElem[-5//67, -58//67, 77//67, -100//67, 74//67, -38//67, 21//67, 30//67, -22//67, 3//67],
	[8, 14, 14, 10, 5, 10] => QQFieldElem[-3, 2, -2, -2, 2, -3, 0, 0, -2, 0],
	[8, 14, 14, 10, 3, 17] => QQFieldElem[3, 0, 3, 0, 2, 1, 1, 2, 0, 3],
	[8, 14, 14, 10, 15, 17] => QQFieldElem[10, 3, 1, 10, 1, 4, 9, 0, 8, 6],
	[8, 14, 14, 10, 3, 19] => QQFieldElem[-2, 0, -2, -1, -2, -1, -1, -2, -1, -2],
	[8, 14, 14, 10, 15, 19] => QQFieldElem[4, 1, 0, 4, 1, 1, 2, 1, 2, 1],
	[8, 14, 14, 10, 4, 17] => QQFieldElem[0, 0, -1, 0, 1, -1, -1, 1, 0, -1],
	[8, 14, 14, 10, 14, 17] => QQFieldElem[-7, -2, 1, -9, 0, -2, -6, 0, -5, -3],
	[8, 14, 14, 10, 4, 19] => QQFieldElem[1, 0, -1, 0, 1, 0, 0, 1, 0, -1],
	[8, 14, 14, 10, 13, 19] => QQFieldElem[0, -2, -1, -1, -1, -2, 0, 0, -1, -1],
	[8, 14, 14, 10, 14, 19] => QQFieldElem[-3, 0, 0, -3, -1, 0, -2, -1, -1, 0],
	[8, 14, 14, 10, 13, 17] => QQFieldElem[-1, -1, -2, 0, -2, -1, -1, 0, -1, -1],
	[8, 14, 14, 10, 3, 9] => QQFieldElem[1, 1, 1, 1, 1, 1, 0, 2, 0, 2],
	[8, 14, 14, 10, 15, 9] => QQFieldElem[-39, 3, -13, -33, 9, -27, -21, 8, -37, -8])