Dict(
	[9, 13, 12, 10, 4, 20] => QQFieldElem[-5, 0, 4, -2, -4, 3, 3, -4, -2, 4],
	[9, 13, 12, 10, 14, 20] => QQFieldElem[5, 0, -3, 2, 3, -2, -1, 3, 3, -2],
	[9, 13, 12, 10, 2, 19] => QQFieldElem[0, 0, 0, 0, 1, 0, 0, 1, 0, 0],
	[9, 13, 12, 10, 12, 19] => QQFieldElem[-7, -2, -2, -6, -2, -3, -6, -1, -5, -5],
	[9, 13, 12, 10, 2, 9] => QQFieldElem[3, 5, 0, 0, 5, 3, 0, 1, 6, 1],
	[9, 13, 12, 10, 4, 19] => QQFieldElem[1, 0, 1, 1, -1, 1, 1, -1, 1, 1],
	[9, 13, 12, 10, 14, 19] => QQFieldElem[9, 3, 2, 9, 2, 4, 8, 0, 7, 5],
	[9, 13, 12, 10, 12, 9] => QQFieldElem[-2, -5, 0, 0, -4, -3, 0, 0, -6, -1],
	[9, 13, 12, 10, 4, 9] => QQFieldElem[-8, -10, -2, -2, -10, -8, 0, -5, -11, -5],
	[9, 13, 12, 10, 14, 9] => QQFieldElem[7, 10, 1, 2, 9, 8, 0, 4, 11, 4],
	[9, 13, 12, 10, 2, 10] => QQFieldElem[2, -1, 2, 2, -1, 2, 0, 3, -2, 3],
	[9, 13, 12, 10, 12, 10] => QQFieldElem[-6, 1, -4, -4, 0, -4, -2, -4, 0, -5],
	[9, 13, 12, 10, 4, 10] => QQFieldElem[1, 3, 0, 0, 3, 1, 0, 2, 1, 2],
	[9, 13, 12, 10, 14, 10] => QQFieldElem[6, -3, 3, 5, -3, 3, 4, -2, 4, 1],
	[9, 13, 12, 10, 2, 20] => QQFieldElem[5, 0, -3, 2, 4, -2, -2, 4, 2, -3],
	[9, 13, 12, 10, 12, 20] => QQFieldElem[-6, -1, 0, -2, -5, 0, 0, -4, -3, 0])