Dict(
	[9, 4, 9, 4, 8, 8] => QQFieldElem[2, 0, 1, 1, 0, 2, 0, 2, 1, 2],
	[9, 4, 9, 4, 10, 8] => QQFieldElem[17, 0, 7, 13, -1, 10, 10, -1, 13, 7],
	[9, 4, 9, 4, 9, 10] => QQFieldElem[-2, 0, 0, -2, 0, 1, -4, 4, -4, 1],
	[9, 4, 9, 4, 8, 6] => QQFieldElem[0, 2, 1, -1, 1, 3, 1, -1, 1, 2],
	[9, 4, 9, 4, 10, 6] => QQFieldElem[1, 2, 0, 0, 2, 1, 0, 1, 2, 1],
	[9, 4, 9, 4, 8, 9] => QQFieldElem[-1, -3, -2, 0, 0, 0, -2, -3, -1, 0],
	[9, 4, 9, 4, 10, 9] => QQFieldElem[22, 5, 5, 22, 0, 12, 18, -2, 18, 12],
	[9, 4, 9, 4, 6, 10] => QQFieldElem[-1, -1, -1, -1, -1, -1, 0, 0, 1, 0],
	[9, 4, 9, 4, 9, 8] => QQFieldElem[-6, 2, -1, -5, 5, -5, -1, 2, -6, 0],
	[9, 4, 9, 4, 9, 6] => QQFieldElem[-1, -2, -1, 0, -2, -2, -1, -1, -2, -2],
	[9, 4, 9, 4, 9, 9] => QQFieldElem[-9, 0, -2, -9, 3, -6, -6, 3, -9, -2],
	[9, 4, 9, 4, 8, 10] => QQFieldElem[-3, 0, -3, 0, -2, -1, -1, -2, 0, -3],
	[9, 4, 9, 4, 6, 8] => QQFieldElem[0, -1, -1, -2, -3, -2, -3, -2, -1, -1],
	[9, 4, 9, 4, 10, 10] => QQFieldElem[6, 5, -2, 11, -2, 5, 6, 0, 5, 5],
	[9, 4, 9, 4, 6, 6] => QQFieldElem[1, 0, -1, 0, 1, 0, 0, 2, 2, 0],
	[9, 4, 9, 4, 6, 9] => QQFieldElem[-1, -2, -1, 0, 0, 0, -1, -1, 0, 0])