Dict(
	[9, 13, 7, 13, 7, 9] => QQFieldElem[-3, 0, 4, -2, -3, 2, 2, -3, -2, 4],
	[9, 13, 7, 13, 17, 9] => QQFieldElem[-2, 0, 0, -1, -2, 0, 0, -2, -1, 0],
	[9, 13, 7, 13, 19, 7] => QQFieldElem[0, -5, -8, 3, -2, -7, -4, 2, -3, -9],
	[9, 13, 7, 13, 7, 7] => QQFieldElem[3, 18, 8, -1, 8, 18, 3, 0, 14, 14],
	[9, 13, 7, 13, 17, 7] => QQFieldElem[2, 5, 4, -1, 4, 5, 2, 0, 5, 5],
	[9, 13, 7, 13, 9, 17] => QQFieldElem[-2, 0, 1, -1, -2, 1, 1, -2, -1, 1],
	[9, 13, 7, 13, 9, 19] => QQFieldElem[-3504//2189, -1816//2189, 1379//2189, -475//2189, -3660//2189, -1411//2189, 959//2189, -1742//2189, -2265//2189, 61//2189],
	[9, 13, 7, 13, 9, 9] => QQFieldElem[-3, -3, -1, -1, -3, -3, 0, -2, -3, -2],
	[9, 13, 7, 13, 9, 7] => QQFieldElem[-3, 0, 4, -2, -3, 2, 2, -3, -2, 4],
	[9, 13, 7, 13, 19, 17] => QQFieldElem[4, -3, -1, 2, 1, -3, 0, 2, 0, -2],
	[9, 13, 7, 13, 19, 19] => QQFieldElem[570//199, 1//199, -87//199, 218//199, 425//199, -55//199, -110//199, 404//199, 210//199, -90//199],
	[9, 13, 7, 13, 7, 17] => QQFieldElem[2, 8, 5, -1, 5, 8, 2, 0, 7, 7],
	[9, 13, 7, 13, 7, 19] => QQFieldElem[-1864//2189, 5501//2189, 6376//2189, -1747//2189, 272//2189, 6691//2189, 3034//2189, -2416//2189, 3398//2189, 7584//2189],
	[9, 13, 7, 13, 17, 17] => QQFieldElem[0, 3, 1, 0, 1, 3, 0, 0, 2, 2],
	[9, 13, 7, 13, 19, 9] => QQFieldElem[7, 2, 2, 3, 4, 4, 0, 4, 5, 2],
	[9, 13, 7, 13, 17, 19] => QQFieldElem[-1414//2189, 1836//2189, 1060//2189, -1135//2189, -1372//2189, 1306//2189, -174//2189, -1720//2189, 694//2189, 1920//2189])