Dict(
	[10, 12, 17, 15, 18, 19] => QQFieldElem[-63, 7, 52, -33, -52, 37, 32, -56, -26, 54],
	[10, 12, 17, 15, 8, 19] => QQFieldElem[-5, 0, 1, -2, -4, 1, 1, -4, -2, 1],
	[10, 12, 17, 15, 16, 10] => QQFieldElem[651//67, 9//67, -466//67, 301//67, 553//67, -305//67, -303//67, 558//67, 340//67, -446//67],
	[10, 12, 17, 15, 18, 9] => QQFieldElem[-10, 1, -2, -2, -8, 1, -1, -7, -3, -1],
	[10, 12, 17, 15, 8, 9] => QQFieldElem[10, 0, 7, 2, 7, 3, 3, 7, 2, 7],
	[10, 12, 17, 15, 16, 20] => QQFieldElem[-1, -1, 1, 0, 2, 3, 4, 2, 2, 2],
	[10, 12, 17, 15, 6, 10] => QQFieldElem[-115//67, -9//67, 64//67, -33//67, -84//67, 37//67, 35//67, -89//67, -72//67, 44//67],
	[10, 12, 17, 15, 16, 19] => QQFieldElem[44, -7, -37, 23, 35, -28, -23, 39, 16, -39],
	[10, 12, 17, 15, 6, 20] => QQFieldElem[-2, 0, -2, -1, -3, -3, -3, -3, -1, -2],
	[10, 12, 17, 15, 16, 9] => QQFieldElem[4, -1, -1, 1, 4, -2, 0, 3, 2, -2],
	[10, 12, 17, 15, 18, 10] => QQFieldElem[-2582//67, -191//67, 1656//67, -1214//67, -2274//67, 949//67, 1048//67, -2194//67, -1394//67, 1641//67],
	[10, 12, 17, 15, 8, 10] => QQFieldElem[775//67, 116//67, -408//67, 336//67, 703//67, -194//67, -265//67, 626//67, 459//67, -381//67],
	[10, 12, 17, 15, 6, 19] => QQFieldElem[2, 0, 0, 1, 2, 0, 0, 2, 1, 0],
	[10, 12, 17, 15, 18, 20] => QQFieldElem[-2, 0, -8, 1, -2, -3, -4, 0, 0, -7],
	[10, 12, 17, 15, 8, 20] => QQFieldElem[7, 0, 6, 1, 5, 3, 3, 5, 1, 6],
	[10, 12, 17, 15, 6, 9] => QQFieldElem[-5, 0, -4, -1, -4, -2, -2, -4, -1, -4])