Dict(
	[10, 18, 13, 14, 20, 14] => QQFieldElem[-90, -15, 53, -40, -82, 22, 35, -73, -55, 49],
	[10, 18, 13, 14, 10, 15] => QQFieldElem[-1, 1, 2, 0, 1, 4, 3, 1, 2, 3],
	[10, 18, 13, 14, 20, 25] => QQFieldElem[-11//23, -16//23, -35//23, -6//23, -20//23, -41//23, -38//23, -22//23, -21//23, -31//23],
	[10, 18, 13, 14, 18, 24] => QQFieldElem[-3, 0, 0, -1, -2, 1, 1, -1, 0, 1],
	[10, 18, 13, 14, 8, 24] => QQFieldElem[0, 0, 0, -1, -1, -1, -1, -1, -1, 0],
	[10, 18, 13, 14, 20, 15] => QQFieldElem[2, -4, -6, 1, -1, -8, -5, 1, -3, -7],
	[10, 18, 13, 14, 10, 24] => QQFieldElem[-1, -1, -2, -1, -1, -1, -1, 0, 0, -1],
	[10, 18, 13, 14, 18, 14] => QQFieldElem[69, 22, -33, 30, 66, -7, -22, 55, 49, -27],
	[10, 18, 13, 14, 8, 14] => QQFieldElem[-20, -8, 9, -8, -20, 0, 6, -15, -15, 6],
	[10, 18, 13, 14, 10, 14] => QQFieldElem[32, 6, -18, 14, 29, -7, -12, 26, 20, -17],
	[10, 18, 13, 14, 20, 24] => QQFieldElem[4, -1, 1, 1, 4, -2, 0, 2, 1, -1],
	[10, 18, 13, 14, 18, 25] => QQFieldElem[14//23, 8//23, 27//23, 9//23, 20//23, 35//23, 22//23, 21//23, 5//23, 25//23],
	[10, 18, 13, 14, 8, 25] => QQFieldElem[-11//23, -13//23, -14//23, -18//23, -18//23, -14//23, -13//23, -11//23, 0, -5//23],
	[10, 18, 13, 14, 10, 25] => QQFieldElem[-2//23, -6//23, -5//23, 5//23, 18//23, 17//23, 21//23, 1, 8//23, 8//23],
	[10, 18, 13, 14, 18, 15] => QQFieldElem[-1, 2, 4, 0, 1, 5, 3, 0, 1, 4],
	[10, 18, 13, 14, 8, 15] => QQFieldElem[0, -1, -2, -1, -1, -2, -1, 0, 0, -1])