Dict(
	[10, 25, 25, 9, 2, 18] => QQFieldElem[-1, 0, 2, 1, -1, 2, 2, -1, 0, 1],
	[10, 25, 25, 9, 2, 20] => QQFieldElem[0, -2, -4, -1, 1, 0, -2, -2, -2, -2],
	[10, 25, 25, 9, 3, 24] => QQFieldElem[-1, 1, 0, 0, -1, 0, 1, -1, 0, 1],
	[10, 25, 25, 9, 2, 19] => QQFieldElem[-6, -1, 5, -3, -5, 1, 3, -4, -4, 4],
	[10, 25, 25, 9, 3, 17] => QQFieldElem[-50, -13, 27, -22, -48, 8, 18, -41, -34, 23],
	[10, 25, 25, 9, 4, 24] => QQFieldElem[-3, -1, -10, 0, -1, -7, -4, -2, 1, -12],
	[10, 25, 25, 9, 13, 24] => QQFieldElem[5, -1, -2, 2, 3, -2, -1, 4, 1, -3],
	[10, 25, 25, 9, 14, 24] => QQFieldElem[-9, 5, 21, -8, -7, 15, 12, -10, -3, 22],
	[10, 25, 25, 9, 3, 22] => QQFieldElem[36, -8, -31, 19, 28, -25, -19, 33, 12, -34],
	[10, 25, 25, 9, 4, 17] => QQFieldElem[196, 54, -99, 84, 187, -27, -68, 157, 134, -84],
	[10, 25, 25, 9, 14, 17] => QQFieldElem[-265, -54, 150, -118, -247, 59, 100, -217, -168, 135],
	[10, 25, 25, 9, 13, 17] => QQFieldElem[78, 13, -47, 35, 71, -21, -31, 64, 47, -43],
	[10, 25, 25, 9, 4, 22] => QQFieldElem[-139, 27, 120, -74, -111, 93, 72, -125, -49, 127],
	[10, 25, 25, 9, 13, 22] => QQFieldElem[-144, 55, 142, -82, -106, 125, 84, -135, -32, 157],
	[10, 25, 25, 9, 14, 22] => QQFieldElem[496, -155, -467, 274, 374, -395, -276, 459, 131, -511],
	[10, 25, 25, 9, 5, 23] => QQFieldElem[-15, 3, 13, -8, -13, 9, 7, -15, -6, 14],
	[10, 25, 25, 9, 5, 25] => QQFieldElem[-50//23, 16//23, 77//23, 25//23, 32//23, 112//23, 103//23, 10//23, 15//23, 59//23],
	[10, 25, 25, 9, 2, 24] => QQFieldElem[5, -1, 3, -1, 2, 3, 1, 3, -1, 3],
	[10, 25, 25, 9, 2, 17] => QQFieldElem[2, 1, -2, 2, 2, 0, -1, 2, 2, -2],
	[10, 25, 25, 9, 2, 22] => QQFieldElem[-3, 0, 2, -1, -2, 1, 0, -2, 0, 1],
	[10, 25, 25, 9, 12, 23] => QQFieldElem[1, 1, 1, -2, -1, 2, 2, 0, -1, 0],
	[10, 25, 25, 9, 5, 18] => QQFieldElem[193, 54, -99, 82, 184, -25, -68, 155, 135, -83],
	[10, 25, 25, 9, 15, 23] => QQFieldElem[53, -15, -48, 29, 40, -40, -29, 48, 15, -53],
	[10, 25, 25, 9, 5, 20] => QQFieldElem[-231, -67, 117, -100, -222, 30, 81, -185, -160, 99],
	[10, 25, 25, 9, 12, 25] => QQFieldElem[130//253, 216//253, 522//253, 234//253, 133//253, -144//253, 206//253, 204//253, 444//253, 233//253],
	[10, 25, 25, 9, 15, 25] => QQFieldElem[174//23, -52//23, -164//23, 97//23, 149//23, -111//23, -76//23, 186//23, 72//23, -163//23],
	[10, 25, 25, 9, 5, 19] => QQFieldElem[1006, 289, -512, 432, 965, -131, -352, 807, 698, -430],
	[10, 25, 25, 9, 12, 18] => QQFieldElem[5, 0, -3, 2, 3, -1, -1, 3, 3, -2],
	[10, 25, 25, 9, 15, 18] => QQFieldElem[-249, -54, 141, -108, -233, 53, 96, -204, -161, 125],
	[10, 25, 25, 9, 12, 20] => QQFieldElem[-3, 2, 7, 3, -1, 0, 2, 2, 4, 5],
	[10, 25, 25, 9, 15, 20] => QQFieldElem[300, 67, -166, 134, 282, -60, -111, 245, 194, -148],
	[10, 25, 25, 9, 12, 19] => QQFieldElem[13, 1, -11, 5, 12, -5, -7, 11, 6, -10],
	[10, 25, 25, 9, 3, 23] => QQFieldElem[-4, 1, 4, -2, -3, 3, 2, -3, -1, 3],
	[10, 25, 25, 9, 15, 19] => QQFieldElem[-1305, -289, 727, -578, -1223, 266, 487, -1065, -844, 645],
	[10, 25, 25, 9, 4, 23] => QQFieldElem[18, -4, -15, 9, 14, -12, -10, 16, 6, -16],
	[10, 25, 25, 9, 13, 23] => QQFieldElem[16, -5, -15, 8, 11, -13, -8, 15, 3, -17],
	[10, 25, 25, 9, 14, 23] => QQFieldElem[-64, 20, 59, -35, -48, 50, 35, -59, -17, 65],
	[10, 25, 25, 9, 5, 24] => QQFieldElem[-2, 1, 5, -1, -2, 4, 3, -2, -1, 6],
	[10, 25, 25, 9, 5, 17] => QQFieldElem[-155, -45, 78, -67, -149, 20, 54, -124, -107, 66],
	[10, 25, 25, 9, 3, 25] => QQFieldElem[-16//23, -5//23, -14//23, -38//23, -33//23, -12//23, -2//23, -6//23, -9//23, 6//23],
	[10, 25, 25, 9, 5, 22] => QQFieldElem[111, -20, -94, 58, 89, -72, -57, 100, 40, -100],
	[10, 25, 25, 9, 4, 25] => QQFieldElem[841//253, -144//253, -95//253, 350//253, 839//253, -410//253, -53//253, 623//253, 463//253, -324//253],
	[10, 25, 25, 9, 13, 25] => QQFieldElem[514//253, -193//253, -614//253, 65//253, 304//253, -293//253, -252//253, 141//253, -214//253, -624//253],
	[10, 25, 25, 9, 14, 25] => QQFieldElem[-2272//253, 670//253, 1830//253, -1003//253, -1834//253, 1746//253, 981//253, -1841//253, -703//253, 2140//253],
	[10, 25, 25, 9, 3, 18] => QQFieldElem[47, 13, -26, 20, 46, -9, -18, 39, 31, -22],
	[10, 25, 25, 9, 13, 18] => QQFieldElem[-75, -13, 44, -35, -69, 19, 28, -62, -46, 40],
	[10, 25, 25, 9, 4, 18] => QQFieldElem[-224, -62, 115, -97, -213, 31, 79, -179, -154, 98],
	[10, 25, 25, 9, 14, 18] => QQFieldElem[303, 62, -173, 135, 283, -68, -116, 249, 192, -156],
	[10, 25, 25, 9, 3, 20] => QQFieldElem[-42, -10, 23, -19, -41, 7, 16, -34, -29, 19],
	[10, 25, 25, 9, 4, 20] => QQFieldElem[242, 67, -123, 105, 232, -34, -85, 195, 167, -104],
	[10, 25, 25, 9, 13, 20] => QQFieldElem[67, 10, -43, 26, 59, -17, -26, 52, 36, -39],
	[10, 25, 25, 9, 2, 23] => QQFieldElem[-1, 0, 0, 1, 0, -1, 0, 1, 2, 1],
	[10, 25, 25, 9, 15, 24] => QQFieldElem[14, -4, -13, 8, 10, -10, -8, 13, 4, -14],
	[10, 25, 25, 9, 14, 20] => QQFieldElem[-329, -67, 187, -146, -306, 73, 124, -269, -208, 168],
	[10, 25, 25, 9, 12, 17] => QQFieldElem[-5, -1, 4, -3, -5, 2, 3, -5, -3, 4],
	[10, 25, 25, 9, 15, 17] => QQFieldElem[201, 45, -111, 90, 189, -40, -74, 164, 130, -99],
	[10, 25, 25, 9, 12, 24] => QQFieldElem[-7, 0, -5, 1, -3, -3, -3, -4, 0, -3],
	[10, 25, 25, 9, 3, 19] => QQFieldElem[206, 53, -109, 90, 195, -33, -74, 166, 139, -94],
	[10, 25, 25, 9, 12, 22] => QQFieldElem[12, -4, -11, 6, 8, -10, -5, 11, 1, -12],
	[10, 25, 25, 9, 15, 22] => QQFieldElem[-379, 108, 348, -207, -289, 289, 207, -348, -108, 379],
	[10, 25, 25, 9, 4, 19] => QQFieldElem[-1091, -303, 561, -470, -1043, 153, 384, -877, -749, 475],
	[10, 25, 25, 9, 13, 19] => QQFieldElem[-318, -53, 190, -144, -292, 84, 125, -263, -193, 175],
	[10, 25, 25, 9, 14, 19] => QQFieldElem[1483, 303, -843, 662, 1381, -330, -561, 1215, 941, -757],
	[10, 25, 25, 9, 2, 25] => QQFieldElem[-123//253, -37//253, -237//253, -19//253, -120//253, -144//253, -553//253, -555//253, -568//253, -273//253])