Dict(
	[10, 19, 4, 15, 19, 12] => QQFieldElem[-13, -35, -16, 0, -24, -34, -7, -5, -32, -26],
	[10, 19, 4, 15, 18, 12] => QQFieldElem[0, 6, 5, 0, 3, 7, 2, -2, 3, 5],
	[10, 19, 4, 15, 20, 13] => QQFieldElem[4, -2, -8, -1, 4, 2, -5, -1, -2, -2],
	[10, 19, 4, 15, 20, 15] => QQFieldElem[-1, 0, -3, 0, -1, -1, -2, 1, -1, -3],
	[10, 19, 4, 15, 16, 13] => QQFieldElem[-1, 0, -1, 0, -1, -2, -3, -3, -2, -1],
	[10, 19, 4, 15, 16, 15] => QQFieldElem[5, 1, 5, 5, 1, 5, 0, 1, 1, 1],
	[10, 19, 4, 15, 19, 14] => QQFieldElem[-168//67, -45//67, 48//67, -50//67, -129//67, 9//67, 30//67, -111//67, -131//67, 32//67],
	[10, 19, 4, 15, 18, 14] => QQFieldElem[17//67, -11//67, -24//67, -42//67, 31//67, 29//67, 52//67, 22//67, 32//67, -16//67],
	[10, 19, 4, 15, 20, 12] => QQFieldElem[15, 29, 9, 1, 23, 26, 4, 9, 30, 19],
	[10, 19, 4, 15, 16, 12] => QQFieldElem[2, 4, 6, 7, 7, 6, 4, 2, 0, 0],
	[10, 19, 4, 15, 19, 13] => QQFieldElem[-6, -5, 0, -2, -6, -3, 0, -4, -5, 0],
	[10, 19, 4, 15, 19, 15] => QQFieldElem[-2, -1, 1, -3, -1, -2, 0, -2, -1, 0],
	[10, 19, 4, 15, 18, 13] => QQFieldElem[2, 5, 6, 4, 2, 1, 3, 6, 6, 3],
	[10, 19, 4, 15, 18, 15] => QQFieldElem[-1, 0, -1, 0, 1, -1, 0, 0, 0, 1],
	[10, 19, 4, 15, 20, 14] => QQFieldElem[2, 0, -1, 1, 1, -2, -2, 1, 1, -1],
	[10, 19, 4, 15, 16, 14] => QQFieldElem[-73//67, -138//67, -94//67, -131//67, -7//67, -26//67, 92//67, 8//67, 103//67, -18//67])