Dict(
	[12, 13, 22, 13, 12, 12] => QQFieldElem[-1, 0, 0, -1, 0, -2, 0, -2, 0, -2],
	[12, 13, 22, 13, 12, 24] => QQFieldElem[21//23, -18//23, -42//23, -98//23, -102//23, -135//23, -110//23, -75//23, -58//23, 11//23],
	[12, 13, 22, 13, 24, 22] => QQFieldElem[2, 2, 2, 2, 4, 2, 1, 1, 2, 0],
	[12, 13, 22, 13, 14, 12] => QQFieldElem[2, 0, -2, 1, 2, -1, -1, 2, 1, -2],
	[12, 13, 22, 13, 14, 24] => QQFieldElem[15//23, 35//23, 63//23, 72//23, 72//23, 54//23, 34//23, 12//23, 2//23, -6//23],
	[12, 13, 22, 13, 12, 22] => QQFieldElem[0, 0, 4, 7, 12, 14, 14, 12, 7, 4],
	[12, 13, 22, 13, 14, 22] => QQFieldElem[-1, -2, -3, -4, -4, -4, -3, -2, -1, 0],
	[12, 13, 22, 13, 24, 14] => QQFieldElem[1, -1, 1, -2, 2, -2, 1, -1, 2, 0],
	[12, 13, 22, 13, 12, 14] => QQFieldElem[-7, 0, -7, -3, -7, -6, -6, -7, -3, -7],
	[12, 13, 22, 13, 14, 14] => QQFieldElem[0, 1, 1, 2, 1, 2, 1, 1, 0, 0],
	[12, 13, 22, 13, 22, 12] => QQFieldElem[0, 0, -2, 0, 0, -1, -1, 0, 0, -2],
	[12, 13, 22, 13, 22, 24] => QQFieldElem[-6//23, -5//23, -20//23, -8//23, -26//23, -1//23, -19//23, 3//23, -3//23, 0],
	[12, 13, 22, 13, 22, 22] => QQFieldElem[0, 1, 1, 2, 1, 2, 1, 1, 0, 0],
	[12, 13, 22, 13, 22, 14] => QQFieldElem[-1, 1, -2, 1, -2, 1, -2, 1, -1, 0],
	[12, 13, 22, 13, 24, 12] => QQFieldElem[-9, -3, 6, -4, -9, 1, 4, -7, -7, 5],
	[12, 13, 22, 13, 24, 24] => QQFieldElem[-3//23, -19//23, -18//23, -36//23, -12//23, -26//23, 5//23, 1//23, 24//23, 9//23])