Dict(
	[14, 12, 17, 9, 16, 15] => QQFieldElem[-4, 0, 3, -1, -2, 3, 3, -2, -1, 3],
	[14, 12, 17, 9, 6, 13] => QQFieldElem[-1, -1, -1, -1, 0, 0, 1, 0, 1, 0],
	[14, 12, 17, 9, 6, 15] => QQFieldElem[1, 0, -1, -1, -1, -2, -2, -1, -1, -1],
	[14, 12, 17, 9, 18, 25] => QQFieldElem[1, 0, -2, 1, 3, 3, 3, 6, 5, 1],
	[14, 12, 17, 9, 8, 25] => QQFieldElem[2, 2, 1, -1, -3, -6, -7, -6, -4, -2],
	[14, 12, 17, 9, 16, 23] => QQFieldElem[4, -12, -12, 4, 0, -14, -5, 7, -5, -14],
	[14, 12, 17, 9, 18, 13] => QQFieldElem[-4, 0, -1, -2, -3, 0, 0, -3, 0, 0],
	[14, 12, 17, 9, 8, 13] => QQFieldElem[3, 1, 2, 2, 2, 1, 0, 2, 0, 1],
	[14, 12, 17, 9, 8, 15] => QQFieldElem[15, 9, -4, 6, 17, 4, -3, 12, 15, -1],
	[14, 12, 17, 9, 18, 15] => QQFieldElem[-38, -18, 14, -15, -39, -3, 10, -30, -32, 9],
	[14, 12, 17, 9, 6, 23] => QQFieldElem[1, 0, 0, 1, 0, -2, -2, -1, -2, -2],
	[14, 12, 17, 9, 16, 25] => QQFieldElem[1, 0, -3, -6, -9, -11, -11, -9, -6, -3],
	[14, 12, 17, 9, 16, 13] => QQFieldElem[1, 0, 0, 1, 0, -1, -1, 0, -1, -1],
	[14, 12, 17, 9, 18, 23] => QQFieldElem[-21, 12, 25, -12, -14, 23, 14, -21, -3, 27],
	[14, 12, 17, 9, 8, 23] => QQFieldElem[-6, 0, 3, -4, -5, 3, 3, -4, -1, 5],
	[14, 12, 17, 9, 6, 25] => QQFieldElem[-1, 0, 4, 9, 14, 17, 17, 14, 9, 4])