Dict(
	[14, 9, 13, 10, 19, 18] => QQFieldElem[-11, -3, 7, -5, -11, 3, 4, -9, -8, 7],
	[14, 9, 13, 10, 9, 19] => QQFieldElem[-27332//39601, -2903//39601, -9737//39601, -12951//39601, -13292//39601, -13858//39601, -2952//39601, -20967//39601, -5345//39601, -21455//39601],
	[14, 9, 13, 10, 7, 10] => QQFieldElem[-8, -4, -10, -9, -9, -10, -4, -8, 0, -7],
	[14, 9, 13, 10, 7, 18] => QQFieldElem[-3, -1, -1, -3, 0, -5, 0, -6, 0, -5],
	[14, 9, 13, 10, 20, 9] => QQFieldElem[16, 5, -8, 6, 15, -2, -6, 12, 11, -6],
	[14, 9, 13, 10, 17, 10] => QQFieldElem[1, 1, 1, 1, 1, 0, 0, 0, 0, 0],
	[14, 9, 13, 10, 9, 9] => QQFieldElem[0, 0, -1, 0, 0, -1, 0, 0, 0, -2],
	[14, 9, 13, 10, 17, 18] => QQFieldElem[2, 0, -1, 1, 2, 0, 0, 2, 1, -1],
	[14, 9, 13, 10, 10, 10] => QQFieldElem[0, -1, 1, -1, 0, 0, 1, 0, 0, 1],
	[14, 9, 13, 10, 10, 18] => QQFieldElem[2, 0, -3, 1, 2, -2, -2, 2, 1, -3],
	[14, 9, 13, 10, 19, 20] => QQFieldElem[591//529, -374//529, 559//529, -422//529, -42//529, -1//529, 325//529, 285//529, -304//529, 664//529],
	[14, 9, 13, 10, 7, 20] => QQFieldElem[-3018//529, -139//529, -2433//529, -1113//529, -1778//529, -2511//529, -1230//529, -3276//529, -526//529, -3278//529],
	[14, 9, 13, 10, 19, 8] => QQFieldElem[8, -11, -13, 7, 5, -13, -5, 11, -2, -16],
	[14, 9, 13, 10, 17, 20] => QQFieldElem[27//529, -197//529, -4//529, 21//529, 323//529, 247//529, 133//529, -38//529, -30//529, -18//529],
	[14, 9, 13, 10, 19, 19] => QQFieldElem[-10501//39601, -28976//39601, 15380//39601, -5296//39601, -32995//39601, 5922//39601, 5948//39601, -9106//39601, -44661//39601, 28366//39601],
	[14, 9, 13, 10, 7, 8] => QQFieldElem[-9, -18, -26, -28, -26, -18, -9, 0, 5, 5],
	[14, 9, 13, 10, 10, 20] => QQFieldElem[451//529, -195//529, 423//529, -237//529, 360//529, -67//529, 86//529, 51//529, 263//529, 52//529],
	[14, 9, 13, 10, 7, 19] => QQFieldElem[-114290//39601, -34449//39601, -48021//39601, -110033//39601, -4389//39601, -186725//39601, 7558//39601, -213464//39601, 5448//39601, -179804//39601],
	[14, 9, 13, 10, 17, 8] => QQFieldElem[1, 5, 5, 1, 0, 1, -2, -5, -2, 1],
	[14, 9, 13, 10, 19, 9] => QQFieldElem[-11, -3, 7, -5, -11, 3, 4, -9, -8, 7],
	[14, 9, 13, 10, 17, 19] => QQFieldElem[11097//39601, 1296//39601, 13132//39601, 11061//39601, 22140//39601, 22761//39601, 19611//39601, 21815//39601, 12931//39601, 8637//39601],
	[14, 9, 13, 10, 20, 10] => QQFieldElem[5, 4, -3, 2, 6, 2, -2, 5, 6, -1],
	[14, 9, 13, 10, 20, 18] => QQFieldElem[13, 4, -5, 5, 12, -1, -4, 10, 9, -4],
	[14, 9, 13, 10, 7, 9] => QQFieldElem[-4, 0, 0, -4, 0, -10, -2, -13, -2, -10],
	[14, 9, 13, 10, 10, 8] => QQFieldElem[0, -3, -3, 0, 0, -1, 1, 3, 1, -1],
	[14, 9, 13, 10, 10, 19] => QQFieldElem[8270//39601, 11661//39601, -11279//39601, 4646//39601, 11104//39601, -5584//39601, -5876//39601, 4788//39601, 8088//39601, -1764//39601],
	[14, 9, 13, 10, 9, 18] => QQFieldElem[-2, 1, 1, -1, -1, 1, 1, -2, 0, 1],
	[14, 9, 13, 10, 9, 10] => QQFieldElem[-1, 0, -2, -1, -2, -2, -2, -2, -1, -2],
	[14, 9, 13, 10, 17, 9] => QQFieldElem[1, 0, 0, 1, 2, 1, 1, 2, 1, 0],
	[14, 9, 13, 10, 10, 9] => QQFieldElem[-2, 0, 1, -1, -2, 0, 0, -2, -1, 1],
	[14, 9, 13, 10, 20, 20] => QQFieldElem[3//23, 19//23, -26//23, 10//23, -5//23, 7//23, -21//23, 6//23, 12//23, -2//23],
	[14, 9, 13, 10, 9, 20] => QQFieldElem[-586//529, 122//529, -403//529, 132//529, -388//529, -110//529, -222//529, -390//529, -113//529, -491//529],
	[14, 9, 13, 10, 20, 8] => QQFieldElem[-10, 7, 12, -6, -4, 16, 10, -7, 4, 16],
	[14, 9, 13, 10, 20, 19] => QQFieldElem[50304//39601, 31023//39601, -12361//39601, -59//39601, 44864//39601, 12703//39601, -18149//39601, 24709//39601, 39754//39601, 1318//39601],
	[14, 9, 13, 10, 9, 8] => QQFieldElem[0, 1, 0, -2, -2, -1, -2, -2, 0, 1],
	[14, 9, 13, 10, 19, 10] => QQFieldElem[-3, -3, 3, -1, -3, 1, 3, -1, -3, 3])