Dict(
	[14, 10, 13, 17, 18, 7] => QQFieldElem[2, 0, 0, 1, 1, 0, 0, 1, 1, 0],
	[14, 10, 13, 17, 8, 7] => QQFieldElem[1, 0, 2, 0, 1, 1, 1, 1, 0, 2],
	[14, 10, 13, 17, 20, 17] => QQFieldElem[10, 0, 10, 4, 11, 8, 8, 11, 4, 10],
	[14, 10, 13, 17, 10, 7] => QQFieldElem[2, 0, 0, 1, 1, 0, 0, 1, 1, 0],
	[14, 10, 13, 17, 20, 19] => QQFieldElem[-39//23, 0, 31//23, 126//23, 174//23, 216//23, 216//23, 174//23, 126//23, 31//23],
	[14, 10, 13, 17, 20, 9] => QQFieldElem[0, 0, -3, -3, -4, -5, -5, -4, -3, -3],
	[14, 10, 13, 17, 20, 7] => QQFieldElem[-9, 0, 5, -4, -8, 4, 4, -8, -4, 5],
	[14, 10, 13, 17, 18, 17] => QQFieldElem[-5, 0, -5, -2, -5, -4, -4, -5, -2, -5],
	[14, 10, 13, 17, 8, 17] => QQFieldElem[-14, 0, -12, -1, -8, -4, -4, -8, -1, -12],
	[14, 10, 13, 17, 18, 19] => QQFieldElem[37//23, 0, -7//23, -70//23, -89//23, -120//23, -120//23, -89//23, -70//23, -7//23],
	[14, 10, 13, 17, 8, 19] => QQFieldElem[60//23, 0, 108//23, 91//23, 164//23, 156//23, 156//23, 164//23, 91//23, 108//23],
	[14, 10, 13, 17, 10, 17] => QQFieldElem[-4, 0, -4, -1, -4, -3, -3, -4, -1, -4],
	[14, 10, 13, 17, 10, 19] => QQFieldElem[12//23, 0, -6//23, -37//23, -50//23, -70//23, -70//23, -50//23, -37//23, -6//23],
	[14, 10, 13, 17, 18, 9] => QQFieldElem[1, 0, 2, 2, 3, 3, 3, 3, 2, 2],
	[14, 10, 13, 17, 8, 9] => QQFieldElem[4, 0, 3, -1, 0, -2, -2, 0, -1, 3],
	[14, 10, 13, 17, 10, 9] => QQFieldElem[0, 0, 1, 1, 2, 2, 2, 2, 1, 1])