Dict(
	[16, 21, 17, 22, 7, 16] => QQFieldElem[1, 0, -2, -5, -8, -9, -9, -8, -5, -2],
	[16, 21, 17, 22, 12, 21] => QQFieldElem[-1, 0, -1, -6, -9, -8, -8, -9, -6, -1],
	[16, 21, 17, 22, 17, 16] => QQFieldElem[1, 0, 0, -1, 0, -1, -1, 0, -1, 0],
	[16, 21, 17, 22, 22, 6] => QQFieldElem[1, 0, 0, 0, 0, 0, 0, 0, 0, 0],
	[16, 21, 17, 22, 22, 11] => QQFieldElem[-4, 0, 3, -2, -4, 2, 2, -4, -2, 3],
	[16, 21, 17, 22, 7, 6] => QQFieldElem[0, 0, 1, 2, 3, 4, 4, 3, 2, 1],
	[16, 21, 17, 22, 12, 16] => QQFieldElem[-5, 0, 4, -1, -2, 5, 5, -2, -1, 4],
	[16, 21, 17, 22, 7, 11] => QQFieldElem[2, 0, 0, 2, 1, 1, 1, 1, 2, 0],
	[16, 21, 17, 22, 17, 6] => QQFieldElem[2, 0, 2, 0, 2, 1, 1, 2, 0, 2],
	[16, 21, 17, 22, 17, 11] => QQFieldElem[0, 0, 1, 1, -1, 1, 1, -1, 1, 1],
	[16, 21, 17, 22, 12, 6] => QQFieldElem[-1, 0, 0, -2, -3, -2, -2, -3, -2, 0],
	[16, 21, 17, 22, 12, 11] => QQFieldElem[16, 0, -12, 6, 11, -10, -10, 11, 6, -12],
	[16, 21, 17, 22, 22, 21] => QQFieldElem[1, 0, -1, -1, 0, -1, -1, 0, -1, -1],
	[16, 21, 17, 22, 7, 21] => QQFieldElem[0, 0, 2, 4, 4, 5, 5, 4, 4, 2],
	[16, 21, 17, 22, 17, 21] => QQFieldElem[0, 0, 1, 1, 1, 0, 0, 1, 1, 1],
	[16, 21, 17, 22, 22, 16] => QQFieldElem[2, 0, -1, 1, 2, 0, 0, 2, 1, -1])