Dict(
	[16, 18, 23, 21, 11, 3] => QQFieldElem[1, 0, 1, 1, 0, 1, 1, 0, 1, 1],
	[16, 18, 23, 21, 6, 3] => QQFieldElem[0, 0, 0, 0, -1, -1, -1, -1, 0, 0],
	[16, 18, 23, 21, 16, 13] => QQFieldElem[-2, 0, 1, -1, -2, 0, 0, -2, -1, 1],
	[16, 18, 23, 21, 16, 18] => QQFieldElem[29, 0, -21, 14, 25, -13, -13, 25, 14, -21],
	[16, 18, 23, 21, 11, 13] => QQFieldElem[1, 0, 0, 0, 0, 0, 0, 0, 0, 0],
	[16, 18, 23, 21, 21, 23] => QQFieldElem[14, 0, -11, 7, 12, -7, -7, 12, 7, -11],
	[16, 18, 23, 21, 11, 18] => QQFieldElem[-3, 0, 2, -2, -3, 1, 1, -3, -2, 2],
	[16, 18, 23, 21, 6, 13] => QQFieldElem[1, 0, -3, -6, -8, -9, -9, -8, -6, -3],
	[16, 18, 23, 21, 6, 18] => QQFieldElem[0, 0, 0, 0, 1, 2, 2, 1, 0, 0],
	[16, 18, 23, 21, 21, 3] => QQFieldElem[-1, 0, 2, -1, -1, 1, 1, -1, -1, 2],
	[16, 18, 23, 21, 16, 23] => QQFieldElem[-13, 0, 9, -7, -12, 5, 5, -12, -7, 9],
	[16, 18, 23, 21, 11, 23] => QQFieldElem[2, 0, 0, 1, 2, 0, 0, 2, 1, 0],
	[16, 18, 23, 21, 16, 3] => QQFieldElem[2, 0, -1, 1, 2, -1, -1, 2, 1, -1],
	[16, 18, 23, 21, 21, 13] => QQFieldElem[2, 0, -1, 1, 2, 0, 0, 2, 1, -1],
	[16, 18, 23, 21, 6, 23] => QQFieldElem[1, 0, -2, -5, -8, -10, -10, -8, -5, -2],
	[16, 18, 23, 21, 21, 18] => QQFieldElem[-32, 0, 22, -15, -27, 14, 14, -27, -15, 22])