Dict(
	[16, 23, 22, 19, 19, 13] => QQFieldElem[-1, 5, 5, 0, 1, 5, 2, -1, 3, 5],
	[16, 23, 22, 19, 19, 18] => QQFieldElem[-123//67, 45//67, 77//67, -86//67, -66//67, 75//67, 54//67, -84//67, -5//67, 93//67],
	[16, 23, 22, 19, 24, 13] => QQFieldElem[6, 2, 0, 0, 1, -3, 4, 6, 1, -6],
	[16, 23, 22, 19, 24, 18] => QQFieldElem[2, 0, -1, 1, 1, -2, -2, 1, 1, -1],
	[16, 23, 22, 19, 4, 13] => QQFieldElem[-1, 0, -1, -2, -3, -3, -2, -1, 0, -1],
	[16, 23, 22, 19, 19, 8] => QQFieldElem[-49, -78, -21, -8, -69, -64, -5, -26, -80, -43],
	[16, 23, 22, 19, 14, 13] => QQFieldElem[-3, -5, -2, 1, 1, -2, -4, -3, -1, 1],
	[16, 23, 22, 19, 19, 23] => QQFieldElem[-1, 1, 1, 0, -1, 1, -1, 0, -2, 2],
	[16, 23, 22, 19, 4, 18] => QQFieldElem[65//67, 138//67, 120//67, 241//67, 146//67, 230//67, 112//67, 131//67, 7//67, 44//67],
	[16, 23, 22, 19, 14, 18] => QQFieldElem[28//67, 11//67, -5//67, 43//67, 33//67, 63//67, 40//67, 42//67, -31//67, -13//67],
	[16, 23, 22, 19, 24, 8] => QQFieldElem[30, 65, 24, 1, 49, 58, 8, 12, 62, 43],
	[16, 23, 22, 19, 24, 23] => QQFieldElem[-1, 0, -3, -1, 1, -2, -1, -1, 0, -3],
	[16, 23, 22, 19, 4, 8] => QQFieldElem[1, 0, 1, 0, 1, 0, 0, 0, 0, 0],
	[16, 23, 22, 19, 14, 8] => QQFieldElem[13, 13, 0, 4, 15, 8, -1, 9, 15, 3],
	[16, 23, 22, 19, 4, 23] => QQFieldElem[4, -1, 0, 0, 0, -1, 4, 0, 4, 4],
	[16, 23, 22, 19, 14, 23] => QQFieldElem[-1, 0, 1, 0, 0, 0, -1, 1, 0, -1])