Dict(
	[16, 18, 21, 23, 18, 18] => QQFieldElem[-2, 2, 3, -1, -1, 3, 2, -2, 0, 3],
	[16, 18, 21, 23, 8, 18] => QQFieldElem[3, 5, 6, 6, 5, 3, 0, -3, -4, -3],
	[16, 18, 21, 23, 13, 13] => QQFieldElem[-1, -2, -1, 0, -1, -2, 0, 0, -2, -1],
	[16, 18, 21, 23, 13, 18] => QQFieldElem[0, 0, 1, 2, 2, 2, 2, 2, 1, 0],
	[16, 18, 21, 23, 23, 23] => QQFieldElem[31//11, 10//11, -8//11, 10//11, 31//11, 0, -6//11, 24//11, 24//11, -6//11],
	[16, 18, 21, 23, 18, 23] => QQFieldElem[-19//11, 0, 13//11, -13//11, -23//11, 5//11, 5//11, -23//11, -13//11, 13//11],
	[16, 18, 21, 23, 8, 23] => QQFieldElem[-4//11, -16//11, -36//11, -53//11, -67//11, -67//11, -53//11, -36//11, -16//11, -4//11],
	[16, 18, 21, 23, 23, 3] => QQFieldElem[10, 42, 23, -4, 23, 42, 10, 0, 35, 35],
	[16, 18, 21, 23, 18, 3] => QQFieldElem[-21, -50, -21, 0, -35, -46, -8, -8, -46, -35],
	[16, 18, 21, 23, 13, 23] => QQFieldElem[3//11, -1//11, -1//11, 3//11, 0, 1//11, -5//11, 4//11, -5//11, 1//11],
	[16, 18, 21, 23, 8, 3] => QQFieldElem[1, 0, -1, 0, 0, -2, -2, 0, 0, -1],
	[16, 18, 21, 23, 23, 13] => QQFieldElem[4, -9, -9, 4, 0, -12, -5, 5, -5, -12],
	[16, 18, 21, 23, 13, 3] => QQFieldElem[5, 7, 1, 1, 7, 5, 0, 3, 7, 3],
	[16, 18, 21, 23, 23, 18] => QQFieldElem[4, 0, -2, 1, 2, -3, -3, 2, 1, -2],
	[16, 18, 21, 23, 18, 13] => QQFieldElem[0, 13, 9, -3, 4, 14, 4, -3, 9, 13],
	[16, 18, 21, 23, 8, 13] => QQFieldElem[-1, -3, -5, -7, -8, -7, -5, -3, -1, 0])