Dict(
	[17, 8, 8, 17, 13, 14] => QQFieldElem[0, 0, 1, -1, -2, -2, -2, -2, -1, 1],
	[17, 8, 8, 17, 11, 12] => QQFieldElem[-5, 0, -6, -3, -7, -6, -6, -7, -3, -6],
	[17, 8, 8, 17, 11, 24] => QQFieldElem[1, 0, 2, 2, 2, 0, 0, 2, 2, 2],
	[17, 8, 8, 17, 11, 22] => QQFieldElem[0, 0, -2, -3, -5, -6, -6, -5, -3, -2],
	[17, 8, 8, 17, 1, 12] => QQFieldElem[-3, 0, -2, 1, -1, 0, 0, -1, 1, -2],
	[17, 8, 8, 17, 11, 14] => QQFieldElem[-1, 0, -1, -1, -2, -2, -2, -2, -1, -1],
	[17, 8, 8, 17, 1, 24] => QQFieldElem[1, 0, -5, -5, -3, 1, 1, -3, -5, -5],
	[17, 8, 8, 17, 1, 22] => QQFieldElem[0, 0, 1, 1, 3, 3, 3, 3, 1, 1],
	[17, 8, 8, 17, 1, 14] => QQFieldElem[-1, 0, -1, -1, 0, 0, 0, 0, -1, -1],
	[17, 8, 8, 17, 3, 24] => QQFieldElem[2, 0, -3, -4, -2, 0, 0, -2, -4, -3],
	[17, 8, 8, 17, 3, 12] => QQFieldElem[0, 0, 2, 3, 4, 4, 4, 4, 3, 2],
	[17, 8, 8, 17, 13, 12] => QQFieldElem[6, 0, 4, -1, 2, 1, 1, 2, -1, 4],
	[17, 8, 8, 17, 13, 24] => QQFieldElem[-1, 0, 2, 7, 4, -3, -3, 4, 7, 2],
	[17, 8, 8, 17, 3, 22] => QQFieldElem[-1, 0, 2, 5, 8, 10, 10, 8, 5, 2],
	[17, 8, 8, 17, 13, 22] => QQFieldElem[0, 0, 1, -1, -2, -2, -2, -2, -1, 1],
	[17, 8, 8, 17, 3, 14] => QQFieldElem[0, 0, 1, 3, 5, 6, 6, 5, 3, 1])