Dict(
	[18, 7, 9, 18, 5, 14] => QQFieldElem[3, 2, 0, 1, 3, 1, 0, 2, 3, 0],
	[18, 7, 9, 18, 3, 12] => QQFieldElem[-1, -3, -4, -5, -5, -5, -4, -3, -1, 0],
	[18, 7, 9, 18, 3, 24] => QQFieldElem[750//737, -271//737, 831//737, -113//737, 1121//737, -439//737, 1950//737, -578//737, 1415//737, -2//737],
	[18, 7, 9, 18, 15, 24] => QQFieldElem[1681//737, -290//737, 2007//737, -382//737, 1409//737, 890//737, 833//737, 831//737, 81//737, 1839//737],
	[18, 7, 9, 18, 15, 12] => QQFieldElem[2, 0, -3, 0, 2, -1, -2, 1, 1, -2],
	[18, 7, 9, 18, 13, 12] => QQFieldElem[0, 0, 1, 0, 0, 0, 0, 0, 0, 1],
	[18, 7, 9, 18, 13, 24] => QQFieldElem[-1330//737, 343//737, -1680//737, 279//737, -1359//737, -214//737, -510//737, -960//737, -200//737, -1156//737],
	[18, 7, 9, 18, 3, 22] => QQFieldElem[-6, 0, -7, -2, -5, -2, -2, -5, -2, -7],
	[18, 7, 9, 18, 15, 22] => QQFieldElem[-2, 2, 2, -4, -1, 0, 4, -4, 1, -1],
	[18, 7, 9, 18, 13, 22] => QQFieldElem[3, 0, 0, 3, 0, 4, -2, 4, -2, 4],
	[18, 7, 9, 18, 3, 14] => QQFieldElem[0, 0, -1, 0, -2, 0, -1, 0, 0, 0],
	[18, 7, 9, 18, 15, 14] => QQFieldElem[-3, -2, 5, -2, -4, 2, 3, -3, -4, 5],
	[18, 7, 9, 18, 13, 14] => QQFieldElem[-3, 0, -2, -1, -2, -1, -1, -2, -1, -2],
	[18, 7, 9, 18, 5, 24] => QQFieldElem[350//737, 414//737, 93//737, 586//737, -263//737, 483//737, 173//737, 369//737, 169//737, 343//737],
	[18, 7, 9, 18, 5, 12] => QQFieldElem[-1, 0, 1, 0, -1, 0, 1, 0, -1, 0],
	[18, 7, 9, 18, 5, 22] => QQFieldElem[0, 0, 2, 1, 1, 0, 0, 1, 1, 2])