Dict(
	[18, 10, 9, 18, 3, 24] => QQFieldElem[0, 0, -1, -2, -1, 1, 1, -1, -2, -1],
	[18, 10, 9, 18, 5, 15] => QQFieldElem[-5, 3, 5, -4, -4, 5, 3, -5, 0, 7],
	[18, 10, 9, 18, 15, 24] => QQFieldElem[9, 2, -5, 4, 9, -2, -4, 7, 6, -4],
	[18, 10, 9, 18, 13, 24] => QQFieldElem[-8, -3, 4, -2, -6, 0, 1, -6, -4, 4],
	[18, 10, 9, 18, 3, 14] => QQFieldElem[-2, 1, 1, -3, -3, 1, 1, -2, 0, 3],
	[18, 10, 9, 18, 15, 14] => QQFieldElem[-10, 3, 11, -3, -5, 10, 7, -8, -3, 9],
	[18, 10, 9, 18, 13, 14] => QQFieldElem[8, -1, -5, 6, 8, -3, -3, 7, 3, -7],
	[18, 10, 9, 18, 5, 24] => QQFieldElem[1, 0, -1, 0, 1, 0, 0, 1, 0, -1],
	[18, 10, 9, 18, 3, 25] => QQFieldElem[-84//253, -58//253, -54//253, 5//253, 53//253, 2//253, 72//253, -34//253, 47//253, 40//253],
	[18, 10, 9, 18, 15, 25] => QQFieldElem[33//23, 8//23, -10//23, 12//23, 26//23, -9//23, -25//23, 15//23, 7//23, -19//23],
	[18, 10, 9, 18, 13, 25] => QQFieldElem[17//253, 78//253, 282//253, 2//253, -80//253, 102//253, 130//253, 37//253, -133//253, 269//253],
	[18, 10, 9, 18, 3, 15] => QQFieldElem[2, -2, -3, 1, 1, -3, -2, 2, 0, -3],
	[18, 10, 9, 18, 15, 15] => QQFieldElem[15, -3, -12, 9, 13, -9, -7, 14, 5, -14],
	[18, 10, 9, 18, 5, 14] => QQFieldElem[3, -3, -6, 0, 0, -6, -3, 3, 0, -4],
	[18, 10, 9, 18, 13, 15] => QQFieldElem[-8, 2, 8, -4, -6, 6, 5, -7, -3, 8],
	[18, 10, 9, 18, 5, 25] => QQFieldElem[-17//253, -78//253, -29//253, -2//253, 80//253, 151//253, 123//253, 216//253, 133//253, -16//253])