Dict(
	[18, 25, 25, 7, 22, 20] => QQFieldElem[-2, -1, 1, -1, -2, 0, 0, -1, -3, 2],
	[18, 25, 25, 7, 14, 25] => QQFieldElem[-232//253, -2//11, 63//253, -114//253, -5//11, -61//253, 147//253, -228//253, -97//253, 12//253],
	[18, 25, 25, 7, 22, 24] => QQFieldElem[-2, 7, 7, -2, 0, 9, 5, -2, 3, 7],
	[18, 25, 25, 7, 22, 19] => QQFieldElem[50, -27, -54, 30, 34, -52, -31, 48, 6, -62],
	[18, 25, 25, 7, 24, 20] => QQFieldElem[5, 3, -2, 2, 6, 1, -1, 4, 5, -1],
	[18, 25, 25, 7, 12, 20] => QQFieldElem[2, 1, 0, 0, 3, 0, 1, 2, 2, 0],
	[18, 25, 25, 7, 24, 24] => QQFieldElem[4, -7, -8, 4, 3, -8, -4, 5, -2, -9],
	[18, 25, 25, 7, 12, 24] => QQFieldElem[3, -2, -3, 1, 0, -4, -2, 2, -2, -4],
	[18, 25, 25, 7, 14, 20] => QQFieldElem[-5, -2, 0, -1, -5, -1, 1, -3, -4, 0],
	[18, 25, 25, 7, 24, 19] => QQFieldElem[-73, 21, 67, -40, -56, 56, 40, -67, -21, 73],
	[18, 25, 25, 7, 22, 25] => QQFieldElem[-106//253, -36//253, 12//253, -105//253, -244//253, 2//11, 17//253, -155//253, -63//253, 40//253],
	[18, 25, 25, 7, 12, 19] => QQFieldElem[-39, 14, 37, -22, -29, 33, 22, -37, -9, 41],
	[18, 25, 25, 7, 14, 24] => QQFieldElem[-4, 2, 4, -2, -1, 4, 2, -4, 1, 5],
	[18, 25, 25, 7, 14, 19] => QQFieldElem[59, -8, -47, 31, 48, -35, -29, 53, 23, -49],
	[18, 25, 25, 7, 24, 25] => QQFieldElem[29//23, 7//23, -10//23, 18//23, 33//23, 2//23, -3//23, 27//23, 20//23, -14//23],
	[18, 25, 25, 7, 12, 25] => QQFieldElem[16//23, 5//23, 4//23, 9//23, 18//23, 11//23, 5//23, 22//23, 2//23, 10//23])