Dict(
	[18, 16, 22, 22, 7, 23] => QQFieldElem[0, 0, 0, -1, -2, -4, -4, -4, -2, -1],
	[18, 16, 22, 22, 17, 23] => QQFieldElem[-17, 0, 12, -9, -16, 6, 6, -16, -9, 12],
	[18, 16, 22, 22, 22, 3] => QQFieldElem[8, 6, -3, 1, 9, 4, -1, 7, 11, 2],
	[18, 16, 22, 22, 7, 3] => QQFieldElem[0, 1, 0, 0, -2, -3, -4, -4, -3, -2],
	[18, 16, 22, 22, 12, 23] => QQFieldElem[2, 1, -1, 1, 2, 0, -1, 1, 1, -1],
	[18, 16, 22, 22, 17, 3] => QQFieldElem[-9, -9, 0, -3, -12, -7, 0, -7, -12, -3],
	[18, 16, 22, 22, 22, 13] => QQFieldElem[-161, -91, 50, -60, -170, -29, 41, -120, -144, 24],
	[18, 16, 22, 22, 12, 3] => QQFieldElem[2, 3, 2, 2, 3, 2, 0, 0, 1, 0],
	[18, 16, 22, 22, 22, 18] => QQFieldElem[53, 14, -25, 28, 54, -6, -16, 44, 34, -26],
	[18, 16, 22, 22, 7, 13] => QQFieldElem[0, 0, -1, -1, 0, 0, -1, -1, 0, 0],
	[18, 16, 22, 22, 7, 18] => QQFieldElem[-2, -3, -4, -4, -3, -2, 0, 0, 1, 0],
	[18, 16, 22, 22, 17, 13] => QQFieldElem[161, 115, -33, 55, 178, 55, -33, 115, 161, 0],
	[18, 16, 22, 22, 17, 18] => QQFieldElem[-51, -21, 21, -21, -51, 0, 16, -39, -39, 16],
	[18, 16, 22, 22, 12, 13] => QQFieldElem[-20, -20, 0, -6, -24, -13, 2, -13, -24, -6],
	[18, 16, 22, 22, 22, 23] => QQFieldElem[17, -5, -16, 9, 13, -13, -9, 16, 5, -17],
	[18, 16, 22, 22, 12, 18] => QQFieldElem[5, 2, -5, -3, 1, -3, -5, 2, 5, 0])