Dict(
	[18, 13, 12, 22, 12, 16] => QQFieldElem[-1, -4, -6, -4, -1, 0, -2, -5, -5, -2],
	[18, 13, 12, 22, 14, 16] => QQFieldElem[-3, 0, 2, -2, -3, 1, 1, -3, -2, 2],
	[18, 13, 12, 22, 24, 23] => QQFieldElem[799//529, -79//529, 570//529, 121//529, 527//529, -84//529, 214//529, 589//529, 310//529, 653//529],
	[18, 13, 12, 22, 12, 23] => QQFieldElem[517//529, -549//529, 151//529, -793//529, 341//529, 39//529, 14//529, -179//529, -484//529, 18//529],
	[18, 13, 12, 22, 14, 23] => QQFieldElem[-555//529, 133//529, -290//529, -43//529, -231//529, -180//529, -146//529, -476//529, -167//529, -490//529],
	[18, 13, 12, 22, 22, 21] => QQFieldElem[-1, 0, -1, 0, -1, 0, -1, -1, -1, -1],
	[18, 13, 12, 22, 22, 18] => QQFieldElem[5, 0, 5, 1, 4, 2, 2, 4, 1, 5],
	[18, 13, 12, 22, 22, 16] => QQFieldElem[0, 1, 2, 1, 0, 0, 1, 1, 1, 1],
	[18, 13, 12, 22, 24, 21] => QQFieldElem[3, 0, 1, 1, 3, 0, 1, 3, 2, 1],
	[18, 13, 12, 22, 12, 21] => QQFieldElem[1, -1, 0, -1, 1, 0, 1, 0, 0, 1],
	[18, 13, 12, 22, 24, 18] => QQFieldElem[-6, -1, -7, -2, -4, -5, -3, -5, -1, -8],
	[18, 13, 12, 22, 22, 23] => QQFieldElem[-410//529, 22//529, -748//529, -27//529, -428//529, 10//529, -227//529, -385//529, -314//529, -443//529],
	[18, 13, 12, 22, 12, 18] => QQFieldElem[-2, 0, -3, -2, -2, -1, -1, -2, -2, -3],
	[18, 13, 12, 22, 14, 21] => QQFieldElem[-2, 0, -1, -1, -2, -1, -1, -2, -1, -1],
	[18, 13, 12, 22, 14, 18] => QQFieldElem[1, 1, 2, 1, 1, 2, 1, 1, 0, 2],
	[18, 13, 12, 22, 24, 16] => QQFieldElem[5, -1, -6, 1, 4, -2, -3, 3, 1, -5])