Dict(
	[18, 18, 12, 12, 22, 1] => QQFieldElem[0, 0, 2, 2, 1, 0, 0, 1, 2, 2],
	[18, 18, 12, 12, 22, 23] => QQFieldElem[34//23, 0, -17//23, -9//23, -19//23, 24//23, 24//23, -19//23, -9//23, -17//23],
	[18, 18, 12, 12, 19, 1] => QQFieldElem[0, 0, 0, 0, -1, 0, 0, -1, 0, 0],
	[18, 18, 12, 12, 19, 23] => QQFieldElem[58//23, 0, 17//23, 55//23, -4//23, 45//23, 45//23, -4//23, 55//23, 17//23],
	[18, 18, 12, 12, 22, 11] => QQFieldElem[-1, 0, -1, 0, 0, -1, -1, 0, 0, -1],
	[18, 18, 12, 12, 7, 1] => QQFieldElem[0, 0, -1, -1, -1, 0, 0, -1, -1, -1],
	[18, 18, 12, 12, 7, 23] => QQFieldElem[51//23, 0, -14//23, -2//23, -17//23, 36//23, 36//23, -17//23, -2//23, -14//23],
	[18, 18, 12, 12, 19, 11] => QQFieldElem[1, 0, 0, 1, 1, 0, 0, 1, 1, 0],
	[18, 18, 12, 12, 17, 1] => QQFieldElem[0, 0, -1, 0, 0, 0, 0, 0, 0, -1],
	[18, 18, 12, 12, 7, 11] => QQFieldElem[0, 0, 2, 2, 1, 0, 0, 1, 2, 2],
	[18, 18, 12, 12, 9, 13] => QQFieldElem[19//11, 0, 31//11, 13//11, 23//11, 6//11, 6//11, 23//11, 13//11, 31//11],
	[18, 18, 12, 12, 22, 3] => QQFieldElem[-1, 0, 0, 1, -1, 0, 0, -1, 1, 0],
	[18, 18, 12, 12, 9, 21] => QQFieldElem[-1, 0, 4, 5, 2, -1, -1, 2, 5, 4],
	[18, 18, 12, 12, 17, 23] => QQFieldElem[-8//23, 0, -19//23, -29//23, -5//23, -7//23, -7//23, -5//23, -29//23, -19//23],
	[18, 18, 12, 12, 19, 3] => QQFieldElem[1, 0, -1, 0, 2, -1, -1, 2, 0, -1],
	[18, 18, 12, 12, 17, 11] => QQFieldElem[-1, 0, 2, 1, 0, 0, 0, 0, 1, 2],
	[18, 18, 12, 12, 24, 1] => QQFieldElem[2, 0, -2, 0, 1, 0, 0, 1, 0, -2],
	[18, 18, 12, 12, 7, 3] => QQFieldElem[1, 0, 1, 0, 0, 1, 1, 0, 0, 1],
	[18, 18, 12, 12, 24, 23] => QQFieldElem[-30//23, 0, 15//23, -11//23, -13//23, -9//23, -9//23, -13//23, -11//23, 15//23],
	[18, 18, 12, 12, 17, 3] => QQFieldElem[3, 0, 0, 1, 2, 0, 0, 2, 1, 0],
	[18, 18, 12, 12, 24, 11] => QQFieldElem[-7, 0, 5, -4, -6, 3, 3, -6, -4, 5],
	[18, 18, 12, 12, 22, 13] => QQFieldElem[-30//11, 0, -9//11, -13//11, -1//11, -17//11, -17//11, -1//11, -13//11, -9//11],
	[18, 18, 12, 12, 24, 3] => QQFieldElem[-7, 0, 5, -4, -6, 3, 3, -6, -4, 5],
	[18, 18, 12, 12, 22, 21] => QQFieldElem[-1, 0, 4, 6, 2, -1, -1, 2, 6, 4],
	[18, 18, 12, 12, 19, 13] => QQFieldElem[-4//11, 0, 1//11, -1//11, 5//11, -3//11, -3//11, 5//11, -1//11, 1//11],
	[18, 18, 12, 12, 19, 21] => QQFieldElem[-4, 0, -1, -3, 1, -3, -3, 1, -3, -1],
	[18, 18, 12, 12, 7, 13] => QQFieldElem[5//11, 0, 29//11, 37//11, 13//11, 1//11, 1//11, 13//11, 37//11, 29//11],
	[18, 18, 12, 12, 9, 1] => QQFieldElem[-2, 0, -3, -1, -2, -1, -1, -2, -1, -3],
	[18, 18, 12, 12, 7, 21] => QQFieldElem[-1, 0, 5, 7, 2, -1, -1, 2, 7, 5],
	[18, 18, 12, 12, 9, 23] => QQFieldElem[8//23, 0, -4//23, -17//23, 5//23, 7//23, 7//23, 5//23, -17//23, -4//23],
	[18, 18, 12, 12, 17, 13] => QQFieldElem[-3//11, 0, 20//11, 24//11, 12//11, -5//11, -5//11, 12//11, 24//11, 20//11],
	[18, 18, 12, 12, 17, 21] => QQFieldElem[-2, 0, 2, 2, 1, -1, -1, 1, 2, 2],
	[18, 18, 12, 12, 9, 11] => QQFieldElem[3, 0, 4, 2, 3, 1, 1, 3, 2, 4],
	[18, 18, 12, 12, 24, 13] => QQFieldElem[0, 0, 1, 0, -1, 1, 1, -1, 0, 1],
	[18, 18, 12, 12, 9, 3] => QQFieldElem[3, 0, 4, 0, 2, 2, 2, 2, 0, 4],
	[18, 18, 12, 12, 24, 21] => QQFieldElem[-1, 0, 0, -4, -4, 3, 3, -4, -4, 0])