Dict(
	[21, 17, 21, 17, 22, 7] => QQFieldElem[-2, 3, 4, 0, 0, 4, 3, -2, 0, 4],
	[21, 17, 21, 17, 12, 17] => QQFieldElem[-2, -1, -1, 0, 0, -1, -1, -2, 0, -1],
	[21, 17, 21, 17, 12, 22] => QQFieldElem[-2, 0, -2, -1, -3, -3, -3, -3, -1, -2],
	[21, 17, 21, 17, 7, 7] => QQFieldElem[3, 6, 9, 10, 9, 6, 3, 0, -2, -2],
	[21, 17, 21, 17, 17, 7] => QQFieldElem[0, -3, -3, 0, 0, -3, -1, 2, -1, -3],
	[21, 17, 21, 17, 12, 7] => QQFieldElem[0, 0, -1, -1, -2, -2, -2, -1, -1, 0],
	[21, 17, 21, 17, 22, 12] => QQFieldElem[-27, 0, 20, -13, -24, 13, 13, -24, -13, 20],
	[21, 17, 21, 17, 22, 17] => QQFieldElem[7, 3, -3, 3, 7, 0, -2, 6, 6, -2],
	[21, 17, 21, 17, 7, 12] => QQFieldElem[0, -1, -1, 0, 0, -1, 0, 0, -1, -1],
	[21, 17, 21, 17, 22, 22] => QQFieldElem[3, 3, 0, 2, 4, 2, 0, 3, 3, 0],
	[21, 17, 21, 17, 7, 17] => QQFieldElem[-1, -2, -2, -1, 0, 2, 2, 3, 2, 2],
	[21, 17, 21, 17, 17, 12] => QQFieldElem[12, -10, -15, 7, 7, -15, -10, 12, 0, -19],
	[21, 17, 21, 17, 7, 22] => QQFieldElem[2, 3, 4, 4, 4, 4, 3, 2, 0, 0],
	[21, 17, 21, 17, 17, 17] => QQFieldElem[-3, 0, 3, -2, -3, 1, 1, -3, -2, 3],
	[21, 17, 21, 17, 17, 22] => QQFieldElem[-1, -1, 1, -1, -1, 0, 1, -1, -1, 1],
	[21, 17, 21, 17, 12, 12] => QQFieldElem[0, 0, 0, 0, 0, -1, 0, 0, 0, -1])