Dict(
	[22, 22, 13, 18, 19, 21] => QQFieldElem[-1, 0, 1, -1, -1, 1, 1, -1, -1, 1],
	[22, 22, 13, 18, 22, 18] => QQFieldElem[-1088//17711, -772//17711, 9294//17711, 4417//17711, 4987//17711, -2862//17711, -3252//17711, 5847//17711, 7046//17711, 4549//17711],
	[22, 22, 13, 18, 19, 18] => QQFieldElem[-5396//17711, 6329//17711, 10021//17711, -1730//17711, 2269//17711, 9377//17711, 7573//17711, -1019//17711, -1649//17711, 11687//17711],
	[22, 22, 13, 18, 17, 21] => QQFieldElem[7, 0, 9, 0, 7, 0, 5, 3, 3, 5],
	[22, 22, 13, 18, 17, 18] => QQFieldElem[80109//17711, -10030//17711, 85236//17711, -6896//17711, 69610//17711, 10535//17711, 42083//17711, 36827//17711, 18038//17711, 61717//17711],
	[22, 22, 13, 18, 22, 16] => QQFieldElem[0, 1, 2, 1, 0, 0, 1, 1, 1, 1],
	[22, 22, 13, 18, 19, 16] => QQFieldElem[-4, 0, 3, -2, -3, 2, 2, -3, -2, 3],
	[22, 22, 13, 18, 24, 21] => QQFieldElem[2, -1, -3, 1, 3, 0, -1, 1, 0, -2],
	[22, 22, 13, 18, 22, 8] => QQFieldElem[2, 0, 1, 0, 1, 1, 1, 1, 0, 1],
	[22, 22, 13, 18, 12, 21] => QQFieldElem[2, 2, 4, 2, 2, 0, 1, 1, 1, 1],
	[22, 22, 13, 18, 24, 18] => QQFieldElem[7849//17711, -9472//17711, -18571//17711, -2059//17711, 438//17711, -12724//17711, -11636//17711, 5759//17711, -4307//17711, -17141//17711],
	[22, 22, 13, 18, 19, 8] => QQFieldElem[-1, 1, 1, 0, 0, 1, 1, -1, 0, 1],
	[22, 22, 13, 18, 22, 23] => QQFieldElem[12//23, 6//23, -11//23, -20//23, -5//23, 4//23, 13//23, 2//23, -15//23, -10//23],
	[22, 22, 13, 18, 12, 18] => QQFieldElem[10984//17711, -5229//17711, 1238//17711, -11905//17711, 6042//17711, 5713//17711, 8348//17711, 2048//17711, -6280//17711, 827//17711],
	[22, 22, 13, 18, 19, 23] => QQFieldElem[-3//23, -2//23, 9//23, -2//23, 3//23, 10//23, 5//23, 0, 1//23, 13//23],
	[22, 22, 13, 18, 14, 21] => QQFieldElem[-26, 0, -25, -6, -21, -14, -14, -21, -6, -25],
	[22, 22, 13, 18, 22, 6] => QQFieldElem[3, 3, 2, 3, 3, 0, 0, 5, 5, 0],
	[22, 22, 13, 18, 17, 16] => QQFieldElem[5, 0, 6, 0, 5, 0, 3, 1, 1, 3],
	[22, 22, 13, 18, 14, 18] => QQFieldElem[-164876//17711, -3170//17711, -131789//17711, -24305//17711, -80787//17711, -67638//17711, -38314//17711, -120019//17711, -11445//17711, -158752//17711],
	[22, 22, 13, 18, 19, 6] => QQFieldElem[22, 0, -17, 10, 20, -11, -11, 20, 10, -17],
	[22, 22, 13, 18, 17, 8] => QQFieldElem[-15, 0, -14, -3, -11, -7, -7, -11, -3, -14],
	[22, 22, 13, 18, 24, 16] => QQFieldElem[6, -1, -6, 2, 5, -3, -4, 4, 2, -5],
	[22, 22, 13, 18, 17, 23] => QQFieldElem[190//23, -1, 193//23, -29//23, 169//23, 22//23, 125//23, 73//23, 45//23, 127//23],
	[22, 22, 13, 18, 12, 16] => QQFieldElem[0, -2, -2, -2, 0, 0, 0, -1, -1, 0],
	[22, 22, 13, 18, 17, 6] => QQFieldElem[1, 1, 1, 1, 1, 0, 1, 1, 1, 1],
	[22, 22, 13, 18, 24, 8] => QQFieldElem[1, 0, -1, 2, 1, -1, -1, 1, 0, -2],
	[22, 22, 13, 18, 14, 16] => QQFieldElem[-14, 0, -12, -1, -8, -4, -4, -8, -1, -12],
	[22, 22, 13, 18, 12, 8] => QQFieldElem[-1, 0, -2, -1, -2, -1, -1, -2, -1, -2],
	[22, 22, 13, 18, 24, 23] => QQFieldElem[2//23, -1//23, 4//23, 30//23, 33//23, 14//23, 16//23, 33//23, 21//23, 2//23],
	[22, 22, 13, 18, 12, 23] => QQFieldElem[44//23, 6//23, 37//23, -6//23, 30//23, 14//23, 28//23, 8//23, -5//23, 8//23],
	[22, 22, 13, 18, 24, 6] => QQFieldElem[-35, -3, 21, -18, -30, 14, 14, -32, -20, 23],
	[22, 22, 13, 18, 14, 8] => QQFieldElem[19, 1, 12, 5, 5, 12, 1, 19, 0, 22],
	[22, 22, 13, 18, 12, 6] => QQFieldElem[0, 2, 4, 2, 0, 0, 1, 3, 3, 1],
	[22, 22, 13, 18, 14, 23] => QQFieldElem[-510//23, -1//23, -465//23, -125//23, -389//23, -307//23, -270//23, -454//23, -116//23, -516//23],
	[22, 22, 13, 18, 14, 6] => QQFieldElem[0, 0, -1, 0, -1, 0, 0, -1, 0, -1],
	[22, 22, 13, 18, 22, 21] => QQFieldElem[0, 1, 2, 1, 0, 0, 1, 2, 2, 1])