Dict(
	[22, 13, 18, 22, 21, 12] => QQFieldElem[-1, 0, 2, -1, -1, 2, 0, -1, 0, 1],
	[22, 13, 18, 22, 21, 17] => QQFieldElem[13, -9, -16, 8, 8, -16, -9, 13, 0, -19],
	[22, 13, 18, 22, 18, 12] => QQFieldElem[-7, 1, 6, -4, -6, 4, 4, -6, -4, 7],
	[22, 13, 18, 22, 8, 22] => QQFieldElem[2, 0, -1, 1, 2, 0, 0, 2, 1, -1],
	[22, 13, 18, 22, 21, 19] => QQFieldElem[-4, 0, -5, -1, -3, -2, -2, -3, -1, -5],
	[22, 13, 18, 22, 21, 22] => QQFieldElem[-3, 3, 5, -1, -1, 5, 3, -3, 0, 5],
	[22, 13, 18, 22, 18, 14] => QQFieldElem[69, 24, -33, 27, 68, -3, -23, 53, 50, -25],
	[22, 13, 18, 22, 8, 14] => QQFieldElem[-12, -6, 3, -6, -12, 0, 3, -11, -11, 3],
	[22, 13, 18, 22, 21, 14] => QQFieldElem[-10, 0, 7, -5, -8, 4, 4, -8, -5, 7],
	[22, 13, 18, 22, 16, 24] => QQFieldElem[-215//253, -34//253, -84//253, -189//253, -30//253, -278//253, 112//253, -334//253, 45//253, -247//253],
	[22, 13, 18, 22, 16, 12] => QQFieldElem[0, -1, -1, 0, 0, -1, -1, 0, 0, -2],
	[22, 13, 18, 22, 16, 17] => QQFieldElem[-6, 4, 8, -4, -4, 8, 4, -6, 0, 9],
	[22, 13, 18, 22, 16, 19] => QQFieldElem[7, 0, 7, 1, 5, 3, 3, 5, 1, 7],
	[22, 13, 18, 22, 16, 22] => QQFieldElem[1, -1, -2, 1, 1, -2, -1, 1, 0, -3],
	[22, 13, 18, 22, 6, 12] => QQFieldElem[3, 0, 1, 0, 0, 1, 0, 3, 0, 4],
	[22, 13, 18, 22, 6, 24] => QQFieldElem[-4737//253, -2060//253, -2485//253, -4263//253, -255//253, -5905//253, 1205//253, -6634//253, 1268//253, -6274//253],
	[22, 13, 18, 22, 16, 14] => QQFieldElem[5, 0, -4, 3, 5, -3, -3, 5, 3, -4],
	[22, 13, 18, 22, 6, 17] => QQFieldElem[-4, -1, -3, -2, -2, -3, -1, -4, 0, -4],
	[22, 13, 18, 22, 6, 19] => QQFieldElem[-58, 0, -53, -9, -41, -25, -25, -41, -9, -53],
	[22, 13, 18, 22, 6, 22] => QQFieldElem[-15, -6, -16, -13, -13, -16, -6, -15, 0, -14],
	[22, 13, 18, 22, 23, 12] => QQFieldElem[8, 0, -6, 5, 6, -4, -2, 6, 4, -5],
	[22, 13, 18, 22, 23, 24] => QQFieldElem[331//253, 90//253, -239//253, 158//253, 511//253, -38//253, -103//253, 393//253, 372//253, -254//253],
	[22, 13, 18, 22, 23, 17] => QQFieldElem[-83, 9, 66, -43, -69, 48, 41, -74, -35, 69],
	[22, 13, 18, 22, 23, 19] => QQFieldElem[7, 0, 1, 1, 6, 1, 0, 4, 2, 2],
	[22, 13, 18, 22, 23, 22] => QQFieldElem[21, -3, -18, 10, 17, -13, -11, 19, 9, -18],
	[22, 13, 18, 22, 6, 14] => QQFieldElem[2, 0, 1, 0, 1, 1, 1, 1, 0, 1],
	[22, 13, 18, 22, 8, 24] => QQFieldElem[190//253, 83//253, 86//253, 67//253, 103//253, 128//253, 54//253, 101//253, -28//253, 30//253],
	[22, 13, 18, 22, 18, 24] => QQFieldElem[-113//253, -72//253, 343//253, 76//253, -257//253, 334//253, 133//253, 141//253, -247//253, 608//253],
	[22, 13, 18, 22, 18, 17] => QQFieldElem[72, -4, -56, 36, 61, -38, -34, 63, 32, -57],
	[22, 13, 18, 22, 8, 17] => QQFieldElem[-8, 0, 6, -3, -6, 3, 3, -6, -3, 6],
	[22, 13, 18, 22, 8, 12] => QQFieldElem[2, 0, -1, 1, 1, 0, 0, 1, 1, -1],
	[22, 13, 18, 22, 18, 19] => QQFieldElem[-11, -1, -7, -2, -9, -2, -3, -7, -4, -6],
	[22, 13, 18, 22, 18, 22] => QQFieldElem[-17, 1, 14, -9, -15, 9, 8, -15, -8, 15],
	[22, 13, 18, 22, 8, 19] => QQFieldElem[1, 1, 2, 1, 1, 0, 1, 2, 2, 1],
	[22, 13, 18, 22, 21, 24] => QQFieldElem[86//253, -37//253, -17//253, 25//253, 12//253, 10//253, -146//253, 83//253, -18//253, -53//253],
	[22, 13, 18, 22, 23, 14] => QQFieldElem[-65, -21, 31, -27, -63, 5, 22, -51, -47, 25])