Dict(
	[24, 24, 16, 16, 24, 11] => QQFieldElem[-4, 0, 1, -2, -2, 0, 0, -2, -2, 1],
	[24, 24, 16, 16, 14, 1] => QQFieldElem[-12, 0, 6, -5, -10, 4, 4, -10, -5, 6],
	[24, 24, 16, 16, 9, 16] => QQFieldElem[14, 0, 5, 13, -2, 9, 9, -2, 13, 5],
	[24, 24, 16, 16, 14, 11] => QQFieldElem[-5, 0, 1, -1, -3, 0, 0, -3, -1, 1],
	[24, 24, 16, 16, 19, 21] => QQFieldElem[-25//23, 0, -1//23, -13//23, 6//23, -22//23, -22//23, 6//23, -13//23, -1//23],
	[24, 24, 16, 16, 9, 1] => QQFieldElem[3, 0, 2, 1, 2, 1, 1, 2, 1, 2],
	[24, 24, 16, 16, 9, 11] => QQFieldElem[2, 0, 2, 2, 1, 1, 1, 1, 2, 2],
	[24, 24, 16, 16, 19, 16] => QQFieldElem[33, 0, 10, 29, -6, 21, 21, -6, 29, 10],
	[24, 24, 16, 16, 24, 21] => QQFieldElem[-286//529, 0, 409//529, 27//529, -476//529, 350//529, 350//529, -476//529, 27//529, 409//529],
	[24, 24, 16, 16, 19, 1] => QQFieldElem[4, 0, 3, 0, 3, 1, 1, 3, 0, 3],
	[24, 24, 16, 16, 14, 21] => QQFieldElem[-401//529, 0, 616//529, 73//529, -131//529, 143//529, 143//529, -131//529, 73//529, 616//529],
	[24, 24, 16, 16, 24, 16] => QQFieldElem[7, 0, 3, 7, -3, 6, 6, -3, 7, 3],
	[24, 24, 16, 16, 19, 11] => QQFieldElem[-2, 0, -2, 1, -2, -1, -1, -2, 1, -2],
	[24, 24, 16, 16, 9, 21] => QQFieldElem[257//529, 0, 278//529, 440//529, 80//529, 159//529, 159//529, 80//529, 440//529, 278//529],
	[24, 24, 16, 16, 14, 16] => QQFieldElem[1, 0, 2, 2, -1, 2, 2, -1, 2, 2],
	[24, 24, 16, 16, 24, 1] => QQFieldElem[-9, 0, 3, -4, -7, 2, 2, -7, -4, 3])