Dict(
	[24, 5, 5, 25, 2, 24] => QQFieldElem[3, 0, -3, 1, 3, -2, -2, 3, 1, -3],
	[24, 5, 5, 25, 2, 23] => QQFieldElem[1, 0, -1, 0, 0, -1, -1, 0, 0, -1],
	[24, 5, 5, 25, 3, 24] => QQFieldElem[-64, 0, 46, -31, -55, 29, 29, -55, -31, 46],
	[24, 5, 5, 25, 2, 22] => QQFieldElem[0, 0, 1, 0, -1, 1, 1, -1, 0, 1],
	[24, 5, 5, 25, 4, 24] => QQFieldElem[252, 0, -180, 123, 217, -113, -113, 217, 123, -180],
	[24, 5, 5, 25, 3, 23] => QQFieldElem[-13, 0, 9, -7, -12, 5, 5, -12, -7, 9],
	[24, 5, 5, 25, 3, 22] => QQFieldElem[11, 0, -8, 5, 9, -5, -5, 9, 5, -8],
	[24, 5, 5, 25, 4, 23] => QQFieldElem[45, 0, -32, 22, 39, -20, -20, 39, 22, -32],
	[24, 5, 5, 25, 4, 22] => QQFieldElem[-31, 0, 22, -15, -27, 14, 14, -27, -15, 22],
	[24, 5, 5, 25, 2, 25] => QQFieldElem[-1, 0, 0, -1, -1, 0, 0, -1, -1, 0],
	[24, 5, 5, 25, 5, 24] => QQFieldElem[-203, 0, 145, -99, -175, 91, 91, -175, -99, 145],
	[24, 5, 5, 25, 3, 25] => QQFieldElem[14, 0, -10, 7, 12, -7, -7, 12, 7, -10],
	[24, 5, 5, 25, 5, 23] => QQFieldElem[-34, 0, 25, -15, -27, 18, 18, -27, -15, 25],
	[24, 5, 5, 25, 5, 22] => QQFieldElem[22, 0, -15, 11, 19, -9, -9, 19, 11, -15],
	[24, 5, 5, 25, 4, 25] => QQFieldElem[-59, 0, 43, -29, -51, 27, 27, -51, -29, 43],
	[24, 5, 5, 25, 5, 25] => QQFieldElem[50, 0, -35, 25, 44, -21, -21, 44, 25, -35])