Dict(
	[24, 5, 25, 4, 24, 25] => QQFieldElem[-1, 0, 0, -4, -3, 2, 2, -3, -4, 0],
	[24, 5, 25, 4, 21, 25] => QQFieldElem[-2, -3, -2, 0, 1, 1, 0, 0, 1, 1],
	[24, 5, 25, 4, 25, 24] => QQFieldElem[3, 0, -2, 1, 2, -2, -2, 2, 1, -2],
	[24, 5, 25, 4, 23, 24] => QQFieldElem[0, -1, -1, 0, 0, -1, 0, 0, -1, -1],
	[24, 5, 25, 4, 25, 23] => QQFieldElem[2, -4, -4, 2, 0, -6, -3, 2, -3, -6],
	[24, 5, 25, 4, 23, 23] => QQFieldElem[0, -5, 0, 0, -4, -1, -2, -2, -1, -4],
	[24, 5, 25, 4, 25, 22] => QQFieldElem[-51, -37, 9, -19, -58, -19, 9, -37, -51, 0],
	[24, 5, 25, 4, 23, 22] => QQFieldElem[-17, 12, 21, -10, -10, 21, 12, -17, 0, 24],
	[24, 5, 25, 4, 24, 24] => QQFieldElem[-5, 1, 1, -3, -3, 1, 1, -5, 0, 0],
	[24, 5, 25, 4, 21, 24] => QQFieldElem[3, 0, 2, 1, 2, 2, 1, 2, 0, 3],
	[24, 5, 25, 4, 24, 23] => QQFieldElem[0, 7, 6, -2, 2, 9, 2, -2, 6, 7],
	[24, 5, 25, 4, 24, 22] => QQFieldElem[72, 29, -30, 29, 72, 0, -22, 56, 56, -22],
	[24, 5, 25, 4, 21, 23] => QQFieldElem[-2, -2, 0, -2, 0, 1, -1, 1, 0, -2],
	[24, 5, 25, 4, 21, 22] => QQFieldElem[-1, -4, -2, 1, -2, -4, -1, 0, -4, -4],
	[24, 5, 25, 4, 25, 25] => QQFieldElem[3, 2, 0, 2, 3, 0, -1, 2, 2, -1],
	[24, 5, 25, 4, 23, 25] => QQFieldElem[-2, -5, -5, -2, 0, -2, -5, -6, -5, -2])