Dict(
	[25, 21, 20, 16, 20, 15] => QQFieldElem[-7, -7, 0, -2, -9, -5, 0, -5, -9, -2],
	[25, 21, 20, 16, 15, 5] => QQFieldElem[0, 4, 2, -2, 1, 5, 1, -2, 2, 4],
	[25, 21, 20, 16, 15, 20] => QQFieldElem[3, 3, 0, -3, -5, -7, -8, -7, -5, -3],
	[25, 21, 20, 16, 20, 5] => QQFieldElem[-9, -22, -9, 0, -16, -21, -4, -4, -21, -16],
	[25, 21, 20, 16, 25, 25] => QQFieldElem[3, 0, -1, 2, 2, -1, 0, 3, 0, 0],
	[25, 21, 20, 16, 20, 20] => QQFieldElem[0, 5, 9, 5, 0, 0, -2, -8, -8, -2],
	[25, 21, 20, 16, 10, 25] => QQFieldElem[6, 11, 11, 6, 0, 2, 10, 11, 10, 2],
	[25, 21, 20, 16, 25, 15] => QQFieldElem[7, 3, 1, 0, 9, 0, 1, 3, 7, 0],
	[25, 21, 20, 16, 15, 25] => QQFieldElem[-6, -12, -10, -3, 2, -3, -10, -12, -6, 0],
	[25, 21, 20, 16, 10, 15] => QQFieldElem[-5, 2, -4, 2, -5, 0, -3, 0, 0, -3],
	[25, 21, 20, 16, 25, 5] => QQFieldElem[11, 17, 6, 2, 15, 15, 2, 6, 17, 11],
	[25, 21, 20, 16, 25, 20] => QQFieldElem[3, 0, 0, 4, 7, 4, 4, 7, 4, 0],
	[25, 21, 20, 16, 20, 25] => QQFieldElem[-3, 0, 2, -1, -2, 0, 0, -2, -1, 2],
	[25, 21, 20, 16, 15, 15] => QQFieldElem[3, 1, 1, 0, 3, 3, 0, 1, 1, 3],
	[25, 21, 20, 16, 10, 5] => QQFieldElem[-1, 0, 0, 0, 0, -1, 0, 0, 1, 0],
	[25, 21, 20, 16, 10, 20] => QQFieldElem[-3, -5, -7, -7, -7, -7, -5, -3, 0, 1])