Dict(
	[4, 14, 10, 10, 10, 15] => QQFieldElem[4, -1, -4, 2, 3, -3, -2, 4, 1, -4],
	[4, 14, 10, 10, 9, 14] => QQFieldElem[-12, -5, 5, -5, -12, 0, 4, -9, -9, 4],
	[4, 14, 10, 10, 7, 11] => QQFieldElem[2, 3, 2, 0, -3, -6, -8, -8, -6, -3],
	[4, 14, 10, 10, 9, 13] => QQFieldElem[38, 27, -8, 13, 42, 13, -8, 27, 38, 0],
	[4, 14, 10, 10, 9, 15] => QQFieldElem[-4, 0, 3, -2, -4, 1, 1, -4, -2, 3],
	[4, 14, 10, 10, 7, 14] => QQFieldElem[-3, -6, -8, -8, -6, -3, 0, 2, 3, 2],
	[4, 14, 10, 10, 8, 11] => QQFieldElem[1, 1, 1, 1, 1, 1, 0, 0, 0, 0],
	[4, 14, 10, 10, 10, 11] => QQFieldElem[2, 1, -1, 0, 2, 1, 0, 2, 3, 1],
	[4, 14, 10, 10, 8, 14] => QQFieldElem[1, 0, -2, -2, -1, -2, -2, 0, 1, 0],
	[4, 14, 10, 10, 10, 14] => QQFieldElem[13, 4, -5, 8, 14, 0, -3, 11, 8, -6],
	[4, 14, 10, 10, 7, 13] => QQFieldElem[-1, -2, -2, -2, -2, -2, -2, -2, -2, -1],
	[4, 14, 10, 10, 7, 15] => QQFieldElem[1, 1, 0, -2, -5, -8, -9, -8, -5, -2],
	[4, 14, 10, 10, 9, 11] => QQFieldElem[-2, -2, 0, -1, -3, -2, 0, -2, -3, -1],
	[4, 14, 10, 10, 8, 13] => QQFieldElem[-5, -5, 0, -2, -6, -3, 0, -3, -6, -2],
	[4, 14, 10, 10, 8, 15] => QQFieldElem[1, 0, 0, 0, 1, 0, 0, 0, 0, 0],
	[4, 14, 10, 10, 10, 13] => QQFieldElem[-38, -21, 12, -14, -40, -7, 10, -28, -34, 6])