Dict(
	[7, 14, 14, 10, 5, 8] => QQFieldElem[0, 1, 1, 0, 0, 1, 0, 0, 1, 1],
	[7, 14, 14, 10, 15, 10] => QQFieldElem[2, -1, -2, 2, 2, -1, -1, 3, 1, -2],
	[7, 14, 14, 10, 15, 18] => QQFieldElem[0, 1, -1, 0, 0, 1, 1, 1, 1, -1],
	[7, 14, 14, 10, 4, 10] => QQFieldElem[0, -2, 1, -4, 1, -5, 1, -4, 1, -2],
	[7, 14, 14, 10, 4, 18] => QQFieldElem[-19, 0, -18, -3, -14, -8, -8, -14, -3, -18],
	[7, 14, 14, 10, 14, 10] => QQFieldElem[0, 0, 0, -1, -1, 0, 0, -1, -1, 0],
	[7, 14, 14, 10, 14, 18] => QQFieldElem[-1, -1, 0, 0, 0, -1, -1, -1, 0, 0],
	[7, 14, 14, 10, 15, 20] => QQFieldElem[215//979, 331//979, 216//979, 541//979, 261//979, 201//979, -651//979, 565//979, 406//979, 302//979],
	[7, 14, 14, 10, 4, 20] => QQFieldElem[-575//979, -1887//979, 1608//979, -3587//979, 2922//979, -4704//979, 3312//979, -4061//979, 2261//979, -2538//979],
	[7, 14, 14, 10, 14, 20] => QQFieldElem[300//979, -335//979, -541//979, -725//979, -205//979, 326//979, 230//979, -350//979, -754//979, -421//979],
	[7, 14, 14, 10, 15, 8] => QQFieldElem[2, -1, -2, 2, 2, -3, -2, 2, 1, -2],
	[7, 14, 14, 10, 5, 18] => QQFieldElem[2, 0, 1, 0, 1, 1, 1, 1, 0, 1],
	[7, 14, 14, 10, 5, 10] => QQFieldElem[0, 1, 1, 0, 1, 1, 1, 0, 1, 1],
	[7, 14, 14, 10, 4, 8] => QQFieldElem[0, -1, 1, -1, 1, -1, 1, -1, 1, -1],
	[7, 14, 14, 10, 14, 8] => QQFieldElem[0, 0, 0, -1, -1, 1, 1, -1, -1, 0],
	[7, 14, 14, 10, 5, 20] => QQFieldElem[-182//979, -221//979, 400//979, -376//979, 157//979, -498//979, -9//979, -114//979, 353//979, -456//979])