Dict(
	[7, 22, 12, 17, 11, 21] => QQFieldElem[-1, 1, 1, 1, 1, -1, 0, 1, 1, 1],
	[7, 22, 12, 17, 11, 18] => QQFieldElem[-2, 0, 0, 0, 0, -1, -1, 0, 0, 0],
	[7, 22, 12, 17, 13, 23] => QQFieldElem[1068//4489, 1578//4489, -1003//4489, 9//4489, -113//4489, 434//4489, 1477//4489, -219//4489, -121//4489, 985//4489],
	[7, 22, 12, 17, 11, 16] => QQFieldElem[1, 0, 0, 0, 0, 1, 0, 0, -1, 0],
	[7, 22, 12, 17, 23, 21] => QQFieldElem[4, 0, -2, 0, 2, 0, -1, 2, 0, -1],
	[7, 22, 12, 17, 23, 18] => QQFieldElem[2, -3, -2, -2, -1, -2, 1, 0, -4, -3],
	[7, 22, 12, 17, 11, 23] => QQFieldElem[-16002//4489, -8058//4489, 1435//4489, -13274//4489, -2922//4489, -6654//4489, -16708//4489, 1289//4489, -6585//4489, -10799//4489],
	[7, 22, 12, 17, 23, 16] => QQFieldElem[-2, 0, 1, 0, -2, -2, -1, -1, 1, 1],
	[7, 22, 12, 17, 21, 21] => QQFieldElem[-1, 0, 1, 1, 0, -1, 0, 0, 1, 0],
	[7, 22, 12, 17, 21, 18] => QQFieldElem[-1, 0, 1, 2, 1, -1, -1, 1, 2, 1],
	[7, 22, 12, 17, 13, 21] => QQFieldElem[-1, 0, 0, -1, -1, 0, 0, -1, -1, 0],
	[7, 22, 12, 17, 13, 18] => QQFieldElem[0, 2, 0, 0, 0, 2, 0, 0, 1, 1],
	[7, 22, 12, 17, 23, 23] => QQFieldElem[2831//4489, -3055//4489, -2789//4489, -4276//4489, -1178//4489, -203//4489, 540//4489, -694//4489, -4360//4489, -2126//4489],
	[7, 22, 12, 17, 21, 16] => QQFieldElem[1, 0, -1, -1, 0, 1, 0, -1, -2, -1],
	[7, 22, 12, 17, 13, 16] => QQFieldElem[1, 0, 0, 0, 0, -1, -1, 0, 0, 0],
	[7, 22, 12, 17, 21, 23] => QQFieldElem[-487//4489, 1071//4489, 2622//4489, 4094//4489, 1468//4489, -593//4489, 516//4489, 2130//4489, 4313//4489, 2657//4489])