Dict(
	[7, 12, 7, 12, 16, 16] => QQFieldElem[1, 1, 2, 0, 1, 0, 2, 1, 1, 0],
	[7, 12, 7, 12, 6, 18] => QQFieldElem[4, 0, 3, 0, 2, 2, 2, 2, 0, 3],
	[7, 12, 7, 12, 16, 8] => QQFieldElem[-1, 0, 2, 3, 1, -1, -1, 1, 3, 2],
	[7, 12, 7, 12, 16, 6] => QQFieldElem[2, 3, 3, 0, 0, 0, 3, 3, 2, 0],
	[7, 12, 7, 12, 6, 16] => QQFieldElem[0, 1, -1, 0, 1, 0, -1, 1, 0, 0],
	[7, 12, 7, 12, 18, 18] => QQFieldElem[-4, -1, -1, -4, 0, -6, 2, -6, 2, -6],
	[7, 12, 7, 12, 8, 18] => QQFieldElem[30, 14, 14, 30, 0, 42, -9, 46, -9, 42],
	[7, 12, 7, 12, 6, 8] => QQFieldElem[1, 0, -2, -2, 0, 0, 0, 0, -2, -2],
	[7, 12, 7, 12, 6, 6] => QQFieldElem[-1, -2, -2, 0, 0, 0, -2, -2, -1, 0],
	[7, 12, 7, 12, 18, 16] => QQFieldElem[0, 0, 1, 0, 0, 1, 1, 0, 0, 1],
	[7, 12, 7, 12, 8, 16] => QQFieldElem[-3, 0, -3, 0, -2, -1, -1, -2, 0, -3],
	[7, 12, 7, 12, 18, 8] => QQFieldElem[0, 1, 1, 0, 0, 1, 1, 0, 1, 1],
	[7, 12, 7, 12, 8, 8] => QQFieldElem[0, -1, -1, 0, 0, 1, -1, 0, -1, 1],
	[7, 12, 7, 12, 18, 6] => QQFieldElem[1, 0, 0, 0, 0, 0, 0, 0, 0, 0],
	[7, 12, 7, 12, 8, 6] => QQFieldElem[-3, 0, -2, 0, -2, -2, -2, -2, 0, -2],
	[7, 12, 7, 12, 16, 18] => QQFieldElem[-10, 0, -1, 6, -2, -5, -5, -2, 6, -1])