Dict(
	[7, 18, 8, 17, 21, 14] => QQFieldElem[3, 0, 2, 0, 2, 1, 1, 2, 0, 2],
	[7, 18, 8, 17, 13, 14] => QQFieldElem[-1, 0, 0, 1, 0, 0, -1, 0, 1, 1],
	[7, 18, 8, 17, 11, 12] => QQFieldElem[0, 1, 1, 1, 1, 0, 0, -2, -1, -2],
	[7, 18, 8, 17, 11, 24] => QQFieldElem[-14903//4489, -8023//4489, -1560//4489, -15194//4489, -4253//4489, -6468//4489, -16075//4489, -1370//4489, -9202//4489, -12942//4489],
	[7, 18, 8, 17, 11, 22] => QQFieldElem[-1, 1, 0, 0, 1, -1, 0, 0, -1, 0],
	[7, 18, 8, 17, 23, 12] => QQFieldElem[-1, -1, 0, 0, -1, 0, 0, 1, 1, 2],
	[7, 18, 8, 17, 23, 24] => QQFieldElem[-1568//4489, -1308//4489, -3504//4489, -2636//4489, -1818//4489, -923//4489, 841//4489, -1696//4489, -1470//4489, -4691//4489],
	[7, 18, 8, 17, 11, 14] => QQFieldElem[3, 0, 4, 1, 3, 1, 1, 3, 1, 4],
	[7, 18, 8, 17, 23, 22] => QQFieldElem[1, 0, -2, -1, 1, -1, 0, 0, 1, -2],
	[7, 18, 8, 17, 21, 12] => QQFieldElem[0, 1, 1, 1, 1, 0, 0, -1, 0, -1],
	[7, 18, 8, 17, 21, 24] => QQFieldElem[4752//4489, 666//4489, 2649//4489, 1301//4489, 2120//4489, 2385//4489, 1528//4489, 2758//4489, -34//4489, 3727//4489],
	[7, 18, 8, 17, 23, 14] => QQFieldElem[-1, -1, -3, -1, -2, -2, 0, -1, -2, -4],
	[7, 18, 8, 17, 13, 12] => QQFieldElem[1, 0, -1, -2, -2, -2, -2, -2, -2, -1],
	[7, 18, 8, 17, 13, 24] => QQFieldElem[228//4489, 236//4489, -315//4489, 1162//4489, -125//4489, -1824//4489, 164//4489, 155//4489, 1336//4489, 2480//4489],
	[7, 18, 8, 17, 21, 22] => QQFieldElem[1, 0, 1, 1, 0, 1, 0, 1, -1, 1],
	[7, 18, 8, 17, 13, 22] => QQFieldElem[0, 0, 0, 0, 0, -1, -1, 0, 0, 0])