Dict(
	[8, 9, 7, 10, 13, 15] => QQFieldElem[-510//4489, -1578//4489, -593//4489, -1699//4489, -1797//4489, -101//4489, -1144//4489, -1691//4489, -1569//4489, -2581//4489],
	[8, 9, 7, 10, 13, 4] => QQFieldElem[101, 0, 93, 16, 71, 42, 42, 71, 16, 93],
	[8, 9, 7, 10, 3, 5] => QQFieldElem[0, 2, 4, 4, 4, 2, 0, 0, -1, -1],
	[8, 9, 7, 10, 15, 5] => QQFieldElem[4, 0, -1, 0, 2, -1, 0, 2, 0, -2],
	[8, 9, 7, 10, 13, 5] => QQFieldElem[-1, 0, 0, -1, -1, 0, 0, -1, -1, 0],
	[8, 9, 7, 10, 5, 4] => QQFieldElem[49, -18, 60, -28, 60, -18, 49, 0, 23, 23],
	[8, 9, 7, 10, 5, 15] => QQFieldElem[-1558//4489, -1071//4489, 1586//4489, 3242//4489, 1059//4489, -555//4489, -1664//4489, 397//4489, 3023//4489, 1551//4489],
	[8, 9, 7, 10, 5, 5] => QQFieldElem[-1, 0, 0, 1, 0, 0, -1, 0, 1, 1],
	[8, 9, 7, 10, 3, 14] => QQFieldElem[-1, 0, 0, -1, -1, -2, -2, -1, -1, 0],
	[8, 9, 7, 10, 15, 14] => QQFieldElem[5, 3, 0, -1, 3, 4, 1, 2, 1, 1],
	[8, 9, 7, 10, 13, 14] => QQFieldElem[-2, -2, -1, -1, -2, -2, 0, -2, -2, -2],
	[8, 9, 7, 10, 3, 4] => QQFieldElem[-2, 2, -3, 2, -3, 2, -2, 0, -2, -2],
	[8, 9, 7, 10, 5, 14] => QQFieldElem[-1, 0, 1, 2, 1, -1, -1, 1, 2, 1],
	[8, 9, 7, 10, 3, 15] => QQFieldElem[-6680//4489, 4945//4489, -7151//4489, -6234//4489, -300//4489, -15230//4489, -5302//4489, -672//4489, -7876//4489, 6771//4489],
	[8, 9, 7, 10, 15, 15] => QQFieldElem[5886//4489, 3055//4489, 929//4489, -1305//4489, 2361//4489, 3595//4489, 2852//4489, 1877//4489, -1221//4489, 266//4489],
	[8, 9, 7, 10, 15, 4] => QQFieldElem[-133, 18, -137, 15, -119, -17, -84, -59, -36, -100])