Dict(
	[8, 14, 14, 9, 5, 9] => QQFieldElem[5, -2, -3, 3, 3, -3, -2, 5, 0, -3],
	[8, 14, 14, 9, 15, 10] => QQFieldElem[9, -1, -8, 5, 8, -6, -5, 8, 4, -9],
	[8, 14, 14, 9, 4, 10] => QQFieldElem[0, -1, -2, -1, -1, -2, -1, 0, 0, -1],
	[8, 14, 14, 9, 14, 10] => QQFieldElem[-5, 1, 6, -2, -4, 4, 3, -5, -3, 5],
	[8, 14, 14, 9, 15, 20] => QQFieldElem[-58//253, -28//253, -218//253, -111//253, 139//253, -348//253, -131//253, -156//253, 171//253, -382//253],
	[8, 14, 14, 9, 4, 20] => QQFieldElem[-145//253, -70//253, -39//253, -151//253, -32//253, -111//253, 52//253, -137//253, 48//253, -196//253],
	[8, 14, 14, 9, 14, 20] => QQFieldElem[9//23, -2//23, 14//23, -3//23, -18//23, 8//23, -11//23, 2//23, -19//23, 22//23],
	[8, 14, 14, 9, 5, 10] => QQFieldElem[-1, 1, 2, -1, -1, 2, 1, -1, 0, 3],
	[8, 14, 14, 9, 15, 19] => QQFieldElem[8, 0, 5, 1, 6, 2, 2, 5, 2, 5],
	[8, 14, 14, 9, 4, 19] => QQFieldElem[-2, 0, -1, 0, -1, -1, -1, -1, 0, -1],
	[8, 14, 14, 9, 14, 19] => QQFieldElem[1, 0, 3, 0, 1, 1, 2, 1, 0, 2],
	[8, 14, 14, 9, 15, 9] => QQFieldElem[-24, 2, 16, -12, -19, 11, 10, -21, -9, 16],
	[8, 14, 14, 9, 5, 20] => QQFieldElem[215//253, 34//253, 84//253, 189//253, 30//253, 278//253, -112//253, 334//253, -45//253, 247//253],
	[8, 14, 14, 9, 4, 9] => QQFieldElem[-1, 1, 2, -1, -1, 2, 1, -1, 0, 2],
	[8, 14, 14, 9, 14, 9] => QQFieldElem[14, -1, -12, 7, 12, -8, -7, 12, 6, -12],
	[8, 14, 14, 9, 5, 19] => QQFieldElem[-7, 0, -7, -1, -5, -3, -3, -5, -1, -7])