Dict(
	[8, 14, 10, 14, 17, 19] => QQFieldElem[237//2189, 1013//2189, 2427//2189, 1201//2189, 2747//2189, 69//2189, 2264//2189, -986//2189, 934//2189, -1480//2189],
	[8, 14, 10, 14, 20, 10] => QQFieldElem[3, -2, -3, 2, 1, -4, -3, 2, -1, -4],
	[8, 14, 10, 14, 10, 17] => QQFieldElem[0, 1, -3, 1, 0, 0, -2, 1, 1, -2],
	[8, 14, 10, 14, 7, 9] => QQFieldElem[-3, -8, -14, -18, -20, -18, -14, -8, -3, 0],
	[8, 14, 10, 14, 10, 19] => QQFieldElem[-2884//2189, -15//2189, -3515//2189, -437//2189, -1858//2189, -1948//2189, -1356//2189, -1699//2189, -513//2189, -3012//2189],
	[8, 14, 10, 14, 9, 10] => QQFieldElem[1, 0, 0, 0, 0, 0, 0, 1, 0, 1],
	[8, 14, 10, 14, 17, 9] => QQFieldElem[1, 1, 3, 2, 4, 2, 3, 1, 1, 0],
	[8, 14, 10, 14, 19, 7] => QQFieldElem[0, 1, 2, 4, -1, 4, 0, 2, -3, 2],
	[8, 14, 10, 14, 10, 9] => QQFieldElem[-3, 0, -1, -2, -2, -1, 0, -3, 0, -1],
	[8, 14, 10, 14, 7, 7] => QQFieldElem[6, 11, 14, 14, 11, 6, 0, -4, -6, -4],
	[8, 14, 10, 14, 20, 20] => QQFieldElem[14//23, 1//23, 2//23, 24//23, 26//23, 20//23, 17//23, 41//23, 20//23, 10//23],
	[8, 14, 10, 14, 9, 20] => QQFieldElem[32//23, 14//23, 22//23, 26//23, 17//23, 22//23, 20//23, 18//23, 7//23, 32//23],
	[8, 14, 10, 14, 17, 7] => QQFieldElem[-2, -2, -3, -3, -2, -2, 0, -1, 1, -1],
	[8, 14, 10, 14, 20, 17] => QQFieldElem[9, 4, 0, 2, 10, 2, 0, 6, 8, 1],
	[8, 14, 10, 14, 10, 7] => QQFieldElem[-4, 1, -4, 1, -4, 0, -3, -2, -2, -3],
	[8, 14, 10, 14, 20, 19] => QQFieldElem[4549//2189, -516//2189, 1668//2189, 728//2189, 3506//2189, 410//2189, 636//2189, 3722//2189, 1616//2189, 1897//2189],
	[8, 14, 10, 14, 9, 17] => QQFieldElem[-1, -1, 1, -1, 0, -1, 1, -1, -1, 0],
	[8, 14, 10, 14, 19, 10] => QQFieldElem[-3, 2, 2, 0, -1, 2, 1, -3, -1, 1],
	[8, 14, 10, 14, 9, 19] => QQFieldElem[2604//2189, -369//2189, 3280//2189, -243//2189, 2889//2189, 675//2189, 2542//2189, 1109//2189, 952//2189, 2082//2189],
	[8, 14, 10, 14, 7, 10] => QQFieldElem[5, 9, 10, 9, 5, 0, -5, -8, -8, -5],
	[8, 14, 10, 14, 20, 9] => QQFieldElem[11, -1, -6, 5, 8, -4, -4, 10, 4, -5],
	[8, 14, 10, 14, 17, 10] => QQFieldElem[0, -2, -1, -2, 0, 0, 1, 1, 1, 1],
	[8, 14, 10, 14, 9, 9] => QQFieldElem[3, 0, 2, 1, 3, 2, 2, 3, 1, 2],
	[8, 14, 10, 14, 10, 10] => QQFieldElem[0, 1, 1, 0, 0, 0, 0, -1, 0, 0],
	[8, 14, 10, 14, 19, 20] => QQFieldElem[-51//23, -19//23, -45//23, -28//23, -44//23, -14//23, -10//23, -17//23, 3//23, -17//23],
	[8, 14, 10, 14, 20, 7] => QQFieldElem[6, 1, 4, 0, 6, 0, 2, 2, 3, 2],
	[8, 14, 10, 14, 7, 20] => QQFieldElem[-44//23, -67//23, -71//23, -32//23, 4//23, 58//23, 4, 101//23, 89//23, 50//23],
	[8, 14, 10, 14, 9, 7] => QQFieldElem[1, -1, 1, -2, 1, -2, 1, -1, 1, 0],
	[8, 14, 10, 14, 19, 17] => QQFieldElem[-6, -5, 0, -2, -9, -2, 0, -3, -7, 1],
	[8, 14, 10, 14, 17, 20] => QQFieldElem[29//23, 7//23, 37//23, 7//23, 21//23, -21//23, -19//23, -35//23, -21//23, 1//23],
	[8, 14, 10, 14, 19, 19] => QQFieldElem[-335//199, -33//199, -370//199, -46//199, -625//199, -27//199, -436//199, -116//199, -253//199, 60//199],
	[8, 14, 10, 14, 7, 17] => QQFieldElem[-2, -4, -4, -4, -4, -2, 0, 1, 1, 1],
	[8, 14, 10, 14, 10, 20] => QQFieldElem[-4//23, -8//23, -7//23, -3//23, 2//23, -3//23, 7//23, 0, 8//23, -10//23],
	[8, 14, 10, 14, 7, 19] => QQFieldElem[-1272//2189, -3996//2189, -6071//2189, -6529//2189, -7262//2189, -4970//2189, -3118//2189, -804//2189, 806//2189, 1404//2189],
	[8, 14, 10, 14, 17, 17] => QQFieldElem[0, 1, 1, 1, 1, 0, 0, -1, 0, -1],
	[8, 14, 10, 14, 19, 9] => QQFieldElem[-10, -1, 0, -5, -12, -1, -2, -9, -6, 2])