Dict(
	[9, 8, 9, 8, 15, 14] => QQFieldElem[1, -1, 1, 3, 1, -4, -1, 3, 2, -1],
	[9, 8, 9, 8, 4, 14] => QQFieldElem[3, 0, -3, -4, -2, 2, 2, -2, -4, -3],
	[9, 8, 9, 8, 5, 12] => QQFieldElem[2, 0, -2, -1, 0, -1, -1, 0, -1, -2],
	[9, 8, 9, 8, 14, 14] => QQFieldElem[0, 1, 1, 0, 0, 1, -1, -2, -1, 1],
	[9, 8, 9, 8, 2, 4] => QQFieldElem[1, 1, 0, 0, 0, 0, 0, 1, 1, 0],
	[9, 8, 9, 8, 2, 15] => QQFieldElem[-1501//529, -735//529, -494//529, -894//529, 255//529, -706//529, -1306//529, -376//529, -1024//529, -337//529],
	[9, 8, 9, 8, 2, 2] => QQFieldElem[1, -3, 2, -3, 4, -3, 2, -3, 1, 0],
	[9, 8, 9, 8, 12, 4] => QQFieldElem[-2, 0, -1, 1, 1, 2, 2, 1, 1, -1],
	[9, 8, 9, 8, 12, 15] => QQFieldElem[-544//529, -124//529, 283//529, -4//529, 626//529, 443//529, 277//529, 693//529, 154//529, -95//529],
	[9, 8, 9, 8, 15, 4] => QQFieldElem[9, 0, -8, 2, 6, -6, -5, 7, 5, -7],
	[9, 8, 9, 8, 12, 2] => QQFieldElem[63, 0, 58, 10, 44, 26, 26, 44, 10, 58],
	[9, 8, 9, 8, 15, 15] => QQFieldElem[118//529, -1070//529, -1133//529, -427//529, -622//529, -1510//529, -980//529, 50//529, -224//529, -487//529],
	[9, 8, 9, 8, 15, 2] => QQFieldElem[12, 5, 8, 9, 2, 14, 0, 16, -2, 15],
	[9, 8, 9, 8, 4, 15] => QQFieldElem[-878//529, -99//529, -222//529, -1010//529, -106//529, -555//529, -679//529, 148//529, -790//529, -447//529],
	[9, 8, 9, 8, 4, 4] => QQFieldElem[0, -1, 0, 0, 2, 0, 0, -1, 0, 0],
	[9, 8, 9, 8, 4, 2] => QQFieldElem[-10, 9, -18, 15, -21, 15, -18, 9, -10, 0],
	[9, 8, 9, 8, 14, 15] => QQFieldElem[-84//529, 152//529, -108//529, -763//529, -938//529, -799//529, -988//529, -986//529, -513//529, -3//529],
	[9, 8, 9, 8, 14, 2] => QQFieldElem[-15, 0, -14, -2, -10, -6, -6, -10, -2, -14],
	[9, 8, 9, 8, 2, 5] => QQFieldElem[-1, -1, -2, -1, 1, -1, -2, -1, -1, 0],
	[9, 8, 9, 8, 14, 4] => QQFieldElem[-3, 0, 2, -5, -8, -4, -4, -8, -5, 2],
	[9, 8, 9, 8, 5, 14] => QQFieldElem[1, 0, -2, -2, -1, 0, 0, -1, -2, -2],
	[9, 8, 9, 8, 12, 5] => QQFieldElem[1, 0, 1, 2, 1, 2, 2, 1, 2, 1],
	[9, 8, 9, 8, 15, 5] => QQFieldElem[17, 0, -13, 7, 14, -8, -9, 14, 9, -11],
	[9, 8, 9, 8, 2, 12] => QQFieldElem[3, 0, -3, -1, 1, 0, 0, 1, -1, -3],
	[9, 8, 9, 8, 4, 5] => QQFieldElem[0, 1, 0, 0, 1, 0, 0, 1, 0, 0],
	[9, 8, 9, 8, 14, 5] => QQFieldElem[-6, 0, 4, -4, -7, 1, 1, -7, -4, 4],
	[9, 8, 9, 8, 12, 12] => QQFieldElem[0, -1, -1, 0, 0, 1, 0, 1, 0, 1],
	[9, 8, 9, 8, 5, 4] => QQFieldElem[-1, 0, 1, 2, 1, 2, 1, 0, -1, 0],
	[9, 8, 9, 8, 5, 15] => QQFieldElem[63//529, -114//529, -448//529, -618//529, -619//529, -591//529, -317//529, -54//529, -12//529, -130//529],
	[9, 8, 9, 8, 15, 12] => QQFieldElem[4, -8, -8, 5, 0, -13, -6, 6, -3, -11],
	[9, 8, 9, 8, 5, 2] => QQFieldElem[4, -5, 7, -7, 9, -7, 7, -5, 4, 0],
	[9, 8, 9, 8, 4, 12] => QQFieldElem[-1, 0, 0, -1, -1, 0, 0, -1, -1, 0],
	[9, 8, 9, 8, 14, 12] => QQFieldElem[-2, 7, 7, -2, 0, 7, 2, -5, 2, 7],
	[9, 8, 9, 8, 2, 14] => QQFieldElem[-2, 0, 2, 2, 1, -1, -1, 1, 2, 2],
	[9, 8, 9, 8, 5, 5] => QQFieldElem[-1, 0, 2, 1, 0, 1, 2, 0, -1, 0],
	[9, 8, 9, 8, 12, 14] => QQFieldElem[-1, 0, 0, -1, 0, -1, 1, 0, 1, -1])