Dict(
	[9, 13, 14, 8, 12, 20] => QQFieldElem[182//529, -153//529, -824//529, -2138//529, -2905//529, -3647//529, -3502//529, -2801//529, -1798//529, -787//529],
	[9, 13, 14, 8, 15, 20] => QQFieldElem[-612//529, -933//529, -938//529, -798//529, 43//529, -758//529, 510//529, -80//529, 570//529, -702//529],
	[9, 13, 14, 8, 2, 17] => QQFieldElem[-2, 0, -2, -1, -2, -1, -1, -2, -1, -2],
	[9, 13, 14, 8, 4, 20] => QQFieldElem[-536//529, -340//529, -538//529, -813//529, -519//529, -816//529, -435//529, -523//529, -175//529, -397//529],
	[9, 13, 14, 8, 14, 20] => QQFieldElem[235//529, 1061//529, 1738//529, 2884//529, 3065//529, 3816//529, 2890//529, 2368//529, 1114//529, 783//529],
	[9, 13, 14, 8, 2, 19] => QQFieldElem[-9, 0, -9, -2, -7, -4, -4, -7, -2, -9],
	[9, 13, 14, 8, 12, 17] => QQFieldElem[1, 2, 2, 1, 0, -2, -2, -3, -2, -2],
	[9, 13, 14, 8, 5, 10] => QQFieldElem[-2, 0, 1, 2, -1, 2, 1, 0, -2, 0],
	[9, 13, 14, 8, 15, 17] => QQFieldElem[3, -6, -8, 2, 0, -9, -4, 4, -2, -9],
	[9, 13, 14, 8, 12, 19] => QQFieldElem[-1, 1, 1, -1, 0, -4, -1, -5, -1, -4],
	[9, 13, 14, 8, 15, 19] => QQFieldElem[-6, -2, -7, -2, -4, -5, -3, -5, -1, -7],
	[9, 13, 14, 8, 4, 17] => QQFieldElem[-2, 0, -1, -1, -2, -1, -1, -2, -1, -1],
	[9, 13, 14, 8, 2, 9] => QQFieldElem[0, -2, -1, -4, -2, -4, -1, -2, 0, 0],
	[9, 13, 14, 8, 4, 19] => QQFieldElem[-8, 0, -7, -1, -6, -4, -4, -6, -1, -7],
	[9, 13, 14, 8, 14, 17] => QQFieldElem[-2, 4, 6, -1, 2, 11, 7, 2, 5, 10],
	[9, 13, 14, 8, 14, 19] => QQFieldElem[8, 0, 6, 4, 6, 11, 5, 12, 2, 12],
	[9, 13, 14, 8, 12, 9] => QQFieldElem[2, 0, -1, -5, -7, -9, -9, -7, -5, -1],
	[9, 13, 14, 8, 15, 9] => QQFieldElem[8, 0, -4, 2, 8, -2, -1, 7, 6, -3],
	[9, 13, 14, 8, 5, 20] => QQFieldElem[866//529, 423//529, 660//529, 901//529, 501//529, 1121//529, 160//529, 1147//529, -39//529, 900//529],
	[9, 13, 14, 8, 4, 9] => QQFieldElem[0, -3, -4, -7, -5, -7, -4, -3, 0, 0],
	[9, 13, 14, 8, 14, 9] => QQFieldElem[-6, 3, 6, 9, 7, 15, 12, 5, 2, 2],
	[9, 13, 14, 8, 2, 7] => QQFieldElem[-5, 6, -8, 10, -9, 10, -8, 6, -5, 0],
	[9, 13, 14, 8, 12, 7] => QQFieldElem[-11, 0, -8, 2, -2, 2, 2, -2, 2, -8],
	[9, 13, 14, 8, 5, 17] => QQFieldElem[2, 0, 0, 1, 2, 0, 0, 2, 1, 0],
	[9, 13, 14, 8, 15, 7] => QQFieldElem[-4, 3, -6, 4, -6, 2, -6, 0, -3, -3],
	[9, 13, 14, 8, 5, 19] => QQFieldElem[7, 0, 6, 1, 5, 3, 3, 5, 1, 6],
	[9, 13, 14, 8, 4, 7] => QQFieldElem[-3, 5, -4, 9, -4, 9, -4, 5, -3, 0],
	[9, 13, 14, 8, 14, 7] => QQFieldElem[17, -5, 16, -9, 10, -7, 6, 1, 3, 12],
	[9, 13, 14, 8, 5, 9] => QQFieldElem[-2, 0, 1, 2, -1, 2, 1, 0, -2, 0],
	[9, 13, 14, 8, 2, 10] => QQFieldElem[0, -1, -1, -2, -2, -2, -1, -1, 0, 0],
	[9, 13, 14, 8, 12, 10] => QQFieldElem[1, 0, -1, -3, -5, -6, -6, -5, -3, -1],
	[9, 13, 14, 8, 15, 10] => QQFieldElem[8, 0, -4, 2, 8, -2, -1, 7, 6, -3],
	[9, 13, 14, 8, 4, 10] => QQFieldElem[0, -1, -2, -3, -2, -3, -2, -1, 0, 0],
	[9, 13, 14, 8, 5, 7] => QQFieldElem[2, -3, 3, -5, 3, -5, 3, -3, 2, 0],
	[9, 13, 14, 8, 14, 10] => QQFieldElem[-4, 1, 4, 3, 2, 7, 6, 1, 0, 2],
	[9, 13, 14, 8, 2, 20] => QQFieldElem[-36//529, -86//529, -273//529, -327//529, -402//529, -418//529, 30//529, -347//529, 158//529, -228//529])