Dict(
	[9, 7, 10, 9, 4, 5] => QQFieldElem[0, 0, 0, 1, 2, 1, 0, 1, 2, 1],
	[9, 7, 10, 9, 14, 5] => QQFieldElem[1, 0, -1, -1, 0, 0, 0, 0, -1, -1],
	[9, 7, 10, 9, 5, 13] => QQFieldElem[-3, 0, 4, 5, 2, -2, -2, 2, 5, 4],
	[9, 7, 10, 9, 5, 15] => QQFieldElem[1686//979, 1722//979, 911//979, -1242//979, -1173//979, 1107//979, 1957//979, 1355//979, -149//979, -1620//979],
	[9, 7, 10, 9, 5, 5] => QQFieldElem[2, 2, 0, -1, 0, 1, 2, 1, 0, -1],
	[9, 7, 10, 9, 15, 3] => QQFieldElem[-6, -2, 4, 0, -3, 1, 0, -4, -1, 5],
	[9, 7, 10, 9, 4, 3] => QQFieldElem[1, 1, 0, 1, 2, 1, 0, 1, 2, 1],
	[9, 7, 10, 9, 14, 3] => QQFieldElem[1, 0, -1, 0, 0, 0, 0, 0, 0, -1],
	[9, 7, 10, 9, 15, 13] => QQFieldElem[3, -1, -6, -9, -2, 3, 2, -5, -8, -5],
	[9, 7, 10, 9, 15, 15] => QQFieldElem[-2056//979, -2187//979, 465//979, 2072//979, 1413//979, -357//979, -2743//979, -1477//979, 1494//979, 2958//979],
	[9, 7, 10, 9, 5, 3] => QQFieldElem[2, 2, 0, -1, 0, 1, 2, 1, 0, -1],
	[9, 7, 10, 9, 4, 13] => QQFieldElem[0, 0, -1, -2, -1, 0, 0, -1, -2, -1],
	[9, 7, 10, 9, 4, 15] => QQFieldElem[-964//979, -894//979, -241//979, 522//979, 493//979, -295//979, -709//979, -683//979, 91//979, 766//979],
	[9, 7, 10, 9, 14, 13] => QQFieldElem[0, 1, 2, 2, 0, 0, 0, 2, 2, 1],
	[9, 7, 10, 9, 14, 15] => QQFieldElem[853//979, 265//979, -521//979, -1252//979, -421//979, 520//979, 669//979, 59//979, -1156//979, -952//979],
	[9, 7, 10, 9, 15, 5] => QQFieldElem[-6, -2, 4, 0, -3, 1, 0, -4, -1, 5])