Dict(
	[9, 10, 18, 17, 15, 14] => QQFieldElem[-51//23, 0, -11//23, 10//23, -37//23, -64//23, -64//23, -37//23, 10//23, -11//23],
	[9, 10, 18, 17, 25, 4] => QQFieldElem[0, 0, 1, 1, 1, 0, 0, 1, 1, 1],
	[9, 10, 18, 17, 23, 4] => QQFieldElem[-23, 0, -20, -3, -17, -12, -12, -17, -3, -20],
	[9, 10, 18, 17, 13, 14] => QQFieldElem[-17//23, 0, 27//23, 57//23, 26//23, 17//23, 17//23, 26//23, 57//23, 27//23],
	[9, 10, 18, 17, 25, 2] => QQFieldElem[1, 0, 0, 1, 1, 0, 0, 1, 1, 0],
	[9, 10, 18, 17, 23, 2] => QQFieldElem[-4, 0, -4, -1, -4, -3, -3, -4, -1, -4],
	[9, 10, 18, 17, 15, 4] => QQFieldElem[7, 0, -1, -6, 0, 3, 3, 0, -6, -1],
	[9, 10, 18, 17, 25, 12] => QQFieldElem[0, 0, 1, 1, 1, 0, 0, 1, 1, 1],
	[9, 10, 18, 17, 23, 12] => QQFieldElem[-10, 0, -9, -2, -8, -6, -6, -8, -2, -9],
	[9, 10, 18, 17, 13, 4] => QQFieldElem[4, 0, -3, -5, -1, 3, 3, -1, -5, -3],
	[9, 10, 18, 17, 15, 2] => QQFieldElem[3, 0, 0, -2, 0, 1, 1, 0, -2, 0],
	[9, 10, 18, 17, 13, 2] => QQFieldElem[1, 0, 0, 0, 0, 1, 1, 0, 0, 0],
	[9, 10, 18, 17, 25, 14] => QQFieldElem[10//23, 0, -1//23, 3//23, 5//23, 13//23, 13//23, 5//23, 3//23, -1//23],
	[9, 10, 18, 17, 23, 14] => QQFieldElem[-83//23, 0, -109//23, -64//23, -122//23, -101//23, -101//23, -122//23, -64//23, -109//23],
	[9, 10, 18, 17, 15, 12] => QQFieldElem[-6, 0, -12, -7, -9, -3, -3, -9, -7, -12],
	[9, 10, 18, 17, 13, 12] => QQFieldElem[0, 0, -2, -1, -1, 1, 1, -1, -1, -2])