Dict(
	[16, 14, 13, 16, 2, 4] => QQFieldElem[0, 1, 0, 1],
	[16, 14, 13, 16, 6, 8] => QQFieldElem[-1, 0, -1, -1],
	[16, 14, 13, 16, 14, 4] => QQFieldElem[2, 1, 0, 2],
	[16, 14, 13, 16, 10, 16] => QQFieldElem[-7//5, -4//5, -1//5, -8//5],
	[16, 14, 13, 16, 2, 16] => QQFieldElem[3//5, 1//5, -1//5, 2//5],
	[16, 14, 13, 16, 10, 12] => QQFieldElem[0, 1, 0, 1],
	[16, 14, 13, 16, 2, 12] => QQFieldElem[0, -1, -1, -1],
	[16, 14, 13, 16, 10, 8] => QQFieldElem[11//5, 7//5, 3//5, 14//5],
	[16, 14, 13, 16, 2, 8] => QQFieldElem[-7//5, -4//5, -1//5, -8//5],
	[16, 14, 13, 16, 14, 16] => QQFieldElem[-1, 0, -1, -1],
	[16, 14, 13, 16, 14, 12] => QQFieldElem[-1, -1, -1, -2],
	[16, 14, 13, 16, 14, 8] => QQFieldElem[2, 0, 1, 1],
	[16, 14, 13, 16, 6, 4] => QQFieldElem[-1, -1, -1, -2],
	[16, 14, 13, 16, 6, 16] => QQFieldElem[0, 0, 1, 1],
	[16, 14, 13, 16, 10, 4] => QQFieldElem[0, -1, 1, -1],
	[16, 14, 13, 16, 6, 12] => QQFieldElem[0, 1, 2, 2])