Dict(
	[21, 22, 22, 21, 1, 8] => QQFieldElem[1//2, 0, 0, 0],
	[21, 22, 22, 21, 7, 8] => QQFieldElem[1//2, 0, 0, 0],
	[21, 22, 22, 21, 3, 5] => QQFieldElem[0, 0, -1//2, 0],
	[21, 22, 22, 21, 3, 8] => QQFieldElem[-1//2, 0, 0, 0],
	[21, 22, 22, 21, 6, 4] => QQFieldElem[0, 0, 1//2, 0],
	[21, 22, 22, 21, 6, 2] => QQFieldElem[1//2, 0, 0, 0],
	[21, 22, 22, 21, 1, 4] => QQFieldElem[0, 0, 1//2, 0],
	[21, 22, 22, 21, 7, 4] => QQFieldElem[0, 0, -1//2, 0],
	[21, 22, 22, 21, 1, 2] => QQFieldElem[1//2, 0, 0, 0],
	[21, 22, 22, 21, 7, 2] => QQFieldElem[1//2, 0, 0, 0],
	[21, 22, 22, 21, 6, 5] => QQFieldElem[0, 0, 1//2, 0],
	[21, 22, 22, 21, 6, 8] => QQFieldElem[-1//2, 0, 0, 0],
	[21, 22, 22, 21, 1, 5] => QQFieldElem[0, 0, -1//2, 0],
	[21, 22, 22, 21, 7, 5] => QQFieldElem[0, 0, 1//2, 0],
	[21, 22, 22, 21, 3, 4] => QQFieldElem[0, 0, -1//2, 0],
	[21, 22, 22, 21, 3, 2] => QQFieldElem[1//2, 0, 0, 0])