Dict(
	[10, 16, 14, 21, 19, 1, 1, 18, 1, 1] => QQFieldElem[2, 0, -2, -2],
	[10, 16, 14, 21, 11, 1, 1, 18, 1, 1] => QQFieldElem[-4//5, -2//5, -4//5, 0],
	[10, 16, 14, 21, 18, 1, 1, 19, 1, 2] => QQFieldElem[12//5, 12//5, 0, 16//5],
	[10, 16, 14, 21, 20, 1, 1, 3, 1, 1] => QQFieldElem[0, -2//5, 4//5, -2//5],
	[10, 16, 14, 21, 12, 1, 1, 3, 1, 1] => QQFieldElem[-4//5, 0, -3//5, -3//5],
	[10, 16, 14, 21, 20, 1, 1, 19, 1, 1] => QQFieldElem[0, -2, -2, -2],
	[10, 16, 14, 21, 12, 1, 1, 19, 1, 1] => QQFieldElem[-8//5, -4//5, 2//5, -2],
	[10, 16, 14, 21, 19, 1, 1, 19, 1, 2] => QQFieldElem[-4//5, 4//5, -6//5, 1//5],
	[10, 16, 14, 21, 11, 1, 1, 19, 1, 2] => QQFieldElem[3//5, 0, 1//5, 1//5],
	[10, 16, 14, 21, 18, 1, 1, 7, 1, 1] => QQFieldElem[168//55, -36//55, 108//55, 8//11],
	[10, 16, 14, 21, 19, 1, 1, 7, 1, 1] => QQFieldElem[-104//11, 16//11, -48//11, -8//11],
	[10, 16, 14, 21, 11, 1, 1, 7, 1, 1] => QQFieldElem[-16//55, -32//11, 128//55, -272//55],
	[10, 16, 14, 21, 18, 1, 1, 3, 1, 1] => QQFieldElem[4//5, 2//5, -1//5, 1],
	[10, 16, 14, 21, 18, 1, 1, 19, 1, 1] => QQFieldElem[0, 4//5, -3//5, 4//5],
	[10, 16, 14, 21, 19, 1, 1, 3, 1, 1] => QQFieldElem[0, 0, -2, 0],
	[10, 16, 14, 21, 11, 1, 1, 3, 1, 1] => QQFieldElem[12//5, 0, 4//5, 4//5],
	[10, 16, 14, 21, 19, 1, 1, 19, 1, 1] => QQFieldElem[-4//5, -4//5, 0, -2//5],
	[10, 16, 14, 21, 11, 1, 1, 19, 1, 1] => QQFieldElem[-4//5, 0, -8//5, -8//5],
	[10, 16, 14, 21, 20, 1, 1, 18, 1, 1] => QQFieldElem[2//5, 2//5, 0, 1//5],
	[10, 16, 14, 21, 12, 1, 1, 18, 1, 1] => QQFieldElem[3//5, 4//5, 3//5, 0],
	[10, 16, 14, 21, 20, 1, 1, 19, 1, 2] => QQFieldElem[3//5, 0, 1//5, 1//5],
	[10, 16, 14, 21, 12, 1, 1, 19, 1, 2] => QQFieldElem[2, 0, 0, 2],
	[10, 16, 14, 21, 20, 1, 1, 7, 1, 1] => QQFieldElem[-8//11, -4//55, -32//55, -64//55],
	[10, 16, 14, 21, 12, 1, 1, 7, 1, 1] => QQFieldElem[32//55, 20//11, -36//55, 104//55],
	[10, 16, 14, 21, 18, 1, 1, 18, 1, 1] => QQFieldElem[-1, -1//5, -3//5, -6//5])