Dict(
	[10, 10, 18, 18, 15, 1, 1, 17, 1, 1] => QQFieldElem[-1//4, 0, 0, 0],
	[10, 10, 18, 18, 21, 1, 1, 6, 1, 1] => QQFieldElem[7//8, 0, 1//2, 1//2],
	[10, 10, 18, 18, 16, 1, 1, 6, 1, 1] => QQFieldElem[-1//4, 0, -1//4, -1//4],
	[10, 10, 18, 18, 21, 1, 1, 17, 1, 1] => QQFieldElem[1//2, 0, 3//8, 3//8],
	[10, 10, 18, 18, 16, 1, 1, 17, 1, 1] => QQFieldElem[-1//4, 0, 0, 0],
	[10, 10, 18, 18, 15, 1, 1, 1, 1, 1] => QQFieldElem[2//5, 2//5, 0, 1//5],
	[10, 10, 18, 18, 15, 1, 1, 5, 1, 1] => QQFieldElem[-1//4, 0, -1//4, -1//4],
	[10, 10, 18, 18, 9, 1, 1, 6, 1, 1] => QQFieldElem[1//8, 0, 0, 0],
	[10, 10, 18, 18, 21, 1, 1, 1, 1, 1] => QQFieldElem[-1//2, -1//2, 0, -1//2],
	[10, 10, 18, 18, 21, 1, 1, 5, 1, 1] => QQFieldElem[7//8, 0, 1//2, 1//2],
	[10, 10, 18, 18, 16, 1, 1, 1, 1, 1] => QQFieldElem[2//5, 2//5, 0, 1//5],
	[10, 10, 18, 18, 9, 1, 1, 17, 1, 1] => QQFieldElem[1//8, 0, -1//8, -1//8],
	[10, 10, 18, 18, 16, 1, 1, 5, 1, 1] => QQFieldElem[-1//2, 0, -1//4, -1//4],
	[10, 10, 18, 18, 9, 1, 1, 1, 1, 1] => QQFieldElem[1//10, 1//10, 0, -1//5],
	[10, 10, 18, 18, 9, 1, 1, 5, 1, 1] => QQFieldElem[1//8, 0, 0, 0],
	[10, 10, 18, 18, 15, 1, 1, 6, 1, 1] => QQFieldElem[-1//2, 0, -1//4, -1//4])