Dict(
	[10, 22, 11, 20, 21, 1, 1, 17, 1, 1] => QQFieldElem[0, 0, -1, 0],
	[10, 22, 11, 20, 14, 1, 1, 17, 1, 1] => QQFieldElem[0, 0, 1, -1],
	[10, 22, 11, 20, 15, 1, 1, 19, 1, 1] => QQFieldElem[-4//5, -3//5, -2//5, -6//5],
	[10, 22, 11, 20, 15, 1, 1, 12, 1, 1] => QQFieldElem[1, 1, 0, 1],
	[10, 22, 11, 20, 22, 1, 1, 19, 1, 1] => QQFieldElem[0, -2//5, -1//5, -2//5],
	[10, 22, 11, 20, 22, 1, 1, 12, 1, 1] => QQFieldElem[-1//5, -2//5, 2//5, 1//5],
	[10, 22, 11, 20, 21, 1, 1, 19, 1, 1] => QQFieldElem[-1//5, -2//5, -3//5, 1//5],
	[10, 22, 11, 20, 21, 1, 1, 12, 1, 1] => QQFieldElem[0, 0, 1, 0],
	[10, 22, 11, 20, 15, 1, 1, 20, 1, 1] => QQFieldElem[4//5, 3//5, 2//5, 6//5],
	[10, 22, 11, 20, 14, 1, 1, 19, 1, 1] => QQFieldElem[0, 0, 0, -1],
	[10, 22, 11, 20, 14, 1, 1, 12, 1, 1] => QQFieldElem[0, 0, 1, -1],
	[10, 22, 11, 20, 22, 1, 1, 20, 1, 1] => QQFieldElem[0, -2//5, -1//5, -2//5],
	[10, 22, 11, 20, 21, 1, 1, 20, 1, 1] => QQFieldElem[1//5, 2//5, 3//5, -1//5],
	[10, 22, 11, 20, 15, 1, 1, 17, 1, 1] => QQFieldElem[-1, -1, 0, -1],
	[10, 22, 11, 20, 14, 1, 1, 20, 1, 1] => QQFieldElem[0, 0, 0, -1],
	[10, 22, 11, 20, 22, 1, 1, 17, 1, 1] => QQFieldElem[-1//5, -2//5, 2//5, 1//5])