Dict(
	[10, 17, 21, 18, 9, 1, 1, 14, 1, 1] => QQFieldElem[172//11, -68//11, 140//11, 36//11],
	[10, 17, 21, 18, 9, 1, 1, 22, 1, 2] => QQFieldElem[4, 2, 2, 6],
	[10, 17, 21, 18, 9, 1, 1, 13, 1, 1] => QQFieldElem[240//11, 68//11, 104//11, 208//11],
	[10, 17, 21, 18, 21, 1, 2, 22, 1, 1] => QQFieldElem[3, 1, 1, 2],
	[10, 17, 21, 18, 21, 1, 1, 22, 1, 1] => QQFieldElem[2, -1, 1, 0],
	[10, 17, 21, 18, 15, 1, 1, 10, 1, 1] => QQFieldElem[8, 4, 2, 8],
	[10, 17, 21, 18, 16, 1, 1, 22, 1, 1] => QQFieldElem[-6, -6, 0, -10],
	[10, 17, 21, 18, 21, 1, 2, 10, 1, 1] => QQFieldElem[-10, -10, 0, -16],
	[10, 17, 21, 18, 21, 1, 1, 10, 1, 1] => QQFieldElem[-18, 0, -11, -11],
	[10, 17, 21, 18, 16, 1, 1, 10, 1, 1] => QQFieldElem[2, 6, -2, 6],
	[10, 17, 21, 18, 9, 1, 1, 22, 1, 1] => QQFieldElem[-8, -8, 0, -16],
	[10, 17, 21, 18, 15, 1, 1, 14, 1, 1] => QQFieldElem[-26//11, 42//11, -36//11, 25//11],
	[10, 17, 21, 18, 15, 1, 1, 22, 1, 2] => QQFieldElem[-12, 0, -7, -7],
	[10, 17, 21, 18, 15, 1, 1, 13, 1, 1] => QQFieldElem[-6, 0, -4, -4],
	[10, 17, 21, 18, 9, 1, 1, 10, 1, 1] => QQFieldElem[-16, -16, 0, -28],
	[10, 17, 21, 18, 21, 1, 2, 14, 1, 1] => QQFieldElem[112//11, -43//11, 95//11, 26//11],
	[10, 17, 21, 18, 21, 1, 1, 14, 1, 1] => QQFieldElem[-155//22, -215//22, 35//22, -155//11],
	[10, 17, 21, 18, 21, 1, 2, 22, 1, 2] => QQFieldElem[-4, 0, -3, -3],
	[10, 17, 21, 18, 16, 1, 1, 14, 1, 1] => QQFieldElem[-6, 0, -4, -4],
	[10, 17, 21, 18, 21, 1, 2, 13, 1, 1] => QQFieldElem[155//11, 43//11, 69//11, 138//11],
	[10, 17, 21, 18, 21, 1, 1, 22, 1, 2] => QQFieldElem[0, 7//2, -2, 7//2],
	[10, 17, 21, 18, 21, 1, 1, 13, 1, 1] => QQFieldElem[155//22, -155//22, 95//11, -30//11],
	[10, 17, 21, 18, 16, 1, 1, 22, 1, 2] => QQFieldElem[-8, 0, -4, -4],
	[10, 17, 21, 18, 16, 1, 1, 13, 1, 1] => QQFieldElem[-68//11, -42//11, -17//11, -78//11],
	[10, 17, 21, 18, 15, 1, 1, 22, 1, 1] => QQFieldElem[0, 2, -2, 4])