Dict(
	[11, 21, 10, 19, 18, 1, 1, 13, 1, 1] => QQFieldElem[2, 2, 0, 3],
	[11, 21, 10, 19, 12, 1, 1, 22, 1, 1] => QQFieldElem[-1//2, -1//2, 0, -1],
	[11, 21, 10, 19, 20, 1, 1, 22, 1, 1] => QQFieldElem[1//2, 1, 0, 1],
	[11, 21, 10, 19, 12, 1, 1, 16, 1, 1] => QQFieldElem[0, 0, 1//2, 0],
	[11, 21, 10, 19, 20, 1, 1, 16, 1, 1] => QQFieldElem[0, 1//2, -1//2, 0],
	[11, 21, 10, 19, 19, 1, 1, 13, 1, 1] => QQFieldElem[-1, -2, 1, -3],
	[11, 21, 10, 19, 18, 1, 1, 21, 1, 1] => QQFieldElem[-1//5, -2//5, 2//5, -4//5],
	[11, 21, 10, 19, 18, 1, 1, 22, 1, 1] => QQFieldElem[1//2, 1//2, 0, 1],
	[11, 21, 10, 19, 19, 1, 1, 21, 1, 1] => QQFieldElem[0, 1, -1, 1],
	[11, 21, 10, 19, 18, 1, 1, 16, 1, 1] => QQFieldElem[0, 0, -1//2, 0],
	[11, 21, 10, 19, 19, 1, 1, 22, 1, 1] => QQFieldElem[-1//2, -1, 0, -1],
	[11, 21, 10, 19, 19, 1, 1, 16, 1, 1] => QQFieldElem[0, -1//2, 1//2, 0],
	[11, 21, 10, 19, 20, 1, 1, 13, 1, 1] => QQFieldElem[-1, -2, 1, -3],
	[11, 21, 10, 19, 12, 1, 1, 13, 1, 1] => QQFieldElem[2, 2, 0, 3],
	[11, 21, 10, 19, 20, 1, 1, 21, 1, 1] => QQFieldElem[0, 1, -1, 1],
	[11, 21, 10, 19, 12, 1, 1, 21, 1, 1] => QQFieldElem[-1//5, -2//5, 2//5, -4//5])