Dict(
	[11, 21, 17, 9, 22, 1, 2, 15, 1, 1] => QQFieldElem[-13, 0, -8, -8],
	[11, 21, 17, 9, 22, 1, 1, 15, 1, 1] => QQFieldElem[7, 3, 3, 7],
	[11, 21, 17, 9, 21, 1, 2, 15, 1, 1] => QQFieldElem[4, -3, 4, 0],
	[11, 21, 17, 9, 22, 1, 2, 21, 1, 1] => QQFieldElem[-7, 0, -4, -4],
	[11, 21, 17, 9, 21, 1, 1, 15, 1, 1] => QQFieldElem[-28, 0, -18, -18],
	[11, 21, 17, 9, 22, 1, 1, 21, 1, 1] => QQFieldElem[3, 1, 1, 3],
	[11, 21, 17, 9, 22, 1, 2, 9, 1, 1] => QQFieldElem[-72, -72, 0, -116],
	[11, 21, 17, 9, 22, 1, 1, 9, 1, 1] => QQFieldElem[0, 36, -22, 36],
	[11, 21, 17, 9, 22, 1, 2, 16, 1, 1] => QQFieldElem[0, 0, 0, 0],
	[11, 21, 17, 9, 21, 1, 2, 21, 1, 1] => QQFieldElem[2, -1, 2, 0],
	[11, 21, 17, 9, 21, 1, 1, 21, 1, 1] => QQFieldElem[-8, 0, -6, -6],
	[11, 21, 17, 9, 22, 1, 1, 16, 1, 1] => QQFieldElem[-4, 0, -2, -4],
	[11, 21, 17, 9, 21, 1, 2, 9, 1, 1] => QQFieldElem[58, 22, 22, 58],
	[11, 21, 17, 9, 21, 1, 1, 9, 1, 1] => QQFieldElem[-144, -144, 0, -232],
	[11, 21, 17, 9, 21, 1, 2, 16, 1, 1] => QQFieldElem[2, -2, 2, -2],
	[11, 21, 17, 9, 21, 1, 1, 16, 1, 1] => QQFieldElem[0, 0, 0, 0])