Dict(
	[12, 11, 17, 19, 18, 1, 1, 20, 1, 1] => QQFieldElem[0, 0, 0, 0],
	[12, 11, 17, 19, 17, 1, 1, 5, 1, 1] => QQFieldElem[1//5, 2//5, -2//5, -1//5],
	[12, 11, 17, 19, 17, 1, 1, 20, 1, 2] => QQFieldElem[-4//5, -6//5, -6//5, -4//5],
	[12, 11, 17, 19, 19, 1, 1, 20, 1, 1] => QQFieldElem[0, 0, -1, 0],
	[12, 11, 17, 19, 11, 1, 1, 20, 1, 1] => QQFieldElem[-8//5, 4//5, -4//5, 8//5],
	[12, 11, 17, 19, 17, 1, 1, 3, 1, 1] => QQFieldElem[-4, -8, 2, -10],
	[12, 11, 17, 19, 17, 1, 1, 19, 1, 1] => QQFieldElem[1//5, 2//5, -2//5, -1//5],
	[12, 11, 17, 19, 20, 1, 1, 5, 1, 1] => QQFieldElem[1//5, -3//5, -2//5, -1//5],
	[12, 11, 17, 19, 20, 1, 1, 20, 1, 2] => QQFieldElem[1, 1, 1, 0],
	[12, 11, 17, 19, 20, 1, 1, 3, 1, 1] => QQFieldElem[0, 0, 0, 0],
	[12, 11, 17, 19, 20, 1, 1, 19, 1, 1] => QQFieldElem[1//5, -3//5, -2//5, -1//5],
	[12, 11, 17, 19, 17, 1, 1, 20, 1, 1] => QQFieldElem[0, 0, 0, 0],
	[12, 11, 17, 19, 18, 1, 1, 5, 1, 1] => QQFieldElem[3//10, 7//10, 7//10, 3//10],
	[12, 11, 17, 19, 18, 1, 1, 20, 1, 2] => QQFieldElem[0, 0, -1, 0],
	[12, 11, 17, 19, 20, 1, 1, 20, 1, 1] => QQFieldElem[0, 0, 0, 0],
	[12, 11, 17, 19, 18, 1, 1, 3, 1, 1] => QQFieldElem[0, 0, 0, 0],
	[12, 11, 17, 19, 11, 1, 1, 5, 1, 1] => QQFieldElem[1//5, 2//5, -2//5, -1//5],
	[12, 11, 17, 19, 11, 1, 1, 20, 1, 2] => QQFieldElem[8//5, -4//5, 4//5, -8//5],
	[12, 11, 17, 19, 18, 1, 1, 19, 1, 1] => QQFieldElem[-3//10, -7//10, -7//10, -3//10],
	[12, 11, 17, 19, 19, 1, 1, 20, 1, 2] => QQFieldElem[0, 0, 0, 0],
	[12, 11, 17, 19, 19, 1, 1, 3, 1, 1] => QQFieldElem[-1, 0, -1, -1],
	[12, 11, 17, 19, 11, 1, 1, 3, 1, 1] => QQFieldElem[4, 8, -2, 10],
	[12, 11, 17, 19, 19, 1, 1, 19, 1, 1] => QQFieldElem[0, 0, 0, 0],
	[12, 11, 17, 19, 11, 1, 1, 19, 1, 1] => QQFieldElem[1//5, 2//5, -2//5, -1//5],
	[12, 11, 17, 19, 19, 1, 1, 5, 1, 1] => QQFieldElem[0, 0, 0, 0])