Dict(
	[12, 13, 21, 19, 18, 1, 1, 15, 1, 1] => QQFieldElem[-1//4, -1//2, 1//4, -3//4],
	[12, 13, 21, 19, 17, 1, 1, 15, 1, 2] => QQFieldElem[-1//2, -1//2, 0, -1//2],
	[12, 13, 21, 19, 19, 1, 1, 21, 1, 1] => QQFieldElem[3, 3, 1, 3],
	[12, 13, 21, 19, 11, 1, 1, 21, 1, 1] => QQFieldElem[5//22, 3//11, -3//44, 4//11],
	[12, 13, 21, 19, 19, 1, 1, 22, 1, 1] => QQFieldElem[0, -1//4, -1//4, 1//2],
	[12, 13, 21, 19, 11, 1, 1, 22, 1, 1] => QQFieldElem[-1//2, -1//2, -1//2, 0],
	[12, 13, 21, 19, 20, 1, 1, 21, 1, 2] => QQFieldElem[-3, -2, 0, -4],
	[12, 13, 21, 19, 8, 1, 1, 21, 1, 1] => QQFieldElem[-1//4, -1//2, -1//4, -1//4],
	[12, 13, 21, 19, 19, 1, 1, 14, 1, 2] => QQFieldElem[0, 0, 0, 0],
	[12, 13, 21, 19, 11, 1, 1, 14, 1, 2] => QQFieldElem[-1, -1, 0, -2],
	[12, 13, 21, 19, 20, 1, 1, 22, 1, 2] => QQFieldElem[1//2, 1//2, 1//4, 0],
	[12, 13, 21, 19, 8, 1, 1, 22, 1, 1] => QQFieldElem[1//2, -1//2, -1//2, -1//2],
	[12, 13, 21, 19, 4, 1, 1, 15, 1, 2] => QQFieldElem[0, 0, 0, 0],
	[12, 13, 21, 19, 20, 1, 2, 15, 1, 1] => QQFieldElem[0, 1//2, 0, 1//2],
	[12, 13, 21, 19, 8, 1, 1, 14, 1, 2] => QQFieldElem[2, 1, 0, 1],
	[12, 13, 21, 19, 17, 1, 1, 21, 1, 1] => QQFieldElem[-5//22, -3//11, 3//44, -4//11],
	[12, 13, 21, 19, 17, 1, 1, 22, 1, 1] => QQFieldElem[1//2, 1//2, 1//2, 0],
	[12, 13, 21, 19, 18, 1, 1, 14, 1, 1] => QQFieldElem[1, 1//4, 1//2, 3//4],
	[12, 13, 21, 19, 17, 1, 1, 14, 1, 2] => QQFieldElem[1, 1, 0, 2],
	[12, 13, 21, 19, 19, 1, 1, 15, 1, 1] => QQFieldElem[5//4, 1//2, 3//4, 5//4],
	[12, 13, 21, 19, 11, 1, 1, 15, 1, 1] => QQFieldElem[-3//4, 1//4, -3//4, 0],
	[12, 13, 21, 19, 4, 1, 1, 21, 1, 1] => QQFieldElem[-9//44, -1//22, -5//44, 1//44],
	[12, 13, 21, 19, 4, 1, 1, 22, 1, 1] => QQFieldElem[-1//2, -1//2, -1//2, -1//2],
	[12, 13, 21, 19, 20, 1, 1, 15, 1, 2] => QQFieldElem[1//2, 0, 1//4, 1//2],
	[12, 13, 21, 19, 8, 1, 1, 15, 1, 1] => QQFieldElem[1//2, 0, 3//4, 0],
	[12, 13, 21, 19, 4, 1, 1, 14, 1, 2] => QQFieldElem[0, -1, 0, -1],
	[12, 13, 21, 19, 20, 1, 2, 14, 1, 1] => QQFieldElem[1//2, 1//2, 0, 1//2],
	[12, 13, 21, 19, 17, 1, 1, 15, 1, 1] => QQFieldElem[-3//4, 1//4, -3//4, 0],
	[12, 13, 21, 19, 18, 1, 1, 21, 1, 2] => QQFieldElem[-4//5, 2//5, -2//5, -6//5],
	[12, 13, 21, 19, 20, 1, 1, 21, 1, 1] => QQFieldElem[-3, -2, 0, -4],
	[12, 13, 21, 19, 18, 1, 1, 22, 1, 2] => QQFieldElem[1//2, 0, 1//2, 0],
	[12, 13, 21, 19, 19, 1, 1, 14, 1, 1] => QQFieldElem[1//2, -3//4, 1//2, -1//4],
	[12, 13, 21, 19, 20, 1, 1, 22, 1, 1] => QQFieldElem[-1//2, -1//2, -1//4, 0],
	[12, 13, 21, 19, 11, 1, 1, 14, 1, 1] => QQFieldElem[3//2, -1, 3//2, 1//2],
	[12, 13, 21, 19, 4, 1, 1, 15, 1, 1] => QQFieldElem[1//2, 0, 1//4, 1//2],
	[12, 13, 21, 19, 20, 1, 1, 14, 1, 2] => QQFieldElem[-3//4, 1//4, -3//4, 0],
	[12, 13, 21, 19, 8, 1, 1, 14, 1, 1] => QQFieldElem[-2, 1//2, -5//2, -1],
	[12, 13, 21, 19, 17, 1, 1, 14, 1, 1] => QQFieldElem[3//2, -1, 3//2, 1//2],
	[12, 13, 21, 19, 20, 1, 2, 21, 1, 2] => QQFieldElem[14//5, -2//5, 12//5, 6//5],
	[12, 13, 21, 19, 20, 1, 2, 22, 1, 2] => QQFieldElem[1//2, 1//2, 0, 0],
	[12, 13, 21, 19, 18, 1, 1, 15, 1, 2] => QQFieldElem[1//2, -1//2, 1//2, 0],
	[12, 13, 21, 19, 20, 1, 1, 15, 1, 1] => QQFieldElem[-1//2, 0, -1//4, -1//2],
	[12, 13, 21, 19, 4, 1, 1, 14, 1, 1] => QQFieldElem[-2, -1//2, -1//2, -2],
	[12, 13, 21, 19, 19, 1, 1, 21, 1, 2] => QQFieldElem[8//5, 6//5, 14//5, 2//5],
	[12, 13, 21, 19, 11, 1, 1, 21, 1, 2] => QQFieldElem[5//11, 1//22, 4//11, 5//22],
	[12, 13, 21, 19, 19, 1, 1, 22, 1, 2] => QQFieldElem[-1//2, -1, -1//2, -1],
	[12, 13, 21, 19, 11, 1, 1, 22, 1, 2] => QQFieldElem[4//5, 3//5, 2//5, 1//5],
	[12, 13, 21, 19, 8, 1, 1, 21, 1, 2] => QQFieldElem[-1//2, -1//2, -1//2, 0],
	[12, 13, 21, 19, 8, 1, 1, 22, 1, 2] => QQFieldElem[-1//5, 3//5, -3//5, -4//5],
	[12, 13, 21, 19, 18, 1, 1, 21, 1, 1] => QQFieldElem[-1, 1, -1, 1],
	[12, 13, 21, 19, 17, 1, 1, 21, 1, 2] => QQFieldElem[5//11, 1//22, 4//11, 5//22],
	[12, 13, 21, 19, 20, 1, 2, 15, 1, 2] => QQFieldElem[0, 1//2, 0, 1//2],
	[12, 13, 21, 19, 18, 1, 1, 22, 1, 1] => QQFieldElem[0, -1//4, 1//4, 0],
	[12, 13, 21, 19, 17, 1, 1, 22, 1, 2] => QQFieldElem[4//5, 3//5, 2//5, 1//5],
	[12, 13, 21, 19, 18, 1, 1, 14, 1, 2] => QQFieldElem[0, 0, 0, 0],
	[12, 13, 21, 19, 20, 1, 1, 14, 1, 1] => QQFieldElem[-3//4, 1//4, -3//4, 0],
	[12, 13, 21, 19, 19, 1, 1, 15, 1, 2] => QQFieldElem[-1//2, -1//2, 1//2, -1],
	[12, 13, 21, 19, 11, 1, 1, 15, 1, 2] => QQFieldElem[1//2, 1//2, 0, 1//2],
	[12, 13, 21, 19, 4, 1, 1, 21, 1, 2] => QQFieldElem[-1//22, 1//22, -3//22, -3//11],
	[12, 13, 21, 19, 20, 1, 2, 21, 1, 1] => QQFieldElem[-14//5, 2//5, -12//5, -6//5],
	[12, 13, 21, 19, 4, 1, 1, 22, 1, 2] => QQFieldElem[-3//5, -1//5, 1//5, -2//5],
	[12, 13, 21, 19, 20, 1, 2, 22, 1, 1] => QQFieldElem[1//2, 1//2, 0, 0],
	[12, 13, 21, 19, 8, 1, 1, 15, 1, 2] => QQFieldElem[0, 0, 0, 0],
	[12, 13, 21, 19, 20, 1, 2, 14, 1, 2] => QQFieldElem[-1//2, -1//2, 0, -1//2])