Dict(
	[12, 9, 17, 22, 15, 1, 1, 21, 1, 1] => QQFieldElem[0, -1//40, 1//20, -1//40],
	[12, 9, 17, 22, 15, 1, 1, 22, 1, 1] => QQFieldElem[0, -1//32, -3//32, -1//32],
	[12, 9, 17, 22, 9, 1, 1, 21, 1, 2] => QQFieldElem[0, 0, 0, 0],
	[12, 9, 17, 22, 9, 1, 1, 22, 1, 2] => QQFieldElem[0, 0, -1//16, 1//16],
	[12, 9, 17, 22, 21, 1, 1, 21, 1, 1] => QQFieldElem[-1//32, -3//32, -1//32, 0],
	[12, 9, 17, 22, 16, 1, 1, 21, 1, 1] => QQFieldElem[-1//32, 1//32, -1//32, 0],
	[12, 9, 17, 22, 21, 1, 1, 22, 1, 1] => QQFieldElem[7//160, 1//20, 1//20, 7//160],
	[12, 9, 17, 22, 16, 1, 1, 22, 1, 1] => QQFieldElem[-1//32, 0, 0, -1//32],
	[12, 9, 17, 22, 9, 1, 1, 21, 1, 1] => QQFieldElem[0, 1//8, 0, 1//8],
	[12, 9, 17, 22, 9, 1, 1, 22, 1, 1] => QQFieldElem[0, -1//32, 1//32, -1//32],
	[12, 9, 17, 22, 15, 1, 1, 21, 1, 2] => QQFieldElem[1//2, 0, 1//2, 1//2],
	[12, 9, 17, 22, 15, 1, 1, 22, 1, 2] => QQFieldElem[-1//4, 0, -3//16, -3//16],
	[12, 9, 17, 22, 21, 1, 1, 21, 1, 2] => QQFieldElem[1//4, 1//16, 1//16, 1//4],
	[12, 9, 17, 22, 16, 1, 1, 21, 1, 2] => QQFieldElem[0, 1//16, -1//16, 0],
	[12, 9, 17, 22, 21, 1, 1, 22, 1, 2] => QQFieldElem[0, 1//8, -1//8, 1//8],
	[12, 9, 17, 22, 16, 1, 1, 22, 1, 2] => QQFieldElem[0, 0, 0, 0])