Dict(
	[12, 20, 19, 17, 20, 1, 1, 19, 1, 1] => QQFieldElem[-1//4, -1//4, -1//4, -1//2],
	[12, 20, 19, 17, 12, 1, 1, 19, 1, 1] => QQFieldElem[2//5, -6//5, 6//5, -2//5],
	[12, 20, 19, 17, 19, 1, 2, 11, 1, 1] => QQFieldElem[0, 0, 0, 0],
	[12, 20, 19, 17, 18, 1, 2, 20, 1, 2] => QQFieldElem[1//5, -3//5, 3//5, -1//5],
	[12, 20, 19, 17, 19, 1, 1, 7, 1, 1] => QQFieldElem[-1, -1//2, 0, -1],
	[12, 20, 19, 17, 20, 1, 2, 20, 1, 1] => QQFieldElem[0, 0, 0, 0],
	[12, 20, 19, 17, 19, 1, 2, 5, 1, 1] => QQFieldElem[0, 0, 0, 0],
	[12, 20, 19, 17, 18, 1, 1, 3, 1, 1] => QQFieldElem[-12//5, -4//5, -16//5, -8//5],
	[12, 20, 19, 17, 19, 1, 2, 19, 1, 1] => QQFieldElem[1, 0, 0, 1],
	[12, 20, 19, 17, 20, 1, 1, 18, 1, 1] => QQFieldElem[1//16, 1//16, 1//16, 1//8],
	[12, 20, 19, 17, 17, 1, 2, 11, 1, 1] => QQFieldElem[-6//5, 2//5, -6//5, 0],
	[12, 20, 19, 17, 12, 1, 1, 18, 1, 1] => QQFieldElem[-1//10, 3//10, -3//10, 1//10],
	[12, 20, 19, 17, 20, 1, 1, 17, 1, 1] => QQFieldElem[0, 1//8, -1//8, 0],
	[12, 20, 19, 17, 12, 1, 1, 17, 1, 1] => QQFieldElem[-18//5, -6//5, -9//5, -17//5],
	[12, 20, 19, 17, 17, 1, 1, 7, 1, 1] => QQFieldElem[0, 0, 1, -1],
	[12, 20, 19, 17, 17, 1, 2, 5, 1, 1] => QQFieldElem[-6//5, -2//5, 2//5, -4//5],
	[12, 20, 19, 17, 19, 1, 1, 20, 1, 1] => QQFieldElem[-13//5, -1//5, -9//5, -7//5],
	[12, 20, 19, 17, 17, 1, 2, 19, 1, 1] => QQFieldElem[-2//5, 6//5, -6//5, 2//5],
	[12, 20, 19, 17, 19, 1, 2, 18, 1, 1] => QQFieldElem[0, 0, 0, 0],
	[12, 20, 19, 17, 20, 1, 1, 20, 1, 2] => QQFieldElem[0, 0, 1//4, -1//4],
	[12, 20, 19, 17, 12, 1, 1, 20, 1, 2] => QQFieldElem[-4//5, -3//5, -2//5, -6//5],
	[12, 20, 19, 17, 20, 1, 2, 3, 1, 1] => QQFieldElem[0, 0, 0, 0],
	[12, 20, 19, 17, 19, 1, 2, 17, 1, 1] => QQFieldElem[0, 1//2, 0, 1//2],
	[12, 20, 19, 17, 18, 1, 1, 11, 1, 1] => QQFieldElem[14//5, 0, 8//5, 8//5],
	[12, 20, 19, 17, 17, 1, 1, 20, 1, 1] => QQFieldElem[-1//5, -2//5, 2//5, -4//5],
	[12, 20, 19, 17, 18, 1, 2, 7, 1, 1] => QQFieldElem[0, 1//2, 0, 0],
	[12, 20, 19, 17, 18, 1, 1, 5, 1, 1] => QQFieldElem[2//5, 4//5, -4//5, 8//5],
	[12, 20, 19, 17, 17, 1, 2, 18, 1, 1] => QQFieldElem[1//10, -3//10, 3//10, -1//10],
	[12, 20, 19, 17, 19, 1, 2, 20, 1, 2] => QQFieldElem[0, 0, 0, 0],
	[12, 20, 19, 17, 18, 1, 1, 19, 1, 1] => QQFieldElem[14//5, -2//5, 12//5, 6//5],
	[12, 20, 19, 17, 17, 1, 2, 17, 1, 1] => QQFieldElem[8//5, 1//5, 4//5, 7//5],
	[12, 20, 19, 17, 19, 1, 1, 3, 1, 1] => QQFieldElem[0, 0, 0, 0],
	[12, 20, 19, 17, 18, 1, 2, 20, 1, 1] => QQFieldElem[0, 0, 0, 0],
	[12, 20, 19, 17, 20, 1, 2, 11, 1, 1] => QQFieldElem[0, 0, 0, 0],
	[12, 20, 19, 17, 17, 1, 2, 20, 1, 2] => QQFieldElem[0, 0, 0, 0],
	[12, 20, 19, 17, 17, 1, 1, 3, 1, 1] => QQFieldElem[8//5, -4//5, 4//5, -8//5],
	[12, 20, 19, 17, 20, 1, 1, 7, 1, 1] => QQFieldElem[1//4, 3//8, 3//8, 1//4],
	[12, 20, 19, 17, 12, 1, 1, 7, 1, 1] => QQFieldElem[0, 2, -1, 1],
	[12, 20, 19, 17, 18, 1, 1, 18, 1, 1] => QQFieldElem[-7//10, 1//10, -3//5, -3//10],
	[12, 20, 19, 17, 20, 1, 2, 5, 1, 1] => QQFieldElem[0, 0, 0, 0],
	[12, 20, 19, 17, 18, 1, 1, 17, 1, 1] => QQFieldElem[-11//5, -7//5, -3//5, -14//5],
	[12, 20, 19, 17, 20, 1, 2, 19, 1, 1] => QQFieldElem[0, 0, 0, 0],
	[12, 20, 19, 17, 19, 1, 1, 11, 1, 1] => QQFieldElem[-3//5, -3//5, 0, -4//5],
	[12, 20, 19, 17, 19, 1, 2, 7, 1, 1] => QQFieldElem[0, 1//2, 0, -1//2],
	[12, 20, 19, 17, 18, 1, 1, 20, 1, 2] => QQFieldElem[0, -1//4, 0, 0],
	[12, 20, 19, 17, 18, 1, 2, 3, 1, 1] => QQFieldElem[0, 0, 0, 0],
	[12, 20, 19, 17, 20, 1, 1, 20, 1, 1] => QQFieldElem[0, 0, 0, 0],
	[12, 20, 19, 17, 19, 1, 1, 5, 1, 1] => QQFieldElem[-3//5, -1//5, -4//5, -2//5],
	[12, 20, 19, 17, 12, 1, 1, 20, 1, 1] => QQFieldElem[2//5, 9//5, -4//5, 8//5],
	[12, 20, 19, 17, 19, 1, 1, 19, 1, 1] => QQFieldElem[1//5, 2//5, -2//5, 4//5],
	[12, 20, 19, 17, 20, 1, 2, 18, 1, 1] => QQFieldElem[0, 0, 0, 0],
	[12, 20, 19, 17, 17, 1, 1, 11, 1, 1] => QQFieldElem[-8//5, 6//5, -8//5, 0],
	[12, 20, 19, 17, 20, 1, 2, 17, 1, 1] => QQFieldElem[1//4, 1//4, 0, 1//4],
	[12, 20, 19, 17, 17, 1, 2, 7, 1, 1] => QQFieldElem[0, -1, 0, -1],
	[12, 20, 19, 17, 17, 1, 1, 5, 1, 1] => QQFieldElem[-8//5, -6//5, -4//5, -12//5],
	[12, 20, 19, 17, 19, 1, 2, 20, 1, 1] => QQFieldElem[-4//5, 2//5, -2//5, -1//5],
	[12, 20, 19, 17, 17, 1, 1, 19, 1, 1] => QQFieldElem[-2//5, 6//5, -6//5, 2//5],
	[12, 20, 19, 17, 20, 1, 2, 20, 1, 2] => QQFieldElem[1//4, 1//4, 1//4, 1//4],
	[12, 20, 19, 17, 19, 1, 1, 18, 1, 1] => QQFieldElem[0, 0, 0, 0],
	[12, 20, 19, 17, 20, 1, 1, 3, 1, 1] => QQFieldElem[0, 1//2, 1, 1],
	[12, 20, 19, 17, 12, 1, 1, 3, 1, 1] => QQFieldElem[-8//5, 4//5, -4//5, 8//5],
	[12, 20, 19, 17, 19, 1, 1, 17, 1, 1] => QQFieldElem[-1, 1//2, -1, 0],
	[12, 20, 19, 17, 18, 1, 2, 11, 1, 1] => QQFieldElem[-3//5, -3//5, 0, -4//5],
	[12, 20, 19, 17, 17, 1, 2, 20, 1, 1] => QQFieldElem[-1//5, 3//5, -3//5, 1//5],
	[12, 20, 19, 17, 18, 1, 1, 7, 1, 1] => QQFieldElem[-1, 1, -1, 0],
	[12, 20, 19, 17, 18, 1, 2, 5, 1, 1] => QQFieldElem[-3//5, -1//5, -4//5, -2//5],
	[12, 20, 19, 17, 17, 1, 1, 18, 1, 1] => QQFieldElem[1//10, -3//10, 3//10, -1//10],
	[12, 20, 19, 17, 18, 1, 2, 19, 1, 1] => QQFieldElem[-1//5, -2//5, 2//5, -4//5],
	[12, 20, 19, 17, 19, 1, 1, 20, 1, 2] => QQFieldElem[6//5, 2//5, 3//5, 4//5],
	[12, 20, 19, 17, 19, 1, 2, 3, 1, 1] => QQFieldElem[0, 0, 0, 0],
	[12, 20, 19, 17, 17, 1, 1, 17, 1, 1] => QQFieldElem[2, 0, 1, 1],
	[12, 20, 19, 17, 18, 1, 1, 20, 1, 1] => QQFieldElem[0, 0, 0, 0],
	[12, 20, 19, 17, 20, 1, 1, 11, 1, 1] => QQFieldElem[-1//4, -1//4, 0, -1//2],
	[12, 20, 19, 17, 12, 1, 1, 11, 1, 1] => QQFieldElem[8//5, -6//5, 8//5, 0],
	[12, 20, 19, 17, 17, 1, 1, 20, 1, 2] => QQFieldElem[0, 0, 0, 0],
	[12, 20, 19, 17, 17, 1, 2, 3, 1, 1] => QQFieldElem[8//5, -4//5, 4//5, -8//5],
	[12, 20, 19, 17, 20, 1, 2, 7, 1, 1] => QQFieldElem[1//4, 1//4, 1//2, 1//4],
	[12, 20, 19, 17, 18, 1, 2, 18, 1, 1] => QQFieldElem[0, 0, 0, 0],
	[12, 20, 19, 17, 20, 1, 1, 5, 1, 1] => QQFieldElem[1//4, -1//4, 0, 0],
	[12, 20, 19, 17, 12, 1, 1, 5, 1, 1] => QQFieldElem[8//5, 6//5, 4//5, 12//5],
	[12, 20, 19, 17, 18, 1, 2, 17, 1, 1] => QQFieldElem[2//5, 3//10, 1//5, 3//5])