Dict(
	[12, 17, 19, 12, 18, 1, 1, 17, 1, 1] => QQFieldElem[4, 0, 2, 2],
	[12, 17, 19, 12, 7, 1, 1, 18, 1, 1] => QQFieldElem[2, 2, 0, 4],
	[12, 17, 19, 12, 12, 1, 1, 19, 1, 1] => QQFieldElem[1, 2, 1, 0],
	[12, 17, 19, 12, 7, 1, 1, 17, 1, 1] => QQFieldElem[-2, -1, -1, -2],
	[12, 17, 19, 12, 17, 1, 1, 20, 1, 1] => QQFieldElem[1, 0, -1, 0],
	[12, 17, 19, 12, 17, 1, 1, 18, 1, 1] => QQFieldElem[0, 0, 0, 0],
	[12, 17, 19, 12, 12, 1, 1, 20, 1, 1] => QQFieldElem[1, 0, -1, 0],
	[12, 17, 19, 12, 18, 1, 1, 19, 1, 1] => QQFieldElem[0, 0, 0, 0],
	[12, 17, 19, 12, 17, 1, 1, 17, 1, 1] => QQFieldElem[0, 0, 0, 0],
	[12, 17, 19, 12, 12, 1, 1, 18, 1, 1] => QQFieldElem[2, -2, 0, 0],
	[12, 17, 19, 12, 7, 1, 1, 19, 1, 1] => QQFieldElem[1//5, 2//5, 3//5, 4//5],
	[12, 17, 19, 12, 12, 1, 1, 17, 1, 1] => QQFieldElem[0, 1, -1, 0],
	[12, 17, 19, 12, 18, 1, 1, 20, 1, 1] => QQFieldElem[0, 0, 0, 0],
	[12, 17, 19, 12, 7, 1, 1, 20, 1, 1] => QQFieldElem[1, 0, 1, 0],
	[12, 17, 19, 12, 17, 1, 1, 19, 1, 1] => QQFieldElem[-1, -2, -1, 0],
	[12, 17, 19, 12, 18, 1, 1, 18, 1, 1] => QQFieldElem[-4, 0, 0, -4])