Dict(
	[12, 18, 17, 18, 19, 1, 1, 20, 1, 1] => QQFieldElem[-1, 0, -1, -1],
	[12, 18, 17, 18, 18, 1, 1, 18, 1, 1] => QQFieldElem[2, 0, 1, 1],
	[12, 18, 17, 18, 19, 1, 1, 18, 1, 1] => QQFieldElem[-3//5, -1//5, 1//5, -2//5],
	[12, 18, 17, 18, 20, 1, 1, 19, 1, 1] => QQFieldElem[-1, 0, -1, -1],
	[12, 18, 17, 18, 12, 1, 1, 19, 1, 1] => QQFieldElem[1, 0, -1, 0],
	[12, 18, 17, 18, 12, 1, 1, 12, 1, 1] => QQFieldElem[-4, -4, 0, -8],
	[12, 18, 17, 18, 20, 1, 1, 12, 1, 1] => QQFieldElem[56//5, 12//5, 28//5, 44//5],
	[12, 18, 17, 18, 20, 1, 1, 20, 1, 1] => QQFieldElem[1, 1, 0, 2],
	[12, 18, 17, 18, 12, 1, 1, 20, 1, 1] => QQFieldElem[1, 0, 0, -1],
	[12, 18, 17, 18, 18, 1, 1, 19, 1, 1] => QQFieldElem[3, 2, 1, 4],
	[12, 18, 17, 18, 18, 1, 1, 12, 1, 1] => QQFieldElem[-12, -12, 0, -20],
	[12, 18, 17, 18, 19, 1, 1, 19, 1, 1] => QQFieldElem[0, -1, 1, -1],
	[12, 18, 17, 18, 19, 1, 1, 12, 1, 1] => QQFieldElem[-16//5, 28//5, -28//5, 16//5],
	[12, 18, 17, 18, 20, 1, 1, 18, 1, 1] => QQFieldElem[-2//5, 1//5, -1//5, 2//5],
	[12, 18, 17, 18, 12, 1, 1, 18, 1, 1] => QQFieldElem[1, 0, -1, -1],
	[12, 18, 17, 18, 18, 1, 1, 20, 1, 1] => QQFieldElem[1, -2, 2, -1])