Dict(
	[13, 19, 12, 21, 19, 1, 1, 10, 1, 1] => QQFieldElem[-1, 0, -1//2, -1//2],
	[13, 19, 12, 21, 20, 1, 1, 13, 1, 1] => QQFieldElem[3//2, 0, 1, 1],
	[13, 19, 12, 21, 11, 1, 1, 10, 1, 1] => QQFieldElem[-1, 0, -1//2, -1//2],
	[13, 19, 12, 21, 8, 1, 1, 10, 1, 1] => QQFieldElem[-2, -1, -1, -2],
	[13, 19, 12, 21, 20, 2, 1, 21, 1, 1] => QQFieldElem[0, 0, 0, 0],
	[13, 19, 12, 21, 17, 1, 1, 10, 1, 1] => QQFieldElem[1//2, 1//2, 0, 1],
	[13, 19, 12, 21, 20, 2, 1, 9, 1, 1] => QQFieldElem[1//2, -1//2, 1//2, -1//2],
	[13, 19, 12, 21, 20, 2, 1, 22, 1, 1] => QQFieldElem[-1, -1//2, -1//2, -1//2],
	[13, 19, 12, 21, 18, 1, 1, 15, 1, 1] => QQFieldElem[1//11, 1//22, 7//22, 2//11],
	[13, 19, 12, 21, 19, 1, 1, 21, 1, 1] => QQFieldElem[0, 0, 0, 0],
	[13, 19, 12, 21, 11, 1, 1, 21, 1, 1] => QQFieldElem[0, 0, 0, 0],
	[13, 19, 12, 21, 18, 1, 1, 16, 1, 1] => QQFieldElem[2//5, 3//10, 1//5, 3//5],
	[13, 19, 12, 21, 19, 1, 1, 9, 1, 1] => QQFieldElem[-1//2, 0, -1//2, -1//2],
	[13, 19, 12, 21, 11, 1, 1, 9, 1, 1] => QQFieldElem[-1//2, 0, -1//2, -1//2],
	[13, 19, 12, 21, 11, 1, 1, 22, 1, 1] => QQFieldElem[1//2, 1//2, 0, 1//2],
	[13, 19, 12, 21, 19, 1, 1, 22, 1, 1] => QQFieldElem[-1//2, -1//2, 0, -1//2],
	[13, 19, 12, 21, 4, 1, 1, 10, 1, 1] => QQFieldElem[2, -3, 3, -2],
	[13, 19, 12, 21, 8, 1, 1, 21, 1, 1] => QQFieldElem[-24//55, 12//55, -42//55, -16//55],
	[13, 19, 12, 21, 8, 1, 1, 9, 1, 1] => QQFieldElem[-1, 0, 0, -1],
	[13, 19, 12, 21, 8, 1, 1, 22, 1, 1] => QQFieldElem[1//11, 5//11, -1//11, 8//11],
	[13, 19, 12, 21, 17, 1, 1, 21, 1, 1] => QQFieldElem[18//55, -9//55, 4//55, 12//55],
	[13, 19, 12, 21, 17, 1, 1, 9, 1, 1] => QQFieldElem[1//2, 1//2, 0, 1],
	[13, 19, 12, 21, 17, 1, 1, 22, 1, 1] => QQFieldElem[2//11, -1//11, 7//22, -1//22],
	[13, 19, 12, 21, 20, 2, 1, 15, 1, 1] => QQFieldElem[-6//11, -3//11, -9//22, -13//22],
	[13, 19, 12, 21, 18, 1, 1, 14, 1, 1] => QQFieldElem[1, 1//2, 1//2, 1],
	[13, 19, 12, 21, 18, 1, 1, 13, 1, 1] => QQFieldElem[-1//2, 0, 0, -1//2],
	[13, 19, 12, 21, 20, 2, 1, 16, 1, 1] => QQFieldElem[0, 1//2, -1//2, 1//2],
	[13, 19, 12, 21, 20, 1, 1, 10, 1, 1] => QQFieldElem[3//2, 1//2, 1//2, 3//2],
	[13, 19, 12, 21, 19, 1, 1, 15, 1, 1] => QQFieldElem[-1//11, -1//22, 2//11, -2//11],
	[13, 19, 12, 21, 11, 1, 1, 15, 1, 1] => QQFieldElem[1//11, 1//22, -2//11, 2//11],
	[13, 19, 12, 21, 4, 1, 1, 21, 1, 1] => QQFieldElem[20//11, 12//11, 2//11, 28//11],
	[13, 19, 12, 21, 4, 1, 1, 9, 1, 1] => QQFieldElem[1, -2, 2, -1],
	[13, 19, 12, 21, 4, 1, 1, 22, 1, 1] => QQFieldElem[27//11, 3//11, 17//11, 18//11],
	[13, 19, 12, 21, 8, 1, 1, 15, 1, 1] => QQFieldElem[5//11, 8//11, 1//11, -1//11],
	[13, 19, 12, 21, 19, 1, 1, 16, 1, 1] => QQFieldElem[2//5, -1//5, 1//5, 1//10],
	[13, 19, 12, 21, 11, 1, 1, 16, 1, 1] => QQFieldElem[2//5, -1//5, 1//5, 1//10],
	[13, 19, 12, 21, 17, 1, 1, 15, 1, 1] => QQFieldElem[1//11, 1//22, 7//22, 2//11],
	[13, 19, 12, 21, 20, 2, 1, 14, 1, 1] => QQFieldElem[0, 0, 1//2, -1//2],
	[13, 19, 12, 21, 8, 1, 1, 16, 1, 1] => QQFieldElem[2//5, -1//5, 1//5, 3//5],
	[13, 19, 12, 21, 20, 2, 1, 13, 1, 1] => QQFieldElem[-1//2, -1, 0, -1],
	[13, 19, 12, 21, 17, 1, 1, 16, 1, 1] => QQFieldElem[-2//5, -3//10, -1//5, -3//5],
	[13, 19, 12, 21, 20, 1, 1, 21, 1, 1] => QQFieldElem[0, 0, 0, 0],
	[13, 19, 12, 21, 19, 1, 1, 14, 1, 1] => QQFieldElem[0, -1//2, 0, 0],
	[13, 19, 12, 21, 20, 1, 1, 22, 1, 1] => QQFieldElem[0, 1//2, -1//2, 1//2],
	[13, 19, 12, 21, 11, 1, 1, 14, 1, 1] => QQFieldElem[0, 1//2, 0, 0],
	[13, 19, 12, 21, 20, 1, 1, 9, 1, 1] => QQFieldElem[3//2, 1//2, 1//2, 3//2],
	[13, 19, 12, 21, 19, 1, 1, 13, 1, 1] => QQFieldElem[-1//2, 1//2, -1//2, 0],
	[13, 19, 12, 21, 11, 1, 1, 13, 1, 1] => QQFieldElem[-1//2, 1//2, -1//2, 0],
	[13, 19, 12, 21, 4, 1, 1, 15, 1, 1] => QQFieldElem[7//11, -2//11, -3//11, 3//11],
	[13, 19, 12, 21, 8, 1, 1, 14, 1, 1] => QQFieldElem[-1, 0, -1, -1],
	[13, 19, 12, 21, 8, 1, 1, 13, 1, 1] => QQFieldElem[-1, 0, -1, -1],
	[13, 19, 12, 21, 17, 1, 1, 14, 1, 1] => QQFieldElem[1, 1//2, 1//2, 1],
	[13, 19, 12, 21, 4, 1, 1, 16, 1, 1] => QQFieldElem[0, 1, -1, 1],
	[13, 19, 12, 21, 17, 1, 1, 13, 1, 1] => QQFieldElem[1//2, 0, 0, 1//2],
	[13, 19, 12, 21, 18, 1, 1, 10, 1, 1] => QQFieldElem[-1//2, -1//2, 0, -1],
	[13, 19, 12, 21, 20, 1, 1, 15, 1, 1] => QQFieldElem[-1//11, 5//11, -7//22, 7//22],
	[13, 19, 12, 21, 4, 1, 1, 14, 1, 1] => QQFieldElem[1, 2, -1, 3],
	[13, 19, 12, 21, 4, 1, 1, 13, 1, 1] => QQFieldElem[-1, -2, 1, -3],
	[13, 19, 12, 21, 20, 1, 1, 16, 1, 1] => QQFieldElem[-7//5, -3//10, -7//10, -11//10],
	[13, 19, 12, 21, 18, 1, 1, 21, 1, 1] => QQFieldElem[18//55, -9//55, 4//55, 12//55],
	[13, 19, 12, 21, 20, 2, 1, 10, 1, 1] => QQFieldElem[1//2, -1//2, 1//2, -1//2],
	[13, 19, 12, 21, 18, 1, 1, 9, 1, 1] => QQFieldElem[-1//2, -1//2, 0, -1],
	[13, 19, 12, 21, 18, 1, 1, 22, 1, 1] => QQFieldElem[2//11, -1//11, 7//22, -1//22],
	[13, 19, 12, 21, 20, 1, 1, 14, 1, 1] => QQFieldElem[-1, 0, -1//2, -1//2])