Dict(
	[13, 19, 18, 14, 20, 1, 1, 21, 1, 1] => QQFieldElem[-33//5, 14//5, -29//5, -7//5],
	[13, 19, 18, 14, 12, 1, 1, 21, 1, 1] => QQFieldElem[4//5, 3//5, 2//5, 6//5],
	[13, 19, 18, 14, 20, 1, 2, 9, 1, 1] => QQFieldElem[-1//2, -1//2, 0, -1//2],
	[13, 19, 18, 14, 20, 1, 2, 22, 1, 1] => QQFieldElem[1//2, -1//2, 1//2, 0],
	[13, 19, 18, 14, 19, 1, 1, 14, 1, 1] => QQFieldElem[-4, -2, -2, -4],
	[13, 19, 18, 14, 20, 1, 2, 16, 1, 1] => QQFieldElem[0, 0, 0, 0],
	[13, 19, 18, 14, 12, 1, 1, 22, 1, 1] => QQFieldElem[0, 1//2, 0, 1//2],
	[13, 19, 18, 14, 20, 1, 1, 16, 1, 1] => QQFieldElem[-58//5, -6//5, -34//5, -42//5],
	[13, 19, 18, 14, 12, 1, 1, 9, 1, 1] => QQFieldElem[1//2, 0, 0, 1//2],
	[13, 19, 18, 14, 20, 1, 1, 22, 1, 1] => QQFieldElem[11//2, 3//2, 5//2, 5],
	[13, 19, 18, 14, 12, 1, 1, 16, 1, 1] => QQFieldElem[0, 0, 0, 0],
	[13, 19, 18, 14, 11, 1, 1, 14, 1, 1] => QQFieldElem[-8, 8, -8, 0],
	[13, 19, 18, 14, 20, 1, 1, 9, 1, 1] => QQFieldElem[-3//2, 3//2, -2, 1//2],
	[13, 19, 18, 14, 19, 1, 1, 15, 1, 1] => QQFieldElem[-2, 0, -1, -1],
	[13, 19, 18, 14, 11, 1, 1, 15, 1, 1] => QQFieldElem[0, 4, 0, 4],
	[13, 19, 18, 14, 19, 1, 1, 21, 1, 1] => QQFieldElem[22//5, -6//5, 16//5, 8//5],
	[13, 19, 18, 14, 17, 1, 1, 14, 1, 1] => QQFieldElem[-4, -1, -2, -3],
	[13, 19, 18, 14, 11, 1, 1, 21, 1, 1] => QQFieldElem[-24//5, -48//5, 8//5, -56//5],
	[13, 19, 18, 14, 19, 1, 1, 9, 1, 1] => QQFieldElem[1, -1, 1, 0],
	[13, 19, 18, 14, 11, 1, 1, 9, 1, 1] => QQFieldElem[-4, -4, 0, -8],
	[13, 19, 18, 14, 11, 1, 1, 22, 1, 1] => QQFieldElem[-4, 4, -4, 0],
	[13, 19, 18, 14, 19, 1, 1, 16, 1, 1] => QQFieldElem[28//5, 6//5, 14//5, 22//5],
	[13, 19, 18, 14, 19, 1, 1, 22, 1, 1] => QQFieldElem[-3, -1, -1, -3],
	[13, 19, 18, 14, 11, 1, 1, 16, 1, 1] => QQFieldElem[32//5, -56//5, 56//5, -32//5],
	[13, 19, 18, 14, 20, 1, 2, 14, 1, 1] => QQFieldElem[1, 0, 1, 0],
	[13, 19, 18, 14, 20, 1, 1, 14, 1, 1] => QQFieldElem[7, 2, 3, 6],
	[13, 19, 18, 14, 12, 1, 1, 14, 1, 1] => QQFieldElem[0, 1, 0, 1],
	[13, 19, 18, 14, 17, 1, 1, 15, 1, 1] => QQFieldElem[-1, 1, 0, 0],
	[13, 19, 18, 14, 17, 1, 1, 21, 1, 1] => QQFieldElem[2, -1, 2, 0],
	[13, 19, 18, 14, 20, 1, 2, 15, 1, 1] => QQFieldElem[0, 0, 0, 0],
	[13, 19, 18, 14, 20, 1, 1, 15, 1, 1] => QQFieldElem[4, 0, 3, 2],
	[13, 19, 18, 14, 12, 1, 1, 15, 1, 1] => QQFieldElem[0, 0, 0, 0],
	[13, 19, 18, 14, 17, 1, 1, 9, 1, 1] => QQFieldElem[1//2, -1, 1, -1//2],
	[13, 19, 18, 14, 17, 1, 1, 22, 1, 1] => QQFieldElem[-2, -1//2, -1, -3//2],
	[13, 19, 18, 14, 17, 1, 1, 16, 1, 1] => QQFieldElem[6, 0, 4, 4],
	[13, 19, 18, 14, 20, 1, 2, 21, 1, 1] => QQFieldElem[-3//5, -6//5, 1//5, -7//5])