Dict(
	[13, 11, 12, 13, 3, 1, 1, 14, 1, 1] => QQFieldElem[0, -1//2, 0, -1//2],
	[13, 11, 12, 13, 6, 1, 1, 15, 1, 1] => QQFieldElem[0, 1, -1//2, 1],
	[13, 11, 12, 13, 5, 1, 1, 14, 1, 1] => QQFieldElem[1, 1//2, 0, 1//2],
	[13, 11, 12, 13, 6, 1, 1, 21, 1, 1] => QQFieldElem[1//2, 0, 1//2, 0],
	[13, 11, 12, 13, 19, 1, 1, 14, 1, 1] => QQFieldElem[1//2, 1//2, 1//2, 1//2],
	[13, 11, 12, 13, 6, 1, 1, 22, 1, 1] => QQFieldElem[-1, -1//2, -1//2, -1],
	[13, 11, 12, 13, 3, 1, 1, 15, 1, 1] => QQFieldElem[-1//2, 0, -1//2, -1//2],
	[13, 11, 12, 13, 5, 1, 1, 15, 1, 1] => QQFieldElem[1//2, 0, 1//2, -1//2],
	[13, 11, 12, 13, 3, 1, 1, 21, 1, 1] => QQFieldElem[-1//2, 0, 0, -1//2],
	[13, 11, 12, 13, 19, 1, 1, 15, 1, 1] => QQFieldElem[0, -1, 1//2, -1],
	[13, 11, 12, 13, 3, 1, 1, 22, 1, 1] => QQFieldElem[0, 1//2, 0, 1//2],
	[13, 11, 12, 13, 5, 1, 1, 21, 1, 1] => QQFieldElem[-1//2, 0, -1, -1//2],
	[13, 11, 12, 13, 19, 1, 1, 21, 1, 1] => QQFieldElem[1//2, 0, 1//2, 0],
	[13, 11, 12, 13, 5, 1, 1, 22, 1, 1] => QQFieldElem[1, 1//2, 0, 1//2],
	[13, 11, 12, 13, 19, 1, 1, 22, 1, 1] => QQFieldElem[-1, -1//2, -1//2, -1],
	[13, 11, 12, 13, 6, 1, 1, 14, 1, 1] => QQFieldElem[-1//2, -1//2, -1//2, -1//2])