Dict(
	[14, 18, 18, 22, 11, 1, 1, 22, 1, 2] => QQFieldElem[16, 23//2, 3, 22],
	[14, 18, 18, 22, 20, 1, 1, 16, 1, 1] => QQFieldElem[1, 0, 0, 0],
	[14, 18, 18, 22, 5, 1, 1, 21, 1, 1] => QQFieldElem[216//55, -128//55, 208//55, 64//55],
	[14, 18, 18, 22, 19, 2, 1, 15, 1, 1] => QQFieldElem[0, 0, 0, -1//4],
	[14, 18, 18, 22, 17, 1, 1, 21, 1, 2] => QQFieldElem[-6//5, -2//5, -3//5, -4//5],
	[14, 18, 18, 22, 5, 1, 1, 9, 1, 1] => QQFieldElem[-20, -8, -8, -20],
	[14, 18, 18, 22, 5, 1, 1, 22, 1, 1] => QQFieldElem[24, 8, 8, 24],
	[14, 18, 18, 22, 17, 1, 1, 22, 1, 2] => QQFieldElem[1//2, -1//2, 1//2, 0],
	[14, 18, 18, 22, 7, 1, 1, 21, 1, 1] => QQFieldElem[-5//2, 0, -3//2, -3//2],
	[14, 18, 18, 22, 7, 1, 1, 9, 1, 1] => QQFieldElem[-3//2, -1//2, -1//2, -3//2],
	[14, 18, 18, 22, 7, 1, 1, 22, 1, 1] => QQFieldElem[-15//2, -6, -1, -21//2],
	[14, 18, 18, 22, 20, 1, 1, 14, 1, 1] => QQFieldElem[1//2, -1//2, 1//2, 0],
	[14, 18, 18, 22, 12, 1, 1, 14, 1, 1] => QQFieldElem[10, -1, 7, 5],
	[14, 18, 18, 22, 19, 2, 1, 16, 1, 1] => QQFieldElem[-1//2, -1, 0, -1],
	[14, 18, 18, 22, 19, 2, 1, 14, 1, 1] => QQFieldElem[-3//4, -1//2, -1//4, -1],
	[14, 18, 18, 22, 5, 1, 1, 15, 1, 1] => QQFieldElem[-56//5, 8//5, -48//5, -24//5],
	[14, 18, 18, 22, 7, 1, 1, 15, 1, 1] => QQFieldElem[-2//5, 1//5, -1//5, -1//10],
	[14, 18, 18, 22, 19, 1, 1, 21, 1, 1] => QQFieldElem[16, 8, 5, 18],
	[14, 18, 18, 22, 11, 1, 1, 21, 1, 1] => QQFieldElem[3, 0, 7//4, 7//4],
	[14, 18, 18, 22, 19, 1, 1, 9, 1, 1] => QQFieldElem[-12, -19//2, -3//2, -17],
	[14, 18, 18, 22, 5, 1, 1, 16, 1, 1] => QQFieldElem[-48, 0, -32, -32],
	[14, 18, 18, 22, 11, 1, 1, 22, 1, 1] => QQFieldElem[15//2, 11//2, 1, 39//4],
	[14, 18, 18, 22, 11, 1, 1, 9, 1, 1] => QQFieldElem[9//2, 7//2, 1//2, 13//2],
	[14, 18, 18, 22, 19, 1, 1, 22, 1, 1] => QQFieldElem[-17//2, 1//2, -11//2, -4],
	[14, 18, 18, 22, 20, 1, 1, 21, 1, 2] => QQFieldElem[0, 0, 0, 0],
	[14, 18, 18, 22, 7, 1, 1, 16, 1, 1] => QQFieldElem[-2, 0, -1, -1],
	[14, 18, 18, 22, 12, 1, 1, 21, 1, 2] => QQFieldElem[-21//110, -6//55, -4//55, 3//55],
	[14, 18, 18, 22, 20, 1, 1, 22, 1, 2] => QQFieldElem[-1//2, 0, -1//2, 0],
	[14, 18, 18, 22, 12, 1, 1, 22, 1, 2] => QQFieldElem[0, 1//2, 0, 0],
	[14, 18, 18, 22, 17, 1, 1, 21, 1, 1] => QQFieldElem[-224//5, -48//5, -112//5, -176//5],
	[14, 18, 18, 22, 17, 1, 1, 9, 1, 1] => QQFieldElem[-21//4, -4, -1//2, -31//4],
	[14, 18, 18, 22, 17, 1, 1, 22, 1, 1] => QQFieldElem[16, -8, 16, 0],
	[14, 18, 18, 22, 5, 1, 1, 14, 1, 1] => QQFieldElem[-16, 8, -16, 0],
	[14, 18, 18, 22, 19, 2, 1, 21, 1, 2] => QQFieldElem[-32, -16, -10, -36],
	[14, 18, 18, 22, 7, 1, 1, 14, 1, 1] => QQFieldElem[-1, 1, -1, 0],
	[14, 18, 18, 22, 19, 2, 1, 22, 1, 2] => QQFieldElem[43//2, -2, 29//2, 11],
	[14, 18, 18, 22, 19, 1, 1, 15, 1, 1] => QQFieldElem[-19//2, -1//2, -5, -7],
	[14, 18, 18, 22, 11, 1, 1, 15, 1, 1] => QQFieldElem[5, 1, 3, 7//2],
	[14, 18, 18, 22, 19, 1, 1, 16, 1, 1] => QQFieldElem[-39, -12, -18, -36],
	[14, 18, 18, 22, 11, 1, 1, 16, 1, 1] => QQFieldElem[18, 6, 9, 17],
	[14, 18, 18, 22, 17, 1, 1, 15, 1, 1] => QQFieldElem[-9//2, -1//2, -5//2, -13//4],
	[14, 18, 18, 22, 17, 1, 1, 16, 1, 1] => QQFieldElem[-35//2, -4, -6, -15],
	[14, 18, 18, 22, 5, 1, 1, 21, 1, 2] => QQFieldElem[3//110, -7//55, 9//110, 7//110],
	[14, 18, 18, 22, 20, 1, 1, 21, 1, 1] => QQFieldElem[0, -1//2, 1//2, -1//2],
	[14, 18, 18, 22, 12, 1, 1, 21, 1, 1] => QQFieldElem[1//22, -1//22, -5//44, 1//44],
	[14, 18, 18, 22, 5, 1, 1, 22, 1, 2] => QQFieldElem[1//2, 0, 0, 1//2],
	[14, 18, 18, 22, 20, 1, 1, 22, 1, 1] => QQFieldElem[1//2, 1//4, 0, 1//2],
	[14, 18, 18, 22, 19, 1, 1, 14, 1, 1] => QQFieldElem[-31//2, 3//2, -21//2, -8],
	[14, 18, 18, 22, 12, 1, 1, 9, 1, 1] => QQFieldElem[8, 6, 1, 11],
	[14, 18, 18, 22, 12, 1, 1, 22, 1, 1] => QQFieldElem[-1//2, 0, -1//2, -1//4],
	[14, 18, 18, 22, 7, 1, 1, 21, 1, 2] => QQFieldElem[-186//55, -12//55, -118//55, -104//55],
	[14, 18, 18, 22, 11, 1, 1, 14, 1, 1] => QQFieldElem[7, -1, 5, 4],
	[14, 18, 18, 22, 7, 1, 1, 22, 1, 2] => QQFieldElem[-8, -6, -1, -11],
	[14, 18, 18, 22, 20, 1, 1, 9, 1, 1] => QQFieldElem[1, 1//2, 1//2, 1],
	[14, 18, 18, 22, 17, 1, 1, 14, 1, 1] => QQFieldElem[-29//4, 1//2, -19//4, -7//2],
	[14, 18, 18, 22, 19, 2, 1, 21, 1, 1] => QQFieldElem[86//5, 42//5, 28//5, 94//5],
	[14, 18, 18, 22, 19, 2, 1, 9, 1, 1] => QQFieldElem[1//4, -1//2, 1//2, -1//4],
	[14, 18, 18, 22, 19, 2, 1, 22, 1, 1] => QQFieldElem[-12, 2, -8, -6],
	[14, 18, 18, 22, 20, 1, 1, 15, 1, 1] => QQFieldElem[3//10, 1//10, 2//5, 1//5],
	[14, 18, 18, 22, 12, 1, 1, 15, 1, 1] => QQFieldElem[29//5, 3//5, 17//5, 21//5],
	[14, 18, 18, 22, 19, 1, 1, 21, 1, 2] => QQFieldElem[-15, -15//2, -9//2, -33//2],
	[14, 18, 18, 22, 11, 1, 1, 21, 1, 2] => QQFieldElem[13//2, 0, 4, 4],
	[14, 18, 18, 22, 19, 1, 1, 22, 1, 2] => QQFieldElem[21//2, -1//4, 13//2, 9//2],
	[14, 18, 18, 22, 12, 1, 1, 16, 1, 1] => QQFieldElem[22, 6, 10, 20])