Dict(
	[14, 19, 12, 16, 20, 1, 1, 21, 1, 1] => QQFieldElem[-1//4, -1//2, -1//4, -1//4],
	[14, 19, 12, 16, 20, 1, 1, 22, 1, 1] => QQFieldElem[1//4, 1//2, 1//2, 0],
	[14, 19, 12, 16, 20, 1, 1, 21, 2, 1] => QQFieldElem[0, 0, -1//2, -1//2],
	[14, 19, 12, 16, 20, 1, 1, 22, 2, 1] => QQFieldElem[0, 0, 0, 0],
	[14, 19, 12, 16, 18, 1, 1, 21, 1, 1] => QQFieldElem[1//4, -1//4, 0, 0],
	[14, 19, 12, 16, 19, 1, 1, 21, 1, 1] => QQFieldElem[-1//4, -1//2, -1//4, -1//4],
	[14, 19, 12, 16, 11, 1, 1, 21, 1, 1] => QQFieldElem[1//4, -1//4, 0, 0],
	[14, 19, 12, 16, 18, 1, 1, 22, 1, 1] => QQFieldElem[0, 1//4, -1//4, 0],
	[14, 19, 12, 16, 19, 1, 1, 22, 1, 1] => QQFieldElem[-3//4, -1//2, 0, 0],
	[14, 19, 12, 16, 11, 1, 1, 22, 1, 1] => QQFieldElem[0, -1//4, -1//4, 0],
	[14, 19, 12, 16, 18, 1, 1, 21, 2, 1] => QQFieldElem[0, -1//2, 0, -1//2],
	[14, 19, 12, 16, 18, 1, 1, 22, 2, 1] => QQFieldElem[2//5, 3//10, 1//5, 3//5],
	[14, 19, 12, 16, 19, 1, 1, 21, 2, 1] => QQFieldElem[0, 0, -1//2, -1//2],
	[14, 19, 12, 16, 11, 1, 1, 21, 2, 1] => QQFieldElem[0, 1//2, 0, 1//2],
	[14, 19, 12, 16, 19, 1, 1, 22, 2, 1] => QQFieldElem[0, 0, 0, 0],
	[14, 19, 12, 16, 11, 1, 1, 22, 2, 1] => QQFieldElem[-2//5, -3//10, -1//5, -3//5])