Dict(
	[14, 13, 18, 19, 22, 1, 1, 17, 1, 1] => QQFieldElem[0, 0, 0, 0],
	[14, 13, 18, 19, 13, 1, 1, 20, 1, 2] => QQFieldElem[4//5, -12//5, 12//5, -4//5],
	[14, 13, 18, 19, 22, 2, 1, 17, 1, 1] => QQFieldElem[-14//55, -18//55, 28//55, -6//55],
	[14, 13, 18, 19, 21, 1, 1, 17, 1, 1] => QQFieldElem[2//55, 34//55, -4//55, 48//55],
	[14, 13, 18, 19, 13, 1, 1, 19, 1, 1] => QQFieldElem[-6//11, -3//11, 1//11, -1//11],
	[14, 13, 18, 19, 13, 1, 1, 12, 1, 1] => QQFieldElem[-3//5, -1//5, 1//5, -2//5],
	[14, 13, 18, 19, 22, 1, 1, 11, 1, 1] => QQFieldElem[-1//2, 0, 1//2, 0],
	[14, 13, 18, 19, 16, 1, 1, 17, 1, 1] => QQFieldElem[84//55, 108//55, 52//55, 36//55],
	[14, 13, 18, 19, 21, 2, 1, 17, 1, 1] => QQFieldElem[-4//11, -13//11, -14//11, -8//11],
	[14, 13, 18, 19, 22, 2, 1, 11, 1, 1] => QQFieldElem[0, 0, 1, 0],
	[14, 13, 18, 19, 21, 1, 1, 11, 1, 1] => QQFieldElem[0, 1, -1, 1],
	[14, 13, 18, 19, 16, 1, 1, 11, 1, 1] => QQFieldElem[2, 2, 0, 4],
	[14, 13, 18, 19, 22, 1, 1, 20, 1, 2] => QQFieldElem[0, 1//2, 0, -1//2],
	[14, 13, 18, 19, 21, 2, 1, 11, 1, 1] => QQFieldElem[-1//2, -1, 0, -1],
	[14, 13, 18, 19, 22, 2, 1, 20, 1, 2] => QQFieldElem[-3//5, -1//5, 1//5, -2//5],
	[14, 13, 18, 19, 21, 1, 1, 20, 1, 2] => QQFieldElem[0, -1, 1, -1],
	[14, 13, 18, 19, 22, 1, 1, 12, 1, 1] => QQFieldElem[-1//2, 0, -1//2, 0],
	[14, 13, 18, 19, 22, 1, 1, 19, 1, 1] => QQFieldElem[-3//11, -3//22, -5//11, -1//22],
	[14, 13, 18, 19, 16, 1, 1, 20, 1, 2] => QQFieldElem[0, 1, 0, 0],
	[14, 13, 18, 19, 13, 1, 1, 20, 1, 1] => QQFieldElem[0, 0, 0, 0],
	[14, 13, 18, 19, 22, 2, 1, 19, 1, 1] => QQFieldElem[3//11, 7//11, 5//11, 6//11],
	[14, 13, 18, 19, 22, 2, 1, 12, 1, 1] => QQFieldElem[-6//5, -2//5, -3//5, -4//5],
	[14, 13, 18, 19, 21, 2, 1, 20, 1, 2] => QQFieldElem[16//5, 2//5, 8//5, 14//5],
	[14, 13, 18, 19, 21, 1, 1, 12, 1, 1] => QQFieldElem[14//5, 3//5, 7//5, 11//5],
	[14, 13, 18, 19, 16, 1, 1, 19, 1, 1] => QQFieldElem[4//11, 2//11, -8//11, -14//11],
	[14, 13, 18, 19, 16, 1, 1, 12, 1, 1] => QQFieldElem[6//5, 2//5, 8//5, 4//5],
	[14, 13, 18, 19, 21, 1, 1, 19, 1, 1] => QQFieldElem[7//11, -2//11, 8//11, 3//11],
	[14, 13, 18, 19, 21, 2, 1, 19, 1, 1] => QQFieldElem[-4//11, -15//22, -17//22, -5//22],
	[14, 13, 18, 19, 21, 2, 1, 12, 1, 1] => QQFieldElem[-1//2, 0, 0, 0],
	[14, 13, 18, 19, 13, 1, 1, 17, 1, 1] => QQFieldElem[0, 0, 0, 0],
	[14, 13, 18, 19, 22, 1, 1, 20, 1, 1] => QQFieldElem[9//5, 8//5, 2//5, 11//5],
	[14, 13, 18, 19, 13, 1, 1, 11, 1, 1] => QQFieldElem[1, -1, 1, 0],
	[14, 13, 18, 19, 21, 1, 1, 20, 1, 1] => QQFieldElem[0, 0, 0, 0],
	[14, 13, 18, 19, 22, 2, 1, 20, 1, 1] => QQFieldElem[-1, -1//2, -1//2, -3//2],
	[14, 13, 18, 19, 16, 1, 1, 20, 1, 1] => QQFieldElem[6//5, 2//5, 8//5, 4//5],
	[14, 13, 18, 19, 21, 2, 1, 20, 1, 1] => QQFieldElem[-2//5, 6//5, 4//5, 2//5])