Dict(
	[14, 19, 21, 5, 14, 1, 2, 21, 2, 1] => QQFieldElem[0, 0, 0, 0],
	[14, 19, 21, 5, 14, 1, 1, 21, 2, 1] => QQFieldElem[-1, -2, -3//2, -1//2],
	[14, 19, 21, 5, 14, 1, 2, 22, 2, 1] => QQFieldElem[3//5, 1//5, -1//5, -3//5],
	[14, 19, 21, 5, 14, 1, 1, 22, 2, 1] => QQFieldElem[-1//2, -1, -1//2, 0],
	[14, 19, 21, 5, 22, 1, 2, 21, 1, 1] => QQFieldElem[-1//2, 0, -1//2, -1//2],
	[14, 19, 21, 5, 22, 1, 1, 21, 1, 1] => QQFieldElem[1//4, -1//2, -1//4, 1//2],
	[14, 19, 21, 5, 22, 1, 2, 22, 1, 1] => QQFieldElem[-3//2, 0, -1//2, -1//2],
	[14, 19, 21, 5, 22, 1, 1, 22, 1, 1] => QQFieldElem[1, 1, 5//4, 7//4],
	[14, 19, 21, 5, 22, 1, 2, 21, 2, 1] => QQFieldElem[1//2, 1, 1//2, 1//2],
	[14, 19, 21, 5, 14, 1, 2, 21, 1, 1] => QQFieldElem[0, 0, 0, 0],
	[14, 19, 21, 5, 22, 1, 1, 21, 2, 1] => QQFieldElem[-3//4, -1, -3//4, 0],
	[14, 19, 21, 5, 14, 1, 1, 21, 1, 1] => QQFieldElem[0, -1, -1//2, -1//2],
	[14, 19, 21, 5, 22, 1, 2, 22, 2, 1] => QQFieldElem[1//2, 1, 1//2, 1//2],
	[14, 19, 21, 5, 14, 1, 2, 22, 1, 1] => QQFieldElem[1, 1, 1, 1],
	[14, 19, 21, 5, 22, 1, 1, 22, 2, 1] => QQFieldElem[0, -1//2, -5//4, -3//4],
	[14, 19, 21, 5, 14, 1, 1, 22, 1, 1] => QQFieldElem[1//2, 0, 1//2, -1])