Dict(
	[14, 22, 8, 11, 22, 1, 1, 19, 2, 1] => QQFieldElem[2, 2, -2, -2],
	[14, 22, 8, 11, 21, 1, 1, 19, 2, 1] => QQFieldElem[1, 0, 1, 1],
	[14, 22, 8, 11, 16, 1, 1, 19, 2, 1] => QQFieldElem[-2, -2, 2, 2],
	[14, 22, 8, 11, 13, 1, 1, 11, 1, 1] => QQFieldElem[0, 1, 0, 1],
	[14, 22, 8, 11, 13, 1, 1, 7, 1, 1] => QQFieldElem[0, 1, 0, 1],
	[14, 22, 8, 11, 22, 1, 1, 11, 1, 1] => QQFieldElem[-2, -4, -2, -2],
	[14, 22, 8, 11, 13, 1, 1, 19, 1, 1] => QQFieldElem[-1, -1, -1, 0],
	[14, 22, 8, 11, 22, 1, 1, 7, 1, 1] => QQFieldElem[2, 4, 2, 2],
	[14, 22, 8, 11, 21, 1, 1, 11, 1, 1] => QQFieldElem[-1, 1, 0, 0],
	[14, 22, 8, 11, 16, 1, 1, 11, 1, 1] => QQFieldElem[1, -1, 1, 0],
	[14, 22, 8, 11, 13, 1, 1, 19, 2, 1] => QQFieldElem[1, 0, 1, 1],
	[14, 22, 8, 11, 21, 1, 1, 7, 1, 1] => QQFieldElem[1, -1, 0, 0],
	[14, 22, 8, 11, 16, 1, 1, 7, 1, 1] => QQFieldElem[1, -1, 1, 0],
	[14, 22, 8, 11, 22, 1, 1, 19, 1, 1] => QQFieldElem[1, 3, 4, 2],
	[14, 22, 8, 11, 21, 1, 1, 19, 1, 1] => QQFieldElem[-1, -1, -1, 0],
	[14, 22, 8, 11, 16, 1, 1, 19, 1, 1] => QQFieldElem[-1, -3, -4, -2])