Dict(
	[14, 19, 17, 15, 17, 1, 1, 21, 1, 1] => QQFieldElem[1//2, 1//2, 1//2, -1//2],
	[14, 19, 17, 15, 17, 1, 1, 22, 1, 1] => QQFieldElem[19, 9, 6, 21],
	[14, 19, 17, 15, 17, 1, 1, 16, 1, 1] => QQFieldElem[-1//4, 1//4, -1, -1//4],
	[14, 19, 17, 15, 20, 1, 2, 21, 1, 1] => QQFieldElem[29//10, 3//10, 17//10, 21//10],
	[14, 19, 17, 15, 20, 1, 1, 21, 1, 1] => QQFieldElem[-1//4, 1//2, -3//4, 1//2],
	[14, 19, 17, 15, 20, 1, 2, 22, 1, 1] => QQFieldElem[4, 1, 2, 4],
	[14, 19, 17, 15, 17, 1, 1, 21, 2, 1] => QQFieldElem[1//4, 1, 3//4, 1//2],
	[14, 19, 17, 15, 20, 1, 2, 16, 1, 1] => QQFieldElem[0, 1//2, 0, 0],
	[14, 19, 17, 15, 20, 1, 1, 22, 1, 1] => QQFieldElem[-3//4, 1//2, -3//4, -1//4],
	[14, 19, 17, 15, 20, 1, 1, 16, 1, 1] => QQFieldElem[-1//4, -1//4, -1//2, -1//4],
	[14, 19, 17, 15, 17, 1, 1, 22, 2, 1] => QQFieldElem[-2, -1//2, -1//2, -2],
	[14, 19, 17, 15, 20, 1, 2, 21, 2, 1] => QQFieldElem[-3//10, -1//10, 1//10, 3//10],
	[14, 19, 17, 15, 20, 1, 1, 21, 2, 1] => QQFieldElem[1//4, 1//2, 1//4, 0],
	[14, 19, 17, 15, 20, 1, 2, 22, 2, 1] => QQFieldElem[0, 0, 0, 0],
	[14, 19, 17, 15, 3, 1, 1, 21, 1, 1] => QQFieldElem[0, 0, 0, 0],
	[14, 19, 17, 15, 20, 1, 1, 22, 2, 1] => QQFieldElem[1//4, 1//2, 1//4, 1//4],
	[14, 19, 17, 15, 3, 1, 1, 22, 1, 1] => QQFieldElem[-16, -10, -4, -20],
	[14, 19, 17, 15, 18, 1, 1, 21, 1, 1] => QQFieldElem[1//2, 1//2, 1//2, 1//2],
	[14, 19, 17, 15, 3, 1, 1, 16, 1, 1] => QQFieldElem[-2, -1, -1, -2],
	[14, 19, 17, 15, 18, 1, 1, 22, 1, 1] => QQFieldElem[-3, 1, -2, -1],
	[14, 19, 17, 15, 18, 1, 1, 16, 1, 1] => QQFieldElem[2, 1//2, 1, 2],
	[14, 19, 17, 15, 3, 1, 1, 21, 2, 1] => QQFieldElem[-1//4, 0, -5//4, -1],
	[14, 19, 17, 15, 3, 1, 1, 22, 2, 1] => QQFieldElem[-8, 9//2, -15//2, 1],
	[14, 19, 17, 15, 18, 1, 1, 21, 2, 1] => QQFieldElem[-12//5, -4//5, -6//5, -8//5],
	[14, 19, 17, 15, 18, 1, 1, 22, 2, 1] => QQFieldElem[-3, -1, -1, -3])