Dict(
	[14, 19, 11, 21, 19, 1, 1, 22, 2, 1] => QQFieldElem[-1//2, 0, 1//4, 1//4],
	[14, 19, 11, 21, 19, 2, 1, 21, 2, 1] => QQFieldElem[0, 0, 0, 0],
	[14, 19, 11, 21, 12, 1, 1, 13, 1, 1] => QQFieldElem[2, 1, 1, 2],
	[14, 19, 11, 21, 17, 1, 1, 21, 1, 1] => QQFieldElem[-1//44, 1//44, -7//22, -3//22],
	[14, 19, 11, 21, 19, 2, 1, 22, 2, 1] => QQFieldElem[1, 0, 1//2, 1],
	[14, 19, 11, 21, 17, 1, 1, 22, 1, 1] => QQFieldElem[-3//4, -1//4, -1, -1//2],
	[14, 19, 11, 21, 17, 1, 1, 16, 1, 1] => QQFieldElem[0, -1//2, 0, 0],
	[14, 19, 11, 21, 20, 1, 1, 21, 1, 1] => QQFieldElem[-1//22, -15//22, -1//11, -7//22],
	[14, 19, 11, 21, 12, 1, 1, 21, 1, 1] => QQFieldElem[-4//11, -3//22, -1//11, -2//11],
	[14, 19, 11, 21, 17, 1, 1, 21, 2, 1] => QQFieldElem[7//11, 4//11, 10//11, 9//11],
	[14, 19, 11, 21, 20, 1, 1, 22, 1, 1] => QQFieldElem[1//2, 1, 1//4, 3//4],
	[14, 19, 11, 21, 12, 1, 1, 22, 1, 1] => QQFieldElem[1//2, 1, 0, 1],
	[14, 19, 11, 21, 20, 1, 1, 16, 1, 1] => QQFieldElem[0, 0, 0, 0],
	[14, 19, 11, 21, 12, 1, 1, 16, 1, 1] => QQFieldElem[0, -1//2, 0, 0],
	[14, 19, 11, 21, 17, 1, 1, 22, 2, 1] => QQFieldElem[3//2, 3//2, 0, 2],
	[14, 19, 11, 21, 19, 1, 1, 13, 1, 1] => QQFieldElem[2, 0, 1, 2],
	[14, 19, 11, 21, 18, 1, 1, 13, 1, 1] => QQFieldElem[0, 3//2, -1//2, 3//2],
	[14, 19, 11, 21, 20, 1, 1, 21, 2, 1] => QQFieldElem[0, 0, 0, 0],
	[14, 19, 11, 21, 12, 1, 1, 21, 2, 1] => QQFieldElem[-4//11, -3//22, -1//11, -2//11],
	[14, 19, 11, 21, 19, 2, 1, 13, 1, 1] => QQFieldElem[0, -3//2, 1//2, -3//2],
	[14, 19, 11, 21, 20, 1, 1, 22, 2, 1] => QQFieldElem[1, 0, 1//2, 1],
	[14, 19, 11, 21, 12, 1, 1, 22, 2, 1] => QQFieldElem[-1//2, -1, 0, -1],
	[14, 19, 11, 21, 18, 1, 1, 21, 1, 1] => QQFieldElem[15//44, 29//44, 3//11, 6//11],
	[14, 19, 11, 21, 19, 1, 1, 21, 1, 1] => QQFieldElem[0, 0, 0, 0],
	[14, 19, 11, 21, 18, 1, 1, 22, 1, 1] => QQFieldElem[59//44, -17//44, 13//11, 3//22],
	[14, 19, 11, 21, 18, 1, 1, 16, 1, 1] => QQFieldElem[-3//4, 1//4, 1//2, 0],
	[14, 19, 11, 21, 19, 1, 1, 22, 1, 1] => QQFieldElem[-1//2, 0, 0, -1//2],
	[14, 19, 11, 21, 19, 2, 1, 21, 1, 1] => QQFieldElem[0, 0, 0, 0],
	[14, 19, 11, 21, 19, 1, 1, 16, 1, 1] => QQFieldElem[0, 0, 0, 0],
	[14, 19, 11, 21, 17, 1, 1, 13, 1, 1] => QQFieldElem[-2, -1, -1, -2],
	[14, 19, 11, 21, 18, 1, 1, 21, 2, 1] => QQFieldElem[7//11, 4//11, 10//11, 9//11],
	[14, 19, 11, 21, 19, 2, 1, 22, 1, 1] => QQFieldElem[-1//2, 0, 0, -1//2],
	[14, 19, 11, 21, 19, 2, 1, 16, 1, 1] => QQFieldElem[1//4, 1//4, 0, -1//2],
	[14, 19, 11, 21, 19, 1, 1, 21, 2, 1] => QQFieldElem[1//2, 1//2, 0, 3//2],
	[14, 19, 11, 21, 18, 1, 1, 22, 2, 1] => QQFieldElem[-3//2, -3//2, 0, -2],
	[14, 19, 11, 21, 20, 1, 1, 13, 1, 1] => QQFieldElem[-2, 0, -1, -2])