Dict(
	[15, 20, 22, 17, 16, 1, 1, 10, 1, 1] => QQFieldElem[-2, -1//2, -1, -3//2],
	[15, 20, 22, 17, 22, 1, 2, 14, 1, 1] => QQFieldElem[21//2, 0, 13//2, 13//2],
	[15, 20, 22, 17, 22, 1, 2, 13, 1, 1] => QQFieldElem[-11//2, 0, -7//2, -7//2],
	[15, 20, 22, 17, 9, 1, 1, 10, 1, 1] => QQFieldElem[-8, -16, 4, -20],
	[15, 20, 22, 17, 21, 1, 1, 14, 1, 1] => QQFieldElem[-1//2, 1//4, -1//2, -1//4],
	[15, 20, 22, 17, 16, 1, 2, 14, 1, 1] => QQFieldElem[0, 0, 0, 0],
	[15, 20, 22, 17, 15, 1, 1, 15, 1, 1] => QQFieldElem[0, 1, -1, 2],
	[15, 20, 22, 17, 21, 1, 1, 13, 1, 1] => QQFieldElem[-1//2, 1//4, -1//2, -1//4],
	[15, 20, 22, 17, 16, 1, 2, 13, 1, 1] => QQFieldElem[0, 0, 0, 0],
	[15, 20, 22, 17, 14, 1, 1, 14, 1, 1] => QQFieldElem[-4, 0, -2, -3],
	[15, 20, 22, 17, 14, 1, 1, 13, 1, 1] => QQFieldElem[4, 0, 2, 3],
	[15, 20, 22, 17, 22, 1, 1, 21, 1, 1] => QQFieldElem[-7//55, 19//220, 1//220, -3//55],
	[15, 20, 22, 17, 15, 1, 1, 16, 1, 1] => QQFieldElem[-9//2, 0, -5//2, -5//2],
	[15, 20, 22, 17, 22, 1, 1, 22, 1, 1] => QQFieldElem[-1//2, 1//4, -3//4, 0],
	[15, 20, 22, 17, 21, 1, 2, 21, 1, 1] => QQFieldElem[-5//2, 0, -3//2, -3//2],
	[15, 20, 22, 17, 21, 1, 2, 22, 1, 1] => QQFieldElem[3//2, -1, 3//2, 1//2],
	[15, 20, 22, 17, 16, 1, 1, 21, 1, 1] => QQFieldElem[18//55, -24//55, 19//55, -8//55],
	[15, 20, 22, 17, 16, 1, 1, 22, 1, 1] => QQFieldElem[0, 0, 1, 0],
	[15, 20, 22, 17, 9, 1, 1, 21, 1, 1] => QQFieldElem[0, 0, 0, 0],
	[15, 20, 22, 17, 9, 1, 1, 22, 1, 1] => QQFieldElem[0, 0, 0, 0],
	[15, 20, 22, 17, 15, 1, 1, 14, 1, 1] => QQFieldElem[-5, 1//2, -7//2, -5//2],
	[15, 20, 22, 17, 22, 1, 2, 21, 1, 2] => QQFieldElem[127//22, 7//11, 65//22, 89//22],
	[15, 20, 22, 17, 15, 1, 1, 13, 1, 1] => QQFieldElem[3, 1//2, 5//2, 3//2],
	[15, 20, 22, 17, 22, 1, 2, 22, 1, 2] => QQFieldElem[-9//2, 1, -7//2, -3//2],
	[15, 20, 22, 17, 21, 1, 1, 21, 1, 2] => QQFieldElem[-7//22, 1//11, 3//22, -3//22],
	[15, 20, 22, 17, 16, 1, 2, 21, 1, 2] => QQFieldElem[-8//11, -48//11, 16//11, -60//11],
	[15, 20, 22, 17, 21, 1, 1, 22, 1, 2] => QQFieldElem[-1//2, 0, -1//2, -1//2],
	[15, 20, 22, 17, 16, 1, 2, 22, 1, 2] => QQFieldElem[8, 8, 0, 12],
	[15, 20, 22, 17, 14, 1, 1, 21, 1, 2] => QQFieldElem[0, 0, 0, 0],
	[15, 20, 22, 17, 22, 1, 1, 15, 1, 1] => QQFieldElem[1, 1//2, 1//2, 1],
	[15, 20, 22, 17, 14, 1, 1, 22, 1, 2] => QQFieldElem[0, 0, 0, 0],
	[15, 20, 22, 17, 21, 1, 2, 15, 1, 1] => QQFieldElem[0, -1, 0, -1],
	[15, 20, 22, 17, 16, 1, 1, 15, 1, 1] => QQFieldElem[-2//5, 1//5, -1//5, 2//5],
	[15, 20, 22, 17, 22, 1, 1, 16, 1, 1] => QQFieldElem[0, 3//4, -1//2, 1//2],
	[15, 20, 22, 17, 21, 1, 2, 16, 1, 1] => QQFieldElem[1, 0, 1//2, 1//2],
	[15, 20, 22, 17, 22, 1, 2, 10, 1, 1] => QQFieldElem[29//2, 0, 9, 9],
	[15, 20, 22, 17, 16, 1, 1, 16, 1, 1] => QQFieldElem[-11//10, -1//5, -3//10, -9//10],
	[15, 20, 22, 17, 9, 1, 1, 15, 1, 1] => QQFieldElem[-48//5, -16//5, -24//5, -32//5],
	[15, 20, 22, 17, 21, 1, 1, 10, 1, 1] => QQFieldElem[-3//2, 1//2, -5//4, -1//2],
	[15, 20, 22, 17, 16, 1, 2, 10, 1, 1] => QQFieldElem[0, 0, 0, 0],
	[15, 20, 22, 17, 15, 1, 1, 21, 1, 2] => QQFieldElem[111//110, 17//110, 53//110, 79//110],
	[15, 20, 22, 17, 14, 1, 1, 10, 1, 1] => QQFieldElem[-7, -1, -4, -5],
	[15, 20, 22, 17, 9, 1, 1, 16, 1, 1] => QQFieldElem[-12//5, -44//5, 24//5, -48//5],
	[15, 20, 22, 17, 15, 1, 1, 22, 1, 2] => QQFieldElem[1//2, -1//2, 1//2, 1//2],
	[15, 20, 22, 17, 22, 1, 1, 14, 1, 1] => QQFieldElem[0, 3//4, -1//2, 3//4],
	[15, 20, 22, 17, 21, 1, 2, 14, 1, 1] => QQFieldElem[1//2, 0, 1//2, 1//2],
	[15, 20, 22, 17, 22, 1, 1, 13, 1, 1] => QQFieldElem[0, -1//4, 1//2, -1//4],
	[15, 20, 22, 17, 16, 1, 1, 14, 1, 1] => QQFieldElem[-1, -1//2, -1//2, -1//2],
	[15, 20, 22, 17, 21, 1, 2, 13, 1, 1] => QQFieldElem[1//2, 0, 1//2, 1//2],
	[15, 20, 22, 17, 16, 1, 1, 13, 1, 1] => QQFieldElem[-1, -1//2, -1//2, -1//2],
	[15, 20, 22, 17, 22, 1, 2, 21, 1, 1] => QQFieldElem[21//110, -14//55, 13//110, 9//110],
	[15, 20, 22, 17, 9, 1, 1, 14, 1, 1] => QQFieldElem[-4, -8, 4, -12],
	[15, 20, 22, 17, 22, 1, 2, 22, 1, 1] => QQFieldElem[1//2, 0, 1//2, 1//2],
	[15, 20, 22, 17, 21, 1, 1, 21, 1, 1] => QQFieldElem[-51//22, -9//22, -19//22, -18//11],
	[15, 20, 22, 17, 16, 1, 2, 21, 1, 1] => QQFieldElem[-3//22, -7//22, -5//22, 5//22],
	[15, 20, 22, 17, 9, 1, 1, 13, 1, 1] => QQFieldElem[4, 8, -4, 12],
	[15, 20, 22, 17, 21, 1, 1, 22, 1, 1] => QQFieldElem[7//2, -1//2, 5//2, 2],
	[15, 20, 22, 17, 16, 1, 2, 22, 1, 1] => QQFieldElem[-1//2, -1//2, -1//2, -1//2],
	[15, 20, 22, 17, 15, 1, 1, 10, 1, 1] => QQFieldElem[-7, 1//2, -5, -7//2],
	[15, 20, 22, 17, 14, 1, 1, 21, 1, 1] => QQFieldElem[0, 0, 0, 0],
	[15, 20, 22, 17, 14, 1, 1, 22, 1, 1] => QQFieldElem[0, 0, 0, 0],
	[15, 20, 22, 17, 22, 1, 1, 21, 1, 2] => QQFieldElem[-1//22, 21//44, -7//44, 9//22],
	[15, 20, 22, 17, 22, 1, 1, 22, 1, 2] => QQFieldElem[0, -1//4, 1//4, -1//2],
	[15, 20, 22, 17, 21, 1, 2, 21, 1, 2] => QQFieldElem[3//22, 7//22, 5//22, 3//11],
	[15, 20, 22, 17, 16, 1, 1, 21, 1, 2] => QQFieldElem[2//11, 12//11, 7//11, 4//11],
	[15, 20, 22, 17, 21, 1, 2, 22, 1, 2] => QQFieldElem[-3//10, -1//10, 1//10, -1//5],
	[15, 20, 22, 17, 16, 1, 1, 22, 1, 2] => QQFieldElem[0, 0, 1, 0],
	[15, 20, 22, 17, 22, 1, 2, 15, 1, 1] => QQFieldElem[0, -3, 2, -3],
	[15, 20, 22, 17, 15, 1, 1, 21, 1, 1] => QQFieldElem[-8//11, -4//11, -6//11, 6//11],
	[15, 20, 22, 17, 21, 1, 1, 15, 1, 1] => QQFieldElem[1, 1//2, 1//2, 1],
	[15, 20, 22, 17, 16, 1, 2, 15, 1, 1] => QQFieldElem[2//5, 4//5, 1//5, 3//5],
	[15, 20, 22, 17, 15, 1, 1, 22, 1, 1] => QQFieldElem[4//5, 8//5, 2//5, 6//5],
	[15, 20, 22, 17, 9, 1, 1, 21, 1, 2] => QQFieldElem[0, 0, 0, 0],
	[15, 20, 22, 17, 22, 1, 2, 16, 1, 1] => QQFieldElem[10, 1, 11//2, 15//2],
	[15, 20, 22, 17, 14, 1, 1, 15, 1, 1] => QQFieldElem[0, 2, -1, 1],
	[15, 20, 22, 17, 9, 1, 1, 22, 1, 2] => QQFieldElem[0, 0, 0, 0],
	[15, 20, 22, 17, 21, 1, 1, 16, 1, 1] => QQFieldElem[-1, 1//4, -1//2, -1//2],
	[15, 20, 22, 17, 16, 1, 2, 16, 1, 1] => QQFieldElem[1//10, 1//5, 3//10, 2//5],
	[15, 20, 22, 17, 22, 1, 1, 10, 1, 1] => QQFieldElem[0, 1, -3//4, 1],
	[15, 20, 22, 17, 14, 1, 1, 16, 1, 1] => QQFieldElem[-9//2, -1, -5//2, -4],
	[15, 20, 22, 17, 21, 1, 2, 10, 1, 1] => QQFieldElem[3//2, 0, 1, 1])