Dict(
	[15, 18, 22, 18, 13, 1, 1, 21, 1, 1] => QQFieldElem[16//5, 2//5, 8//5, 14//5],
	[15, 18, 22, 18, 21, 1, 1, 14, 1, 1] => QQFieldElem[0, 0, 1//4, 0],
	[15, 18, 22, 18, 15, 1, 1, 15, 1, 1] => QQFieldElem[-17//22, -27//22, 15//22, -18//11],
	[15, 18, 22, 18, 13, 1, 1, 22, 1, 1] => QQFieldElem[-20//11, -10//11, -4//11, -18//11],
	[15, 18, 22, 18, 21, 1, 1, 13, 1, 1] => QQFieldElem[-1//4, 0, 1//4, 0],
	[15, 18, 22, 18, 14, 1, 1, 14, 1, 1] => QQFieldElem[3//2, -1//2, 3//2, 0],
	[15, 18, 22, 18, 14, 1, 1, 13, 1, 1] => QQFieldElem[0, 0, 0, 0],
	[15, 18, 22, 18, 22, 1, 1, 21, 1, 1] => QQFieldElem[1//4, 1//4, 1//4, 0],
	[15, 18, 22, 18, 22, 1, 1, 22, 1, 1] => QQFieldElem[-1//44, 5//44, 13//44, -1//22],
	[15, 18, 22, 18, 21, 1, 2, 21, 1, 1] => QQFieldElem[-1//5, -2//5, 2//5, 1//5],
	[15, 18, 22, 18, 21, 1, 2, 22, 1, 1] => QQFieldElem[3//11, 18//11, -6//11, 17//11],
	[15, 18, 22, 18, 15, 1, 1, 14, 1, 1] => QQFieldElem[-3//2, -1//2, -1//2, -1],
	[15, 18, 22, 18, 22, 1, 2, 21, 1, 2] => QQFieldElem[0, 0, 0, 0],
	[15, 18, 22, 18, 13, 1, 1, 15, 1, 1] => QQFieldElem[0, 0, 0, 0],
	[15, 18, 22, 18, 15, 1, 1, 13, 1, 1] => QQFieldElem[0, 0, 0, 0],
	[15, 18, 22, 18, 22, 1, 2, 22, 1, 2] => QQFieldElem[9//5, -2//5, 7//5, 6//5],
	[15, 18, 22, 18, 21, 1, 1, 21, 1, 2] => QQFieldElem[0, 0, -1//2, -1//2],
	[15, 18, 22, 18, 21, 1, 1, 22, 1, 2] => QQFieldElem[-9//11, -10//11, 3//22, -25//22],
	[15, 18, 22, 18, 14, 1, 1, 21, 1, 2] => QQFieldElem[-1, 0, 0, -1],
	[15, 18, 22, 18, 22, 1, 1, 15, 1, 1] => QQFieldElem[1//2, 0, 1//4, 0],
	[15, 18, 22, 18, 14, 1, 1, 22, 1, 2] => QQFieldElem[0, 0, 0, 0],
	[15, 18, 22, 18, 21, 1, 2, 15, 1, 1] => QQFieldElem[43//22, 17//11, 4//11, 30//11],
	[15, 18, 22, 18, 13, 1, 1, 14, 1, 1] => QQFieldElem[0, 0, 0, 0],
	[15, 18, 22, 18, 13, 1, 1, 13, 1, 1] => QQFieldElem[3, 1, 1, 3],
	[15, 18, 22, 18, 15, 1, 1, 21, 1, 2] => QQFieldElem[0, 2, -1, 1],
	[15, 18, 22, 18, 15, 1, 1, 22, 1, 2] => QQFieldElem[9//5, -2//5, 7//5, 6//5],
	[15, 18, 22, 18, 22, 1, 1, 14, 1, 1] => QQFieldElem[1//2, 3//2, -3//4, 2],
	[15, 18, 22, 18, 21, 1, 2, 14, 1, 1] => QQFieldElem[3//2, 0, 1, 1],
	[15, 18, 22, 18, 22, 1, 1, 13, 1, 1] => QQFieldElem[-3//4, 3//2, -7//4, 1],
	[15, 18, 22, 18, 21, 1, 2, 13, 1, 1] => QQFieldElem[-1//2, 0, 0, 1//2],
	[15, 18, 22, 18, 22, 1, 2, 21, 1, 1] => QQFieldElem[2, 1, 1, 2],
	[15, 18, 22, 18, 22, 1, 2, 22, 1, 1] => QQFieldElem[-3//11, -7//11, 6//11, -6//11],
	[15, 18, 22, 18, 21, 1, 1, 21, 1, 1] => QQFieldElem[-2, -1, -1, -3],
	[15, 18, 22, 18, 21, 1, 1, 22, 1, 1] => QQFieldElem[86//55, 87//55, -7//55, 139//55],
	[15, 18, 22, 18, 14, 1, 1, 21, 1, 1] => QQFieldElem[-1, 1, -2, 0],
	[15, 18, 22, 18, 13, 1, 1, 21, 1, 2] => QQFieldElem[1, 1, 0, 0],
	[15, 18, 22, 18, 14, 1, 1, 22, 1, 1] => QQFieldElem[-3//5, -1//5, -4//5, -2//5],
	[15, 18, 22, 18, 13, 1, 1, 22, 1, 2] => QQFieldElem[-3//11, -7//11, 6//11, -6//11],
	[15, 18, 22, 18, 22, 1, 1, 21, 1, 2] => QQFieldElem[3//4, 1//4, 1//4, 0],
	[15, 18, 22, 18, 21, 1, 2, 21, 1, 2] => QQFieldElem[-1, -1, -1//2, -3//2],
	[15, 18, 22, 18, 22, 1, 1, 22, 1, 2] => QQFieldElem[-151//220, 73//220, -83//220, 3//110],
	[15, 18, 22, 18, 21, 1, 2, 22, 1, 2] => QQFieldElem[-2//5, 1//5, -7//10, -1//10],
	[15, 18, 22, 18, 22, 1, 2, 15, 1, 1] => QQFieldElem[1//2, 0, 0, 0],
	[15, 18, 22, 18, 15, 1, 1, 21, 1, 1] => QQFieldElem[0, -1, 1, -1],
	[15, 18, 22, 18, 21, 1, 1, 15, 1, 1] => QQFieldElem[4//11, 3//22, 15//44, 2//11],
	[15, 18, 22, 18, 15, 1, 1, 22, 1, 1] => QQFieldElem[4//11, -9//11, 3//11, -3//11],
	[15, 18, 22, 18, 14, 1, 1, 15, 1, 1] => QQFieldElem[-15//22, -7//22, -1//22, -1//11],
	[15, 18, 22, 18, 22, 1, 2, 14, 1, 1] => QQFieldElem[-1//2, 1, -1, 1],
	[15, 18, 22, 18, 22, 1, 2, 13, 1, 1] => QQFieldElem[-3//2, -1, 0, -5//2])