Dict(
	[15, 16, 13, 14, 17, 1, 1, 11, 1, 1] => QQFieldElem[3//10, 3//10, 0, 2//5],
	[15, 16, 13, 14, 2, 1, 1, 17, 1, 1] => QQFieldElem[-3//5, 0, -1//5, -1//5],
	[15, 16, 13, 14, 3, 1, 1, 20, 1, 1] => QQFieldElem[-2//5, 0, 0, 0],
	[15, 16, 13, 14, 2, 1, 1, 11, 1, 1] => QQFieldElem[3//10, 3//10, 0, 2//5],
	[15, 16, 13, 14, 4, 1, 1, 20, 1, 1] => QQFieldElem[8//5, 0, 4//5, 4//5],
	[15, 16, 13, 14, 18, 1, 1, 20, 1, 1] => QQFieldElem[-2//5, 0, 0, 0],
	[15, 16, 13, 14, 17, 1, 1, 19, 1, 1] => QQFieldElem[0, 0, 0, 0],
	[15, 16, 13, 14, 17, 1, 1, 12, 1, 1] => QQFieldElem[-3//5, 0, -1//5, -1//5],
	[15, 16, 13, 14, 3, 1, 1, 17, 1, 1] => QQFieldElem[-8//5, 0, -6//5, -6//5],
	[15, 16, 13, 14, 4, 1, 1, 17, 1, 1] => QQFieldElem[14//5, 0, 8//5, 8//5],
	[15, 16, 13, 14, 18, 1, 1, 17, 1, 1] => QQFieldElem[-3//5, 0, -1//5, -1//5],
	[15, 16, 13, 14, 2, 1, 1, 19, 1, 1] => QQFieldElem[0, 0, -1, -1],
	[15, 16, 13, 14, 2, 1, 1, 12, 1, 1] => QQFieldElem[-3//5, 0, -1//5, -1//5],
	[15, 16, 13, 14, 3, 1, 1, 11, 1, 1] => QQFieldElem[4//5, 4//5, 0, 7//5],
	[15, 16, 13, 14, 4, 1, 1, 11, 1, 1] => QQFieldElem[-2//5, -2//5, 0, -7//10],
	[15, 16, 13, 14, 18, 1, 1, 11, 1, 1] => QQFieldElem[3//10, 3//10, 0, 2//5],
	[15, 16, 13, 14, 17, 1, 1, 20, 1, 1] => QQFieldElem[-2//5, 0, 0, 0],
	[15, 16, 13, 14, 2, 1, 1, 20, 1, 1] => QQFieldElem[0, 0, -1//5, -1//5],
	[15, 16, 13, 14, 3, 1, 1, 19, 1, 1] => QQFieldElem[2, 0, 0, 0],
	[15, 16, 13, 14, 3, 1, 1, 12, 1, 1] => QQFieldElem[-8//5, 0, -6//5, -6//5],
	[15, 16, 13, 14, 4, 1, 1, 19, 1, 1] => QQFieldElem[0, 0, 0, 0],
	[15, 16, 13, 14, 4, 1, 1, 12, 1, 1] => QQFieldElem[14//5, 0, 8//5, 8//5],
	[15, 16, 13, 14, 18, 1, 1, 12, 1, 1] => QQFieldElem[-8//5, 0, -6//5, -6//5],
	[15, 16, 13, 14, 18, 1, 1, 19, 1, 1] => QQFieldElem[0, 0, 0, 0],
	[15, 16, 13, 14, 17, 1, 1, 17, 1, 1] => QQFieldElem[-8//5, 0, -6//5, -6//5])