Dict(
	[15, 4, 19, 22, 12, 1, 1, 14, 1, 1] => QQFieldElem[-1//8, 0, 0, -1//8],
	[15, 4, 19, 22, 19, 1, 1, 14, 1, 2] => QQFieldElem[-1//2, 1//4, 0, 1//4],
	[15, 4, 19, 22, 11, 1, 1, 14, 1, 2] => QQFieldElem[0, 0, 1//16, -1//16],
	[15, 4, 19, 22, 19, 1, 1, 10, 1, 1] => QQFieldElem[-1//16, -3//16, 1//16, -1//8],
	[15, 4, 19, 22, 7, 1, 1, 14, 1, 2] => QQFieldElem[0, 1//4, 3//16, 3//16],
	[15, 4, 19, 22, 11, 1, 1, 10, 1, 1] => QQFieldElem[-1//16, -1//16, -3//16, 0],
	[15, 4, 19, 22, 19, 2, 1, 14, 1, 2] => QQFieldElem[0, 0, 0, 0],
	[15, 4, 19, 22, 7, 1, 1, 10, 1, 1] => QQFieldElem[2, 0, 1, 1],
	[15, 4, 19, 22, 19, 2, 1, 10, 1, 1] => QQFieldElem[-1//8, 0, 0, -1//8],
	[15, 4, 19, 22, 12, 1, 1, 15, 1, 1] => QQFieldElem[19//55, -1//55, 1//11, 12//55],
	[15, 4, 19, 22, 19, 1, 1, 15, 1, 2] => QQFieldElem[3//44, 3//11, -5//44, -1//44],
	[15, 4, 19, 22, 11, 1, 1, 15, 1, 2] => QQFieldElem[1//110, -9//55, 13//110, -13//55],
	[15, 4, 19, 22, 7, 1, 1, 15, 1, 2] => QQFieldElem[-1//110, 9//55, -13//110, 13//55],
	[15, 4, 19, 22, 19, 2, 1, 15, 1, 2] => QQFieldElem[-1//110, 9//55, -13//110, 13//55],
	[15, 4, 19, 22, 19, 1, 1, 14, 1, 1] => QQFieldElem[1//2, -1//4, 0, -1//4],
	[15, 4, 19, 22, 11, 1, 1, 14, 1, 1] => QQFieldElem[1//8, 0, 0, 1//8],
	[15, 4, 19, 22, 7, 1, 1, 14, 1, 1] => QQFieldElem[2, 0, 1, 1],
	[15, 4, 19, 22, 19, 2, 1, 14, 1, 1] => QQFieldElem[0, 0, 0, -1],
	[15, 4, 19, 22, 12, 1, 1, 14, 1, 2] => QQFieldElem[-8, -4, -4, -8],
	[15, 4, 19, 22, 12, 1, 1, 10, 1, 1] => QQFieldElem[1//8, 0, 0, 1//8],
	[15, 4, 19, 22, 19, 1, 1, 15, 1, 1] => QQFieldElem[19//44, -3//11, 5//44, 1//44],
	[15, 4, 19, 22, 11, 1, 1, 15, 1, 1] => QQFieldElem[19//55, -1//55, 1//11, 12//55],
	[15, 4, 19, 22, 7, 1, 1, 15, 1, 1] => QQFieldElem[208//55, -48//55, 152//55, 48//55],
	[15, 4, 19, 22, 19, 2, 1, 15, 1, 1] => QQFieldElem[-23//110, -13//55, 31//110, -31//55],
	[15, 4, 19, 22, 12, 1, 1, 15, 1, 2] => QQFieldElem[-332//55, -184//55, -136//55, -388//55])