Dict(
	[15, 19, 14, 11, 22, 1, 1, 21, 1, 1] => QQFieldElem[-3//4, 0, -1//4, -1//4],
	[15, 19, 14, 11, 13, 1, 1, 22, 2, 1] => QQFieldElem[-1//4, -1//4, 0, -1//2],
	[15, 19, 14, 11, 22, 1, 2, 22, 1, 1] => QQFieldElem[-1, -1, 1//2, -3//2],
	[15, 19, 14, 11, 21, 1, 2, 21, 1, 1] => QQFieldElem[31//110, 6//55, 13//110, 39//110],
	[15, 19, 14, 11, 22, 1, 2, 16, 1, 1] => QQFieldElem[3//2, -1//2, 1, 1//2],
	[15, 19, 14, 11, 22, 1, 1, 16, 1, 1] => QQFieldElem[1//2, 1//4, 1//2, 0],
	[15, 19, 14, 11, 21, 1, 1, 21, 1, 1] => QQFieldElem[1//11, -1//22, -1//11, -1//44],
	[15, 19, 14, 11, 22, 1, 1, 22, 1, 1] => QQFieldElem[-3//4, 1//2, -3//4, -1//4],
	[15, 19, 14, 11, 21, 1, 2, 22, 1, 1] => QQFieldElem[0, 0, 0, 0],
	[15, 19, 14, 11, 16, 1, 1, 21, 1, 1] => QQFieldElem[0, 0, 0, 0],
	[15, 19, 14, 11, 22, 1, 2, 21, 2, 1] => QQFieldElem[9//11, 1//11, 15//22, 23//22],
	[15, 19, 14, 11, 21, 1, 2, 16, 1, 1] => QQFieldElem[-1//2, -1//2, 0, -1//2],
	[15, 19, 14, 11, 22, 1, 1, 21, 2, 1] => QQFieldElem[7//44, 1//22, 15//44, 1//44],
	[15, 19, 14, 11, 21, 1, 1, 16, 1, 1] => QQFieldElem[-1//2, 1//4, -1//2, -1//2],
	[15, 19, 14, 11, 16, 1, 1, 22, 1, 1] => QQFieldElem[1//2, 0, 1//2, 1//4],
	[15, 19, 14, 11, 22, 1, 2, 22, 2, 1] => QQFieldElem[0, 0, 1//2, -1//2],
	[15, 19, 14, 11, 21, 1, 1, 22, 1, 1] => QQFieldElem[0, 0, 0, 0],
	[15, 19, 14, 11, 22, 1, 1, 22, 2, 1] => QQFieldElem[-3//4, 0, -1//4, -1//4],
	[15, 19, 14, 11, 21, 1, 2, 21, 2, 1] => QQFieldElem[1//11, -1//22, -1//11, 8//11],
	[15, 19, 14, 11, 21, 1, 1, 21, 2, 1] => QQFieldElem[-6//11, -5//22, -5//11, -4//11],
	[15, 19, 14, 11, 16, 1, 1, 16, 1, 1] => QQFieldElem[1//2, 1//2, 1//2, 1],
	[15, 19, 14, 11, 21, 1, 2, 22, 2, 1] => QQFieldElem[1, 1//2, 0, 1],
	[15, 19, 14, 11, 16, 1, 1, 21, 2, 1] => QQFieldElem[0, 0, 0, 0],
	[15, 19, 14, 11, 21, 1, 1, 22, 2, 1] => QQFieldElem[0, 1//2, 0, 1],
	[15, 19, 14, 11, 13, 1, 1, 13, 1, 1] => QQFieldElem[1//2, 1//2, 1//2, 1],
	[15, 19, 14, 11, 16, 1, 1, 22, 2, 1] => QQFieldElem[3//10, 3//5, -1//10, 7//10],
	[15, 19, 14, 11, 22, 1, 2, 13, 1, 1] => QQFieldElem[-1//2, -1//2, 0, -1//2],
	[15, 19, 14, 11, 13, 1, 1, 21, 1, 1] => QQFieldElem[-9//44, -1//44, -1//22, -3//22],
	[15, 19, 14, 11, 22, 1, 1, 13, 1, 1] => QQFieldElem[-1, 1//4, -1//2, 0],
	[15, 19, 14, 11, 13, 1, 1, 22, 1, 1] => QQFieldElem[3//20, 1//20, 1//5, 1//10],
	[15, 19, 14, 11, 21, 1, 2, 13, 1, 1] => QQFieldElem[3//2, -1//2, 1, 1//2],
	[15, 19, 14, 11, 13, 1, 1, 16, 1, 1] => QQFieldElem[-1//2, 1//2, -1//2, 0],
	[15, 19, 14, 11, 21, 1, 1, 13, 1, 1] => QQFieldElem[-1, -3//4, -1//2, -3//2],
	[15, 19, 14, 11, 16, 1, 1, 13, 1, 1] => QQFieldElem[-1//2, 1//2, -1//2, 0],
	[15, 19, 14, 11, 13, 1, 1, 21, 2, 1] => QQFieldElem[-9//220, -23//220, -1//110, -3//110],
	[15, 19, 14, 11, 22, 1, 2, 21, 1, 1] => QQFieldElem[0, 0, 1//2, -1//2])