Dict(
	[15, 11, 12, 21, 20, 1, 1, 13, 1, 1] => QQFieldElem[0, 1//2, -1//2, 0],
	[15, 11, 12, 21, 20, 1, 1, 21, 1, 1] => QQFieldElem[-1, 0, -1, -1//2],
	[15, 11, 12, 21, 20, 1, 1, 22, 1, 1] => QQFieldElem[0, 0, 1//2, -1//2],
	[15, 11, 12, 21, 20, 1, 1, 16, 1, 1] => QQFieldElem[0, 1, -1, 1],
	[15, 11, 12, 21, 5, 1, 1, 13, 1, 1] => QQFieldElem[1//2, 0, 1//2, 0],
	[15, 11, 12, 21, 19, 1, 1, 13, 1, 1] => QQFieldElem[1//2, 0, 1//2, 0],
	[15, 11, 12, 21, 19, 2, 1, 13, 1, 1] => QQFieldElem[-1, -1//2, -1//2, -1],
	[15, 11, 12, 21, 5, 1, 1, 21, 1, 1] => QQFieldElem[1, 0, 1//2, 1],
	[15, 11, 12, 21, 19, 1, 1, 21, 1, 1] => QQFieldElem[-1, 0, -1//2, -1],
	[15, 11, 12, 21, 5, 1, 1, 22, 1, 1] => QQFieldElem[0, 0, -1//2, 0],
	[15, 11, 12, 21, 5, 1, 1, 16, 1, 1] => QQFieldElem[3//5, -4//5, 4//5, -3//5],
	[15, 11, 12, 21, 19, 1, 1, 22, 1, 1] => QQFieldElem[0, 0, -1//2, 0],
	[15, 11, 12, 21, 19, 2, 1, 21, 1, 1] => QQFieldElem[1, 1, 0, 3//2],
	[15, 11, 12, 21, 19, 1, 1, 16, 1, 1] => QQFieldElem[-3//5, 4//5, -4//5, 3//5],
	[15, 11, 12, 21, 19, 2, 1, 22, 1, 1] => QQFieldElem[1, 0, 1//2, 1//2],
	[15, 11, 12, 21, 19, 2, 1, 16, 1, 1] => QQFieldElem[14//5, 3//5, 7//5, 11//5])