Dict(
	[15, 22, 6, 19, 13, 1, 1, 19, 2, 1] => QQFieldElem[4//5, 8//5, 2//5, 6//5],
	[15, 22, 6, 19, 21, 1, 1, 7, 1, 1] => QQFieldElem[2, 0, 1, 1],
	[15, 22, 6, 19, 22, 1, 1, 19, 1, 1] => QQFieldElem[4//5, -2//5, 7//5, 6//5],
	[15, 22, 6, 19, 22, 1, 1, 12, 1, 1] => QQFieldElem[1, 1//2, 1, 0],
	[15, 22, 6, 19, 21, 2, 1, 7, 1, 1] => QQFieldElem[0, -1, 1, -1],
	[15, 22, 6, 19, 22, 2, 1, 19, 1, 1] => QQFieldElem[1//5, -3//5, 3//5, -6//5],
	[15, 22, 6, 19, 21, 1, 1, 19, 1, 1] => QQFieldElem[-4//5, -8//5, -2//5, 4//5],
	[15, 22, 6, 19, 21, 1, 1, 12, 1, 1] => QQFieldElem[2, 0, 1, 2],
	[15, 22, 6, 19, 22, 2, 1, 12, 1, 1] => QQFieldElem[2, 1, 2, 0],
	[15, 22, 6, 19, 21, 2, 1, 19, 1, 1] => QQFieldElem[0, -1, 0, 0],
	[15, 22, 6, 19, 22, 1, 1, 19, 2, 1] => QQFieldElem[0, 1//2, 1, 0],
	[15, 22, 6, 19, 21, 2, 1, 12, 1, 1] => QQFieldElem[1, -1, 1, 0],
	[15, 22, 6, 19, 22, 2, 1, 19, 2, 1] => QQFieldElem[0, -1, 2, 0],
	[15, 22, 6, 19, 21, 1, 1, 19, 2, 1] => QQFieldElem[0, -2, -2, 0],
	[15, 22, 6, 19, 13, 1, 1, 11, 1, 1] => QQFieldElem[-8//5, -6//5, -4//5, -12//5],
	[15, 22, 6, 19, 21, 2, 1, 19, 2, 1] => QQFieldElem[-4//5, -3//5, -7//5, -1//5],
	[15, 22, 6, 19, 13, 1, 1, 7, 1, 1] => QQFieldElem[-1, 0, -1, 0],
	[15, 22, 6, 19, 22, 1, 1, 11, 1, 1] => QQFieldElem[0, -1, 0, 0],
	[15, 22, 6, 19, 13, 1, 1, 12, 1, 1] => QQFieldElem[-2, 1, -1, -1],
	[15, 22, 6, 19, 13, 1, 1, 19, 1, 1] => QQFieldElem[-4//5, 2//5, 8//5, 4//5],
	[15, 22, 6, 19, 22, 2, 1, 11, 1, 1] => QQFieldElem[0, -2, -2, 0],
	[15, 22, 6, 19, 21, 1, 1, 11, 1, 1] => QQFieldElem[4//5, 8//5, 2//5, 6//5],
	[15, 22, 6, 19, 22, 1, 1, 7, 1, 1] => QQFieldElem[0, 0, 1//2, -1//2],
	[15, 22, 6, 19, 22, 2, 1, 7, 1, 1] => QQFieldElem[1, -1, 1, -1],
	[15, 22, 6, 19, 21, 2, 1, 11, 1, 1] => QQFieldElem[12//5, 4//5, 6//5, 8//5])