Dict(
	[15, 19, 22, 8, 15, 1, 2, 13, 1, 1] => QQFieldElem[-3//2, 1//2, -1, -1//2],
	[15, 19, 22, 8, 15, 1, 1, 13, 1, 1] => QQFieldElem[1//2, 1, 1//4, 3//4],
	[15, 19, 22, 8, 10, 1, 1, 16, 1, 1] => QQFieldElem[0, -1, 0, -1],
	[15, 19, 22, 8, 9, 1, 1, 21, 2, 1] => QQFieldElem[0, 0, 0, -1],
	[15, 19, 22, 8, 9, 1, 1, 22, 2, 1] => QQFieldElem[4//5, -2//5, 2//5, 1//5],
	[15, 19, 22, 8, 10, 1, 1, 21, 2, 1] => QQFieldElem[4//5, 3//5, 2//5, 6//5],
	[15, 19, 22, 8, 10, 1, 1, 22, 2, 1] => QQFieldElem[0, 1, 0, 0],
	[15, 19, 22, 8, 15, 1, 2, 21, 1, 1] => QQFieldElem[23//10, 1//10, 7//5, 17//10],
	[15, 19, 22, 8, 15, 1, 1, 21, 1, 1] => QQFieldElem[-3//4, -5//4, 1//4, -3//2],
	[15, 19, 22, 8, 14, 1, 2, 13, 1, 1] => QQFieldElem[-1//2, -1//2, 0, -1//2],
	[15, 19, 22, 8, 14, 1, 1, 13, 1, 1] => QQFieldElem[0, 0, -1//4, 1//4],
	[15, 19, 22, 8, 15, 1, 2, 22, 1, 1] => QQFieldElem[1//2, 1//2, 0, 1//2],
	[15, 19, 22, 8, 15, 1, 1, 22, 1, 1] => QQFieldElem[1//4, 1//4, 3//4, 0],
	[15, 19, 22, 8, 15, 1, 2, 16, 1, 1] => QQFieldElem[-1//2, 0, -1//2, -1//2],
	[15, 19, 22, 8, 15, 1, 1, 16, 1, 1] => QQFieldElem[-1//2, -1//4, 1//4, -3//4],
	[15, 19, 22, 8, 15, 1, 2, 21, 2, 1] => QQFieldElem[1//2, 1//2, 0, 1//2],
	[15, 19, 22, 8, 15, 1, 1, 21, 2, 1] => QQFieldElem[-3//4, -1//4, -1//4, 0],
	[15, 19, 22, 8, 9, 1, 1, 13, 1, 1] => QQFieldElem[1, 0, 1, 1],
	[15, 19, 22, 8, 15, 1, 2, 22, 2, 1] => QQFieldElem[23//10, 1//10, 7//5, 17//10],
	[15, 19, 22, 8, 15, 1, 1, 22, 2, 1] => QQFieldElem[1//4, -3//4, 1//4, -1//2],
	[15, 19, 22, 8, 14, 1, 2, 21, 1, 1] => QQFieldElem[0, -1, 0, 0],
	[15, 19, 22, 8, 10, 1, 1, 13, 1, 1] => QQFieldElem[0, 0, 0, 0],
	[15, 19, 22, 8, 14, 1, 1, 21, 1, 1] => QQFieldElem[-1//2, -1//2, -1//2, -1],
	[15, 19, 22, 8, 14, 1, 2, 22, 1, 1] => QQFieldElem[-4//5, -3//5, -2//5, -6//5],
	[15, 19, 22, 8, 14, 1, 2, 16, 1, 1] => QQFieldElem[1//2, 1, -1//2, 3//2],
	[15, 19, 22, 8, 14, 1, 1, 22, 1, 1] => QQFieldElem[-1//2, 1//2, -1//2, 0],
	[15, 19, 22, 8, 14, 1, 1, 16, 1, 1] => QQFieldElem[3//2, 1//4, 5//4, 3//4],
	[15, 19, 22, 8, 9, 1, 1, 21, 1, 1] => QQFieldElem[-4//5, 2//5, -2//5, -1//5],
	[15, 19, 22, 8, 14, 1, 2, 21, 2, 1] => QQFieldElem[-3//2, -1//2, -1//2, -1],
	[15, 19, 22, 8, 14, 1, 1, 21, 2, 1] => QQFieldElem[-3//10, -1//10, 1//10, -1//5],
	[15, 19, 22, 8, 9, 1, 1, 22, 1, 1] => QQFieldElem[0, 0, 0, 1],
	[15, 19, 22, 8, 10, 1, 1, 21, 1, 1] => QQFieldElem[1//2, -1//2, 1//2, 0],
	[15, 19, 22, 8, 9, 1, 1, 16, 1, 1] => QQFieldElem[0, 0, 0, 0],
	[15, 19, 22, 8, 14, 1, 1, 22, 2, 1] => QQFieldElem[-3//2, -1//2, -1//2, -1],
	[15, 19, 22, 8, 14, 1, 2, 22, 2, 1] => QQFieldElem[-3//10, -1//10, 1//10, -1//5],
	[15, 19, 22, 8, 10, 1, 1, 22, 1, 1] => QQFieldElem[1//2, 1//2, 1//2, 1])