Dict(
	[15, 15, 11, 20, 16, 1, 1, 20, 1, 1] => QQFieldElem[1, 1//2, 1//2, 1//2],
	[15, 15, 11, 20, 22, 1, 1, 18, 1, 1] => QQFieldElem[-1//5, -2//5, 2//5, 1//5],
	[15, 15, 11, 20, 22, 1, 1, 17, 1, 1] => QQFieldElem[3//5, 1//5, 4//5, 2//5],
	[15, 15, 11, 20, 13, 1, 1, 5, 1, 1] => QQFieldElem[4, 0, 0, 4],
	[15, 15, 11, 20, 21, 1, 1, 18, 1, 1] => QQFieldElem[0, -1//2, -1//2, -1//2],
	[15, 15, 11, 20, 16, 1, 1, 18, 1, 1] => QQFieldElem[1, 1//2, 1//2, 1//2],
	[15, 15, 11, 20, 21, 1, 1, 17, 1, 1] => QQFieldElem[1//2, -1//2, 1//2, 0],
	[15, 15, 11, 20, 16, 1, 1, 17, 1, 1] => QQFieldElem[1//2, 1//2, 1//2, 1],
	[15, 15, 11, 20, 22, 1, 1, 5, 1, 1] => QQFieldElem[-3//5, -1//5, -4//5, -2//5],
	[15, 15, 11, 20, 21, 1, 1, 5, 1, 1] => QQFieldElem[1//2, -1//2, 1//2, 0],
	[15, 15, 11, 20, 13, 1, 1, 20, 1, 1] => QQFieldElem[0, 0, 4, 4],
	[15, 15, 11, 20, 16, 1, 1, 5, 1, 1] => QQFieldElem[1//2, 1//2, 1//2, 1],
	[15, 15, 11, 20, 13, 1, 1, 18, 1, 1] => QQFieldElem[0, 0, -4, -4],
	[15, 15, 11, 20, 13, 1, 1, 17, 1, 1] => QQFieldElem[-4, 0, 0, -4],
	[15, 15, 11, 20, 22, 1, 1, 20, 1, 1] => QQFieldElem[1//5, 2//5, -2//5, -1//5],
	[15, 15, 11, 20, 21, 1, 1, 20, 1, 1] => QQFieldElem[0, -1//2, -1//2, -1//2])