Dict(
	[15, 18, 12, 13, 18, 1, 1, 14, 1, 1] => QQFieldElem[2, 2, 0, 3],
	[15, 18, 12, 13, 20, 1, 1, 21, 1, 1] => QQFieldElem[1, 3//2, 0, 2],
	[15, 18, 12, 13, 12, 1, 1, 21, 1, 1] => QQFieldElem[1//2, -1, 1, -1//2],
	[15, 18, 12, 13, 19, 1, 1, 14, 1, 1] => QQFieldElem[-12//11, -10//11, -3//11, -17//11],
	[15, 18, 12, 13, 20, 1, 1, 22, 1, 1] => QQFieldElem[1, -1//2, 1//2, 0],
	[15, 18, 12, 13, 12, 1, 1, 22, 1, 1] => QQFieldElem[-1, -1//2, -1//2, -1//2],
	[15, 18, 12, 13, 18, 1, 1, 15, 1, 1] => QQFieldElem[-1, -1, -1//2, 1//2],
	[15, 18, 12, 13, 19, 1, 1, 15, 1, 1] => QQFieldElem[0, -1//2, -1//2, -1//2],
	[15, 18, 12, 13, 18, 1, 1, 21, 1, 1] => QQFieldElem[-1//2, 0, -1, -1//2],
	[15, 18, 12, 13, 19, 1, 1, 21, 1, 1] => QQFieldElem[0, -1//2, 0, 0],
	[15, 18, 12, 13, 18, 1, 1, 22, 1, 1] => QQFieldElem[1, 1//2, 1//2, 3//2],
	[15, 18, 12, 13, 19, 1, 1, 22, 1, 1] => QQFieldElem[-1, -1//2, -1//2, -1],
	[15, 18, 12, 13, 20, 1, 1, 14, 1, 1] => QQFieldElem[2, 0, 1, 1],
	[15, 18, 12, 13, 12, 1, 1, 14, 1, 1] => QQFieldElem[-16//11, -6//11, -4//11, -19//11],
	[15, 18, 12, 13, 20, 1, 1, 15, 1, 1] => QQFieldElem[1, 1//2, 1//2, 3//2],
	[15, 18, 12, 13, 12, 1, 1, 15, 1, 1] => QQFieldElem[0, 0, 1//2, -1//2])