Dict(
	[16, 21, 15, 10, 7, 1, 1, 8, 1, 1] => QQFieldElem[0, 0, 0, 0],
	[16, 21, 15, 10, 19, 1, 2, 20, 2, 1] => QQFieldElem[0, 0, 0, -1],
	[16, 21, 15, 10, 19, 1, 1, 20, 2, 1] => QQFieldElem[1, 0, 1//2, 0],
	[16, 21, 15, 10, 7, 1, 1, 18, 1, 1] => QQFieldElem[1//5, -3//5, -2//5, -1//5],
	[16, 21, 15, 10, 7, 1, 1, 20, 2, 1] => QQFieldElem[-1//10, -1//10, 0, 1//5],
	[16, 21, 15, 10, 18, 1, 1, 20, 1, 1] => QQFieldElem[-1//4, 0, 0, 0],
	[16, 21, 15, 10, 19, 1, 2, 20, 1, 1] => QQFieldElem[1//5, 2//5, -2//5, -1//5],
	[16, 21, 15, 10, 19, 1, 1, 20, 1, 1] => QQFieldElem[4//5, 3//5, 7//5, 1//5],
	[16, 21, 15, 10, 18, 1, 1, 8, 1, 1] => QQFieldElem[-2//5, 1//5, -1//5, -3//5],
	[16, 21, 15, 10, 7, 1, 1, 20, 1, 1] => QQFieldElem[-1//5, -1//10, -1//5, 0],
	[16, 21, 15, 10, 18, 1, 1, 18, 1, 1] => QQFieldElem[0, 0, 0, 0],
	[16, 21, 15, 10, 19, 1, 2, 8, 1, 1] => QQFieldElem[2//5, -1//5, 1//5, 3//5],
	[16, 21, 15, 10, 19, 1, 1, 8, 1, 1] => QQFieldElem[1//2, 0, 1//2, 1//2],
	[16, 21, 15, 10, 19, 1, 2, 18, 1, 1] => QQFieldElem[-1//5, -2//5, 2//5, -4//5],
	[16, 21, 15, 10, 18, 1, 1, 20, 2, 1] => QQFieldElem[-1//10, -1//10, 0, 1//5],
	[16, 21, 15, 10, 19, 1, 1, 18, 1, 1] => QQFieldElem[3//2, 1//2, 1, 1])