Dict(
	[16, 22, 19, 19, 16, 1, 1, 8, 1, 2] => QQFieldElem[1, 1//2, 0, 1],
	[16, 22, 19, 19, 15, 1, 2, 20, 1, 1] => QQFieldElem[0, 0, 1//4, 0],
	[16, 22, 19, 19, 9, 1, 1, 4, 1, 1] => QQFieldElem[2, 0, 1, 2],
	[16, 22, 19, 19, 21, 1, 1, 20, 2, 2] => QQFieldElem[0, 1, 0, 1],
	[16, 22, 19, 19, 14, 1, 2, 8, 1, 2] => QQFieldElem[3//4, 0, 1//4, 1//4],
	[16, 22, 19, 19, 15, 1, 1, 8, 1, 1] => QQFieldElem[0, 0, 2, -2],
	[16, 22, 19, 19, 14, 1, 1, 20, 2, 2] => QQFieldElem[-3//4, 0, 0, -1//2],
	[16, 22, 19, 19, 15, 1, 1, 18, 1, 1] => QQFieldElem[1//22, 5//22, -13//44, 4//11],
	[16, 22, 19, 19, 15, 1, 2, 20, 2, 1] => QQFieldElem[0, 0, 1//2, 1//2],
	[16, 22, 19, 19, 13, 1, 1, 11, 1, 1] => QQFieldElem[-14//5, 2//5, -12//5, -6//5],
	[16, 22, 19, 19, 9, 1, 1, 8, 1, 2] => QQFieldElem[0, 1//2, -1//2, 0],
	[16, 22, 19, 19, 15, 1, 1, 17, 1, 1] => QQFieldElem[-9//22, -1//22, -1//11, -3//11],
	[16, 22, 19, 19, 10, 1, 1, 12, 1, 1] => QQFieldElem[0, 0, 1//2, -1//2],
	[16, 22, 19, 19, 15, 1, 2, 4, 1, 1] => QQFieldElem[1//2, 0, 3//4, 0],
	[16, 22, 19, 19, 22, 1, 1, 11, 1, 1] => QQFieldElem[8, 4, 4, 8],
	[16, 22, 19, 19, 13, 1, 1, 19, 1, 1] => QQFieldElem[-1, 0, 0, 0],
	[16, 22, 19, 19, 21, 1, 2, 11, 1, 1] => QQFieldElem[0, 0, 0, 0],
	[16, 22, 19, 19, 15, 1, 1, 20, 1, 2] => QQFieldElem[0, 0, 0, 0],
	[16, 22, 19, 19, 10, 1, 1, 20, 1, 1] => QQFieldElem[4//5, 3//5, 2//5, 1//5],
	[16, 22, 19, 19, 16, 1, 1, 11, 1, 1] => QQFieldElem[14//5, -2//5, 12//5, 6//5],
	[16, 22, 19, 19, 15, 1, 2, 8, 1, 2] => QQFieldElem[-1//2, -1, -1//2, -1//2],
	[16, 22, 19, 19, 14, 1, 2, 11, 1, 1] => QQFieldElem[-1, -1, 0, -2],
	[16, 22, 19, 19, 22, 1, 2, 12, 1, 1] => QQFieldElem[0, 0, 0, 0],
	[16, 22, 19, 19, 22, 1, 1, 19, 1, 1] => QQFieldElem[-2, -4, -2, -2],
	[16, 22, 19, 19, 15, 1, 1, 20, 2, 2] => QQFieldElem[-4//5, 2//5, -2//5, -6//5],
	[16, 22, 19, 19, 10, 1, 1, 20, 2, 1] => QQFieldElem[0, 0, 0, 0],
	[16, 22, 19, 19, 21, 1, 2, 19, 1, 1] => QQFieldElem[0, -1//4, 1//4, 0],
	[16, 22, 19, 19, 9, 1, 1, 11, 1, 1] => QQFieldElem[-2, -2, 0, -4],
	[16, 22, 19, 19, 13, 1, 1, 8, 1, 1] => QQFieldElem[0, 1//2, -1//2, 0],
	[16, 22, 19, 19, 16, 1, 1, 19, 1, 1] => QQFieldElem[2, 0, 1, 1],
	[16, 22, 19, 19, 21, 1, 1, 12, 1, 1] => QQFieldElem[0, 4, -2, 3],
	[16, 22, 19, 19, 13, 1, 1, 18, 1, 1] => QQFieldElem[-9//11, -1//11, -2//11, -6//11],
	[16, 22, 19, 19, 14, 1, 2, 19, 1, 1] => QQFieldElem[0, 0, 1//2, -1//2],
	[16, 22, 19, 19, 14, 1, 1, 12, 1, 1] => QQFieldElem[1, 1//2, 0, 1],
	[16, 22, 19, 19, 13, 1, 1, 17, 1, 1] => QQFieldElem[-2//55, -54//55, 24//55, -38//55],
	[16, 22, 19, 19, 10, 1, 1, 4, 1, 1] => QQFieldElem[1, 1//2, 1//2, 1//2],
	[16, 22, 19, 19, 22, 1, 2, 20, 1, 1] => QQFieldElem[1//4, 1//2, 1//2, 0],
	[16, 22, 19, 19, 21, 1, 1, 20, 1, 1] => QQFieldElem[2, 0, 2, -2],
	[16, 22, 19, 19, 9, 1, 1, 19, 1, 1] => QQFieldElem[0, 0, 1, -1],
	[16, 22, 19, 19, 22, 1, 1, 8, 1, 1] => QQFieldElem[-1, 1, 0, 0],
	[16, 22, 19, 19, 22, 1, 1, 18, 1, 1] => QQFieldElem[-10//11, -6//11, 10//11, -14//11],
	[16, 22, 19, 19, 22, 1, 2, 20, 2, 1] => QQFieldElem[1, 0, 1, 1],
	[16, 22, 19, 19, 21, 1, 2, 8, 1, 1] => QQFieldElem[-1//4, -1//2, -1//4, -1//4],
	[16, 22, 19, 19, 14, 1, 1, 20, 1, 1] => QQFieldElem[-1, -2, -1, -1],
	[16, 22, 19, 19, 10, 1, 1, 8, 1, 2] => QQFieldElem[-1//2, -1, 0, -1],
	[16, 22, 19, 19, 22, 1, 1, 17, 1, 1] => QQFieldElem[24//11, -12//11, 20//11, 16//11],
	[16, 22, 19, 19, 16, 1, 1, 8, 1, 1] => QQFieldElem[-1, 0, 0, 0],
	[16, 22, 19, 19, 15, 1, 2, 11, 1, 1] => QQFieldElem[3//2, 1//2, 1, 1],
	[16, 22, 19, 19, 13, 1, 1, 20, 1, 2] => QQFieldElem[16//5, -8//5, -12//5, -16//5],
	[16, 22, 19, 19, 16, 1, 1, 18, 1, 1] => QQFieldElem[20//11, 1//11, 13//11, 17//11],
	[16, 22, 19, 19, 21, 1, 2, 17, 1, 1] => QQFieldElem[0, 0, 0, 0],
	[16, 22, 19, 19, 21, 1, 1, 20, 2, 1] => QQFieldElem[8, 8, 4, 8],
	[16, 22, 19, 19, 14, 1, 2, 18, 1, 1] => QQFieldElem[-1//11, -5//11, 1//11, -5//22],
	[16, 22, 19, 19, 14, 1, 2, 8, 1, 1] => QQFieldElem[-2, -1, -1, -2],
	[16, 22, 19, 19, 21, 1, 2, 18, 1, 1] => QQFieldElem[1//4, -1//2, 1//4, 0],
	[16, 22, 19, 19, 16, 1, 1, 17, 1, 1] => QQFieldElem[2//55, 54//55, -24//55, 38//55],
	[16, 22, 19, 19, 22, 1, 2, 4, 1, 1] => QQFieldElem[0, 0, 0, 0],
	[16, 22, 19, 19, 14, 1, 1, 20, 2, 1] => QQFieldElem[-4//5, -3//5, -2//5, -1//5],
	[16, 22, 19, 19, 14, 1, 2, 17, 1, 1] => QQFieldElem[9//11, 1//11, 2//11, 6//11],
	[16, 22, 19, 19, 13, 1, 1, 20, 2, 2] => QQFieldElem[3//5, 1//5, -1//5, -3//5],
	[16, 22, 19, 19, 9, 1, 1, 8, 1, 1] => QQFieldElem[-1, 1, -1, 1],
	[16, 22, 19, 19, 15, 1, 2, 19, 1, 1] => QQFieldElem[-5//4, -1//2, -3//4, -5//4],
	[16, 22, 19, 19, 21, 1, 1, 4, 1, 1] => QQFieldElem[0, 2, -1, 4],
	[16, 22, 19, 19, 22, 1, 1, 20, 1, 2] => QQFieldElem[-3, 1, -1, -2],
	[16, 22, 19, 19, 15, 1, 1, 12, 1, 1] => QQFieldElem[-1//2, 0, -1//4, -1//2],
	[16, 22, 19, 19, 9, 1, 1, 18, 1, 1] => QQFieldElem[-2//11, -10//11, 13//11, -16//11],
	[16, 22, 19, 19, 21, 1, 2, 20, 1, 2] => QQFieldElem[1//2, -1//2, 0, 0],
	[16, 22, 19, 19, 9, 1, 1, 17, 1, 1] => QQFieldElem[18//11, 2//11, 4//11, 12//11],
	[16, 22, 19, 19, 22, 1, 2, 8, 1, 2] => QQFieldElem[0, 1//2, 0, -1//2],
	[16, 22, 19, 19, 14, 1, 1, 4, 1, 1] => QQFieldElem[-1, 0, -1, -1//2],
	[16, 22, 19, 19, 16, 1, 1, 20, 1, 2] => QQFieldElem[0, 0, 0, 0],
	[16, 22, 19, 19, 14, 1, 2, 20, 1, 2] => QQFieldElem[-1//4, -1//2, -1//2, 0],
	[16, 22, 19, 19, 22, 1, 1, 20, 2, 2] => QQFieldElem[4, 0, 6, 0],
	[16, 22, 19, 19, 21, 1, 1, 8, 1, 2] => QQFieldElem[5//4, 1//2, 3//4, 5//4],
	[16, 22, 19, 19, 21, 1, 2, 20, 2, 2] => QQFieldElem[-1//2, 1, -1, 1//2],
	[16, 22, 19, 19, 15, 1, 1, 20, 1, 1] => QQFieldElem[1, 1, 1, 0],
	[16, 22, 19, 19, 10, 1, 1, 11, 1, 1] => QQFieldElem[0, 0, 0, 0],
	[16, 22, 19, 19, 14, 1, 1, 8, 1, 2] => QQFieldElem[5, 1, 1, 3],
	[16, 22, 19, 19, 16, 1, 1, 20, 2, 2] => QQFieldElem[0, 0, 0, 0],
	[16, 22, 19, 19, 15, 1, 2, 8, 1, 1] => QQFieldElem[0, 0, 0, 0],
	[16, 22, 19, 19, 9, 1, 1, 20, 1, 2] => QQFieldElem[0, 2//5, 6//5, 2//5],
	[16, 22, 19, 19, 14, 1, 2, 20, 2, 2] => QQFieldElem[1, 0, 1, 1],
	[16, 22, 19, 19, 15, 1, 2, 18, 1, 1] => QQFieldElem[-15//22, -9//22, -25//44, -21//22],
	[16, 22, 19, 19, 15, 1, 1, 20, 2, 1] => QQFieldElem[0, 0, 2, 0],
	[16, 22, 19, 19, 15, 1, 2, 17, 1, 1] => QQFieldElem[3//22, -7//22, 4//11, 1//11],
	[16, 22, 19, 19, 10, 1, 1, 19, 1, 1] => QQFieldElem[-1//2, -1, -1//2, -1//2],
	[16, 22, 19, 19, 9, 1, 1, 20, 2, 2] => QQFieldElem[3//5, 1//5, 4//5, 2//5],
	[16, 22, 19, 19, 22, 1, 2, 11, 1, 1] => QQFieldElem[0, 0, 0, 0],
	[16, 22, 19, 19, 15, 1, 1, 4, 1, 1] => QQFieldElem[-1//2, 0, -1//4, -1//2],
	[16, 22, 19, 19, 13, 1, 1, 12, 1, 1] => QQFieldElem[1, 1, 0, 2],
	[16, 22, 19, 19, 15, 1, 2, 20, 1, 2] => QQFieldElem[0, 0, -1, 0],
	[16, 22, 19, 19, 21, 1, 1, 11, 1, 1] => QQFieldElem[-6, 0, -4, -4],
	[16, 22, 19, 19, 15, 1, 1, 8, 1, 2] => QQFieldElem[0, 0, 1, -1],
	[16, 22, 19, 19, 10, 1, 1, 8, 1, 1] => QQFieldElem[1, 0, 0, 1],
	[16, 22, 19, 19, 14, 1, 1, 11, 1, 1] => QQFieldElem[0, 0, 0, 0],
	[16, 22, 19, 19, 22, 1, 2, 19, 1, 1] => QQFieldElem[0, -1//2, 0, 1//2],
	[16, 22, 19, 19, 15, 1, 2, 20, 2, 2] => QQFieldElem[-1, -1, 0, -2],
	[16, 22, 19, 19, 22, 1, 1, 12, 1, 1] => QQFieldElem[2, -2, 2, -2],
	[16, 22, 19, 19, 13, 1, 1, 20, 1, 1] => QQFieldElem[-6//5, -12//5, -18//5, -14//5],
	[16, 22, 19, 19, 10, 1, 1, 18, 1, 1] => QQFieldElem[0, 0, 1//2, -1//2],
	[16, 22, 19, 19, 10, 1, 1, 17, 1, 1] => QQFieldElem[0, 0, 0, 0],
	[16, 22, 19, 19, 21, 1, 1, 19, 1, 1] => QQFieldElem[1, -1, 0, 0],
	[16, 22, 19, 19, 21, 1, 2, 12, 1, 1] => QQFieldElem[-1//4, 1//2, -1//4, 0],
	[16, 22, 19, 19, 16, 1, 1, 12, 1, 1] => QQFieldElem[0, -1, 1, -1],
	[16, 22, 19, 19, 14, 1, 2, 12, 1, 1] => QQFieldElem[-1, 0, -1, -1//2],
	[16, 22, 19, 19, 14, 1, 1, 19, 1, 1] => QQFieldElem[1, 1//2, 0, 1],
	[16, 22, 19, 19, 13, 1, 1, 20, 2, 1] => QQFieldElem[-1//10, -1//5, -3//10, -2//5],
	[16, 22, 19, 19, 22, 1, 1, 20, 1, 1] => QQFieldElem[-1, 0, -1//2, -1],
	[16, 22, 19, 19, 21, 1, 2, 20, 1, 1] => QQFieldElem[1//2, 0, 1//2, 0],
	[16, 22, 19, 19, 22, 1, 2, 8, 1, 1] => QQFieldElem[0, 1//4, -1//4, 0],
	[16, 22, 19, 19, 10, 1, 1, 20, 1, 2] => QQFieldElem[0, 0, 0, 0],
	[16, 22, 19, 19, 9, 1, 1, 12, 1, 1] => QQFieldElem[-2, 0, -1, -2],
	[16, 22, 19, 19, 22, 1, 2, 18, 1, 1] => QQFieldElem[0, 0, 0, 0],
	[16, 22, 19, 19, 16, 1, 1, 20, 1, 1] => QQFieldElem[0, -1, 0, -1],
	[16, 22, 19, 19, 13, 1, 1, 4, 1, 1] => QQFieldElem[0, -1, 0, -1],
	[16, 22, 19, 19, 14, 1, 2, 20, 1, 1] => QQFieldElem[-1//2, -1//2, 0, 0],
	[16, 22, 19, 19, 22, 1, 1, 20, 2, 1] => QQFieldElem[3//4, 0, 0, 1//2],
	[16, 22, 19, 19, 22, 1, 2, 17, 1, 1] => QQFieldElem[0, 0, 0, 0],
	[16, 22, 19, 19, 21, 1, 1, 8, 1, 1] => QQFieldElem[0, 0, 1//2, -1//2],
	[16, 22, 19, 19, 21, 1, 1, 18, 1, 1] => QQFieldElem[28//11, -14//11, 16//11, 15//11],
	[16, 22, 19, 19, 15, 1, 1, 11, 1, 1] => QQFieldElem[-1//2, -1//2, 0, -1],
	[16, 22, 19, 19, 21, 1, 2, 20, 2, 1] => QQFieldElem[1, 1, 1, 1],
	[16, 22, 19, 19, 10, 1, 1, 20, 2, 2] => QQFieldElem[0, 0, 0, 0],
	[16, 22, 19, 19, 14, 1, 1, 8, 1, 1] => QQFieldElem[-3//4, -3//4, -1//4, -3//4],
	[16, 22, 19, 19, 21, 1, 1, 17, 1, 1] => QQFieldElem[-10//11, 16//11, -12//11, 8//11],
	[16, 22, 19, 19, 16, 1, 1, 20, 2, 1] => QQFieldElem[0, 0, 0, 0],
	[16, 22, 19, 19, 14, 1, 1, 18, 1, 1] => QQFieldElem[1, 1//2, 0, 1],
	[16, 22, 19, 19, 9, 1, 1, 20, 1, 1] => QQFieldElem[0, 0, 0, 0],
	[16, 22, 19, 19, 14, 1, 2, 20, 2, 1] => QQFieldElem[1//2, 0, 0, 1//2],
	[16, 22, 19, 19, 13, 1, 1, 8, 1, 2] => QQFieldElem[-1//4, 1//4, -1//4, 1//4],
	[16, 22, 19, 19, 22, 1, 1, 4, 1, 1] => QQFieldElem[2, -2, 0, 0],
	[16, 22, 19, 19, 14, 1, 1, 17, 1, 1] => QQFieldElem[0, 0, 0, 0],
	[16, 22, 19, 19, 21, 1, 2, 4, 1, 1] => QQFieldElem[1//4, 1//4, 0, 3//4],
	[16, 22, 19, 19, 22, 1, 2, 20, 1, 2] => QQFieldElem[-1//2, 0, -1//4, -1//2],
	[16, 22, 19, 19, 15, 1, 2, 12, 1, 1] => QQFieldElem[1//2, 0, 3//4, 0],
	[16, 22, 19, 19, 15, 1, 1, 19, 1, 1] => QQFieldElem[1//4, 1//2, 1//4, 1//4],
	[16, 22, 19, 19, 16, 1, 1, 4, 1, 1] => QQFieldElem[0, 1, -1, 1],
	[16, 22, 19, 19, 9, 1, 1, 20, 2, 1] => QQFieldElem[2//5, 4//5, 1//5, -2//5],
	[16, 22, 19, 19, 14, 1, 2, 4, 1, 1] => QQFieldElem[1, 1//2, 1//2, 1//2],
	[16, 22, 19, 19, 21, 1, 1, 20, 1, 2] => QQFieldElem[-1, -2, -1, -1],
	[16, 22, 19, 19, 22, 1, 1, 8, 1, 2] => QQFieldElem[2, 4, 2, 2],
	[16, 22, 19, 19, 22, 1, 2, 20, 2, 2] => QQFieldElem[0, 0, 1//2, -1//2],
	[16, 22, 19, 19, 21, 1, 2, 8, 1, 2] => QQFieldElem[2, 0, 1, 1],
	[16, 22, 19, 19, 14, 1, 1, 20, 1, 2] => QQFieldElem[0, 0, 1//2, 0])