Dict(
	[16, 22, 8, 17, 21, 1, 1, 20, 2, 1] => QQFieldElem[0, 0, 0, 0],
	[16, 22, 8, 17, 21, 1, 1, 17, 1, 1] => QQFieldElem[-3//2, -1//2, -1//2, -1],
	[16, 22, 8, 17, 16, 1, 1, 20, 2, 1] => QQFieldElem[-6//11, -5//11, -7//11, -3//11],
	[16, 22, 8, 17, 16, 1, 1, 17, 1, 1] => QQFieldElem[0, 0, 0, 0],
	[16, 22, 8, 17, 13, 1, 1, 20, 1, 1] => QQFieldElem[0, 0, 0, 0],
	[16, 22, 8, 17, 13, 1, 1, 18, 1, 1] => QQFieldElem[0, 0, 0, 0],
	[16, 22, 8, 17, 13, 1, 1, 20, 2, 1] => QQFieldElem[1, 0, 1, 1],
	[16, 22, 8, 17, 13, 1, 1, 17, 1, 1] => QQFieldElem[1, 0, 1, 0],
	[16, 22, 8, 17, 22, 1, 1, 20, 1, 1] => QQFieldElem[-1//2, 0, 1//2, -1//2],
	[16, 22, 8, 17, 21, 1, 1, 20, 1, 1] => QQFieldElem[1, 0, 1, 1],
	[16, 22, 8, 17, 16, 1, 1, 20, 1, 1] => QQFieldElem[3//22, 4//11, 9//22, 7//22],
	[16, 22, 8, 17, 22, 1, 1, 18, 1, 1] => QQFieldElem[-4//5, 2//5, -2//5, -1//5],
	[16, 22, 8, 17, 22, 1, 1, 20, 2, 1] => QQFieldElem[0, 1, 1, 1],
	[16, 22, 8, 17, 22, 1, 1, 17, 1, 1] => QQFieldElem[0, 0, 0, 1],
	[16, 22, 8, 17, 21, 1, 1, 18, 1, 1] => QQFieldElem[3//10, 1//10, -1//10, 1//5],
	[16, 22, 8, 17, 16, 1, 1, 18, 1, 1] => QQFieldElem[9//5, -2//5, 7//5, 6//5])