Dict(
	[16, 15, 7, 20, 22, 2, 1, 11, 1, 1] => QQFieldElem[-2//5, -4//5, -6//5, -8//5],
	[16, 15, 7, 20, 21, 1, 1, 11, 1, 1] => QQFieldElem[2//5, 0, 4//5, 4//5],
	[16, 15, 7, 20, 21, 2, 1, 11, 1, 1] => QQFieldElem[4//5, -12//5, -8//5, -4//5],
	[16, 15, 7, 20, 22, 1, 1, 20, 1, 2] => QQFieldElem[2, 0, -2, 0],
	[16, 15, 7, 20, 22, 2, 1, 20, 1, 2] => QQFieldElem[2//5, -1//5, 1//5, 3//5],
	[16, 15, 7, 20, 22, 1, 1, 12, 1, 1] => QQFieldElem[-2, 0, 2, 0],
	[16, 15, 7, 20, 21, 1, 1, 20, 1, 2] => QQFieldElem[0, 0, 0, 0],
	[16, 15, 7, 20, 22, 2, 1, 12, 1, 1] => QQFieldElem[0, 1, 1, 1],
	[16, 15, 7, 20, 21, 2, 1, 20, 1, 2] => QQFieldElem[2//5, 4//5, 6//5, 8//5],
	[16, 15, 7, 20, 21, 1, 1, 12, 1, 1] => QQFieldElem[-2//5, -4//5, -1//5, -3//5],
	[16, 15, 7, 20, 21, 2, 1, 12, 1, 1] => QQFieldElem[0, 0, 2, -2],
	[16, 15, 7, 20, 22, 1, 1, 20, 1, 1] => QQFieldElem[-2//5, 0, 1//5, 1//5],
	[16, 15, 7, 20, 22, 2, 1, 20, 1, 1] => QQFieldElem[4//5, 8//5, 2//5, 6//5],
	[16, 15, 7, 20, 21, 1, 1, 20, 1, 1] => QQFieldElem[-2//5, 0, -4//5, -4//5],
	[16, 15, 7, 20, 21, 2, 1, 20, 1, 1] => QQFieldElem[4//5, -12//5, -8//5, -4//5],
	[16, 15, 7, 20, 22, 1, 1, 11, 1, 1] => QQFieldElem[0, 0, 0, 0])