Dict(
	[17, 12, 19, 12, 17, 1, 1, 20, 1, 1] => QQFieldElem[0, -1//8, 0, -1//8],
	[17, 12, 19, 12, 20, 1, 1, 20, 1, 1] => QQFieldElem[-1//4, 0, -1//4, -1//4],
	[17, 12, 19, 12, 17, 1, 1, 18, 1, 1] => QQFieldElem[3//40, -1//10, 1//10, -3//40],
	[17, 12, 19, 12, 18, 1, 1, 19, 1, 1] => QQFieldElem[0, 1//2, 0, 0],
	[17, 12, 19, 12, 17, 1, 1, 17, 1, 1] => QQFieldElem[-1//8, 0, 0, -1//8],
	[17, 12, 19, 12, 19, 1, 1, 19, 1, 1] => QQFieldElem[0, 0, 0, 0],
	[17, 12, 19, 12, 20, 1, 1, 18, 1, 1] => QQFieldElem[-3//10, -1//10, -3//20, -1//5],
	[17, 12, 19, 12, 20, 1, 1, 17, 1, 1] => QQFieldElem[0, 0, -1//4, 0],
	[17, 12, 19, 12, 18, 1, 1, 20, 1, 1] => QQFieldElem[0, -1//8, 0, 1//8],
	[17, 12, 19, 12, 19, 1, 1, 20, 1, 1] => QQFieldElem[0, 0, 0, 0],
	[17, 12, 19, 12, 17, 1, 1, 19, 1, 1] => QQFieldElem[-2//5, -3//10, -1//5, -3//5],
	[17, 12, 19, 12, 18, 1, 1, 18, 1, 1] => QQFieldElem[1//8, 0, 0, 1//8],
	[17, 12, 19, 12, 19, 1, 1, 18, 1, 1] => QQFieldElem[0, 0, 1//8, 0],
	[17, 12, 19, 12, 18, 1, 1, 17, 1, 1] => QQFieldElem[1//8, 0, 0, -1//8],
	[17, 12, 19, 12, 20, 1, 1, 19, 1, 1] => QQFieldElem[0, 0, 0, 0],
	[17, 12, 19, 12, 19, 1, 1, 17, 1, 1] => QQFieldElem[1//4, 1//4, 1//8, 0])