Dict(
	[17, 14, 22, 19, 19, 1, 1, 10, 1, 1] => QQFieldElem[1//4, 1//2, -1//4, 3//4],
	[17, 14, 22, 19, 12, 1, 1, 13, 1, 1] => QQFieldElem[3, 1//2, 3//2, 5//2],
	[17, 14, 22, 19, 20, 1, 1, 13, 1, 1] => QQFieldElem[3//2, -1//4, 1, 3//4],
	[17, 14, 22, 19, 7, 1, 1, 14, 1, 2] => QQFieldElem[2, 0, 2, 1],
	[17, 14, 22, 19, 11, 1, 1, 10, 1, 1] => QQFieldElem[1//2, 1//4, 0, 1//2],
	[17, 14, 22, 19, 19, 1, 1, 15, 1, 2] => QQFieldElem[0, 0, -1//4, 0],
	[17, 14, 22, 19, 11, 1, 1, 15, 1, 2] => QQFieldElem[-1//22, -3//11, -9//22, -1//11],
	[17, 14, 22, 19, 19, 1, 2, 14, 1, 1] => QQFieldElem[5, -1, 4, 2],
	[17, 14, 22, 19, 20, 2, 1, 21, 1, 1] => QQFieldElem[1//5, -2//5, 1//5, 0],
	[17, 14, 22, 19, 17, 1, 1, 10, 1, 1] => QQFieldElem[-1//2, -3//4, 0, -1],
	[17, 14, 22, 19, 19, 1, 2, 13, 1, 1] => QQFieldElem[0, 0, 0, 0],
	[17, 14, 22, 19, 20, 2, 1, 22, 1, 1] => QQFieldElem[1//2, -1//2, 1, -1//2],
	[17, 14, 22, 19, 18, 1, 1, 15, 1, 1] => QQFieldElem[0, 0, 0, 0],
	[17, 14, 22, 19, 5, 1, 1, 15, 1, 1] => QQFieldElem[16//11, 8//11, -32//11, 32//11],
	[17, 14, 22, 19, 17, 1, 1, 15, 1, 2] => QQFieldElem[5, 0, 3, 3],
	[17, 14, 22, 19, 20, 2, 1, 14, 1, 2] => QQFieldElem[-14, 1, -10, -7],
	[17, 14, 22, 19, 7, 1, 1, 15, 1, 1] => QQFieldElem[5//22, -3//22, 13//44, -1//22],
	[17, 14, 22, 19, 19, 1, 1, 21, 1, 1] => QQFieldElem[2//5, 9//5, -4//5, 21//10],
	[17, 14, 22, 19, 11, 1, 1, 21, 1, 1] => QQFieldElem[-3//5, 0, -1//5, -1//5],
	[17, 14, 22, 19, 19, 1, 1, 22, 1, 1] => QQFieldElem[-1//4, -1//4, -1//4, -1//2],
	[17, 14, 22, 19, 11, 1, 1, 22, 1, 1] => QQFieldElem[-1, -1//2, -1//2, -1],
	[17, 14, 22, 19, 20, 1, 1, 21, 1, 2] => QQFieldElem[-3//10, -29//10, 17//10, -3],
	[17, 14, 22, 19, 12, 1, 1, 21, 1, 2] => QQFieldElem[8//5, 0, 6//5, 6//5],
	[17, 14, 22, 19, 19, 1, 1, 14, 1, 2] => QQFieldElem[1, -1//2, 1, 0],
	[17, 14, 22, 19, 20, 1, 1, 22, 1, 2] => QQFieldElem[3//4, -1//2, 3//4, 1//4],
	[17, 14, 22, 19, 11, 1, 1, 14, 1, 2] => QQFieldElem[0, 0, 0, 0],
	[17, 14, 22, 19, 12, 1, 1, 22, 1, 2] => QQFieldElem[-4//5, 2//5, -2//5, -1//5],
	[17, 14, 22, 19, 17, 1, 1, 21, 1, 1] => QQFieldElem[-11//5, -8//5, -1//5, -3],
	[17, 14, 22, 19, 17, 1, 1, 22, 1, 1] => QQFieldElem[-7//2, -1, -3//2, -3],
	[17, 14, 22, 19, 20, 2, 1, 15, 1, 1] => QQFieldElem[1, 0, 1, 1],
	[17, 14, 22, 19, 18, 1, 1, 14, 1, 1] => QQFieldElem[-16, -16, 0, -24],
	[17, 14, 22, 19, 19, 1, 2, 21, 1, 2] => QQFieldElem[-3//5, 0, -1//5, -1//5],
	[17, 14, 22, 19, 5, 1, 1, 14, 1, 1] => QQFieldElem[-4, -4, 0, -8],
	[17, 14, 22, 19, 17, 1, 1, 14, 1, 2] => QQFieldElem[-4, 1, -5//2, -2],
	[17, 14, 22, 19, 18, 1, 1, 13, 1, 1] => QQFieldElem[0, -1//2, 1//2, -1//2],
	[17, 14, 22, 19, 19, 1, 2, 22, 1, 2] => QQFieldElem[0, 1//2, 0, 1//2],
	[17, 14, 22, 19, 5, 1, 1, 13, 1, 1] => QQFieldElem[0, -8, 4, -8],
	[17, 14, 22, 19, 7, 1, 1, 14, 1, 1] => QQFieldElem[-1//2, 0, -1//2, -1//4],
	[17, 14, 22, 19, 7, 1, 1, 13, 1, 1] => QQFieldElem[5, 2, 2, 5],
	[17, 14, 22, 19, 20, 1, 1, 10, 1, 1] => QQFieldElem[-5//4, -1, -1//4, -7//4],
	[17, 14, 22, 19, 12, 1, 1, 10, 1, 1] => QQFieldElem[-1//2, -1, 1//2, -3//2],
	[17, 14, 22, 19, 11, 1, 1, 15, 1, 1] => QQFieldElem[-3//11, -3//22, -9//44, -1//22],
	[17, 14, 22, 19, 19, 1, 1, 15, 1, 1] => QQFieldElem[-1//2, 0, -3//4, 0],
	[17, 14, 22, 19, 20, 1, 1, 15, 1, 2] => QQFieldElem[1//4, -1//2, 3//4, -1//2],
	[17, 14, 22, 19, 12, 1, 1, 15, 1, 2] => QQFieldElem[0, 0, 0, 0],
	[17, 14, 22, 19, 19, 1, 2, 10, 1, 1] => QQFieldElem[0, 0, 0, 0],
	[17, 14, 22, 19, 17, 1, 1, 15, 1, 1] => QQFieldElem[-3//4, 1//2, -3//4, 0],
	[17, 14, 22, 19, 20, 2, 1, 14, 1, 1] => QQFieldElem[0, 1, 0, 1],
	[17, 14, 22, 19, 20, 2, 1, 13, 1, 1] => QQFieldElem[-7, -2, -3, -6],
	[17, 14, 22, 19, 19, 1, 2, 15, 1, 2] => QQFieldElem[-1//2, 0, -1//2, 0],
	[17, 14, 22, 19, 18, 1, 1, 21, 1, 2] => QQFieldElem[36//5, -14//5, 6, 8//5],
	[17, 14, 22, 19, 5, 1, 1, 21, 1, 2] => QQFieldElem[-16//5, -16//5, 0, -28//5],
	[17, 14, 22, 19, 20, 1, 1, 21, 1, 1] => QQFieldElem[-3//10, 1//10, -3//10, 0],
	[17, 14, 22, 19, 12, 1, 1, 21, 1, 1] => QQFieldElem[3//5, 0, 1//5, 1//5],
	[17, 14, 22, 19, 18, 1, 1, 22, 1, 2] => QQFieldElem[3, -2, 3, 0],
	[17, 14, 22, 19, 19, 1, 1, 14, 1, 1] => QQFieldElem[0, 3//2, -1, 2],
	[17, 14, 22, 19, 20, 1, 1, 22, 1, 1] => QQFieldElem[-1//4, 0, -1//4, -1//4],
	[17, 14, 22, 19, 12, 1, 1, 22, 1, 1] => QQFieldElem[7//10, 2//5, 1//10, 4//5],
	[17, 14, 22, 19, 7, 1, 1, 21, 1, 2] => QQFieldElem[-22//5, -14//5, -6//5, -28//5],
	[17, 14, 22, 19, 5, 1, 1, 22, 1, 2] => QQFieldElem[-36//5, -22//5, -8//5, -44//5],
	[17, 14, 22, 19, 11, 1, 1, 14, 1, 1] => QQFieldElem[1//2, 0, 1//2, 1//4],
	[17, 14, 22, 19, 19, 1, 1, 13, 1, 1] => QQFieldElem[-1, -1//4, -1//2, -3//4],
	[17, 14, 22, 19, 7, 1, 1, 22, 1, 2] => QQFieldElem[-4, -2, -2, -4],
	[17, 14, 22, 19, 11, 1, 1, 13, 1, 1] => QQFieldElem[-3//4, 1//4, -1//2, -1//4],
	[17, 14, 22, 19, 20, 1, 1, 14, 1, 2] => QQFieldElem[1//2, -5//2, 3//2, -2],
	[17, 14, 22, 19, 12, 1, 1, 14, 1, 2] => QQFieldElem[0, 0, 1//2, 0],
	[17, 14, 22, 19, 19, 1, 2, 21, 1, 1] => QQFieldElem[17//5, -16//5, 21//5, -7//5],
	[17, 14, 22, 19, 17, 1, 1, 14, 1, 1] => QQFieldElem[3//4, -1//2, 3//4, 1//4],
	[17, 14, 22, 19, 19, 1, 2, 22, 1, 1] => QQFieldElem[1, -3//2, 1, -1//2],
	[17, 14, 22, 19, 17, 1, 1, 13, 1, 1] => QQFieldElem[7//4, 1//4, 1, 5//4],
	[17, 14, 22, 19, 19, 1, 2, 14, 1, 2] => QQFieldElem[-1, -1, 0, -2],
	[17, 14, 22, 19, 18, 1, 1, 10, 1, 1] => QQFieldElem[-1//2, 0, -1//2, -1//2],
	[17, 14, 22, 19, 5, 1, 1, 10, 1, 1] => QQFieldElem[-8, 0, -4, -4],
	[17, 14, 22, 19, 20, 2, 1, 21, 1, 2] => QQFieldElem[-51//5, 32//5, -51//5, 0],
	[17, 14, 22, 19, 20, 2, 1, 22, 1, 2] => QQFieldElem[-7//2, 7//2, -4, 3//2],
	[17, 14, 22, 19, 7, 1, 1, 10, 1, 1] => QQFieldElem[0, -3, 2, -3],
	[17, 14, 22, 19, 18, 1, 1, 15, 1, 2] => QQFieldElem[0, 0, 0, 0],
	[17, 14, 22, 19, 5, 1, 1, 15, 1, 2] => QQFieldElem[-34//11, -6//11, -20//11, -24//11],
	[17, 14, 22, 19, 20, 1, 1, 15, 1, 1] => QQFieldElem[1//4, 0, 1//4, 0],
	[17, 14, 22, 19, 12, 1, 1, 15, 1, 1] => QQFieldElem[3//44, -1//11, 5//44, 3//22],
	[17, 14, 22, 19, 7, 1, 1, 15, 1, 2] => QQFieldElem[-29//22, 1//11, -19//22, -7//11],
	[17, 14, 22, 19, 19, 1, 1, 21, 1, 2] => QQFieldElem[2//5, -2//5, 3//5, -1//10],
	[17, 14, 22, 19, 11, 1, 1, 21, 1, 2] => QQFieldElem[-6//5, 2//5, -6//5, 0],
	[17, 14, 22, 19, 19, 1, 1, 22, 1, 2] => QQFieldElem[1//4, -1//4, 1//4, 0],
	[17, 14, 22, 19, 11, 1, 1, 22, 1, 2] => QQFieldElem[0, 0, 0, 0],
	[17, 14, 22, 19, 19, 1, 2, 15, 1, 1] => QQFieldElem[-1//2, 0, 1//2, 0],
	[17, 14, 22, 19, 18, 1, 1, 21, 1, 1] => QQFieldElem[-112//5, -56//5, -32//5, -24],
	[17, 14, 22, 19, 20, 2, 1, 10, 1, 1] => QQFieldElem[1, 4, -2, 5],
	[17, 14, 22, 19, 5, 1, 1, 21, 1, 1] => QQFieldElem[-48//5, 16//5, -48//5, 0],
	[17, 14, 22, 19, 17, 1, 1, 21, 1, 2] => QQFieldElem[36//5, 28//5, 6//5, 10],
	[17, 14, 22, 19, 18, 1, 1, 22, 1, 1] => QQFieldElem[-8, -4, -4, -8],
	[17, 14, 22, 19, 5, 1, 1, 22, 1, 1] => QQFieldElem[-24//5, 32//5, -32//5, 24//5],
	[17, 14, 22, 19, 17, 1, 1, 22, 1, 2] => QQFieldElem[12, 6, 4, 13],
	[17, 14, 22, 19, 7, 1, 1, 21, 1, 1] => QQFieldElem[3//5, 6//5, -1//5, 7//5],
	[17, 14, 22, 19, 20, 2, 1, 15, 1, 2] => QQFieldElem[0, 0, 0, 0],
	[17, 14, 22, 19, 18, 1, 1, 14, 1, 2] => QQFieldElem[10, 0, 6, 6],
	[17, 14, 22, 19, 7, 1, 1, 22, 1, 1] => QQFieldElem[1, 1//2, 1//2, 1],
	[17, 14, 22, 19, 5, 1, 1, 14, 1, 2] => QQFieldElem[3, 0, 2, 2],
	[17, 14, 22, 19, 20, 1, 1, 14, 1, 1] => QQFieldElem[-1//2, 1//2, -1//2, 0],
	[17, 14, 22, 19, 12, 1, 1, 14, 1, 1] => QQFieldElem[-1//4, 0, -1//4, -1//4])