Dict(
	[17, 16, 20, 15, 22, 1, 1, 9, 1, 1] => QQFieldElem[-7, -1, -4, -5],
	[17, 16, 20, 15, 22, 1, 1, 22, 1, 1] => QQFieldElem[-69//11, -26//11, -49//22, -68//11],
	[17, 16, 20, 15, 21, 1, 2, 21, 1, 1] => QQFieldElem[26//11, 20//11, 7//11, 32//11],
	[17, 16, 20, 15, 21, 1, 1, 21, 1, 1] => QQFieldElem[64//55, 78//55, 2//55, 116//55],
	[17, 16, 20, 15, 14, 1, 1, 15, 1, 1] => QQFieldElem[-216//55, 128//55, -208//55, -64//55],
	[17, 16, 20, 15, 21, 1, 2, 9, 1, 1] => QQFieldElem[4, 0, 3, 3],
	[17, 16, 20, 15, 21, 1, 2, 22, 1, 1] => QQFieldElem[97//22, 17//11, 23//11, 83//22],
	[17, 16, 20, 15, 21, 1, 1, 9, 1, 1] => QQFieldElem[4, 1, 2, 3],
	[17, 16, 20, 15, 15, 1, 1, 22, 1, 1] => QQFieldElem[5//22, -4//11, 3//11, 7//22],
	[17, 16, 20, 15, 22, 1, 1, 16, 1, 1] => QQFieldElem[0, -2, 3//2, -2],
	[17, 16, 20, 15, 21, 1, 1, 16, 1, 1] => QQFieldElem[-2//11, 13//11, -6//11, 10//11],
	[17, 16, 20, 15, 21, 1, 2, 16, 1, 1] => QQFieldElem[1//22, 5//11, -4//11, 17//22],
	[17, 16, 20, 15, 22, 1, 2, 9, 1, 1] => QQFieldElem[0, 0, 0, 0],
	[17, 16, 20, 15, 14, 1, 1, 21, 1, 1] => QQFieldElem[40//11, -64//11, 48//11, -32//11],
	[17, 16, 20, 15, 22, 1, 2, 16, 1, 1] => QQFieldElem[1, 0, 1//2, 1],
	[17, 16, 20, 15, 14, 1, 1, 9, 1, 1] => QQFieldElem[-12, -12, 0, -16],
	[17, 16, 20, 15, 14, 1, 1, 22, 1, 1] => QQFieldElem[-32//11, -116//11, 32//11, -124//11],
	[17, 16, 20, 15, 21, 1, 1, 22, 1, 1] => QQFieldElem[32//11, 17//11, 12//11, 36//11],
	[17, 16, 20, 15, 14, 1, 1, 16, 1, 1] => QQFieldElem[40//11, 4//11, 32//11, 20//11],
	[17, 16, 20, 15, 15, 1, 1, 13, 1, 1] => QQFieldElem[0, 0, 0, 0],
	[17, 16, 20, 15, 22, 1, 2, 13, 1, 1] => QQFieldElem[0, 0, 0, 0],
	[17, 16, 20, 15, 22, 1, 1, 13, 1, 1] => QQFieldElem[7, 1, 4, 5],
	[17, 16, 20, 15, 15, 1, 1, 15, 1, 1] => QQFieldElem[18//55, 26//55, -1//55, 42//55],
	[17, 16, 20, 15, 21, 1, 2, 13, 1, 1] => QQFieldElem[-2, 0, -1, -1],
	[17, 16, 20, 15, 21, 1, 1, 13, 1, 1] => QQFieldElem[-4, -1, -2, -3],
	[17, 16, 20, 15, 22, 1, 2, 15, 1, 1] => QQFieldElem[-12//11, -10//11, -3//11, -17//11],
	[17, 16, 20, 15, 22, 1, 1, 15, 1, 1] => QQFieldElem[2, 4, -1, 5],
	[17, 16, 20, 15, 15, 1, 1, 21, 1, 1] => QQFieldElem[-10//11, -6//11, -1//11, -14//11],
	[17, 16, 20, 15, 21, 1, 2, 15, 1, 1] => QQFieldElem[-10//11, -12//11, 3//11, -16//11],
	[17, 16, 20, 15, 14, 1, 1, 13, 1, 1] => QQFieldElem[4, 4, 0, 8],
	[17, 16, 20, 15, 15, 1, 1, 9, 1, 1] => QQFieldElem[0, 0, 0, 0],
	[17, 16, 20, 15, 22, 1, 2, 21, 1, 1] => QQFieldElem[58//55, 26//55, 19//55, 57//55],
	[17, 16, 20, 15, 22, 1, 1, 21, 1, 1] => QQFieldElem[-32//11, -28//11, -1//11, -47//11],
	[17, 16, 20, 15, 15, 1, 1, 16, 1, 1] => QQFieldElem[-1//2, 0, 0, -1//2],
	[17, 16, 20, 15, 21, 1, 1, 15, 1, 1] => QQFieldElem[-4//11, -18//11, 10//11, -24//11],
	[17, 16, 20, 15, 22, 1, 2, 22, 1, 1] => QQFieldElem[-4//11, 2//11, -3//22, 1//11])