Dict(
	[17, 22, 15, 19, 7, 1, 1, 13, 1, 1] => QQFieldElem[1//2, 0, 1//2, 0],
	[17, 22, 15, 19, 19, 1, 2, 22, 2, 2] => QQFieldElem[-1//2, 1//2, -1, 1//2],
	[17, 22, 15, 19, 3, 1, 1, 16, 1, 1] => QQFieldElem[2, 1//2, 1, 2],
	[17, 22, 15, 19, 19, 1, 1, 16, 1, 1] => QQFieldElem[3//2, -1//2, 1, 1//2],
	[17, 22, 15, 19, 11, 1, 1, 16, 1, 1] => QQFieldElem[7//2, 7//2, 0, 11//2],
	[17, 22, 15, 19, 20, 2, 1, 13, 1, 1] => QQFieldElem[-4, -1, -2, -3],
	[17, 22, 15, 19, 17, 1, 1, 16, 1, 1] => QQFieldElem[0, 3, -1, 3],
	[17, 22, 15, 19, 18, 1, 1, 21, 1, 2] => QQFieldElem[-1, -2, -1//2, -3//2],
	[17, 22, 15, 19, 3, 1, 1, 13, 1, 1] => QQFieldElem[7//2, 1, 3//2, 3],
	[17, 22, 15, 19, 12, 1, 1, 21, 1, 1] => QQFieldElem[6, -5, 6, -2],
	[17, 22, 15, 19, 20, 1, 1, 21, 1, 1] => QQFieldElem[-13//11, -9//11, -1//22, -35//22],
	[17, 22, 15, 19, 18, 1, 1, 22, 1, 2] => QQFieldElem[0, 3, -2, 3],
	[17, 22, 15, 19, 20, 1, 1, 22, 1, 1] => QQFieldElem[-7, -4, -3//2, -15//2],
	[17, 22, 15, 19, 12, 1, 1, 22, 1, 1] => QQFieldElem[-66//5, -22//5, -28//5, -59//5],
	[17, 22, 15, 19, 7, 1, 1, 21, 1, 2] => QQFieldElem[0, -1//2, 0, 1//2],
	[17, 22, 15, 19, 19, 1, 1, 13, 1, 1] => QQFieldElem[1, 1//2, 1//2, 1//2],
	[17, 22, 15, 19, 18, 1, 1, 21, 2, 2] => QQFieldElem[-1//4, -1//2, -1//4, -1//2],
	[17, 22, 15, 19, 7, 1, 1, 22, 1, 2] => QQFieldElem[-1//5, 1//10, -1//10, 1//5],
	[17, 22, 15, 19, 11, 1, 1, 13, 1, 1] => QQFieldElem[2, 3//2, 1//2, 7//2],
	[17, 22, 15, 19, 20, 1, 1, 21, 2, 1] => QQFieldElem[-7//11, -15//11, 1//11, -9//11],
	[17, 22, 15, 19, 12, 1, 1, 21, 2, 1] => QQFieldElem[2, -1//2, 3//2, 1//2],
	[17, 22, 15, 19, 18, 1, 1, 22, 2, 2] => QQFieldElem[-1//2, 1//2, -1//2, 0],
	[17, 22, 15, 19, 20, 1, 1, 22, 2, 1] => QQFieldElem[-1, -3, 2, -3],
	[17, 22, 15, 19, 12, 1, 1, 22, 2, 1] => QQFieldElem[-23//10, -6//5, -7//10, -23//10],
	[17, 22, 15, 19, 7, 1, 1, 21, 2, 2] => QQFieldElem[0, 1//4, -1//4, 0],
	[17, 22, 15, 19, 7, 1, 1, 22, 2, 2] => QQFieldElem[-1//5, -3//20, -1//10, -3//10],
	[17, 22, 15, 19, 19, 1, 2, 21, 1, 1] => QQFieldElem[0, -1//2, -1//2, 0],
	[17, 22, 15, 19, 19, 1, 2, 22, 1, 1] => QQFieldElem[0, 0, 0, 0],
	[17, 22, 15, 19, 17, 1, 1, 13, 1, 1] => QQFieldElem[-1, 1, -1, 1],
	[17, 22, 15, 19, 19, 1, 2, 21, 2, 1] => QQFieldElem[-1//4, 0, 1//4, 0],
	[17, 22, 15, 19, 20, 2, 1, 21, 1, 2] => QQFieldElem[7//44, 1//11, 21//44, -1//22],
	[17, 22, 15, 19, 19, 1, 2, 22, 2, 1] => QQFieldElem[-1//2, 1//2, -1//2, 0],
	[17, 22, 15, 19, 20, 2, 1, 22, 1, 2] => QQFieldElem[0, -3//4, 1//2, -1],
	[17, 22, 15, 19, 3, 1, 1, 21, 1, 2] => QQFieldElem[1, 3//2, -1, 7//2],
	[17, 22, 15, 19, 20, 2, 1, 21, 2, 2] => QQFieldElem[32//11, 13//22, 49//22, 27//11],
	[17, 22, 15, 19, 3, 1, 1, 22, 1, 2] => QQFieldElem[-9//5, -1//10, -9//10, -6//5],
	[17, 22, 15, 19, 20, 2, 1, 22, 2, 2] => QQFieldElem[10, 0, 13//2, 6],
	[17, 22, 15, 19, 19, 1, 1, 21, 1, 2] => QQFieldElem[-5, 1, -5, -1],
	[17, 22, 15, 19, 11, 1, 1, 21, 1, 2] => QQFieldElem[-1, -3, 1, -3],
	[17, 22, 15, 19, 3, 1, 1, 21, 2, 2] => QQFieldElem[0, 1//4, -1//4, 1//2],
	[17, 22, 15, 19, 20, 1, 1, 16, 1, 1] => QQFieldElem[-6, -1, -3, -5],
	[17, 22, 15, 19, 11, 1, 1, 22, 1, 2] => QQFieldElem[-17//5, 4//5, -12//5, -1],
	[17, 22, 15, 19, 19, 1, 1, 22, 1, 2] => QQFieldElem[-14, -4, -6, -12],
	[17, 22, 15, 19, 12, 1, 1, 16, 1, 1] => QQFieldElem[1//4, 3//4, -1//4, 3//4],
	[17, 22, 15, 19, 3, 1, 1, 22, 2, 2] => QQFieldElem[-1//2, -3//20, -1//5, -2//5],
	[17, 22, 15, 19, 19, 1, 1, 21, 2, 2] => QQFieldElem[-21//11, -1//11, -8//11, -16//11],
	[17, 22, 15, 19, 11, 1, 1, 21, 2, 2] => QQFieldElem[-3, -1, -1, -3],
	[17, 22, 15, 19, 19, 1, 1, 22, 2, 2] => QQFieldElem[-17//2, -1//2, -5, -11//2],
	[17, 22, 15, 19, 11, 1, 1, 22, 2, 2] => QQFieldElem[3//5, 2, -4//5, 11//5],
	[17, 22, 15, 19, 18, 1, 1, 21, 1, 1] => QQFieldElem[0, 0, 0, 0],
	[17, 22, 15, 19, 17, 1, 1, 21, 1, 2] => QQFieldElem[6, 4, 2, 8],
	[17, 22, 15, 19, 18, 1, 1, 22, 1, 1] => QQFieldElem[26//5, 12//5, 8//5, 29//5],
	[17, 22, 15, 19, 17, 1, 1, 22, 1, 2] => QQFieldElem[16//5, -28//5, 28//5, -16//5],
	[17, 22, 15, 19, 19, 1, 2, 16, 1, 1] => QQFieldElem[-1//4, 1//4, -1//4, 1//4],
	[17, 22, 15, 19, 7, 1, 1, 21, 1, 1] => QQFieldElem[0, 1, -2, 1],
	[17, 22, 15, 19, 18, 1, 1, 21, 2, 1] => QQFieldElem[0, 0, 0, 0],
	[17, 22, 15, 19, 7, 1, 1, 22, 1, 1] => QQFieldElem[-6//5, -2//5, -3//5, -4//5],
	[17, 22, 15, 19, 17, 1, 1, 21, 2, 2] => QQFieldElem[2, 4, -1, 5],
	[17, 22, 15, 19, 18, 1, 1, 22, 2, 1] => QQFieldElem[4//5, -2//5, 2//5, 1//5],
	[17, 22, 15, 19, 7, 1, 1, 21, 2, 1] => QQFieldElem[0, 0, -1//2, 0],
	[17, 22, 15, 19, 12, 1, 1, 13, 1, 1] => QQFieldElem[-1//4, 1//4, -1//4, 1//4],
	[17, 22, 15, 19, 20, 1, 1, 13, 1, 1] => QQFieldElem[-5, 1, -3, -3],
	[17, 22, 15, 19, 17, 1, 1, 22, 2, 2] => QQFieldElem[21//5, -8//5, 18//5, 4//5],
	[17, 22, 15, 19, 7, 1, 1, 22, 2, 1] => QQFieldElem[-3//10, -1//5, -1//5, -3//10],
	[17, 22, 15, 19, 20, 2, 1, 21, 1, 1] => QQFieldElem[-5//44, -3//22, 7//44, -2//11],
	[17, 22, 15, 19, 19, 1, 2, 13, 1, 1] => QQFieldElem[-1//4, 1//4, -1//4, 1//4],
	[17, 22, 15, 19, 20, 2, 1, 22, 1, 1] => QQFieldElem[-1//2, -3//4, 1//2, -1],
	[17, 22, 15, 19, 3, 1, 1, 21, 1, 1] => QQFieldElem[3//2, 1//2, 1//2, 1],
	[17, 22, 15, 19, 20, 2, 1, 21, 2, 1] => QQFieldElem[-2//11, -7//22, -1//22, -1//11],
	[17, 22, 15, 19, 3, 1, 1, 22, 1, 1] => QQFieldElem[-3//10, 3//10, -1//5, 1//5],
	[17, 22, 15, 19, 20, 2, 1, 22, 2, 1] => QQFieldElem[0, 0, 1//2, 0],
	[17, 22, 15, 19, 19, 1, 1, 21, 1, 1] => QQFieldElem[1, -1, -1, 1],
	[17, 22, 15, 19, 11, 1, 1, 21, 1, 1] => QQFieldElem[-4, -1, -2, -3],
	[17, 22, 15, 19, 18, 1, 1, 16, 1, 1] => QQFieldElem[0, 1//2, 0, 1//2],
	[17, 22, 15, 19, 3, 1, 1, 21, 2, 1] => QQFieldElem[1//2, -1//2, 1//2, 0],
	[17, 22, 15, 19, 19, 1, 1, 22, 1, 1] => QQFieldElem[-2, 0, -2, 0],
	[17, 22, 15, 19, 11, 1, 1, 22, 1, 1] => QQFieldElem[-6//5, -2//5, -3//5, -4//5],
	[17, 22, 15, 19, 3, 1, 1, 22, 2, 1] => QQFieldElem[3//10, 3//10, 0, 2//5],
	[17, 22, 15, 19, 20, 1, 1, 21, 1, 2] => QQFieldElem[-4//11, -7//11, -13//22, -15//22],
	[17, 22, 15, 19, 12, 1, 1, 21, 1, 2] => QQFieldElem[10, 0, 6, 4],
	[17, 22, 15, 19, 7, 1, 1, 16, 1, 1] => QQFieldElem[1, -1//2, 1, 0],
	[17, 22, 15, 19, 19, 1, 1, 21, 2, 1] => QQFieldElem[0, 0, -1//2, 1//2],
	[17, 22, 15, 19, 20, 1, 1, 22, 1, 2] => QQFieldElem[-2, -1, -1//2, -3//2],
	[17, 22, 15, 19, 11, 1, 1, 21, 2, 1] => QQFieldElem[-1, 0, -1//2, -1],
	[17, 22, 15, 19, 12, 1, 1, 22, 1, 2] => QQFieldElem[-44//5, -28//5, -12//5, -56//5],
	[17, 22, 15, 19, 19, 1, 1, 22, 2, 1] => QQFieldElem[0, 1, 0, 1],
	[17, 22, 15, 19, 11, 1, 1, 22, 2, 1] => QQFieldElem[3//10, -2//5, 2//5, -3//10],
	[17, 22, 15, 19, 20, 1, 1, 21, 2, 2] => QQFieldElem[35//11, -13//11, 17//11, 1//11],
	[17, 22, 15, 19, 12, 1, 1, 21, 2, 2] => QQFieldElem[2, 0, 1, 1],
	[17, 22, 15, 19, 17, 1, 1, 21, 1, 1] => QQFieldElem[-2, -1, 0, -2],
	[17, 22, 15, 19, 20, 1, 1, 22, 2, 2] => QQFieldElem[11, -7, 10, 1],
	[17, 22, 15, 19, 17, 1, 1, 22, 1, 1] => QQFieldElem[-4//5, 2//5, -2//5, -1//5],
	[17, 22, 15, 19, 12, 1, 1, 22, 2, 2] => QQFieldElem[-7//5, -6//5, -2//5, -2],
	[17, 22, 15, 19, 19, 1, 2, 21, 1, 2] => QQFieldElem[0, -1//2, 1//2, 0],
	[17, 22, 15, 19, 17, 1, 1, 21, 2, 1] => QQFieldElem[1, 1//2, 1//2, 1//2],
	[17, 22, 15, 19, 18, 1, 1, 13, 1, 1] => QQFieldElem[0, 0, 0, 0],
	[17, 22, 15, 19, 19, 1, 2, 22, 1, 2] => QQFieldElem[-6, -2, -2, -6],
	[17, 22, 15, 19, 17, 1, 1, 22, 2, 1] => QQFieldElem[-3//10, -3//5, 1//10, -7//10],
	[17, 22, 15, 19, 20, 2, 1, 16, 1, 1] => QQFieldElem[-2, -1//2, -1, -3//2],
	[17, 22, 15, 19, 19, 1, 2, 21, 2, 2] => QQFieldElem[-3//11, 3//11, 2//11, 4//11])