Dict(
	[17, 7, 20, 17, 20, 1, 1, 19, 1, 2] => QQFieldElem[-1//2, 1//2, 0, 0],
	[17, 7, 20, 17, 12, 1, 1, 17, 1, 1] => QQFieldElem[-4//5, -1//5, -1//5, -4//5],
	[17, 7, 20, 17, 12, 1, 1, 19, 1, 2] => QQFieldElem[0, 0, 0, 0],
	[17, 7, 20, 17, 11, 1, 1, 18, 1, 1] => QQFieldElem[-1, 0, 0, -1],
	[17, 7, 20, 17, 20, 1, 2, 19, 1, 1] => QQFieldElem[1, 0, 1//2, 1//2],
	[17, 7, 20, 17, 20, 1, 1, 19, 1, 1] => QQFieldElem[1, 0, 1//2, 1//2],
	[17, 7, 20, 17, 12, 1, 1, 19, 1, 1] => QQFieldElem[-1, 0, 0, 0],
	[17, 7, 20, 17, 11, 1, 1, 17, 1, 1] => QQFieldElem[-4//5, -1//5, -1//5, -4//5],
	[17, 7, 20, 17, 11, 1, 1, 19, 1, 2] => QQFieldElem[-7//5, -4//5, -1//5, -8//5],
	[17, 7, 20, 17, 11, 1, 1, 19, 1, 1] => QQFieldElem[7//5, 4//5, 1//5, 8//5],
	[17, 7, 20, 17, 20, 1, 2, 18, 1, 1] => QQFieldElem[0, 0, 0, 0],
	[17, 7, 20, 17, 20, 1, 1, 18, 1, 1] => QQFieldElem[1, 1, 2, 1],
	[17, 7, 20, 17, 12, 1, 1, 18, 1, 1] => QQFieldElem[1, 0, 0, 1],
	[17, 7, 20, 17, 20, 1, 2, 17, 1, 1] => QQFieldElem[6//5, 4//5, 4//5, 6//5],
	[17, 7, 20, 17, 20, 1, 2, 19, 1, 2] => QQFieldElem[-1, 0, 0, 0],
	[17, 7, 20, 17, 20, 1, 1, 17, 1, 1] => QQFieldElem[6//5, 2//5, 3//5, 4//5])