Dict(
	[17, 18, 21, 13, 21, 1, 2, 20, 1, 2] => QQFieldElem[0, 0, 0, 0],
	[17, 18, 21, 13, 14, 1, 1, 4, 1, 1] => QQFieldElem[5, -1, 4, 2],
	[17, 18, 21, 13, 16, 1, 1, 20, 1, 2] => QQFieldElem[-54//55, -38//55, -2//55, -86//55],
	[17, 18, 21, 13, 10, 1, 1, 11, 1, 1] => QQFieldElem[-32//11, 32//11, -8//11, -16//11],
	[17, 18, 21, 13, 10, 1, 1, 19, 1, 1] => QQFieldElem[32, 8, 16, 32],
	[17, 18, 21, 13, 22, 1, 2, 11, 1, 1] => QQFieldElem[-14//11, 3//11, -9//11, -7//11],
	[17, 18, 21, 13, 13, 1, 1, 12, 1, 1] => QQFieldElem[-2, 2, -2, 0],
	[17, 18, 21, 13, 21, 1, 1, 11, 1, 1] => QQFieldElem[74//11, -8//11, 46//11, 48//11],
	[17, 18, 21, 13, 14, 1, 1, 11, 1, 1] => QQFieldElem[-31//11, -2//11, -16//11, -21//11],
	[17, 18, 21, 13, 10, 1, 1, 8, 1, 1] => QQFieldElem[-152//55, 56//55, -136//55, -128//55],
	[17, 18, 21, 13, 22, 1, 2, 19, 1, 1] => QQFieldElem[4, 2, 2, 4],
	[17, 18, 21, 13, 10, 1, 1, 18, 1, 1] => QQFieldElem[16//5, -48//5, 48//5, -16//5],
	[17, 18, 21, 13, 22, 1, 1, 12, 1, 1] => QQFieldElem[-1, -3//2, 0, -5//2],
	[17, 18, 21, 13, 13, 1, 1, 20, 1, 1] => QQFieldElem[-14//11, -18//11, 6//11, -28//11],
	[17, 18, 21, 13, 21, 1, 2, 12, 1, 1] => QQFieldElem[3, -2, 3, 0],
	[17, 18, 21, 13, 21, 1, 1, 19, 1, 1] => QQFieldElem[-17, -6, -6, -16],
	[17, 18, 21, 13, 16, 1, 1, 12, 1, 1] => QQFieldElem[4, 0, 2, 4],
	[17, 18, 21, 13, 14, 1, 1, 19, 1, 1] => QQFieldElem[9, 3, 4, 9],
	[17, 18, 21, 13, 22, 1, 1, 20, 1, 1] => QQFieldElem[-3, 0, -2, -2],
	[17, 18, 21, 13, 21, 1, 2, 20, 1, 1] => QQFieldElem[-23//55, -6//55, -9//55, -2//55],
	[17, 18, 21, 13, 22, 1, 2, 8, 1, 1] => QQFieldElem[-103//55, 9//55, -69//55, -52//55],
	[17, 18, 21, 13, 10, 1, 1, 20, 1, 2] => QQFieldElem[6//55, -8//55, -12//55, 34//55],
	[17, 18, 21, 13, 22, 1, 2, 18, 1, 1] => QQFieldElem[2//5, -6//5, 6//5, -2//5],
	[17, 18, 21, 13, 16, 1, 1, 20, 1, 1] => QQFieldElem[-17//11, -3//11, -10//11, -12//11],
	[17, 18, 21, 13, 13, 1, 1, 4, 1, 1] => QQFieldElem[-1, 1, -1, 0],
	[17, 18, 21, 13, 21, 1, 1, 8, 1, 1] => QQFieldElem[8, 0, 5, 5],
	[17, 18, 21, 13, 21, 1, 1, 18, 1, 1] => QQFieldElem[-4, 4, -4, 2],
	[17, 18, 21, 13, 14, 1, 1, 8, 1, 1] => QQFieldElem[-35//11, -1//11, -18//11, -26//11],
	[17, 18, 21, 13, 14, 1, 1, 18, 1, 1] => QQFieldElem[2, -2, 2, 0],
	[17, 18, 21, 13, 22, 1, 1, 4, 1, 1] => QQFieldElem[-2, -5//2, 1//2, -7//2],
	[17, 18, 21, 13, 21, 1, 2, 4, 1, 1] => QQFieldElem[3, -2, 3, 0],
	[17, 18, 21, 13, 22, 1, 2, 20, 1, 2] => QQFieldElem[38//55, -14//55, 34//55, 32//55],
	[17, 18, 21, 13, 16, 1, 1, 4, 1, 1] => QQFieldElem[4, 0, 2, 4],
	[17, 18, 21, 13, 21, 1, 1, 20, 1, 2] => QQFieldElem[25//11, 7//11, 16//11, 17//11],
	[17, 18, 21, 13, 14, 1, 1, 20, 1, 2] => QQFieldElem[-12//11, -6//11, 2//11, -24//11],
	[17, 18, 21, 13, 13, 1, 1, 11, 1, 1] => QQFieldElem[10//11, 1//11, 8//11, 5//11],
	[17, 18, 21, 13, 10, 1, 1, 12, 1, 1] => QQFieldElem[8, -8, 8, 0],
	[17, 18, 21, 13, 22, 1, 1, 11, 1, 1] => QQFieldElem[-1//22, 23//22, -7//11, 27//22],
	[17, 18, 21, 13, 13, 1, 1, 19, 1, 1] => QQFieldElem[-7, -2, -3, -6],
	[17, 18, 21, 13, 21, 1, 2, 11, 1, 1] => QQFieldElem[-28//11, 6//11, -18//11, -14//11],
	[17, 18, 21, 13, 10, 1, 1, 20, 1, 1] => QQFieldElem[-336//55, -432//55, -208//55, -144//55],
	[17, 18, 21, 13, 16, 1, 1, 11, 1, 1] => QQFieldElem[-26//11, -18//11, -12//11, -24//11],
	[17, 18, 21, 13, 22, 1, 2, 12, 1, 1] => QQFieldElem[1, -1, 1, 0],
	[17, 18, 21, 13, 22, 1, 1, 19, 1, 1] => QQFieldElem[2, -3//2, 2, 0],
	[17, 18, 21, 13, 21, 1, 2, 19, 1, 1] => QQFieldElem[11, 3, 5, 10],
	[17, 18, 21, 13, 21, 1, 1, 12, 1, 1] => QQFieldElem[-6, 2, -5, -1],
	[17, 18, 21, 13, 13, 1, 1, 8, 1, 1] => QQFieldElem[38//55, -14//55, 34//55, 32//55],
	[17, 18, 21, 13, 16, 1, 1, 19, 1, 1] => QQFieldElem[4, 8, 0, 8],
	[17, 18, 21, 13, 13, 1, 1, 18, 1, 1] => QQFieldElem[-6//5, 8//5, -8//5, 6//5],
	[17, 18, 21, 13, 14, 1, 1, 12, 1, 1] => QQFieldElem[5, -1, 4, 2],
	[17, 18, 21, 13, 22, 1, 2, 20, 1, 1] => QQFieldElem[13//11, 1//11, 7//11, 4//11],
	[17, 18, 21, 13, 10, 1, 1, 4, 1, 1] => QQFieldElem[4, -4, 4, 0],
	[17, 18, 21, 13, 21, 1, 1, 20, 1, 1] => QQFieldElem[-32//55, -104//55, 64//55, 112//55],
	[17, 18, 21, 13, 22, 1, 1, 8, 1, 1] => QQFieldElem[0, 3//2, -1, 3//2],
	[17, 18, 21, 13, 22, 1, 1, 18, 1, 1] => QQFieldElem[-1, -1, 0, -2],
	[17, 18, 21, 13, 21, 1, 2, 8, 1, 1] => QQFieldElem[-29//11, 2//11, -19//11, -14//11],
	[17, 18, 21, 13, 14, 1, 1, 20, 1, 1] => QQFieldElem[4, 4, 0, 6],
	[17, 18, 21, 13, 21, 1, 2, 18, 1, 1] => QQFieldElem[8//5, -14//5, 14//5, -8//5],
	[17, 18, 21, 13, 16, 1, 1, 8, 1, 1] => QQFieldElem[-32//11, -16//11, -2//11, -20//11],
	[17, 18, 21, 13, 13, 1, 1, 20, 1, 2] => QQFieldElem[-20//11, -32//11, -4//11, 4//11],
	[17, 18, 21, 13, 16, 1, 1, 18, 1, 1] => QQFieldElem[4, 0, 4, 4],
	[17, 18, 21, 13, 22, 1, 2, 4, 1, 1] => QQFieldElem[2, -1, 2, 0],
	[17, 18, 21, 13, 21, 1, 1, 4, 1, 1] => QQFieldElem[-9, 4, -8, -2],
	[17, 18, 21, 13, 22, 1, 1, 20, 1, 2] => QQFieldElem[4//11, -7//22, 3//11, -3//11])