Dict(
	[17, 20, 22, 9, 15, 1, 1, 18, 1, 1] => QQFieldElem[0, 0, 0, 0],
	[17, 20, 22, 9, 21, 1, 2, 20, 1, 1] => QQFieldElem[-1//2, 0, 1//2, 0],
	[17, 20, 22, 9, 21, 1, 1, 20, 1, 1] => QQFieldElem[2//5, -1//5, 1//5, -2//5],
	[17, 20, 22, 9, 16, 1, 2, 20, 1, 1] => QQFieldElem[-1//2, -1//2, 0, 0],
	[17, 20, 22, 9, 9, 1, 1, 12, 1, 1] => QQFieldElem[1, 0, 1, 0],
	[17, 20, 22, 9, 16, 1, 1, 20, 1, 1] => QQFieldElem[-2, 0, -1, -1],
	[17, 20, 22, 9, 9, 1, 1, 19, 1, 1] => QQFieldElem[8//5, 1//5, 4//5, 7//5],
	[17, 20, 22, 9, 21, 1, 2, 18, 1, 1] => QQFieldElem[-1, 0, 0, 0],
	[17, 20, 22, 9, 21, 1, 1, 18, 1, 1] => QQFieldElem[0, 0, 0, 0],
	[17, 20, 22, 9, 15, 1, 1, 11, 1, 1] => QQFieldElem[3//5, 1//5, -1//5, 2//5],
	[17, 20, 22, 9, 16, 1, 2, 18, 1, 1] => QQFieldElem[1, 1, 1, 1],
	[17, 20, 22, 9, 16, 1, 1, 18, 1, 1] => QQFieldElem[-2//5, 6//5, -6//5, 2//5],
	[17, 20, 22, 9, 9, 1, 1, 19, 2, 1] => QQFieldElem[1, 1, 0, 1],
	[17, 20, 22, 9, 9, 1, 1, 20, 1, 1] => QQFieldElem[3//5, 1//5, 4//5, 2//5],
	[17, 20, 22, 9, 21, 1, 2, 11, 1, 1] => QQFieldElem[-1//2, -1//2, 0, -1//2],
	[17, 20, 22, 9, 21, 1, 1, 11, 1, 1] => QQFieldElem[2//5, -1//5, 1//5, -2//5],
	[17, 20, 22, 9, 16, 1, 2, 11, 1, 1] => QQFieldElem[-1//2, -1//2, -1//2, -1//2],
	[17, 20, 22, 9, 16, 1, 1, 11, 1, 1] => QQFieldElem[-8//5, -1//5, -4//5, -7//5],
	[17, 20, 22, 9, 15, 1, 1, 19, 1, 1] => QQFieldElem[-18//5, -6//5, -9//5, -17//5],
	[17, 20, 22, 9, 15, 1, 1, 12, 1, 1] => QQFieldElem[1, 0, 0, 0],
	[17, 20, 22, 9, 9, 1, 1, 18, 1, 1] => QQFieldElem[2//5, -6//5, 6//5, -2//5],
	[17, 20, 22, 9, 21, 1, 2, 19, 1, 1] => QQFieldElem[1, -1, -1, 0],
	[17, 20, 22, 9, 21, 1, 2, 12, 1, 1] => QQFieldElem[-1, -1//2, -1//2, -1//2],
	[17, 20, 22, 9, 21, 1, 1, 19, 1, 1] => QQFieldElem[0, 0, 0, 0],
	[17, 20, 22, 9, 15, 1, 1, 19, 2, 1] => QQFieldElem[-1//2, -1//2, 0, -1//2],
	[17, 20, 22, 9, 16, 1, 2, 12, 1, 1] => QQFieldElem[-1//2, 1//2, 0, 0],
	[17, 20, 22, 9, 16, 1, 1, 19, 1, 1] => QQFieldElem[1, 0, 1, 0],
	[17, 20, 22, 9, 16, 1, 1, 12, 1, 1] => QQFieldElem[-2, 1, -2, 0],
	[17, 20, 22, 9, 16, 1, 2, 19, 1, 1] => QQFieldElem[-1//2, -1//2, 1//2, -1],
	[17, 20, 22, 9, 9, 1, 1, 11, 1, 1] => QQFieldElem[6//5, 2//5, 3//5, 4//5],
	[17, 20, 22, 9, 15, 1, 1, 20, 1, 1] => QQFieldElem[1//5, 2//5, 3//5, 4//5],
	[17, 20, 22, 9, 21, 1, 1, 12, 1, 1] => QQFieldElem[-1, -1, 0, -1],
	[17, 20, 22, 9, 21, 1, 2, 19, 2, 1] => QQFieldElem[0, 0, 0, 0],
	[17, 20, 22, 9, 21, 1, 1, 19, 2, 1] => QQFieldElem[2//5, 4//5, 6//5, 8//5],
	[17, 20, 22, 9, 16, 1, 2, 19, 2, 1] => QQFieldElem[-4//5, -8//5, -12//5, -6//5],
	[17, 20, 22, 9, 16, 1, 1, 19, 2, 1] => QQFieldElem[-2//5, -4//5, 4//5, 2//5])