Dict(
	[18, 21, 22, 18, 19, 1, 2, 13, 1, 1] => QQFieldElem[-1, -2, 1//2, -5//2],
	[18, 21, 22, 18, 6, 1, 1, 16, 1, 1] => QQFieldElem[0, -1, 1//2, -1//2],
	[18, 21, 22, 18, 20, 1, 2, 21, 2, 1] => QQFieldElem[2, 0, 3//2, 3//2],
	[18, 21, 22, 18, 5, 1, 1, 15, 1, 1] => QQFieldElem[1, 1, 1//2, 3//2],
	[18, 21, 22, 18, 20, 1, 2, 22, 2, 1] => QQFieldElem[1//2, -1, 1//2, -1//2],
	[18, 21, 22, 18, 7, 1, 1, 15, 1, 1] => QQFieldElem[0, 0, 0, 0],
	[18, 21, 22, 18, 17, 1, 2, 14, 1, 1] => QQFieldElem[-5//2, 1//2, -2, -1],
	[18, 21, 22, 18, 19, 1, 1, 21, 1, 1] => QQFieldElem[0, 5//4, -1, 5//4],
	[18, 21, 22, 18, 11, 1, 1, 21, 1, 1] => QQFieldElem[0, 1, -3//4, 1],
	[18, 21, 22, 18, 5, 1, 1, 16, 1, 1] => QQFieldElem[0, 0, 0, 0],
	[18, 21, 22, 18, 19, 1, 1, 22, 1, 1] => QQFieldElem[1, 3, -3//2, 7//2],
	[18, 21, 22, 18, 11, 1, 1, 22, 1, 1] => QQFieldElem[0, -1//8, 1//8, 0],
	[18, 21, 22, 18, 17, 1, 2, 13, 1, 1] => QQFieldElem[5//2, -1//2, 2, 1],
	[18, 21, 22, 18, 20, 1, 1, 21, 1, 2] => QQFieldElem[-1//8, -1//8, -1//8, -1//8],
	[18, 21, 22, 18, 12, 1, 1, 21, 1, 2] => QQFieldElem[4, 0, 5//2, 5//2],
	[18, 21, 22, 18, 8, 1, 1, 21, 1, 1] => QQFieldElem[-17//5, -9//5, -6//5, -18//5],
	[18, 21, 22, 18, 7, 1, 1, 16, 1, 1] => QQFieldElem[1, 1, 1//2, 3//2],
	[18, 21, 22, 18, 19, 1, 1, 21, 2, 1] => QQFieldElem[-2, 0, -1, -1],
	[18, 21, 22, 18, 11, 1, 1, 21, 2, 1] => QQFieldElem[-9, 0, -11//2, -11//2],
	[18, 21, 22, 18, 12, 1, 1, 22, 1, 2] => QQFieldElem[-1//4, 0, -1//2, 0],
	[18, 21, 22, 18, 8, 1, 1, 22, 1, 1] => QQFieldElem[1, 1, 1//2, 3//2],
	[18, 21, 22, 18, 20, 1, 1, 22, 1, 2] => QQFieldElem[1//2, 1//8, 3//8, 1//2],
	[18, 21, 22, 18, 19, 1, 1, 22, 2, 1] => QQFieldElem[-4, 1//2, -5//2, -2],
	[18, 21, 22, 18, 11, 1, 1, 22, 2, 1] => QQFieldElem[5//4, -1//4, 3//4, 3//4],
	[18, 21, 22, 18, 6, 1, 1, 13, 1, 1] => QQFieldElem[0, 0, 0, 0],
	[18, 21, 22, 18, 6, 1, 1, 14, 1, 1] => QQFieldElem[7//2, 1//2, 2, 5//2],
	[18, 21, 22, 18, 20, 1, 1, 21, 2, 2] => QQFieldElem[0, 0, 1//4, 0],
	[18, 21, 22, 18, 12, 1, 1, 21, 2, 2] => QQFieldElem[3, 3, 0, 5],
	[18, 21, 22, 18, 8, 1, 1, 21, 2, 1] => QQFieldElem[-3//5, -11//5, 6//5, -12//5],
	[18, 21, 22, 18, 17, 1, 1, 21, 1, 1] => QQFieldElem[-3//5, 3//5, -2//5, 2//5],
	[18, 21, 22, 18, 20, 1, 2, 15, 1, 1] => QQFieldElem[0, 0, 1//2, -1//2],
	[18, 21, 22, 18, 20, 1, 1, 22, 2, 2] => QQFieldElem[1//4, 1//4, -1//4, 1//4],
	[18, 21, 22, 18, 12, 1, 1, 22, 2, 2] => QQFieldElem[1//2, -1, 1//2, -1//2],
	[18, 21, 22, 18, 8, 1, 1, 22, 2, 1] => QQFieldElem[-11//10, -1//5, -3//10, -9//10],
	[18, 21, 22, 18, 17, 1, 1, 22, 1, 1] => QQFieldElem[12//5, 14//5, -4//5, 18//5],
	[18, 21, 22, 18, 19, 1, 2, 21, 1, 2] => QQFieldElem[-1, -4//5, 1//10, -13//10],
	[18, 21, 22, 18, 5, 1, 1, 14, 1, 1] => QQFieldElem[0, 0, 0, 0],
	[18, 21, 22, 18, 17, 1, 1, 21, 2, 1] => QQFieldElem[3//5, -3//5, 2//5, -2//5],
	[18, 21, 22, 18, 19, 1, 2, 22, 1, 2] => QQFieldElem[0, -1, 1//2, -1//2],
	[18, 21, 22, 18, 20, 1, 2, 16, 1, 1] => QQFieldElem[0, 0, -1//2, 1//2],
	[18, 21, 22, 18, 5, 1, 1, 13, 1, 1] => QQFieldElem[-3//2, 3//2, -2, 1//2],
	[18, 21, 22, 18, 17, 1, 1, 22, 2, 1] => QQFieldElem[0, 0, 0, 0],
	[18, 21, 22, 18, 7, 1, 1, 14, 1, 1] => QQFieldElem[3//2, -3//2, 2, -1//2],
	[18, 21, 22, 18, 7, 1, 1, 13, 1, 1] => QQFieldElem[0, 0, 0, 0],
	[18, 21, 22, 18, 19, 1, 2, 21, 2, 2] => QQFieldElem[-6//5, 2//5, -7//10, -1//2],
	[18, 21, 22, 18, 19, 1, 1, 15, 1, 1] => QQFieldElem[3//4, 5//8, -1//8, 5//4],
	[18, 21, 22, 18, 19, 1, 2, 22, 2, 2] => QQFieldElem[-11//10, -1//5, -3//10, -9//10],
	[18, 21, 22, 18, 11, 1, 1, 15, 1, 1] => QQFieldElem[1//4, -1//8, 1//8, -1//4],
	[18, 21, 22, 18, 17, 1, 2, 21, 1, 2] => QQFieldElem[2, 0, 1, 1],
	[18, 21, 22, 18, 17, 1, 2, 22, 1, 2] => QQFieldElem[-6, -9//2, -3//2, -8],
	[18, 21, 22, 18, 8, 1, 1, 15, 1, 1] => QQFieldElem[0, -1, 1//2, -1//2],
	[18, 21, 22, 18, 19, 1, 1, 16, 1, 1] => QQFieldElem[5//4, -1//8, 5//8, 3//4],
	[18, 21, 22, 18, 11, 1, 1, 16, 1, 1] => QQFieldElem[-1//4, 1//8, -1//8, 1//4],
	[18, 21, 22, 18, 20, 1, 2, 14, 1, 1] => QQFieldElem[-5//2, 1//2, -2, -1],
	[18, 21, 22, 18, 17, 1, 2, 21, 2, 2] => QQFieldElem[0, 0, 0, 0],
	[18, 21, 22, 18, 6, 1, 1, 21, 1, 2] => QQFieldElem[0, 0, 0, 0],
	[18, 21, 22, 18, 17, 1, 1, 15, 1, 1] => QQFieldElem[0, -1//4, 0, 1//4],
	[18, 21, 22, 18, 20, 1, 2, 13, 1, 1] => QQFieldElem[5//2, -1//2, 2, 1],
	[18, 21, 22, 18, 6, 1, 1, 22, 1, 2] => QQFieldElem[-1//2, -1//2, -1//2, 0],
	[18, 21, 22, 18, 17, 1, 2, 22, 2, 2] => QQFieldElem[0, -2, 2, -2],
	[18, 21, 22, 18, 8, 1, 1, 16, 1, 1] => QQFieldElem[0, 0, 0, 0],
	[18, 21, 22, 18, 6, 1, 1, 21, 2, 2] => QQFieldElem[0, 0, 0, 0],
	[18, 21, 22, 18, 17, 1, 1, 16, 1, 1] => QQFieldElem[0, 1//4, 0, -1//4],
	[18, 21, 22, 18, 6, 1, 1, 22, 2, 2] => QQFieldElem[-4, -2, -2, -4],
	[18, 21, 22, 18, 5, 1, 1, 21, 1, 2] => QQFieldElem[2//5, 1//5, -1//10, 1//2],
	[18, 21, 22, 18, 20, 1, 1, 21, 1, 1] => QQFieldElem[-5//8, -3//8, -3//8, -5//8],
	[18, 21, 22, 18, 12, 1, 1, 21, 1, 1] => QQFieldElem[0, -3, 7//4, -3],
	[18, 21, 22, 18, 5, 1, 1, 22, 1, 2] => QQFieldElem[22//5, 4//5, 16//5, 18//5],
	[18, 21, 22, 18, 20, 1, 1, 22, 1, 1] => QQFieldElem[0, 1//8, -1//8, 0],
	[18, 21, 22, 18, 7, 1, 1, 21, 1, 2] => QQFieldElem[0, 1//2, -1//2, 1//2],
	[18, 21, 22, 18, 11, 1, 1, 14, 1, 1] => QQFieldElem[0, -3//8, 1//8, -3//8],
	[18, 21, 22, 18, 12, 1, 1, 22, 1, 1] => QQFieldElem[1//2, 3//8, 1//8, 1//2],
	[18, 21, 22, 18, 19, 1, 1, 14, 1, 1] => QQFieldElem[5//2, 15//8, 3//8, 27//8],
	[18, 21, 22, 18, 19, 1, 1, 13, 1, 1] => QQFieldElem[-5//2, 7//8, -17//8, -5//8],
	[18, 21, 22, 18, 11, 1, 1, 13, 1, 1] => QQFieldElem[0, -3//8, 1//8, -3//8],
	[18, 21, 22, 18, 7, 1, 1, 22, 1, 2] => QQFieldElem[-9//2, -1//2, -5//2, -3],
	[18, 21, 22, 18, 5, 1, 1, 21, 2, 2] => QQFieldElem[1//5, -1//5, 3//10, -3//10],
	[18, 21, 22, 18, 20, 1, 1, 21, 2, 1] => QQFieldElem[0, 0, 1//4, 0],
	[18, 21, 22, 18, 12, 1, 1, 21, 2, 1] => QQFieldElem[6, 0, 7//2, 7//2],
	[18, 21, 22, 18, 8, 1, 1, 14, 1, 1] => QQFieldElem[0, 0, 0, 0],
	[18, 21, 22, 18, 5, 1, 1, 22, 2, 2] => QQFieldElem[0, 0, 0, 0],
	[18, 21, 22, 18, 20, 1, 1, 22, 2, 1] => QQFieldElem[-1//4, -1//4, -1//4, -1//4],
	[18, 21, 22, 18, 7, 1, 1, 21, 2, 2] => QQFieldElem[0, 0, 0, 0],
	[18, 21, 22, 18, 12, 1, 1, 22, 2, 1] => QQFieldElem[-5//4, -3//4, -1//4, -7//4],
	[18, 21, 22, 18, 8, 1, 1, 13, 1, 1] => QQFieldElem[-7//2, -1//2, -2, -5//2],
	[18, 21, 22, 18, 7, 1, 1, 22, 2, 2] => QQFieldElem[-4, -2, -2, -4],
	[18, 21, 22, 18, 19, 1, 2, 21, 1, 1] => QQFieldElem[0, 0, 0, 0],
	[18, 21, 22, 18, 17, 1, 1, 14, 1, 1] => QQFieldElem[0, 0, 0, 0],
	[18, 21, 22, 18, 19, 1, 2, 22, 1, 1] => QQFieldElem[-4, -3//2, -3//2, -4],
	[18, 21, 22, 18, 17, 1, 1, 13, 1, 1] => QQFieldElem[0, 0, 0, 0],
	[18, 21, 22, 18, 20, 1, 2, 21, 1, 2] => QQFieldElem[0, -3//2, 3//4, -3//2],
	[18, 21, 22, 18, 19, 1, 2, 21, 2, 1] => QQFieldElem[0, 0, 0, 0],
	[18, 21, 22, 18, 20, 1, 2, 22, 1, 2] => QQFieldElem[5//4, -1//2, 1, 1//2],
	[18, 21, 22, 18, 19, 1, 2, 22, 2, 1] => QQFieldElem[0, -2, 2, -2],
	[18, 21, 22, 18, 20, 1, 2, 21, 2, 2] => QQFieldElem[2, 0, 3//2, 3//2],
	[18, 21, 22, 18, 17, 1, 2, 21, 1, 1] => QQFieldElem[1, -1//5, 2//5, 4//5],
	[18, 21, 22, 18, 20, 1, 1, 15, 1, 1] => QQFieldElem[-1//2, 3//4, -1//2, 1//4],
	[18, 21, 22, 18, 12, 1, 1, 15, 1, 1] => QQFieldElem[3//2, 5//4, 1//2, 7//4],
	[18, 21, 22, 18, 17, 1, 2, 22, 1, 1] => QQFieldElem[0, 0, 0, 0],
	[18, 21, 22, 18, 20, 1, 2, 22, 2, 2] => QQFieldElem[3//2, 1, 1//2, 3//2],
	[18, 21, 22, 18, 17, 1, 2, 21, 2, 1] => QQFieldElem[-1, 1//5, -2//5, -4//5],
	[18, 21, 22, 18, 19, 1, 1, 21, 1, 2] => QQFieldElem[-1//5, 4//5, -1//2, 9//10],
	[18, 21, 22, 18, 6, 1, 1, 21, 1, 1] => QQFieldElem[0, -1//8, -1//8, 0],
	[18, 21, 22, 18, 11, 1, 1, 21, 1, 2] => QQFieldElem[-1, 0, -1//2, -1//2],
	[18, 21, 22, 18, 17, 1, 2, 22, 2, 1] => QQFieldElem[-12//5, 6//5, -16//5, 2//5],
	[18, 21, 22, 18, 19, 1, 1, 22, 1, 2] => QQFieldElem[-9//10, 1//5, -7//10, -1//10],
	[18, 21, 22, 18, 12, 1, 1, 16, 1, 1] => QQFieldElem[-3//2, 1//4, -1, -1//4],
	[18, 21, 22, 18, 20, 1, 1, 16, 1, 1] => QQFieldElem[1//2, 3//4, 0, 5//4],
	[18, 21, 22, 18, 6, 1, 1, 22, 1, 1] => QQFieldElem[1, 1//2, 1//2, 1//2],
	[18, 21, 22, 18, 11, 1, 1, 22, 1, 2] => QQFieldElem[1//4, 0, 0, 0],
	[18, 21, 22, 18, 8, 1, 1, 21, 1, 2] => QQFieldElem[17//5, 9//5, 6//5, 18//5],
	[18, 21, 22, 18, 19, 1, 1, 21, 2, 2] => QQFieldElem[-8//5, -2//5, -9//10, -11//10],
	[18, 21, 22, 18, 19, 1, 2, 15, 1, 1] => QQFieldElem[-1, -1//4, -1//2, -3//4],
	[18, 21, 22, 18, 6, 1, 1, 21, 2, 1] => QQFieldElem[0, 1//2, -1//2, 1//2],
	[18, 21, 22, 18, 11, 1, 1, 21, 2, 2] => QQFieldElem[-3, -3, 0, -5],
	[18, 21, 22, 18, 8, 1, 1, 22, 1, 2] => QQFieldElem[-9//10, 1//5, -7//10, -1//10],
	[18, 21, 22, 18, 19, 1, 1, 22, 2, 2] => QQFieldElem[1, 1, 1//2, 3//2],
	[18, 21, 22, 18, 6, 1, 1, 22, 2, 1] => QQFieldElem[-3//2, 9//2, -7//2, 3],
	[18, 21, 22, 18, 11, 1, 1, 22, 2, 2] => QQFieldElem[3//2, 1, 1//2, 3//2],
	[18, 21, 22, 18, 5, 1, 1, 21, 1, 1] => QQFieldElem[2//5, 1//5, -1//10, 1//2],
	[18, 21, 22, 18, 17, 1, 1, 21, 1, 2] => QQFieldElem[0, -1//4, 0, -1//4],
	[18, 21, 22, 18, 8, 1, 1, 21, 2, 2] => QQFieldElem[3//5, 11//5, -6//5, 12//5],
	[18, 21, 22, 18, 5, 1, 1, 22, 1, 1] => QQFieldElem[0, 0, 0, 0],
	[18, 21, 22, 18, 17, 1, 1, 22, 1, 2] => QQFieldElem[-1, -1//2, -1//2, -1//2],
	[18, 21, 22, 18, 19, 1, 2, 16, 1, 1] => QQFieldElem[1, 1//4, 1//2, 3//4],
	[18, 21, 22, 18, 7, 1, 1, 21, 1, 1] => QQFieldElem[1, 3//8, 3//8, 1],
	[18, 21, 22, 18, 8, 1, 1, 22, 2, 2] => QQFieldElem[0, -1, 1//2, -1//2],
	[18, 21, 22, 18, 7, 1, 1, 22, 1, 1] => QQFieldElem[-1, 5//2, -5//2, 2],
	[18, 21, 22, 18, 5, 1, 1, 21, 2, 1] => QQFieldElem[1//5, -1//5, 3//10, -3//10],
	[18, 21, 22, 18, 20, 1, 1, 14, 1, 1] => QQFieldElem[-1, 3//2, -3//2, 1],
	[18, 21, 22, 18, 17, 1, 1, 21, 2, 2] => QQFieldElem[0, 0, 0, 0],
	[18, 21, 22, 18, 17, 1, 2, 15, 1, 1] => QQFieldElem[0, 0, -1//2, 1//2],
	[18, 21, 22, 18, 12, 1, 1, 14, 1, 1] => QQFieldElem[7//2, 7//2, 0, 11//2],
	[18, 21, 22, 18, 5, 1, 1, 22, 2, 1] => QQFieldElem[18//5, 16//5, 4//5, 22//5],
	[18, 21, 22, 18, 20, 1, 1, 13, 1, 1] => QQFieldElem[-5//2, -3//2, -1//2, -3],
	[18, 21, 22, 18, 17, 1, 1, 22, 2, 2] => QQFieldElem[0, 1//2, 1//2, 0],
	[18, 21, 22, 18, 7, 1, 1, 21, 2, 1] => QQFieldElem[0, 0, 0, 0],
	[18, 21, 22, 18, 12, 1, 1, 13, 1, 1] => QQFieldElem[0, -7//2, 2, -7//2],
	[18, 21, 22, 18, 7, 1, 1, 22, 2, 1] => QQFieldElem[-5//2, 3//2, -5//2, 0],
	[18, 21, 22, 18, 17, 1, 2, 16, 1, 1] => QQFieldElem[0, 0, 1//2, -1//2],
	[18, 21, 22, 18, 6, 1, 1, 15, 1, 1] => QQFieldElem[0, 0, 0, 0],
	[18, 21, 22, 18, 20, 1, 2, 21, 1, 1] => QQFieldElem[0, -7//2, 7//4, -7//2],
	[18, 21, 22, 18, 19, 1, 2, 14, 1, 1] => QQFieldElem[1, 2, -1//2, 5//2],
	[18, 21, 22, 18, 20, 1, 2, 22, 1, 1] => QQFieldElem[-5//4, -1//2, -1//2, -3//2])