Dict(
	[18, 16, 16, 18, 17, 1, 1, 16, 1, 1] => QQFieldElem[1, 0, 1//2, 1//2],
	[18, 16, 16, 18, 1, 1, 1, 13, 1, 1] => QQFieldElem[24, 24, 0, 40],
	[18, 16, 16, 18, 5, 1, 1, 14, 1, 1] => QQFieldElem[-3//2, -3//2, 0, -2],
	[18, 16, 16, 18, 6, 1, 1, 21, 1, 1] => QQFieldElem[-14//5, 0, -8//5, -8//5],
	[18, 16, 16, 18, 19, 1, 1, 14, 1, 1] => QQFieldElem[9//2, 9//2, 0, 7],
	[18, 16, 16, 18, 5, 1, 1, 13, 1, 1] => QQFieldElem[-9, -9, 0, -29//2],
	[18, 16, 16, 18, 7, 1, 1, 14, 1, 1] => QQFieldElem[1//2, 1//2, 0, 1],
	[18, 16, 16, 18, 6, 1, 1, 22, 1, 1] => QQFieldElem[-10, 0, -6, -6],
	[18, 16, 16, 18, 19, 1, 1, 13, 1, 1] => QQFieldElem[37//2, 37//2, 0, 30],
	[18, 16, 16, 18, 17, 1, 1, 10, 1, 1] => QQFieldElem[-3//4, 0, -1//2, -1//2],
	[18, 16, 16, 18, 6, 1, 1, 16, 1, 1] => QQFieldElem[10, 0, 6, 6],
	[18, 16, 16, 18, 7, 1, 1, 13, 1, 1] => QQFieldElem[1, 1, 0, 3//2],
	[18, 16, 16, 18, 1, 1, 1, 21, 1, 1] => QQFieldElem[24//5, 0, 8//5, 8//5],
	[18, 16, 16, 18, 1, 1, 1, 22, 1, 1] => QQFieldElem[16, 0, 8, 8],
	[18, 16, 16, 18, 6, 1, 1, 10, 1, 1] => QQFieldElem[-4, 0, -5//2, -5//2],
	[18, 16, 16, 18, 1, 1, 1, 16, 1, 1] => QQFieldElem[-24, 0, -16, -16],
	[18, 16, 16, 18, 5, 1, 1, 21, 1, 1] => QQFieldElem[-3//2, 0, -1, -1],
	[18, 16, 16, 18, 19, 1, 1, 21, 1, 1] => QQFieldElem[51//10, 0, 16//5, 16//5],
	[18, 16, 16, 18, 17, 1, 1, 14, 1, 1] => QQFieldElem[-1//2, -1//2, 0, -1],
	[18, 16, 16, 18, 5, 1, 1, 22, 1, 1] => QQFieldElem[-5, 0, -5//2, -5//2],
	[18, 16, 16, 18, 5, 1, 1, 16, 1, 1] => QQFieldElem[15//2, 0, 5, 5],
	[18, 16, 16, 18, 19, 1, 1, 22, 1, 1] => QQFieldElem[16, 0, 19//2, 19//2],
	[18, 16, 16, 18, 1, 1, 1, 10, 1, 1] => QQFieldElem[10, 0, 6, 6],
	[18, 16, 16, 18, 17, 1, 1, 13, 1, 1] => QQFieldElem[-1//2, -1//2, 0, -1],
	[18, 16, 16, 18, 19, 1, 1, 16, 1, 1] => QQFieldElem[-16, 0, -19//2, -19//2],
	[18, 16, 16, 18, 7, 1, 1, 22, 1, 1] => QQFieldElem[1, 0, 1//2, 1//2],
	[18, 16, 16, 18, 7, 1, 1, 21, 1, 1] => QQFieldElem[1//10, 0, 1//5, 1//5],
	[18, 16, 16, 18, 7, 1, 1, 16, 1, 1] => QQFieldElem[-3//2, 0, -1, -1],
	[18, 16, 16, 18, 6, 1, 1, 14, 1, 1] => QQFieldElem[-3, -3, 0, -5],
	[18, 16, 16, 18, 5, 1, 1, 10, 1, 1] => QQFieldElem[-11//4, 0, -7//4, -7//4],
	[18, 16, 16, 18, 19, 1, 1, 10, 1, 1] => QQFieldElem[23//4, 0, 7//2, 7//2],
	[18, 16, 16, 18, 6, 1, 1, 13, 1, 1] => QQFieldElem[-10, -10, 0, -16],
	[18, 16, 16, 18, 7, 1, 1, 10, 1, 1] => QQFieldElem[5//4, 0, 3//4, 3//4],
	[18, 16, 16, 18, 17, 1, 1, 21, 1, 1] => QQFieldElem[-1//10, 0, -1//5, -1//5],
	[18, 16, 16, 18, 1, 1, 1, 14, 1, 1] => QQFieldElem[4, 4, 0, 8],
	[18, 16, 16, 18, 17, 1, 1, 22, 1, 1] => QQFieldElem[-1, 0, -1//2, -1//2])