Dict(
	[18, 11, 17, 12, 17, 1, 1, 17, 1, 1] => QQFieldElem[0, 0, 0, 0],
	[18, 11, 17, 12, 19, 1, 1, 19, 1, 1] => QQFieldElem[-1, -1, 0, -1],
	[18, 11, 17, 12, 20, 1, 1, 18, 1, 1] => QQFieldElem[1//5, 2//5, 3//5, 4//5],
	[18, 11, 17, 12, 20, 1, 1, 17, 1, 1] => QQFieldElem[-1//5, 2//5, -1//5, 0],
	[18, 11, 17, 12, 18, 1, 1, 20, 1, 1] => QQFieldElem[1, 1//2, 1, 0],
	[18, 11, 17, 12, 19, 1, 1, 20, 1, 1] => QQFieldElem[0, 0, 0, 0],
	[18, 11, 17, 12, 17, 1, 1, 19, 1, 1] => QQFieldElem[-1//2, 1//2, -1//2, 1//2],
	[18, 11, 17, 12, 18, 1, 1, 18, 1, 1] => QQFieldElem[0, 0, 0, 0],
	[18, 11, 17, 12, 19, 1, 1, 18, 1, 1] => QQFieldElem[-1//5, -2//5, 2//5, 1//5],
	[18, 11, 17, 12, 18, 1, 1, 17, 1, 1] => QQFieldElem[1, 0, 1, 1],
	[18, 11, 17, 12, 20, 1, 1, 19, 1, 1] => QQFieldElem[0, 0, 0, 0],
	[18, 11, 17, 12, 19, 1, 1, 17, 1, 1] => QQFieldElem[-3//5, -2//5, -2//5, -3//5],
	[18, 11, 17, 12, 17, 1, 1, 20, 1, 1] => QQFieldElem[-1, -1//2, 0, -1],
	[18, 11, 17, 12, 20, 1, 1, 20, 1, 1] => QQFieldElem[0, 1, 0, 1],
	[18, 11, 17, 12, 17, 1, 1, 18, 1, 1] => QQFieldElem[-1, 0, -1, -1],
	[18, 11, 17, 12, 18, 1, 1, 19, 1, 1] => QQFieldElem[1//2, -1//2, -1//2, 1//2])