Dict(
	[18, 22, 21, 7, 18, 1, 1, 21, 2, 1] => QQFieldElem[1//2, 1//2, 1//2, 1],
	[18, 22, 21, 7, 19, 1, 2, 21, 2, 1] => QQFieldElem[1//5, 2//5, 3//5, -1//5],
	[18, 22, 21, 7, 18, 1, 2, 22, 2, 1] => QQFieldElem[-1, 1//2, -1//2, 0],
	[18, 22, 21, 7, 17, 1, 2, 15, 1, 1] => QQFieldElem[-3//2, -1//2, -3//2, -2],
	[18, 22, 21, 7, 19, 1, 1, 21, 2, 1] => QQFieldElem[1//5, -7//20, 1//10, 1//20],
	[18, 22, 21, 7, 17, 1, 1, 15, 1, 1] => QQFieldElem[-3//2, -1//2, -1//2, -1],
	[18, 22, 21, 7, 18, 1, 1, 22, 2, 1] => QQFieldElem[1, 1//2, -1//2, 1],
	[18, 22, 21, 7, 19, 1, 2, 22, 2, 1] => QQFieldElem[0, -1//2, 1//2, -1//2],
	[18, 22, 21, 7, 19, 1, 1, 22, 2, 1] => QQFieldElem[1, -1//4, 1, 1//4],
	[18, 22, 21, 7, 17, 1, 2, 21, 1, 1] => QQFieldElem[-6//5, -7//5, -3//5, -4//5],
	[18, 22, 21, 7, 17, 1, 1, 21, 1, 1] => QQFieldElem[2//5, -1//5, 1//5, -2//5],
	[18, 22, 21, 7, 17, 1, 2, 22, 1, 1] => QQFieldElem[0, 0, 0, 0],
	[18, 22, 21, 7, 17, 1, 1, 22, 1, 1] => QQFieldElem[6//5, 2//5, 8//5, 4//5],
	[18, 22, 21, 7, 18, 1, 2, 14, 1, 1] => QQFieldElem[1, 1, 0, 1],
	[18, 22, 21, 7, 18, 1, 1, 14, 1, 1] => QQFieldElem[0, 0, 0, 0],
	[18, 22, 21, 7, 17, 1, 2, 21, 2, 1] => QQFieldElem[1, 1, 0, 1],
	[18, 22, 21, 7, 19, 1, 2, 14, 1, 1] => QQFieldElem[-1//5, 3//5, 2//5, 1//5],
	[18, 22, 21, 7, 17, 1, 1, 21, 2, 1] => QQFieldElem[-1, 0, 0, 0],
	[18, 22, 21, 7, 19, 1, 1, 14, 1, 1] => QQFieldElem[-6//5, -2//5, -3//5, -4//5],
	[18, 22, 21, 7, 17, 1, 2, 22, 2, 1] => QQFieldElem[0, 0, -1, 0],
	[18, 22, 21, 7, 17, 1, 1, 22, 2, 1] => QQFieldElem[1//2, 1//2, 1//2, 1//2],
	[18, 22, 21, 7, 18, 1, 2, 15, 1, 1] => QQFieldElem[2, 0, 1, 2],
	[18, 22, 21, 7, 18, 1, 1, 15, 1, 1] => QQFieldElem[0, 1//4, 0, -1//4],
	[18, 22, 21, 7, 19, 1, 2, 15, 1, 1] => QQFieldElem[1, 0, 0, 1],
	[18, 22, 21, 7, 19, 1, 1, 15, 1, 1] => QQFieldElem[0, 7//4, -1, 5//4],
	[18, 22, 21, 7, 18, 1, 2, 21, 1, 1] => QQFieldElem[-1//5, 3//5, 2//5, 1//5],
	[18, 22, 21, 7, 18, 1, 1, 21, 1, 1] => QQFieldElem[-1//5, -2//5, -3//5, -4//5],
	[18, 22, 21, 7, 18, 1, 2, 22, 1, 1] => QQFieldElem[-6//5, -2//5, -3//5, -4//5],
	[18, 22, 21, 7, 17, 1, 2, 14, 1, 1] => QQFieldElem[-6//5, -7//5, -3//5, -4//5],
	[18, 22, 21, 7, 19, 1, 1, 21, 1, 1] => QQFieldElem[0, -1//4, 1//2, -1//4],
	[18, 22, 21, 7, 17, 1, 1, 14, 1, 1] => QQFieldElem[2//5, -1//5, 1//5, -2//5],
	[18, 22, 21, 7, 18, 1, 1, 22, 1, 1] => QQFieldElem[-7//10, -9//10, -1//10, -13//10],
	[18, 22, 21, 7, 19, 1, 2, 22, 1, 1] => QQFieldElem[1, -1//2, 3//2, 1//2],
	[18, 22, 21, 7, 19, 1, 2, 21, 1, 1] => QQFieldElem[0, 0, 0, 0],
	[18, 22, 21, 7, 19, 1, 1, 22, 1, 1] => QQFieldElem[0, 1//4, -1//2, 1//4],
	[18, 22, 21, 7, 18, 1, 2, 21, 2, 1] => QQFieldElem[1//10, -3//10, 3//10, 2//5])