Dict(
	[18, 5, 20, 20, 8, 1, 1, 19, 1, 2] => QQFieldElem[0, 0, -1//2, 1//2],
	[18, 5, 20, 20, 11, 1, 1, 4, 1, 1] => QQFieldElem[-1//8, -1//8, -1//8, -1//4],
	[18, 5, 20, 20, 8, 1, 1, 4, 1, 1] => QQFieldElem[-3, 0, -2, -2],
	[18, 5, 20, 20, 11, 1, 1, 19, 1, 1] => QQFieldElem[-2, 2, 0, 0],
	[18, 5, 20, 20, 20, 1, 1, 18, 1, 1] => QQFieldElem[1//8, 1//4, 0, 1//4],
	[18, 5, 20, 20, 12, 1, 1, 18, 1, 1] => QQFieldElem[0, 0, 1//2, -1//2],
	[18, 5, 20, 20, 20, 1, 1, 19, 1, 2] => QQFieldElem[-7//5, 1//5, -6//5, -3//5],
	[18, 5, 20, 20, 12, 1, 1, 19, 1, 2] => QQFieldElem[7//5, -1//5, 6//5, 3//5],
	[18, 5, 20, 20, 8, 1, 1, 19, 1, 1] => QQFieldElem[8, 4, 4, 8],
	[18, 5, 20, 20, 20, 1, 1, 4, 1, 1] => QQFieldElem[1//4, 1//8, 0, 1//4],
	[18, 5, 20, 20, 12, 1, 1, 4, 1, 1] => QQFieldElem[0, 0, 1//2, -1//2],
	[18, 5, 20, 20, 11, 1, 1, 18, 1, 1] => QQFieldElem[0, 0, 1//8, -1//8],
	[18, 5, 20, 20, 20, 1, 1, 19, 1, 1] => QQFieldElem[24//5, 8//5, 12//5, 16//5],
	[18, 5, 20, 20, 12, 1, 1, 19, 1, 1] => QQFieldElem[0, -32//5, 24//5, -32//5],
	[18, 5, 20, 20, 11, 1, 1, 19, 1, 2] => QQFieldElem[0, 0, 1//2, -1//2],
	[18, 5, 20, 20, 8, 1, 1, 18, 1, 1] => QQFieldElem[-2, -1, -1, -2])