Dict(
	[19, 3, 18, 20, 17, 1, 1, 19, 1, 1] => QQFieldElem[1//80, 1//40, -1//40, 1//20],
	[19, 3, 18, 20, 17, 2, 1, 19, 1, 1] => QQFieldElem[-1//80, -1//40, 1//40, -1//20],
	[19, 3, 18, 20, 19, 1, 1, 18, 1, 1] => QQFieldElem[1//8, 1//8, 1//8, 1//4],
	[19, 3, 18, 20, 19, 2, 1, 18, 1, 1] => QQFieldElem[0, 0, 0, 0],
	[19, 3, 18, 20, 19, 1, 1, 17, 1, 1] => QQFieldElem[0, 0, 0, 0],
	[19, 3, 18, 20, 19, 1, 1, 19, 1, 2] => QQFieldElem[0, 0, 0, 0],
	[19, 3, 18, 20, 19, 2, 1, 17, 1, 1] => QQFieldElem[2, 1//2, 1, 3//2],
	[19, 3, 18, 20, 19, 2, 1, 19, 1, 2] => QQFieldElem[-3//5, -1//5, -3//10, -2//5],
	[19, 3, 18, 20, 17, 1, 1, 18, 1, 1] => QQFieldElem[-1//4, -1//8, -1//8, -1//4],
	[19, 3, 18, 20, 17, 2, 1, 18, 1, 1] => QQFieldElem[1//4, 1//8, 1//8, 1//4],
	[19, 3, 18, 20, 17, 1, 1, 17, 1, 1] => QQFieldElem[-5//4, -3//4, -1//4, -3//2],
	[19, 3, 18, 20, 17, 1, 1, 19, 1, 2] => QQFieldElem[0, -1//16, 0, -1//16],
	[19, 3, 18, 20, 19, 1, 1, 19, 1, 1] => QQFieldElem[1//5, 3//20, 1//10, 3//10],
	[19, 3, 18, 20, 17, 2, 1, 17, 1, 1] => QQFieldElem[-5//4, -3//4, -1//4, -3//2],
	[19, 3, 18, 20, 17, 2, 1, 19, 1, 2] => QQFieldElem[0, 0, 0, 0],
	[19, 3, 18, 20, 19, 2, 1, 19, 1, 1] => QQFieldElem[1//5, 3//20, 1//10, 3//10])