Dict(
	[19, 19, 16, 15, 21, 2, 1, 11, 1, 1] => QQFieldElem[1, 0, 1, 1],
	[19, 19, 16, 15, 22, 1, 1, 19, 1, 1] => QQFieldElem[4, 4, 2, 0],
	[19, 19, 16, 15, 22, 1, 1, 12, 1, 1] => QQFieldElem[0, 0, 2, -2],
	[19, 19, 16, 15, 13, 1, 1, 20, 1, 1] => QQFieldElem[1, 1, 0, 0],
	[19, 19, 16, 15, 22, 2, 1, 19, 1, 1] => QQFieldElem[-1//2, 0, 0, 1//2],
	[19, 19, 16, 15, 21, 1, 1, 19, 1, 1] => QQFieldElem[1//2, 0, 0, -1//2],
	[19, 19, 16, 15, 21, 1, 1, 12, 1, 1] => QQFieldElem[-1//2, -1, 0, -1],
	[19, 19, 16, 15, 22, 2, 1, 12, 1, 1] => QQFieldElem[0, 1//2, -1//2, 0],
	[19, 19, 16, 15, 16, 1, 1, 19, 1, 1] => QQFieldElem[-1, -1, -2, -1],
	[19, 19, 16, 15, 16, 1, 1, 12, 1, 1] => QQFieldElem[-1, 1, 0, 0],
	[19, 19, 16, 15, 21, 2, 1, 19, 1, 1] => QQFieldElem[0, -1, -1, 0],
	[19, 19, 16, 15, 21, 2, 1, 12, 1, 1] => QQFieldElem[1, 0, 1, 1],
	[19, 19, 16, 15, 13, 1, 1, 20, 2, 1] => QQFieldElem[0, 0, 0, 0],
	[19, 19, 16, 15, 13, 1, 1, 17, 1, 1] => QQFieldElem[1, 1, 0, 0],
	[19, 19, 16, 15, 22, 1, 1, 20, 1, 1] => QQFieldElem[1//2, 1, 0, 1//2],
	[19, 19, 16, 15, 13, 1, 1, 11, 1, 1] => QQFieldElem[-1, -1//2, -1//2, -1//2],
	[19, 19, 16, 15, 21, 1, 1, 20, 1, 1] => QQFieldElem[4, 4, 4, 0],
	[19, 19, 16, 15, 22, 2, 1, 20, 1, 1] => QQFieldElem[4//5, 3//5, 7//5, 6//5],
	[19, 19, 16, 15, 16, 1, 1, 20, 1, 1] => QQFieldElem[1, 1, 1, 0],
	[19, 19, 16, 15, 21, 2, 1, 20, 1, 1] => QQFieldElem[0, 0, 0, 0],
	[19, 19, 16, 15, 22, 1, 1, 20, 2, 1] => QQFieldElem[0, 0, -2, 0],
	[19, 19, 16, 15, 22, 1, 1, 17, 1, 1] => QQFieldElem[-4, -4, -4, 0],
	[19, 19, 16, 15, 22, 2, 1, 20, 2, 1] => QQFieldElem[1//2, 0, 0, -1//2],
	[19, 19, 16, 15, 21, 1, 1, 20, 2, 1] => QQFieldElem[-1//2, -1//2, -1//2, -1//2],
	[19, 19, 16, 15, 22, 2, 1, 17, 1, 1] => QQFieldElem[0, 0, 0, 0],
	[19, 19, 16, 15, 21, 1, 1, 17, 1, 1] => QQFieldElem[-1, -1, -1, 0],
	[19, 19, 16, 15, 16, 1, 1, 20, 2, 1] => QQFieldElem[-4//5, 2//5, 8//5, 4//5],
	[19, 19, 16, 15, 22, 1, 1, 11, 1, 1] => QQFieldElem[0, 0, -2, 2],
	[19, 19, 16, 15, 16, 1, 1, 17, 1, 1] => QQFieldElem[0, 0, 0, 0],
	[19, 19, 16, 15, 21, 2, 1, 20, 2, 1] => QQFieldElem[-1, -1, -2, -1],
	[19, 19, 16, 15, 13, 1, 1, 12, 1, 1] => QQFieldElem[-1, -1//2, -1//2, -1//2],
	[19, 19, 16, 15, 21, 2, 1, 17, 1, 1] => QQFieldElem[-4//5, 2//5, 8//5, 4//5],
	[19, 19, 16, 15, 22, 2, 1, 11, 1, 1] => QQFieldElem[0, -1//2, 1//2, 0],
	[19, 19, 16, 15, 21, 1, 1, 11, 1, 1] => QQFieldElem[1//2, 1, 0, 1],
	[19, 19, 16, 15, 13, 1, 1, 19, 1, 1] => QQFieldElem[-1//2, -1//2, 1//2, 1//2],
	[19, 19, 16, 15, 16, 1, 1, 11, 1, 1] => QQFieldElem[-1, 1, 0, 0])