Dict(
	[19, 16, 9, 19, 5, 1, 1, 22, 1, 1] => QQFieldElem[1//2, 0, 1//2, 1//2],
	[19, 16, 9, 19, 5, 1, 1, 16, 1, 1] => QQFieldElem[-3//20, -3//10, 1//20, -7//20],
	[19, 16, 9, 19, 7, 1, 1, 21, 1, 1] => QQFieldElem[4, 1, 2, 3],
	[19, 16, 9, 19, 19, 1, 1, 22, 1, 1] => QQFieldElem[-1, -1//2, -1//2, -1],
	[19, 16, 9, 19, 19, 1, 1, 16, 1, 1] => QQFieldElem[-3//20, 1//5, -1//5, 3//20],
	[19, 16, 9, 19, 17, 1, 1, 13, 1, 1] => QQFieldElem[-1//2, 0, -1//2, -1//2],
	[19, 16, 9, 19, 7, 1, 1, 22, 1, 1] => QQFieldElem[-1//2, 0, -1//2, -1//2],
	[19, 16, 9, 19, 7, 1, 1, 16, 1, 1] => QQFieldElem[3//20, 3//10, -1//20, 7//20],
	[19, 16, 9, 19, 17, 1, 1, 21, 1, 1] => QQFieldElem[-5, -3, -1, -6],
	[19, 16, 9, 19, 17, 1, 1, 22, 1, 1] => QQFieldElem[1, 1//2, 1//2, 1],
	[19, 16, 9, 19, 17, 1, 1, 16, 1, 1] => QQFieldElem[3//20, -1//5, 1//5, -3//20],
	[19, 16, 9, 19, 5, 1, 1, 13, 1, 1] => QQFieldElem[1//2, 0, 1//2, 0],
	[19, 16, 9, 19, 19, 1, 1, 13, 1, 1] => QQFieldElem[-1//2, 0, -1//2, -1//2],
	[19, 16, 9, 19, 7, 1, 1, 13, 1, 1] => QQFieldElem[1//2, 0, 1//2, 0],
	[19, 16, 9, 19, 5, 1, 1, 21, 1, 1] => QQFieldElem[4, 1, 2, 3],
	[19, 16, 9, 19, 19, 1, 1, 21, 1, 1] => QQFieldElem[-5, -3, -1, -6])