Dict(
	[19, 21, 8, 13, 22, 1, 1, 21, 2, 1] => QQFieldElem[1, 0, 1, 1],
	[19, 21, 8, 13, 16, 1, 1, 22, 1, 1] => QQFieldElem[3//4, 1//2, 7//4, 3//4],
	[19, 21, 8, 13, 22, 1, 1, 22, 2, 1] => QQFieldElem[0, 0, 0, 0],
	[19, 21, 8, 13, 21, 1, 1, 21, 2, 1] => QQFieldElem[0, 0, 0, 0],
	[19, 21, 8, 13, 16, 1, 1, 21, 2, 1] => QQFieldElem[0, 0, 0, 0],
	[19, 21, 8, 13, 21, 1, 1, 22, 2, 1] => QQFieldElem[0, -1, 0, 1],
	[19, 21, 8, 13, 16, 1, 1, 22, 2, 1] => QQFieldElem[0, -1, 0, 1],
	[19, 21, 8, 13, 13, 1, 1, 21, 1, 1] => QQFieldElem[-3//4, 1//4, -1, 1//4],
	[19, 21, 8, 13, 13, 1, 1, 22, 1, 1] => QQFieldElem[1//4, 1//2, 1//4, 1//4],
	[19, 21, 8, 13, 13, 1, 1, 21, 2, 1] => QQFieldElem[1, 0, 1, 1],
	[19, 21, 8, 13, 22, 1, 1, 21, 1, 1] => QQFieldElem[3//4, -1//4, 1, -1//4],
	[19, 21, 8, 13, 13, 1, 1, 22, 2, 1] => QQFieldElem[0, 0, 0, 0],
	[19, 21, 8, 13, 22, 1, 1, 22, 1, 1] => QQFieldElem[-1//4, -1//2, -1//4, -1//4],
	[19, 21, 8, 13, 21, 1, 1, 21, 1, 1] => QQFieldElem[1//4, 1//4, 0, 3//4],
	[19, 21, 8, 13, 16, 1, 1, 21, 1, 1] => QQFieldElem[-1//4, -1//4, 0, -3//4],
	[19, 21, 8, 13, 21, 1, 1, 22, 1, 1] => QQFieldElem[-3//4, -1//2, -7//4, -3//4])