Dict(
	[19, 13, 7, 22, 9, 1, 1, 15, 1, 1] => QQFieldElem[1, 0, 1//2, 1//2],
	[19, 13, 7, 22, 13, 1, 1, 14, 1, 1] => QQFieldElem[-3//2, -1, -1//2, -2],
	[19, 13, 7, 22, 10, 1, 1, 15, 1, 1] => QQFieldElem[0, 0, 1//2, -1//2],
	[19, 13, 7, 22, 9, 1, 1, 21, 1, 1] => QQFieldElem[-1, -1//2, -1//2, -1//2],
	[19, 13, 7, 22, 9, 1, 1, 22, 1, 1] => QQFieldElem[0, 1//2, 1//2, 1//2],
	[19, 13, 7, 22, 10, 1, 1, 21, 1, 1] => QQFieldElem[0, 1//2, 1//2, 1//2],
	[19, 13, 7, 22, 13, 1, 1, 15, 1, 1] => QQFieldElem[1//2, 1//2, 0, 1//2],
	[19, 13, 7, 22, 10, 1, 1, 22, 1, 1] => QQFieldElem[-1, -1//2, -1//2, -1//2],
	[19, 13, 7, 22, 13, 1, 1, 21, 1, 1] => QQFieldElem[0, 0, 0, 0],
	[19, 13, 7, 22, 13, 1, 1, 22, 1, 1] => QQFieldElem[2, 0, 1, 1],
	[19, 13, 7, 22, 16, 1, 1, 14, 1, 1] => QQFieldElem[-1//2, 0, -1//2, 0],
	[19, 13, 7, 22, 16, 1, 1, 15, 1, 1] => QQFieldElem[-3//2, 1//2, -1, -1//2],
	[19, 13, 7, 22, 9, 1, 1, 14, 1, 1] => QQFieldElem[1//2, -1//2, 0, 0],
	[19, 13, 7, 22, 10, 1, 1, 14, 1, 1] => QQFieldElem[1//2, 1//2, 0, 1],
	[19, 13, 7, 22, 16, 1, 1, 21, 1, 1] => QQFieldElem[2, 0, 1, 1],
	[19, 13, 7, 22, 16, 1, 1, 22, 1, 1] => QQFieldElem[0, 0, 0, 0])