Dict(
	[19, 19, 19, 7, 6, 1, 1, 17, 1, 1] => QQFieldElem[0, 0, 2, 0],
	[19, 19, 19, 7, 4, 1, 1, 6, 1, 1] => QQFieldElem[-2, 0, -2, -2],
	[19, 19, 19, 7, 18, 1, 1, 6, 1, 1] => QQFieldElem[0, 0, 1//2, 0],
	[19, 19, 19, 7, 4, 1, 1, 18, 1, 1] => QQFieldElem[0, 0, -2, 0],
	[19, 19, 19, 7, 18, 1, 1, 18, 1, 1] => QQFieldElem[-1//2, -1//2, -1//2, -1//2],
	[19, 19, 19, 7, 17, 1, 1, 19, 1, 1] => QQFieldElem[0, 0, 0, 0],
	[19, 19, 19, 7, 19, 1, 1, 6, 1, 1] => QQFieldElem[0, 0, 0, -1],
	[19, 19, 19, 7, 6, 1, 1, 4, 1, 1] => QQFieldElem[0, 2, 0, 2],
	[19, 19, 19, 7, 19, 1, 1, 18, 1, 1] => QQFieldElem[0, 0, 0, 0],
	[19, 19, 19, 7, 18, 1, 1, 17, 1, 1] => QQFieldElem[-1//2, -1//2, -1//2, -1//2],
	[19, 19, 19, 7, 4, 1, 1, 17, 1, 1] => QQFieldElem[0, 0, 2, 0],
	[19, 19, 19, 7, 19, 1, 1, 17, 1, 1] => QQFieldElem[0, 0, 0, 0],
	[19, 19, 19, 7, 6, 1, 1, 19, 1, 1] => QQFieldElem[0, 2, 0, 2],
	[19, 19, 19, 7, 4, 1, 1, 4, 1, 1] => QQFieldElem[0, -2, 0, -2],
	[19, 19, 19, 7, 18, 1, 1, 4, 1, 1] => QQFieldElem[-1//2, -1//2, -1//2, -1//2],
	[19, 19, 19, 7, 19, 1, 1, 4, 1, 1] => QQFieldElem[1, 0, 0, 0],
	[19, 19, 19, 7, 17, 1, 1, 6, 1, 1] => QQFieldElem[0, 0, 1//2, 0],
	[19, 19, 19, 7, 17, 1, 1, 18, 1, 1] => QQFieldElem[1//2, 1//2, 1//2, 1//2],
	[19, 19, 19, 7, 4, 1, 1, 19, 1, 1] => QQFieldElem[0, -2, 0, -2],
	[19, 19, 19, 7, 18, 1, 1, 19, 1, 1] => QQFieldElem[0, 0, 0, 0],
	[19, 19, 19, 7, 17, 1, 1, 17, 1, 1] => QQFieldElem[1//2, 1//2, 1//2, 1//2],
	[19, 19, 19, 7, 19, 1, 1, 19, 1, 1] => QQFieldElem[1, 0, 1, 1],
	[19, 19, 19, 7, 6, 1, 1, 6, 1, 1] => QQFieldElem[2, 0, 2, 2],
	[19, 19, 19, 7, 6, 1, 1, 18, 1, 1] => QQFieldElem[0, 0, -2, 0],
	[19, 19, 19, 7, 17, 1, 1, 4, 1, 1] => QQFieldElem[-1//2, -1//2, -1//2, -1//2])