Dict(
	[19, 22, 16, 20, 18, 2, 1, 15, 1, 1] => QQFieldElem[0, 0, 0, 0],
	[19, 22, 16, 20, 12, 1, 1, 22, 2, 1] => QQFieldElem[3//80, 3//80, 0, 1//20],
	[19, 22, 16, 20, 19, 1, 1, 14, 2, 1] => QQFieldElem[-1, 0, -1, -1//2],
	[19, 22, 16, 20, 20, 2, 2, 22, 2, 1] => QQFieldElem[-4//5, 0, -3//5, -3//5],
	[19, 22, 16, 20, 20, 1, 1, 22, 2, 1] => QQFieldElem[2//5, -4//5, 9//10, -1//2],
	[19, 22, 16, 20, 17, 1, 1, 14, 1, 1] => QQFieldElem[-2, 0, -3//2, -3//2],
	[19, 22, 16, 20, 18, 2, 1, 15, 2, 1] => QQFieldElem[0, 0, 0, 0],
	[19, 22, 16, 20, 19, 2, 1, 21, 1, 1] => QQFieldElem[-1//20, -1//10, 1//10, -1//5],
	[19, 22, 16, 20, 20, 1, 2, 21, 1, 2] => QQFieldElem[-4, -4, 0, -6],
	[19, 22, 16, 20, 19, 2, 1, 22, 1, 1] => QQFieldElem[-1//5, -1//20, -1//20, -1//5],
	[19, 22, 16, 20, 20, 1, 2, 22, 1, 2] => QQFieldElem[10, 0, 8, 8],
	[19, 22, 16, 20, 17, 1, 1, 14, 2, 1] => QQFieldElem[-3, 0, -1, -1],
	[19, 22, 16, 20, 20, 2, 1, 21, 1, 2] => QQFieldElem[2//5, -1//5, 1//5, 1//10],
	[19, 22, 16, 20, 19, 2, 1, 21, 2, 1] => QQFieldElem[-1//20, -1//10, 1//10, -1//5],
	[19, 22, 16, 20, 20, 2, 1, 22, 1, 2] => QQFieldElem[3//5, 3//5, 0, 4//5],
	[19, 22, 16, 20, 20, 1, 2, 21, 2, 2] => QQFieldElem[-8//5, 4//5, -4//5, -2//5],
	[19, 22, 16, 20, 19, 2, 1, 22, 2, 1] => QQFieldElem[-1//5, -1//20, -1//20, -1//5],
	[19, 22, 16, 20, 20, 1, 1, 15, 1, 1] => QQFieldElem[-1//2, 1//2, 0, 0],
	[19, 22, 16, 20, 20, 1, 2, 22, 2, 2] => QQFieldElem[2//5, 0, 4//5, 4//5],
	[19, 22, 16, 20, 12, 1, 1, 15, 1, 1] => QQFieldElem[-2, -1//2, -1, -3//2],
	[19, 22, 16, 20, 20, 2, 1, 21, 2, 2] => QQFieldElem[2//5, -1//5, 1//5, 1//10],
	[19, 22, 16, 20, 17, 2, 1, 21, 1, 1] => QQFieldElem[-24//55, -23//55, -7//55, -26//55],
	[19, 22, 16, 20, 20, 2, 2, 15, 1, 1] => QQFieldElem[1//2, 1//2, 0, 1],
	[19, 22, 16, 20, 20, 2, 1, 22, 2, 2] => QQFieldElem[-4//5, 3//5, -4//5, 0],
	[19, 22, 16, 20, 17, 2, 1, 22, 1, 1] => QQFieldElem[-3//80, -3//80, 0, -1//20],
	[19, 22, 16, 20, 19, 1, 1, 21, 1, 2] => QQFieldElem[-1//4, 1//4, -1//4, 1//4],
	[19, 22, 16, 20, 11, 1, 1, 21, 1, 2] => QQFieldElem[27//110, 19//110, 1//110, 43//110],
	[19, 22, 16, 20, 20, 1, 1, 15, 2, 1] => QQFieldElem[1//2, 1//2, 0, 1],
	[19, 22, 16, 20, 18, 2, 1, 14, 1, 1] => QQFieldElem[1//4, 0, 1//4, 1//4],
	[19, 22, 16, 20, 19, 1, 1, 22, 1, 2] => QQFieldElem[21//20, 3//5, 2//5, 6//5],
	[19, 22, 16, 20, 11, 1, 1, 22, 1, 2] => QQFieldElem[-1//20, -1//80, -1//80, -1//20],
	[19, 22, 16, 20, 17, 2, 1, 21, 2, 1] => QQFieldElem[36//55, -48//55, 38//55, -16//55],
	[19, 22, 16, 20, 20, 2, 2, 15, 2, 1] => QQFieldElem[1//2, 1//2, 0, 1],
	[19, 22, 16, 20, 12, 1, 1, 15, 2, 1] => QQFieldElem[1, 2, 0, 2],
	[19, 22, 16, 20, 17, 2, 1, 22, 2, 1] => QQFieldElem[1//40, 1//40, 0, 3//40],
	[19, 22, 16, 20, 19, 1, 1, 21, 2, 2] => QQFieldElem[1//2, 1, -1//2, 3//2],
	[19, 22, 16, 20, 11, 1, 1, 21, 2, 2] => QQFieldElem[16//55, -3//55, 23//55, -1//55],
	[19, 22, 16, 20, 18, 2, 1, 14, 2, 1] => QQFieldElem[-1//2, 0, 0, 0],
	[19, 22, 16, 20, 19, 1, 1, 22, 2, 2] => QQFieldElem[6//5, 2//5, 1//10, 13//10],
	[19, 22, 16, 20, 11, 1, 1, 22, 2, 2] => QQFieldElem[-1//40, -1//40, 0, -3//40],
	[19, 22, 16, 20, 18, 1, 1, 21, 1, 1] => QQFieldElem[27//22, 19//22, 6//11, 16//11],
	[19, 22, 16, 20, 19, 2, 1, 15, 1, 1] => QQFieldElem[-1//2, -1//2, 0, -1//2],
	[19, 22, 16, 20, 17, 1, 1, 21, 1, 2] => QQFieldElem[2//11, 1//11, 3//22, 5//44],
	[19, 22, 16, 20, 18, 1, 1, 22, 1, 1] => QQFieldElem[1//2, 1//2, 0, 1//2],
	[19, 22, 16, 20, 17, 1, 1, 22, 1, 2] => QQFieldElem[1//5, 0, 3//20, 3//20],
	[19, 22, 16, 20, 18, 1, 1, 21, 2, 1] => QQFieldElem[47//11, 7//11, 27//11, 39//11],
	[19, 22, 16, 20, 19, 2, 1, 15, 2, 1] => QQFieldElem[-1//2, -1//2, 0, -1//2],
	[19, 22, 16, 20, 20, 1, 1, 14, 1, 1] => QQFieldElem[4, 1, 2, 3],
	[19, 22, 16, 20, 12, 1, 1, 14, 1, 1] => QQFieldElem[1//4, -1//4, 1//4, 0],
	[19, 22, 16, 20, 18, 1, 1, 22, 2, 1] => QQFieldElem[1, 1, 1, 2],
	[19, 22, 16, 20, 17, 1, 1, 21, 2, 2] => QQFieldElem[-2//11, -1//11, -3//22, -5//44],
	[19, 22, 16, 20, 20, 2, 2, 14, 1, 1] => QQFieldElem[-1, 0, 0, -1],
	[19, 22, 16, 20, 17, 1, 1, 22, 2, 2] => QQFieldElem[-1//5, 0, -3//20, -3//20],
	[19, 22, 16, 20, 17, 2, 1, 15, 1, 1] => QQFieldElem[0, 0, 0, 0],
	[19, 22, 16, 20, 20, 1, 1, 14, 2, 1] => QQFieldElem[0, 1, 0, 1],
	[19, 22, 16, 20, 12, 1, 1, 14, 2, 1] => QQFieldElem[1//2, 0, 1//2, 1//2],
	[19, 22, 16, 20, 20, 2, 2, 14, 2, 1] => QQFieldElem[1, 0, 0, 1],
	[19, 22, 16, 20, 20, 1, 2, 21, 1, 1] => QQFieldElem[3//10, 3//5, -1//10, 7//10],
	[19, 22, 16, 20, 17, 2, 1, 15, 2, 1] => QQFieldElem[0, 0, 0, 0],
	[19, 22, 16, 20, 18, 2, 1, 21, 1, 2] => QQFieldElem[-5//22, -5//44, -1//22, -9//44],
	[19, 22, 16, 20, 20, 1, 2, 22, 1, 1] => QQFieldElem[2//5, 1//5, -1//10, 1//2],
	[19, 22, 16, 20, 20, 2, 1, 21, 1, 1] => QQFieldElem[1//20, -1//40, 1//40, -1//20],
	[19, 22, 16, 20, 18, 2, 1, 22, 1, 2] => QQFieldElem[-1//4, 1//20, -1//10, -1//5],
	[19, 22, 16, 20, 19, 2, 1, 14, 1, 1] => QQFieldElem[0, 0, 0, 0],
	[19, 22, 16, 20, 20, 2, 1, 22, 1, 1] => QQFieldElem[-7//40, -3//40, -3//40, -7//40],
	[19, 22, 16, 20, 20, 1, 2, 21, 2, 1] => QQFieldElem[-2//5, 1//5, -1//5, -1//10],
	[19, 22, 16, 20, 18, 1, 1, 15, 1, 1] => QQFieldElem[7, 0, 4, 4],
	[19, 22, 16, 20, 20, 1, 2, 22, 2, 1] => QQFieldElem[-2//5, -1//5, 1//10, -1//2],
	[19, 22, 16, 20, 18, 2, 1, 21, 2, 2] => QQFieldElem[17//22, 3//22, 5//11, 6//11],
	[19, 22, 16, 20, 20, 2, 1, 21, 2, 1] => QQFieldElem[-3//5, -1//5, 1//5, -2//5],
	[19, 22, 16, 20, 18, 2, 1, 22, 2, 2] => QQFieldElem[1//5, 1//5, 0, 1//10],
	[19, 22, 16, 20, 19, 2, 1, 14, 2, 1] => QQFieldElem[0, 0, 0, 0],
	[19, 22, 16, 20, 20, 2, 1, 22, 2, 1] => QQFieldElem[-4//5, 0, -3//5, -3//5],
	[19, 22, 16, 20, 18, 1, 1, 15, 2, 1] => QQFieldElem[14, 14, 0, 22],
	[19, 22, 16, 20, 19, 1, 1, 21, 1, 1] => QQFieldElem[1//20, 1//10, 1//40, 3//40],
	[19, 22, 16, 20, 11, 1, 1, 21, 1, 1] => QQFieldElem[27//110, 19//110, 1//110, 43//110],
	[19, 22, 16, 20, 19, 1, 1, 22, 1, 1] => QQFieldElem[7//40, 0, 1//10, 1//10],
	[19, 22, 16, 20, 11, 1, 1, 22, 1, 1] => QQFieldElem[1//20, 1//80, 1//80, 1//20],
	[19, 22, 16, 20, 17, 2, 1, 14, 1, 1] => QQFieldElem[-1//4, 0, -1//4, -1//4],
	[19, 22, 16, 20, 20, 1, 1, 21, 1, 2] => QQFieldElem[2, 0, 1, 1],
	[19, 22, 16, 20, 12, 1, 1, 21, 1, 2] => QQFieldElem[-46//11, 32//11, -40//11, -4//11],
	[19, 22, 16, 20, 20, 2, 2, 21, 1, 2] => QQFieldElem[-7//5, -4//5, -1//5, -8//5],
	[19, 22, 16, 20, 19, 1, 1, 21, 2, 1] => QQFieldElem[-1//20, -1//10, -1//40, -3//40],
	[19, 22, 16, 20, 20, 1, 1, 22, 1, 2] => QQFieldElem[3, 3, 0, 4],
	[19, 22, 16, 20, 11, 1, 1, 21, 2, 1] => QQFieldElem[-16//55, 3//55, -23//55, 1//55],
	[19, 22, 16, 20, 12, 1, 1, 22, 1, 2] => QQFieldElem[1//20, 1//10, -1//10, 1//5],
	[19, 22, 16, 20, 19, 1, 1, 22, 2, 1] => QQFieldElem[-7//40, 0, -1//10, -1//10],
	[19, 22, 16, 20, 11, 1, 1, 22, 2, 1] => QQFieldElem[-1//40, -1//40, 0, -3//40],
	[19, 22, 16, 20, 17, 2, 1, 14, 2, 1] => QQFieldElem[-1//2, 0, 0, 0],
	[19, 22, 16, 20, 20, 2, 2, 22, 1, 2] => QQFieldElem[8//5, -1//5, 8//5, 1],
	[19, 22, 16, 20, 20, 1, 1, 21, 2, 2] => QQFieldElem[2//5, 4//5, 1//5, 3//5],
	[19, 22, 16, 20, 12, 1, 1, 21, 2, 2] => QQFieldElem[-36//55, 48//55, -38//55, 16//55],
	[19, 22, 16, 20, 17, 1, 1, 21, 1, 1] => QQFieldElem[16//55, -3//55, 23//55, -1//55],
	[19, 22, 16, 20, 20, 1, 2, 15, 1, 1] => QQFieldElem[-1, 1, -1, 1],
	[19, 22, 16, 20, 20, 2, 2, 21, 2, 2] => QQFieldElem[7//5, 4//5, 1//5, 8//5],
	[19, 22, 16, 20, 20, 1, 1, 22, 2, 2] => QQFieldElem[-17//5, -3//5, -8//5, -12//5],
	[19, 22, 16, 20, 17, 1, 1, 22, 1, 1] => QQFieldElem[3//40, 0, 1//40, 1//40],
	[19, 22, 16, 20, 12, 1, 1, 22, 2, 2] => QQFieldElem[1//40, 1//40, 0, 3//40],
	[19, 22, 16, 20, 20, 2, 1, 15, 1, 1] => QQFieldElem[0, 1//4, 0, 1//4],
	[19, 22, 16, 20, 20, 2, 2, 22, 2, 2] => QQFieldElem[0, 1//5, -2//5, 1//5],
	[19, 22, 16, 20, 18, 1, 1, 14, 1, 1] => QQFieldElem[1, 0, 1//2, 1//2],
	[19, 22, 16, 20, 17, 1, 1, 21, 2, 1] => QQFieldElem[86//55, 32//55, 48//55, 84//55],
	[19, 22, 16, 20, 20, 1, 2, 15, 2, 1] => QQFieldElem[-3, -1, -1, -3],
	[19, 22, 16, 20, 19, 2, 1, 21, 1, 2] => QQFieldElem[-1//20, 1//40, -1//40, 1//20],
	[19, 22, 16, 20, 17, 1, 1, 22, 2, 1] => QQFieldElem[-1//20, 0, -1//10, -1//10],
	[19, 22, 16, 20, 20, 2, 1, 15, 2, 1] => QQFieldElem[0, -1//4, 0, -1//4],
	[19, 22, 16, 20, 19, 2, 1, 22, 1, 2] => QQFieldElem[7//40, 3//40, 3//40, 7//40],
	[19, 22, 16, 20, 18, 1, 1, 14, 2, 1] => QQFieldElem[-1, 0, -1, -1],
	[19, 22, 16, 20, 19, 1, 1, 15, 1, 1] => QQFieldElem[0, 0, 0, 1//4],
	[19, 22, 16, 20, 11, 1, 1, 15, 1, 1] => QQFieldElem[-2, -1//2, -1, -3//2],
	[19, 22, 16, 20, 19, 2, 1, 21, 2, 2] => QQFieldElem[1//20, 1//10, -1//10, 1//5],
	[19, 22, 16, 20, 19, 2, 1, 22, 2, 2] => QQFieldElem[1//5, 1//20, 1//20, 1//5],
	[19, 22, 16, 20, 18, 2, 1, 21, 1, 1] => QQFieldElem[5//22, 5//44, 1//22, 9//44],
	[19, 22, 16, 20, 17, 2, 1, 21, 1, 2] => QQFieldElem[-9//22, 1//22, -2//11, -7//22],
	[19, 22, 16, 20, 11, 1, 1, 15, 2, 1] => QQFieldElem[-1, -2, 0, -2],
	[19, 22, 16, 20, 18, 2, 1, 22, 1, 1] => QQFieldElem[3//20, 3//20, 0, 1//5],
	[19, 22, 16, 20, 19, 1, 1, 15, 2, 1] => QQFieldElem[0, 0, 0, -1//4],
	[19, 22, 16, 20, 17, 2, 1, 22, 1, 2] => QQFieldElem[-3//10, -1//5, -1//5, -3//10],
	[19, 22, 16, 20, 20, 1, 2, 14, 1, 1] => QQFieldElem[-4, -2, 0, -4],
	[19, 22, 16, 20, 18, 2, 1, 21, 2, 1] => QQFieldElem[17//22, 3//22, 5//11, 6//11],
	[19, 22, 16, 20, 17, 1, 1, 15, 1, 1] => QQFieldElem[7, 0, 4, 4],
	[19, 22, 16, 20, 20, 2, 1, 14, 1, 1] => QQFieldElem[1, 0, 1//2, 1//2],
	[19, 22, 16, 20, 17, 2, 1, 21, 2, 2] => QQFieldElem[-9//22, 1//22, -2//11, -7//22],
	[19, 22, 16, 20, 18, 2, 1, 22, 2, 1] => QQFieldElem[2//5, 1//5, 2//5, 1//2],
	[19, 22, 16, 20, 17, 2, 1, 22, 2, 2] => QQFieldElem[-3//10, -1//5, -1//5, -3//10],
	[19, 22, 16, 20, 20, 1, 2, 14, 2, 1] => QQFieldElem[0, 2, 0, 0],
	[19, 22, 16, 20, 17, 1, 1, 15, 2, 1] => QQFieldElem[-14, -14, 0, -22],
	[19, 22, 16, 20, 20, 2, 1, 14, 2, 1] => QQFieldElem[1, 0, 1//2, 1//2],
	[19, 22, 16, 20, 18, 1, 1, 21, 1, 2] => QQFieldElem[-7//22, -9//22, -4//11, -7//11],
	[19, 22, 16, 20, 20, 1, 1, 21, 1, 1] => QQFieldElem[1//20, -3//20, 3//20, -1//20],
	[19, 22, 16, 20, 12, 1, 1, 21, 1, 1] => QQFieldElem[-16//11, -19//11, -1//11, -21//11],
	[19, 22, 16, 20, 18, 1, 1, 22, 1, 2] => QQFieldElem[1//10, -1//2, 1//5, -3//10],
	[19, 22, 16, 20, 20, 2, 2, 21, 1, 1] => QQFieldElem[1//20, 1//10, -1//10, 1//5],
	[19, 22, 16, 20, 19, 1, 1, 14, 1, 1] => QQFieldElem[-1, 0, -1, -1//2],
	[19, 22, 16, 20, 12, 1, 1, 22, 1, 1] => QQFieldElem[3//40, 3//20, -1//40, 7//40],
	[19, 22, 16, 20, 20, 1, 1, 22, 1, 1] => QQFieldElem[-7//20, -3//10, -1//10, -1//2],
	[19, 22, 16, 20, 11, 1, 1, 14, 1, 1] => QQFieldElem[-1//4, 1//4, -1//4, 0],
	[19, 22, 16, 20, 20, 2, 2, 22, 1, 1] => QQFieldElem[1//5, 1//20, 1//20, 1//5],
	[19, 22, 16, 20, 18, 1, 1, 21, 2, 2] => QQFieldElem[13//11, 1//11, 7//11, 15//11],
	[19, 22, 16, 20, 20, 1, 1, 21, 2, 1] => QQFieldElem[-2//5, 1//5, -1//5, -1//10],
	[19, 22, 16, 20, 12, 1, 1, 21, 2, 1] => QQFieldElem[-24//55, -23//55, -7//55, -26//55],
	[19, 22, 16, 20, 18, 1, 1, 22, 2, 2] => QQFieldElem[-1//5, -3//5, -1//5, 0],
	[19, 22, 16, 20, 20, 2, 2, 21, 2, 1] => QQFieldElem[3//5, 1//5, -1//5, 2//5],
	[19, 22, 16, 20, 11, 1, 1, 14, 2, 1] => QQFieldElem[1//2, 0, 1//2, 1//2])