Dict(
	[19, 20, 3, 20, 12, 1, 1, 11, 1, 1] => QQFieldElem[2, 0, 1, 1],
	[19, 20, 3, 20, 11, 1, 1, 20, 1, 1] => QQFieldElem[0, 0, 0, 0],
	[19, 20, 3, 20, 20, 2, 1, 11, 1, 1] => QQFieldElem[0, 0, 0, 0],
	[19, 20, 3, 20, 11, 1, 1, 20, 2, 1] => QQFieldElem[3//10, -1//10, 3//10, 0],
	[19, 20, 3, 20, 20, 1, 1, 12, 1, 1] => QQFieldElem[4, 4, 0, -8],
	[19, 20, 3, 20, 12, 1, 1, 12, 1, 1] => QQFieldElem[0, 0, 0, 0],
	[19, 20, 3, 20, 20, 2, 1, 12, 1, 1] => QQFieldElem[0, -1, -3, -1],
	[19, 20, 3, 20, 11, 1, 1, 11, 1, 1] => QQFieldElem[0, 0, 0, 0],
	[19, 20, 3, 20, 20, 1, 1, 20, 1, 1] => QQFieldElem[2//5, -4//5, 2//5, 0],
	[19, 20, 3, 20, 12, 1, 1, 20, 1, 1] => QQFieldElem[-1, 0, -1, -1],
	[19, 20, 3, 20, 20, 2, 1, 20, 1, 1] => QQFieldElem[0, -6//5, 2//5, -6//5],
	[19, 20, 3, 20, 11, 1, 1, 12, 1, 1] => QQFieldElem[0, 0, 0, -2],
	[19, 20, 3, 20, 20, 1, 1, 20, 2, 1] => QQFieldElem[0, 0, 0, 0],
	[19, 20, 3, 20, 12, 1, 1, 20, 2, 1] => QQFieldElem[0, 0, 0, 0],
	[19, 20, 3, 20, 20, 2, 1, 20, 2, 1] => QQFieldElem[-1, 0, -1, -1],
	[19, 20, 3, 20, 20, 1, 1, 11, 1, 1] => QQFieldElem[-2, 2, 2, -2])