Dict(
	[19, 19, 21, 9, 16, 1, 1, 11, 1, 1] => QQFieldElem[1//2, 0, 1, 1],
	[19, 19, 21, 9, 22, 1, 2, 19, 1, 1] => QQFieldElem[-1//2, 1//2, 1//2, -1//2],
	[19, 19, 21, 9, 22, 1, 2, 12, 1, 1] => QQFieldElem[-1//2, -1, -1//2, -1//2],
	[19, 19, 21, 9, 22, 1, 1, 19, 1, 1] => QQFieldElem[2, 2, -2, -2],
	[19, 19, 21, 9, 13, 1, 1, 20, 1, 1] => QQFieldElem[1, 1, 1, 0],
	[19, 19, 21, 9, 22, 1, 1, 12, 1, 1] => QQFieldElem[2, 0, -2, 0],
	[19, 19, 21, 9, 21, 1, 2, 19, 1, 1] => QQFieldElem[1, 0, 0, 0],
	[19, 19, 21, 9, 21, 1, 2, 12, 1, 1] => QQFieldElem[1, 1, 1, 1],
	[19, 19, 21, 9, 21, 1, 1, 19, 1, 1] => QQFieldElem[1//2, -1//2, 0, 0],
	[19, 19, 21, 9, 21, 1, 1, 12, 1, 1] => QQFieldElem[1, 1//2, 1//2, 1//2],
	[19, 19, 21, 9, 16, 1, 1, 19, 1, 1] => QQFieldElem[1//2, 1//2, 0, -1],
	[19, 19, 21, 9, 16, 1, 1, 12, 1, 1] => QQFieldElem[-1//2, 0, -1, -1],
	[19, 19, 21, 9, 13, 1, 1, 20, 2, 1] => QQFieldElem[1, 1, 2, 1],
	[19, 19, 21, 9, 22, 1, 2, 20, 1, 1] => QQFieldElem[-1, 0, 0, 0],
	[19, 19, 21, 9, 13, 1, 1, 17, 1, 1] => QQFieldElem[1, 1, 1, 0],
	[19, 19, 21, 9, 22, 1, 1, 20, 1, 1] => QQFieldElem[1//2, -1//2, 0, 0],
	[19, 19, 21, 9, 21, 1, 2, 20, 1, 1] => QQFieldElem[1, 1, 0, 0],
	[19, 19, 21, 9, 13, 1, 1, 11, 1, 1] => QQFieldElem[-1//2, -1//2, -1, -1//2],
	[19, 19, 21, 9, 21, 1, 1, 20, 1, 1] => QQFieldElem[0, -4, -4, 0],
	[19, 19, 21, 9, 16, 1, 1, 20, 1, 1] => QQFieldElem[0, 0, 0, 0],
	[19, 19, 21, 9, 22, 1, 2, 20, 2, 1] => QQFieldElem[-1//2, 1//2, 1//2, -1//2],
	[19, 19, 21, 9, 22, 1, 1, 20, 2, 1] => QQFieldElem[2, 2, -2, -2],
	[19, 19, 21, 9, 22, 1, 2, 17, 1, 1] => QQFieldElem[-1, -1, 0, 0],
	[19, 19, 21, 9, 22, 1, 1, 17, 1, 1] => QQFieldElem[0, 4, 4, 0],
	[19, 19, 21, 9, 21, 1, 2, 20, 2, 1] => QQFieldElem[-1//2, -1//2, 0, 1],
	[19, 19, 21, 9, 21, 1, 1, 20, 2, 1] => QQFieldElem[0, 1, 1//2, 1],
	[19, 19, 21, 9, 21, 1, 2, 17, 1, 1] => QQFieldElem[0, 0, 0, 0],
	[19, 19, 21, 9, 22, 1, 2, 11, 1, 1] => QQFieldElem[-1//2, -1, -1//2, -1//2],
	[19, 19, 21, 9, 21, 1, 1, 17, 1, 1] => QQFieldElem[0, 0, 0, 0],
	[19, 19, 21, 9, 13, 1, 1, 19, 1, 1] => QQFieldElem[0, -1, -1//2, -1],
	[19, 19, 21, 9, 13, 1, 1, 12, 1, 1] => QQFieldElem[1//2, 1//2, 1, 1//2],
	[19, 19, 21, 9, 16, 1, 1, 17, 1, 1] => QQFieldElem[1, 1, 2, 1],
	[19, 19, 21, 9, 16, 1, 1, 20, 2, 1] => QQFieldElem[0, 0, 0, 0],
	[19, 19, 21, 9, 22, 1, 1, 11, 1, 1] => QQFieldElem[2, 0, -2, 0],
	[19, 19, 21, 9, 21, 1, 2, 11, 1, 1] => QQFieldElem[-1, -1, -1, -1],
	[19, 19, 21, 9, 21, 1, 1, 11, 1, 1] => QQFieldElem[1, 1//2, 1//2, 1//2])