Dict(
	[19, 20, 21, 21, 14, 1, 1, 20, 1, 2] => QQFieldElem[-7//4, -3//4, -1, -2],
	[19, 20, 21, 21, 22, 2, 2, 18, 1, 2] => QQFieldElem[0, 1, 0, 3//2],
	[19, 20, 21, 21, 14, 2, 1, 19, 2, 2] => QQFieldElem[1, -1, 1, -1],
	[19, 20, 21, 21, 21, 1, 2, 17, 1, 2] => QQFieldElem[2//11, 10//11, -15//22, 21//22],
	[19, 20, 21, 21, 21, 1, 2, 18, 2, 2] => QQFieldElem[0, 0, -1, 1],
	[19, 20, 21, 21, 14, 2, 1, 18, 1, 2] => QQFieldElem[-1//2, -5//2, 3//2, -7//2],
	[19, 20, 21, 21, 15, 2, 1, 20, 2, 1] => QQFieldElem[-1//5, 1//5, 1//5, -1//5],
	[19, 20, 21, 21, 16, 1, 1, 17, 2, 2] => QQFieldElem[-81//176, 3//22, -31//88, -21//176],
	[19, 20, 21, 21, 15, 1, 1, 17, 2, 1] => QQFieldElem[-1//2, -3//4, -1//2, -3//4],
	[19, 20, 21, 21, 16, 1, 1, 11, 1, 1] => QQFieldElem[1, 0, 3//4, 3//4],
	[19, 20, 21, 21, 15, 1, 1, 20, 2, 2] => QQFieldElem[2, 1, 1, 2],
	[19, 20, 21, 21, 21, 1, 2, 19, 1, 1] => QQFieldElem[-1//4, 5//4, -1//4, 1//2],
	[19, 20, 21, 21, 22, 2, 1, 12, 1, 1] => QQFieldElem[2, -2, 2, -2],
	[19, 20, 21, 21, 10, 1, 1, 19, 1, 2] => QQFieldElem[-1//2, 1, 1//2, 0],
	[19, 20, 21, 21, 15, 2, 1, 17, 1, 2] => QQFieldElem[-1, 1//2, -1, -1],
	[19, 20, 21, 21, 13, 1, 2, 19, 1, 2] => QQFieldElem[0, 2, 2, 2],
	[19, 20, 21, 21, 15, 2, 1, 18, 2, 2] => QQFieldElem[3//2, 3//2, -1//2, 5//2],
	[19, 20, 21, 21, 16, 1, 1, 19, 2, 1] => QQFieldElem[1//2, 1//2, 0, -1],
	[19, 20, 21, 21, 22, 2, 1, 20, 1, 1] => QQFieldElem[-1, 1//4, -1//4, -1//4],
	[19, 20, 21, 21, 13, 1, 1, 17, 2, 1] => QQFieldElem[1//2, 1, 0, 1],
	[19, 20, 21, 21, 22, 1, 1, 17, 1, 1] => QQFieldElem[-163//88, 5//44, -101//88, -61//88],
	[19, 20, 21, 21, 16, 1, 1, 18, 1, 1] => QQFieldElem[8, -3, 7, 3],
	[19, 20, 21, 21, 16, 1, 2, 20, 2, 1] => QQFieldElem[-1//5, -2//5, 2//5, 1//5],
	[19, 20, 21, 21, 21, 1, 1, 20, 2, 1] => QQFieldElem[1//2, -1//2, 0, -1//2],
	[19, 20, 21, 21, 22, 1, 1, 18, 2, 1] => QQFieldElem[-1//8, 1//8, 1//8, 1//2],
	[19, 20, 21, 21, 21, 2, 1, 17, 1, 1] => QQFieldElem[5//11, 3//11, 1//22, 7//11],
	[19, 20, 21, 21, 13, 1, 1, 20, 2, 2] => QQFieldElem[8, 8, 8, 0],
	[19, 20, 21, 21, 22, 2, 2, 17, 2, 1] => QQFieldElem[0, 0, 1//2, 0],
	[19, 20, 21, 21, 22, 2, 1, 19, 2, 2] => QQFieldElem[-2, -4, 2, 4],
	[19, 20, 21, 21, 21, 2, 1, 18, 2, 1] => QQFieldElem[0, 0, 0, 0],
	[19, 20, 21, 21, 22, 1, 1, 20, 1, 2] => QQFieldElem[3//2, 3//4, 11//4, 5//4],
	[19, 20, 21, 21, 9, 1, 1, 17, 1, 1] => QQFieldElem[0, -2, 0, -2],
	[19, 20, 21, 21, 15, 2, 1, 19, 1, 1] => QQFieldElem[-1, -1//2, 0, 0],
	[19, 20, 21, 21, 21, 2, 1, 20, 1, 2] => QQFieldElem[-2, -2, -2, 0],
	[19, 20, 21, 21, 9, 1, 1, 18, 2, 1] => QQFieldElem[0, 0, 0, 0],
	[19, 20, 21, 21, 14, 2, 1, 17, 2, 1] => QQFieldElem[0, 2, -2, 2],
	[19, 20, 21, 21, 22, 2, 1, 18, 1, 2] => QQFieldElem[1, 1//2, 0, 1],
	[19, 20, 21, 21, 22, 2, 2, 20, 2, 2] => QQFieldElem[0, 1//2, 0, 0],
	[19, 20, 21, 21, 21, 1, 1, 17, 1, 2] => QQFieldElem[3//11, 5//44, 5//22, 2//11],
	[19, 20, 21, 21, 16, 1, 2, 17, 1, 2] => QQFieldElem[0, 0, 0, 0],
	[19, 20, 21, 21, 9, 1, 1, 20, 1, 2] => QQFieldElem[-1//2, -1, -1//2, -1],
	[19, 20, 21, 21, 22, 1, 2, 17, 2, 2] => QQFieldElem[7//22, -9//22, 19//44, -5//11],
	[19, 20, 21, 21, 21, 1, 1, 18, 2, 2] => QQFieldElem[-1, 0, -1//2, -1],
	[19, 20, 21, 21, 16, 1, 2, 18, 2, 2] => QQFieldElem[-3//2, -2, 1//2, -2],
	[19, 20, 21, 21, 14, 2, 1, 20, 2, 2] => QQFieldElem[-1//5, 3//5, -3//5, 1//5],
	[19, 20, 21, 21, 15, 1, 1, 19, 1, 2] => QQFieldElem[2, 1, 3, -1],
	[19, 20, 21, 21, 21, 2, 2, 17, 2, 2] => QQFieldElem[0, 2, -2, 2],
	[19, 20, 21, 21, 14, 1, 1, 17, 2, 2] => QQFieldElem[3//2, 5//4, 1//2, 7//4],
	[19, 20, 21, 21, 22, 1, 2, 11, 1, 1] => QQFieldElem[7//4, 3//2, 1//2, 5//2],
	[19, 20, 21, 21, 21, 2, 2, 11, 1, 1] => QQFieldElem[0, -2, 3//2, -2],
	[19, 20, 21, 21, 14, 1, 1, 11, 1, 1] => QQFieldElem[-3//2, -3, 3//4, -15//4],
	[19, 20, 21, 21, 21, 1, 2, 12, 1, 1] => QQFieldElem[0, -3//4, 1//4, -3//4],
	[19, 20, 21, 21, 10, 1, 1, 17, 1, 1] => QQFieldElem[-5//2, -1//2, -1//2, -5//2],
	[19, 20, 21, 21, 16, 1, 2, 19, 1, 1] => QQFieldElem[-8, -8, 0, 0],
	[19, 20, 21, 21, 21, 1, 1, 19, 1, 1] => QQFieldElem[1//2, 1//2, 0, 1//2],
	[19, 20, 21, 21, 22, 1, 2, 19, 2, 1] => QQFieldElem[-5//4, -2, -1//4, -3//2],
	[19, 20, 21, 21, 10, 1, 1, 18, 2, 1] => QQFieldElem[0, -1, 1//2, -1],
	[19, 20, 21, 21, 13, 1, 2, 17, 1, 1] => QQFieldElem[0, 0, 0, 0],
	[19, 20, 21, 21, 13, 1, 1, 19, 1, 2] => QQFieldElem[-2, -2, 0, 0],
	[19, 20, 21, 21, 13, 1, 2, 18, 2, 1] => QQFieldElem[-1//2, 0, -1//2, -1//4],
	[19, 20, 21, 21, 21, 1, 2, 20, 1, 1] => QQFieldElem[1//4, 1//4, 1//4, 1//2],
	[19, 20, 21, 21, 21, 2, 2, 19, 2, 1] => QQFieldElem[0, 2, 2, 0],
	[19, 20, 21, 21, 10, 1, 1, 20, 1, 2] => QQFieldElem[1//2, 0, 1//2, 0],
	[19, 20, 21, 21, 22, 1, 2, 18, 1, 1] => QQFieldElem[3//2, 5//4, 1//2, 7//4],
	[19, 20, 21, 21, 14, 1, 1, 19, 2, 1] => QQFieldElem[0, 2, -2, 0],
	[19, 20, 21, 21, 13, 1, 2, 20, 1, 2] => QQFieldElem[12//5, 14//5, 6//5, -2//5],
	[19, 20, 21, 21, 22, 2, 2, 19, 1, 2] => QQFieldElem[1//2, 2, 3//2, 1],
	[19, 20, 21, 21, 21, 2, 2, 18, 1, 1] => QQFieldElem[-1//2, -1, -1//2, 0],
	[19, 20, 21, 21, 16, 1, 1, 20, 2, 1] => QQFieldElem[1//2, 1//2, 0, 0],
	[19, 20, 21, 21, 14, 1, 1, 18, 1, 1] => QQFieldElem[-1, -1//8, -5//8, -3//4],
	[19, 20, 21, 21, 21, 1, 2, 19, 2, 2] => QQFieldElem[2, 2, 0, 1],
	[19, 20, 21, 21, 22, 2, 1, 17, 2, 1] => QQFieldElem[-5//22, -3//22, -3//11, 2//11],
	[19, 20, 21, 21, 14, 2, 1, 19, 1, 2] => QQFieldElem[0, -3//2, 0, -1],
	[19, 20, 21, 21, 15, 2, 1, 12, 1, 1] => QQFieldElem[1//2, 0, 1//2, 1//4],
	[19, 20, 21, 21, 21, 1, 2, 18, 1, 2] => QQFieldElem[4, -4, 0, 0],
	[19, 20, 21, 21, 22, 2, 1, 20, 2, 2] => QQFieldElem[-2, 4, 2, 0],
	[19, 20, 21, 21, 15, 2, 1, 20, 1, 1] => QQFieldElem[1//5, -1//10, 3//5, 4//5],
	[19, 20, 21, 21, 16, 1, 1, 17, 1, 2] => QQFieldElem[-5//11, -3//11, -1//22, -7//11],
	[19, 20, 21, 21, 22, 1, 1, 17, 2, 2] => QQFieldElem[-24//11, 23//11, -9//11, -5//11],
	[19, 20, 21, 21, 16, 1, 1, 18, 2, 2] => QQFieldElem[3, 1//4, 7//4, 5//2],
	[19, 20, 21, 21, 15, 1, 1, 17, 1, 1] => QQFieldElem[11//8, 7//8, 3//8, 1//2],
	[19, 20, 21, 21, 21, 2, 1, 17, 2, 2] => QQFieldElem[-5//22, -3//22, -1//44, -7//22],
	[19, 20, 21, 21, 15, 1, 1, 18, 2, 1] => QQFieldElem[-3//2, -1//2, -3//4, -1],
	[19, 20, 21, 21, 22, 1, 1, 11, 1, 1] => QQFieldElem[-17, -3, -8, -12],
	[19, 20, 21, 21, 9, 1, 1, 17, 2, 2] => QQFieldElem[1//2, 2, 1//2, 2],
	[19, 20, 21, 21, 15, 1, 1, 20, 1, 2] => QQFieldElem[-1, -2, -2, -1],
	[19, 20, 21, 21, 15, 2, 1, 19, 2, 2] => QQFieldElem[1, 2, 1, 1],
	[19, 20, 21, 21, 21, 2, 1, 11, 1, 1] => QQFieldElem[1//2, 1, 0, 1],
	[19, 20, 21, 21, 15, 2, 1, 18, 1, 2] => QQFieldElem[0, 1, 1//2, 1],
	[19, 20, 21, 21, 9, 1, 1, 11, 1, 1] => QQFieldElem[3, -1, 2, 1],
	[19, 20, 21, 21, 16, 1, 2, 12, 1, 1] => QQFieldElem[-1//2, 0, -1//2, -1//2],
	[19, 20, 21, 21, 16, 1, 1, 19, 1, 1] => QQFieldElem[6, 8, 6, 0],
	[19, 20, 21, 21, 21, 1, 1, 12, 1, 1] => QQFieldElem[-3, -2, -3//4, -17//4],
	[19, 20, 21, 21, 22, 1, 1, 19, 2, 1] => QQFieldElem[11//8, 3//2, -7//8, 9//8],
	[19, 20, 21, 21, 13, 1, 1, 17, 1, 1] => QQFieldElem[-1//2, -1//2, -1//2, -1//2],
	[19, 20, 21, 21, 13, 1, 1, 18, 2, 1] => QQFieldElem[1//4, -1//4, 1//4, -1//4],
	[19, 20, 21, 21, 21, 2, 1, 19, 2, 1] => QQFieldElem[-2//5, -4//5, -1//5, 2//5],
	[19, 20, 21, 21, 16, 1, 2, 20, 1, 1] => QQFieldElem[-8//5, -16//5, -24//5, 8//5],
	[19, 20, 21, 21, 21, 1, 1, 20, 1, 1] => QQFieldElem[1//2, 1//2, 0, 1//2],
	[19, 20, 21, 21, 22, 1, 1, 18, 1, 1] => QQFieldElem[23//8, 13//8, 5//8, 3],
	[19, 20, 21, 21, 22, 1, 2, 20, 2, 1] => QQFieldElem[-3//4, -1, -1//4, -1],
	[19, 20, 21, 21, 13, 1, 1, 20, 1, 2] => QQFieldElem[0, 2, 2, 2],
	[19, 20, 21, 21, 22, 2, 2, 17, 1, 1] => QQFieldElem[28//11, 8//11, 21//22, 26//11],
	[19, 20, 21, 21, 9, 1, 1, 19, 2, 1] => QQFieldElem[-16//5, -16//5, 0, -8//5],
	[19, 20, 21, 21, 22, 2, 1, 19, 1, 2] => QQFieldElem[3//2, 1, -2, -1//2],
	[19, 20, 21, 21, 21, 2, 1, 18, 1, 1] => QQFieldElem[0, -2, 0, -2],
	[19, 20, 21, 21, 21, 2, 2, 20, 2, 1] => QQFieldElem[2, 2, 0, 0],
	[19, 20, 21, 21, 14, 1, 1, 20, 2, 1] => QQFieldElem[4//5, -2//5, 2//5, -4//5],
	[19, 20, 21, 21, 22, 2, 2, 18, 2, 1] => QQFieldElem[0, 0, 1//2, 0],
	[19, 20, 21, 21, 21, 1, 2, 17, 2, 1] => QQFieldElem[6//11, 5//22, 9//44, 27//44],
	[19, 20, 21, 21, 9, 1, 1, 18, 1, 1] => QQFieldElem[0, 1, -1//2, 1],
	[19, 20, 21, 21, 10, 1, 1, 17, 2, 2] => QQFieldElem[-1//2, -1, -1//2, 0],
	[19, 20, 21, 21, 16, 1, 2, 19, 2, 2] => QQFieldElem[-1//2, 1//2, 1//2, -1//2],
	[19, 20, 21, 21, 14, 2, 1, 17, 1, 1] => QQFieldElem[0, -1, 0, -1],
	[19, 20, 21, 21, 22, 2, 2, 20, 1, 2] => QQFieldElem[3//2, 0, 3//2, 1],
	[19, 20, 21, 21, 21, 1, 1, 19, 2, 2] => QQFieldElem[-1//2, -1//2, 1, 0],
	[19, 20, 21, 21, 14, 2, 1, 18, 2, 1] => QQFieldElem[0, -2, 2, -2],
	[19, 20, 21, 21, 13, 1, 2, 17, 2, 2] => QQFieldElem[4, 8, 4, 4],
	[19, 20, 21, 21, 22, 1, 2, 17, 1, 2] => QQFieldElem[27//22, 7//11, 3//11, 9//11],
	[19, 20, 21, 21, 21, 1, 1, 18, 1, 2] => QQFieldElem[-1, 0, -1//2, -1],
	[19, 20, 21, 21, 16, 1, 2, 18, 1, 2] => QQFieldElem[0, 0, 0, 0],
	[19, 20, 21, 21, 10, 1, 1, 11, 1, 1] => QQFieldElem[4, 4, 0, 6],
	[19, 20, 21, 21, 14, 2, 1, 20, 1, 2] => QQFieldElem[0, 1//2, -1, 1],
	[19, 20, 21, 21, 21, 1, 2, 20, 2, 2] => QQFieldElem[0, 0, 0, 1],
	[19, 20, 21, 21, 22, 1, 2, 18, 2, 2] => QQFieldElem[-5//4, -1, -1//2, -1],
	[19, 20, 21, 21, 21, 2, 2, 17, 1, 2] => QQFieldElem[14//11, 4//11, 8//11, 13//11],
	[19, 20, 21, 21, 13, 1, 2, 11, 1, 1] => QQFieldElem[-5//2, 11//4, -3, 3//2],
	[19, 20, 21, 21, 14, 1, 1, 17, 1, 2] => QQFieldElem[3//8, -1//8, 3//8, 0],
	[19, 20, 21, 21, 21, 2, 2, 18, 2, 2] => QQFieldElem[0, -2, 2, -2],
	[19, 20, 21, 21, 14, 1, 1, 18, 2, 2] => QQFieldElem[4, 3//2, 7//4, 4],
	[19, 20, 21, 21, 10, 1, 1, 19, 2, 1] => QQFieldElem[6//5, 2//5, 8//5, 4//5],
	[19, 20, 21, 21, 15, 2, 1, 17, 2, 1] => QQFieldElem[0, 0, 1//2, 0],
	[19, 20, 21, 21, 13, 1, 2, 19, 2, 1] => QQFieldElem[8//5, 16//5, 14//5, 2//5],
	[19, 20, 21, 21, 22, 1, 2, 19, 1, 1] => QQFieldElem[3//4, 1//2, -1//4, 3//2],
	[19, 20, 21, 21, 10, 1, 1, 18, 1, 1] => QQFieldElem[7//4, 5//8, 5//8, 7//4],
	[19, 20, 21, 21, 15, 2, 1, 20, 2, 2] => QQFieldElem[-3//5, -6//5, 1//5, -7//5],
	[19, 20, 21, 21, 13, 1, 2, 18, 1, 1] => QQFieldElem[0, 0, 0, 0],
	[19, 20, 21, 21, 21, 2, 2, 19, 1, 1] => QQFieldElem[-1//2, -1//2, -1//2, -1//2],
	[19, 20, 21, 21, 16, 1, 1, 12, 1, 1] => QQFieldElem[0, 3//4, -1//4, 3//4],
	[19, 20, 21, 21, 14, 1, 1, 19, 1, 1] => QQFieldElem[0, 1, 2, 1],
	[19, 20, 21, 21, 15, 1, 1, 17, 2, 2] => QQFieldElem[0, 5//4, 0, 5//4],
	[19, 20, 21, 21, 16, 1, 1, 20, 1, 1] => QQFieldElem[-2, 4, 2, 0],
	[19, 20, 21, 21, 22, 1, 1, 20, 2, 1] => QQFieldElem[7//8, 1//2, 3//8, 11//8],
	[19, 20, 21, 21, 15, 1, 1, 11, 1, 1] => QQFieldElem[-5//4, -1//8, -1, -3//4],
	[19, 20, 21, 21, 21, 1, 2, 19, 1, 2] => QQFieldElem[-4, 0, 4, 0],
	[19, 20, 21, 21, 22, 2, 1, 17, 1, 1] => QQFieldElem[12//11, 5//11, -1//11, 19//11],
	[19, 20, 21, 21, 21, 2, 1, 20, 2, 1] => QQFieldElem[-2//5, -4//5, -1//5, 2//5],
	[19, 20, 21, 21, 22, 2, 1, 18, 2, 1] => QQFieldElem[1//4, 1//4, -1//4, -1//4],
	[19, 20, 21, 21, 21, 1, 1, 17, 2, 1] => QQFieldElem[3//44, -3//88, 5//88, 1//22],
	[19, 20, 21, 21, 16, 1, 2, 17, 2, 1] => QQFieldElem[0, 1//2, -1//2, 0],
	[19, 20, 21, 21, 9, 1, 1, 20, 2, 1] => QQFieldElem[-16//5, -16//5, 0, -8//5],
	[19, 20, 21, 21, 16, 1, 1, 19, 2, 2] => QQFieldElem[1//4, -3//4, -1//4, -1//2],
	[19, 20, 21, 21, 22, 2, 1, 20, 1, 2] => QQFieldElem[-1//2, 1, 0, -3//2],
	[19, 20, 21, 21, 13, 1, 1, 17, 2, 2] => QQFieldElem[-4, -4, -8, -4],
	[19, 20, 21, 21, 15, 1, 1, 19, 2, 1] => QQFieldElem[1//2, -1, 1//2, 1//2],
	[19, 20, 21, 21, 22, 1, 1, 17, 1, 2] => QQFieldElem[43//22, -8//11, 23//22, 25//22],
	[19, 20, 21, 21, 16, 1, 1, 18, 1, 2] => QQFieldElem[0, 2, 0, 2],
	[19, 20, 21, 21, 16, 1, 2, 20, 2, 2] => QQFieldElem[1//2, -1//2, 1//2, -1//2],
	[19, 20, 21, 21, 21, 1, 1, 20, 2, 2] => QQFieldElem[-1//2, -1//2, 1, 0],
	[19, 20, 21, 21, 22, 1, 1, 18, 2, 2] => QQFieldElem[12, 4, 6, 8],
	[19, 20, 21, 21, 21, 2, 1, 17, 1, 2] => QQFieldElem[-7//44, -1//22, -1//11, -3//11],
	[19, 20, 21, 21, 15, 1, 1, 18, 1, 1] => QQFieldElem[17//8, 0, 9//8, 9//8],
	[19, 20, 21, 21, 13, 1, 1, 11, 1, 1] => QQFieldElem[-5, -27//8, -3//4, -13//2],
	[19, 20, 21, 21, 22, 2, 2, 17, 2, 2] => QQFieldElem[-17//22, -4//11, -5//22, -15//22],
	[19, 20, 21, 21, 21, 2, 1, 18, 2, 2] => QQFieldElem[0, 1, 0, 1],
	[19, 20, 21, 21, 9, 1, 1, 17, 1, 2] => QQFieldElem[-2, -1//4, -3//4, -2],
	[19, 20, 21, 21, 15, 2, 1, 19, 1, 2] => QQFieldElem[-1, -1, -4, -3],
	[19, 20, 21, 21, 14, 2, 1, 17, 2, 2] => QQFieldElem[1, 0, 3//2, 0],
	[19, 20, 21, 21, 9, 1, 1, 18, 2, 2] => QQFieldElem[-3//4, -9//8, 1//4, -3//2],
	[19, 20, 21, 21, 22, 2, 2, 11, 1, 1] => QQFieldElem[3//2, -1//2, 1, 1//2],
	[19, 20, 21, 21, 13, 1, 1, 19, 2, 1] => QQFieldElem[0, 0, 2, 2],
	[19, 20, 21, 21, 22, 1, 2, 12, 1, 1] => QQFieldElem[-2, 1//2, -5//4, -1],
	[19, 20, 21, 21, 22, 1, 1, 19, 1, 1] => QQFieldElem[7//8, 5//4, -1//8, 19//8],
	[19, 20, 21, 21, 14, 2, 1, 11, 1, 1] => QQFieldElem[-7//2, 1//2, -3, -3//2],
	[19, 20, 21, 21, 10, 1, 1, 20, 2, 1] => QQFieldElem[-6//5, -2//5, -8//5, -4//5],
	[19, 20, 21, 21, 21, 2, 2, 12, 1, 1] => QQFieldElem[-1//2, 1//2, -1//2, 1//2],
	[19, 20, 21, 21, 21, 2, 1, 19, 1, 1] => QQFieldElem[0, 0, 1, 0],
	[19, 20, 21, 21, 13, 1, 1, 18, 1, 1] => QQFieldElem[-1//4, -1//8, -1//8, -1//4],
	[19, 20, 21, 21, 13, 1, 2, 20, 2, 1] => QQFieldElem[0, 0, 2, 2],
	[19, 20, 21, 21, 14, 1, 1, 12, 1, 1] => QQFieldElem[9//2, 3//4, 9//4, 15//4],
	[19, 20, 21, 21, 22, 1, 2, 20, 1, 1] => QQFieldElem[1//4, 1//2, -1//4, 1],
	[19, 20, 21, 21, 22, 2, 2, 19, 2, 1] => QQFieldElem[1//2, 1//2, 3//2, 1//2],
	[19, 20, 21, 21, 9, 1, 1, 19, 1, 1] => QQFieldElem[-4//5, 12//5, 8//5, 4//5],
	[19, 20, 21, 21, 21, 2, 2, 20, 1, 1] => QQFieldElem[1//2, 1//2, -1//2, -1//2],
	[19, 20, 21, 21, 14, 2, 1, 19, 2, 1] => QQFieldElem[-4//5, 12//5, 8//5, 4//5],
	[19, 20, 21, 21, 14, 1, 1, 20, 1, 1] => QQFieldElem[0, -1, -2, -1],
	[19, 20, 21, 21, 22, 2, 2, 18, 1, 1] => QQFieldElem[1, 0, 3//2, 0],
	[19, 20, 21, 21, 21, 1, 2, 17, 1, 1] => QQFieldElem[1//176, -3//88, -3//44, -3//176],
	[19, 20, 21, 21, 10, 1, 1, 17, 1, 2] => QQFieldElem[1, 3//4, 3//4, 0],
	[19, 20, 21, 21, 21, 1, 1, 19, 1, 2] => QQFieldElem[-3//2, -2, -3//2, 0],
	[19, 20, 21, 21, 16, 1, 2, 19, 1, 2] => QQFieldElem[-4, 0, -4, 0],
	[19, 20, 21, 21, 22, 1, 2, 19, 2, 2] => QQFieldElem[-3//4, -1//4, 1//4, -7//4],
	[19, 20, 21, 21, 21, 1, 2, 18, 2, 1] => QQFieldElem[-1//2, -1, 0, -1],
	[19, 20, 21, 21, 10, 1, 1, 18, 2, 2] => QQFieldElem[0, 1//8, 0, 0],
	[19, 20, 21, 21, 14, 2, 1, 18, 1, 1] => QQFieldElem[0, 1//2, -1//4, 1//2],
	[19, 20, 21, 21, 13, 1, 2, 17, 1, 2] => QQFieldElem[-1, -1, 0, -1],
	[19, 20, 21, 21, 16, 1, 1, 17, 2, 1] => QQFieldElem[-5//4, -1, -1//2, -1],
	[19, 20, 21, 21, 13, 1, 2, 18, 2, 2] => QQFieldElem[-2, -2, 0, -3],
	[19, 20, 21, 21, 21, 2, 2, 19, 2, 2] => QQFieldElem[2, 2, 2, 4],
	[19, 20, 21, 21, 21, 1, 2, 20, 1, 2] => QQFieldElem[4, -4, -8, 8],
	[19, 20, 21, 21, 22, 1, 2, 18, 1, 2] => QQFieldElem[-3//2, -5//4, -1//2, -7//4],
	[19, 20, 21, 21, 14, 1, 1, 19, 2, 2] => QQFieldElem[3//2, 1, 1//2, 5//2],
	[19, 20, 21, 21, 21, 2, 2, 18, 1, 2] => QQFieldElem[-4, 0, 4, -4],
	[19, 20, 21, 21, 16, 1, 1, 20, 2, 2] => QQFieldElem[3//4, 5//4, 1//4, 3//2],
	[19, 20, 21, 21, 14, 1, 1, 18, 1, 2] => QQFieldElem[45//8, 3//2, 21//8, 37//8],
	[19, 20, 21, 21, 15, 1, 1, 20, 2, 1] => QQFieldElem[-1//2, 0, -1//2, -1//2],
	[19, 20, 21, 21, 22, 2, 1, 17, 2, 2] => QQFieldElem[8//11, 18//11, -8//11, 42//11],
	[19, 20, 21, 21, 10, 1, 1, 19, 1, 1] => QQFieldElem[1//5, 2//5, -2//5, 4//5],
	[19, 20, 21, 21, 15, 2, 1, 17, 1, 1] => QQFieldElem[-1//4, -1//4, -1//4, 3//4],
	[19, 20, 21, 21, 13, 1, 2, 19, 1, 1] => QQFieldElem[-2//5, -2//5, 0, 4//5],
	[19, 20, 21, 21, 15, 2, 1, 18, 2, 1] => QQFieldElem[0, 0, 1//2, 0],
	[19, 20, 21, 21, 22, 2, 1, 11, 1, 1] => QQFieldElem[0, 8, -6, 8],
	[19, 20, 21, 21, 15, 2, 1, 20, 1, 2] => QQFieldElem[-1, -1, 0, 1],
	[19, 20, 21, 21, 22, 1, 1, 12, 1, 1] => QQFieldElem[4, 0, 3, 3],
	[19, 20, 21, 21, 15, 1, 1, 17, 1, 2] => QQFieldElem[3//4, -1//2, 5//4, -1//4],
	[19, 20, 21, 21, 15, 1, 1, 18, 2, 2] => QQFieldElem[-4, -1//2, -2, -7//2],
	[19, 20, 21, 21, 21, 2, 1, 12, 1, 1] => QQFieldElem[0, 2, -3//2, 2],
	[19, 20, 21, 21, 13, 1, 1, 20, 2, 1] => QQFieldElem[-2, -2, -2, 0],
	[19, 20, 21, 21, 22, 1, 1, 20, 1, 1] => QQFieldElem[-1//8, -3//4, 5//8, -3//8],
	[19, 20, 21, 21, 22, 2, 1, 19, 2, 1] => QQFieldElem[-1, -1//4, -1//4, 1//4],
	[19, 20, 21, 21, 9, 1, 1, 12, 1, 1] => QQFieldElem[1, 2, -1, 3],
	[19, 20, 21, 21, 21, 2, 1, 20, 1, 1] => QQFieldElem[0, 0, 1, 0],
	[19, 20, 21, 21, 22, 2, 1, 18, 1, 1] => QQFieldElem[5//4, -5//4, 5//4, -5//4],
	[19, 20, 21, 21, 22, 2, 2, 20, 2, 1] => QQFieldElem[1//10, -3//10, 3//10, -1//10],
	[19, 20, 21, 21, 21, 1, 1, 17, 1, 1] => QQFieldElem[-29//44, 7//88, -41//88, -3//11],
	[19, 20, 21, 21, 16, 1, 2, 17, 1, 1] => QQFieldElem[2, 6, 2, 0],
	[19, 20, 21, 21, 9, 1, 1, 20, 1, 1] => QQFieldElem[4//5, -12//5, -8//5, -4//5],
	[19, 20, 21, 21, 16, 1, 1, 19, 1, 2] => QQFieldElem[0, 2, 2, 2],
	[19, 20, 21, 21, 22, 1, 2, 17, 2, 1] => QQFieldElem[-9//11, -13//22, -19//44, -6//11],
	[19, 20, 21, 21, 21, 1, 1, 18, 2, 1] => QQFieldElem[1//2, 1//2, 1//2, 1//2],
	[19, 20, 21, 21, 22, 1, 1, 19, 2, 2] => QQFieldElem[8, 9, 3, 5],
	[19, 20, 21, 21, 16, 1, 2, 18, 2, 1] => QQFieldElem[1//2, 1, -1//2, 3//2],
	[19, 20, 21, 21, 14, 2, 1, 20, 2, 1] => QQFieldElem[4//5, 4//5, 0, 12//5],
	[19, 20, 21, 21, 13, 1, 1, 17, 1, 2] => QQFieldElem[1, 0, 1//2, 1],
	[19, 20, 21, 21, 15, 1, 1, 19, 1, 1] => QQFieldElem[-1//4, 1//4, -3//2, -1],
	[19, 20, 21, 21, 21, 2, 2, 17, 2, 1] => QQFieldElem[-3//22, -2//11, 3//22, -15//44],
	[19, 20, 21, 21, 13, 1, 1, 18, 2, 2] => QQFieldElem[3, -1, 5//2, 1//2],
	[19, 20, 21, 21, 21, 1, 1, 20, 1, 2] => QQFieldElem[-1//2, -1, -3//2, -2],
	[19, 20, 21, 21, 14, 1, 1, 17, 2, 1] => QQFieldElem[0, 0, -1, 1],
	[19, 20, 21, 21, 16, 1, 2, 20, 1, 2] => QQFieldElem[4, 0, 4, 0],
	[19, 20, 21, 21, 21, 2, 1, 19, 2, 2] => QQFieldElem[0, 0, -1, -1],
	[19, 20, 21, 21, 22, 1, 1, 18, 1, 2] => QQFieldElem[-5//4, 0, -5//4, -5//4],
	[19, 20, 21, 21, 22, 1, 2, 20, 2, 2] => QQFieldElem[-3//4, -3//4, -1//4, -3//4],
	[19, 20, 21, 21, 9, 1, 1, 19, 2, 2] => QQFieldElem[1, 0, 1, 0],
	[19, 20, 21, 21, 22, 2, 2, 17, 1, 2] => QQFieldElem[-13//22, -21//22, -9//22, -27//22],
	[19, 20, 21, 21, 21, 2, 1, 18, 1, 2] => QQFieldElem[1, 1, 0, 1],
	[19, 20, 21, 21, 21, 2, 2, 20, 2, 2] => QQFieldElem[-2, 2, -2, 0],
	[19, 20, 21, 21, 14, 1, 1, 20, 2, 2] => QQFieldElem[-7//10, -2//5, -1//10, -13//10],
	[19, 20, 21, 21, 22, 2, 2, 18, 2, 2] => QQFieldElem[0, 1//2, -1//2, 0],
	[19, 20, 21, 21, 21, 1, 2, 17, 2, 2] => QQFieldElem[-17//11, -8//11, -5//11, -15//11],
	[19, 20, 21, 21, 14, 2, 1, 17, 1, 2] => QQFieldElem[-1//4, 1//4, 1//4, -1//4],
	[19, 20, 21, 21, 9, 1, 1, 18, 1, 2] => QQFieldElem[33//16, 1//4, 9//8, 25//16],
	[19, 20, 21, 21, 10, 1, 1, 12, 1, 1] => QQFieldElem[6, 0, 4, 4],
	[19, 20, 21, 21, 14, 2, 1, 18, 2, 2] => QQFieldElem[0, -2, 3//2, -2],
	[19, 20, 21, 21, 13, 1, 2, 12, 1, 1] => QQFieldElem[-1//2, -2, 1//2, -7//4],
	[19, 20, 21, 21, 13, 1, 1, 19, 1, 1] => QQFieldElem[1, 0, 0, 0],
	[19, 20, 21, 21, 21, 1, 2, 11, 1, 1] => QQFieldElem[3, 2, 3//4, 17//4],
	[19, 20, 21, 21, 10, 1, 1, 20, 1, 1] => QQFieldElem[-1//5, -2//5, 2//5, -4//5],
	[19, 20, 21, 21, 13, 1, 2, 20, 1, 1] => QQFieldElem[2//5, 2//5, 0, -4//5],
	[19, 20, 21, 21, 22, 2, 2, 19, 1, 1] => QQFieldElem[1//2, -1//2, 1//2, -1//2],
	[19, 20, 21, 21, 21, 1, 2, 19, 2, 1] => QQFieldElem[-1//2, -1, 1, 1//2],
	[19, 20, 21, 21, 14, 2, 1, 19, 1, 1] => QQFieldElem[-4//5, -8//5, -12//5, -6//5],
	[19, 20, 21, 21, 10, 1, 1, 19, 2, 2] => QQFieldElem[-1//5, -2//5, -3//5, -4//5],
	[19, 20, 21, 21, 15, 2, 1, 17, 2, 2] => QQFieldElem[1, 0, 1, 1//2],
	[19, 20, 21, 21, 13, 1, 2, 19, 2, 2] => QQFieldElem[0, -8, -8, -8],
	[19, 20, 21, 21, 22, 1, 2, 19, 1, 2] => QQFieldElem[-3//2, -5//4, 3//4, -1//2],
	[19, 20, 21, 21, 21, 1, 2, 18, 1, 1] => QQFieldElem[0, 1//4, 1//4, -1//2],
	[19, 20, 21, 21, 10, 1, 1, 18, 1, 2] => QQFieldElem[7//16, 1//8, 1//4, 7//16],
	[19, 20, 21, 21, 22, 2, 1, 20, 2, 1] => QQFieldElem[1//2, 3//4, -1//4, 1//4],
	[19, 20, 21, 21, 15, 2, 1, 11, 1, 1] => QQFieldElem[-1//2, -1//4, 0, -1//2],
	[19, 20, 21, 21, 16, 1, 1, 17, 1, 1] => QQFieldElem[-4, -6, -6, -4],
	[19, 20, 21, 21, 13, 1, 2, 18, 1, 2] => QQFieldElem[3//4, 1//2, 0, 1],
	[19, 20, 21, 21, 21, 2, 2, 19, 1, 2] => QQFieldElem[-4, -4, -8, -4],
	[19, 20, 21, 21, 22, 1, 1, 17, 2, 1] => QQFieldElem[49//88, 7//44, -5//88, 7//88],
	[19, 20, 21, 21, 14, 1, 1, 19, 1, 2] => QQFieldElem[5//4, 3//4, 1, 2],
	[19, 20, 21, 21, 16, 1, 1, 18, 2, 1] => QQFieldElem[-2, 1//2, -5//4, -1],
	[19, 20, 21, 21, 15, 1, 1, 12, 1, 1] => QQFieldElem[-1//2, -1//2, 0, -7//8],
	[19, 20, 21, 21, 21, 2, 1, 17, 2, 1] => QQFieldElem[0, 0, 0, 0],
	[19, 20, 21, 21, 16, 1, 1, 20, 1, 2] => QQFieldElem[0, 2, 2, 2],
	[19, 20, 21, 21, 22, 1, 1, 20, 2, 2] => QQFieldElem[-2, -5, -3, -5],
	[19, 20, 21, 21, 9, 1, 1, 17, 2, 1] => QQFieldElem[0, 0, 0, 0],
	[19, 20, 21, 21, 15, 1, 1, 20, 1, 1] => QQFieldElem[3//4, -1//4, 1//2, 0],
	[19, 20, 21, 21, 15, 2, 1, 19, 2, 1] => QQFieldElem[1, 1, 1, 1],
	[19, 20, 21, 21, 22, 2, 1, 17, 1, 2] => QQFieldElem[-26//11, -9//11, -3//22, -21//11],
	[19, 20, 21, 21, 21, 2, 1, 20, 2, 2] => QQFieldElem[0, 0, -1, -1],
	[19, 20, 21, 21, 22, 2, 1, 18, 2, 2] => QQFieldElem[-2, -6, 2, -4],
	[19, 20, 21, 21, 15, 2, 1, 18, 1, 1] => QQFieldElem[0, 0, -1//2, 1//2],
	[19, 20, 21, 21, 21, 1, 1, 17, 2, 2] => QQFieldElem[2//11, -19//88, 17//88, -1//22],
	[19, 20, 21, 21, 16, 1, 2, 17, 2, 2] => QQFieldElem[9//22, 15//88, 1//11, 23//44],
	[19, 20, 21, 21, 9, 1, 1, 20, 2, 2] => QQFieldElem[-1, 0, -1, 0],
	[19, 20, 21, 21, 15, 1, 1, 19, 2, 2] => QQFieldElem[-1, 0, 1, 0],
	[19, 20, 21, 21, 13, 1, 1, 12, 1, 1] => QQFieldElem[5//2, 3//4, 1, 21//8],
	[19, 20, 21, 21, 21, 1, 1, 11, 1, 1] => QQFieldElem[-3//4, -3//4, 0, -1],
	[19, 20, 21, 21, 16, 1, 2, 11, 1, 1] => QQFieldElem[1//2, 1//2, 0, 1//2],
	[19, 20, 21, 21, 15, 1, 1, 18, 1, 2] => QQFieldElem[-1, -1, 0, -1//2],
	[19, 20, 21, 21, 13, 1, 1, 20, 1, 1] => QQFieldElem[-1, 0, 0, 0],
	[19, 20, 21, 21, 22, 2, 2, 12, 1, 1] => QQFieldElem[1//2, 1, -1//2, 3//2],
	[19, 20, 21, 21, 22, 2, 1, 19, 1, 1] => QQFieldElem[3//2, -3//4, 3//4, -1//4],
	[19, 20, 21, 21, 10, 1, 1, 17, 2, 1] => QQFieldElem[0, 2, 0, 2],
	[19, 20, 21, 21, 21, 1, 1, 19, 2, 1] => QQFieldElem[1//2, -1//2, 0, -1//2],
	[19, 20, 21, 21, 14, 2, 1, 12, 1, 1] => QQFieldElem[-3//2, -3, 1//2, -7//2],
	[19, 20, 21, 21, 16, 1, 2, 19, 2, 1] => QQFieldElem[-1, 0, 0, 1],
	[19, 20, 21, 21, 22, 2, 2, 20, 1, 1] => QQFieldElem[1//2, -1//2, 1//2, 1//2],
	[19, 20, 21, 21, 13, 1, 2, 17, 2, 1] => QQFieldElem[1, 0, 1, 0],
	[19, 20, 21, 21, 13, 1, 1, 19, 2, 2] => QQFieldElem[0, 0, 8, 8],
	[19, 20, 21, 21, 22, 1, 2, 17, 1, 1] => QQFieldElem[-35//22, 23//22, -73//44, 3//11],
	[19, 20, 21, 21, 21, 1, 1, 18, 1, 1] => QQFieldElem[5//2, 1//2, 1//2, 5//2],
	[19, 20, 21, 21, 21, 1, 2, 20, 2, 1] => QQFieldElem[1//2, 2, 2, 1//2],
	[19, 20, 21, 21, 22, 1, 1, 19, 1, 2] => QQFieldElem[-3//2, 5//4, 3//4, -7//4],
	[19, 20, 21, 21, 10, 1, 1, 20, 2, 2] => QQFieldElem[1//5, 2//5, 3//5, 4//5],
	[19, 20, 21, 21, 16, 1, 2, 18, 1, 1] => QQFieldElem[-4, -6, 0, -10],
	[19, 20, 21, 21, 22, 1, 2, 18, 2, 1] => QQFieldElem[-1//2, -3//4, -1//2, -3//4],
	[19, 20, 21, 21, 14, 2, 1, 20, 1, 1] => QQFieldElem[4//5, 8//5, 12//5, 6//5],
	[19, 20, 21, 21, 21, 2, 2, 17, 1, 1] => QQFieldElem[-1//44, 1//88, 1//44, 3//44],
	[19, 20, 21, 21, 13, 1, 1, 18, 1, 2] => QQFieldElem[-3//2, -1//4, -3//4, -5//4],
	[19, 20, 21, 21, 13, 1, 2, 20, 2, 2] => QQFieldElem[-48//5, -56//5, -24//5, 8//5],
	[19, 20, 21, 21, 14, 1, 1, 17, 1, 1] => QQFieldElem[1, 0, 1//2, 1],
	[19, 20, 21, 21, 21, 2, 1, 19, 1, 2] => QQFieldElem[0, 0, 2, 2],
	[19, 20, 21, 21, 22, 2, 2, 19, 2, 2] => QQFieldElem[-1, -1//2, -1, 0],
	[19, 20, 21, 21, 21, 2, 2, 18, 2, 1] => QQFieldElem[-1, 0, -1, 0],
	[19, 20, 21, 21, 22, 1, 2, 20, 1, 2] => QQFieldElem[-1//2, 3//4, -5//4, 1],
	[19, 20, 21, 21, 14, 1, 1, 18, 2, 1] => QQFieldElem[1, 2, -1, 3],
	[19, 20, 21, 21, 9, 1, 1, 19, 1, 2] => QQFieldElem[1//2, 0, -1//2, 1],
	[19, 20, 21, 21, 21, 2, 2, 20, 1, 2] => QQFieldElem[12, 12, 16, 4])