Dict(
	[19, 4, 19, 18, 12, 1, 1, 11, 1, 1] => QQFieldElem[1, 0, 1//2, 1//2],
	[19, 4, 19, 18, 12, 1, 1, 7, 1, 1] => QQFieldElem[1, 0, 1//2, 1//2],
	[19, 4, 19, 18, 12, 1, 1, 19, 1, 1] => QQFieldElem[16//5, -12//5, 16//5, 0],
	[19, 4, 19, 18, 12, 1, 1, 12, 1, 1] => QQFieldElem[-2, 0, 0, -2],
	[19, 4, 19, 18, 19, 1, 1, 11, 1, 1] => QQFieldElem[-1//4, -1//4, 0, -1//8],
	[19, 4, 19, 18, 11, 1, 1, 11, 1, 1] => QQFieldElem[1//4, 0, 0, 1//4],
	[19, 4, 19, 18, 7, 1, 1, 11, 1, 1] => QQFieldElem[-1//4, 0, 0, -1//4],
	[19, 4, 19, 18, 19, 1, 1, 7, 1, 1] => QQFieldElem[-1//4, -1//4, 0, -1//8],
	[19, 4, 19, 18, 11, 1, 1, 7, 1, 1] => QQFieldElem[1//2, 1//4, 1//4, 1//2],
	[19, 4, 19, 18, 7, 1, 1, 7, 1, 1] => QQFieldElem[-1//2, -1//4, -1//4, -1//2],
	[19, 4, 19, 18, 19, 1, 1, 19, 1, 1] => QQFieldElem[-2, -1, -1, -2],
	[19, 4, 19, 18, 11, 1, 1, 19, 1, 1] => QQFieldElem[14//5, 0, 8//5, 8//5],
	[19, 4, 19, 18, 11, 1, 1, 12, 1, 1] => QQFieldElem[-1, -1, 0, -2],
	[19, 4, 19, 18, 19, 1, 1, 12, 1, 1] => QQFieldElem[0, 1, 1//2, 1],
	[19, 4, 19, 18, 7, 1, 1, 19, 1, 1] => QQFieldElem[-8//5, 0, -6//5, -6//5],
	[19, 4, 19, 18, 7, 1, 1, 12, 1, 1] => QQFieldElem[1, 1, 0, 1])