Dict(
	[19, 16, 13, 11, 4, 1, 1, 14, 1, 1] => QQFieldElem[1//2, 0, 0, 1//2],
	[19, 16, 13, 11, 18, 1, 1, 14, 1, 1] => QQFieldElem[1, 0, 1//2, 1//2],
	[19, 16, 13, 11, 19, 1, 1, 14, 1, 1] => QQFieldElem[-1, 0, -1//2, -1//2],
	[19, 16, 13, 11, 4, 1, 1, 15, 1, 1] => QQFieldElem[0, -1//2, 0, 0],
	[19, 16, 13, 11, 18, 1, 1, 15, 1, 1] => QQFieldElem[0, 0, -1//2, 0],
	[19, 16, 13, 11, 19, 1, 1, 15, 1, 1] => QQFieldElem[0, 0, -1//2, 0],
	[19, 16, 13, 11, 4, 1, 1, 21, 1, 1] => QQFieldElem[-1//5, 1//10, 2//5, 1//5],
	[19, 16, 13, 11, 18, 1, 1, 21, 1, 1] => QQFieldElem[3//5, 1//5, 3//10, 2//5],
	[19, 16, 13, 11, 4, 1, 1, 22, 1, 1] => QQFieldElem[3//5, 1//5, 4//5, 2//5],
	[19, 16, 13, 11, 18, 1, 1, 22, 1, 1] => QQFieldElem[3//5, -4//5, 4//5, -3//5],
	[19, 16, 13, 11, 19, 1, 1, 21, 1, 1] => QQFieldElem[3//5, 1//5, 3//10, 2//5],
	[19, 16, 13, 11, 17, 1, 1, 14, 1, 1] => QQFieldElem[-1//2, 0, 0, -1//2],
	[19, 16, 13, 11, 19, 1, 1, 22, 1, 1] => QQFieldElem[-3//5, 4//5, -4//5, 3//5],
	[19, 16, 13, 11, 17, 1, 1, 15, 1, 1] => QQFieldElem[0, -1//2, 0, 0],
	[19, 16, 13, 11, 17, 1, 1, 21, 1, 1] => QQFieldElem[-1//5, 1//10, 2//5, 1//5],
	[19, 16, 13, 11, 17, 1, 1, 22, 1, 1] => QQFieldElem[-3//5, -1//5, -4//5, -2//5])