Dict(
	[19, 7, 19, 11, 19, 1, 1, 4, 1, 1] => QQFieldElem[-1, 0, -2, -2],
	[19, 7, 19, 11, 17, 1, 1, 6, 1, 1] => QQFieldElem[-1//2, 0, 0, -1//2],
	[19, 7, 19, 11, 17, 1, 1, 18, 1, 1] => QQFieldElem[1//2, 1//2, 1//2, 1//2],
	[19, 7, 19, 11, 4, 1, 1, 19, 1, 1] => QQFieldElem[-24//5, 0, -8//5, -8//5],
	[19, 7, 19, 11, 18, 1, 1, 19, 1, 1] => QQFieldElem[0, 0, 0, 0],
	[19, 7, 19, 11, 17, 1, 1, 17, 1, 1] => QQFieldElem[1//2, 1//2, 1//2, 1//2],
	[19, 7, 19, 11, 19, 1, 1, 19, 1, 1] => QQFieldElem[0, -4, 0, -4],
	[19, 7, 19, 11, 6, 1, 1, 6, 1, 1] => QQFieldElem[2, 0, 2, 0],
	[19, 7, 19, 11, 6, 1, 1, 18, 1, 1] => QQFieldElem[-2, -2, -2, 0],
	[19, 7, 19, 11, 17, 1, 1, 4, 1, 1] => QQFieldElem[1//2, 0, 1//2, 0],
	[19, 7, 19, 11, 6, 1, 1, 17, 1, 1] => QQFieldElem[2, 2, 2, 0],
	[19, 7, 19, 11, 4, 1, 1, 6, 1, 1] => QQFieldElem[-2, 0, -2, 0],
	[19, 7, 19, 11, 18, 1, 1, 6, 1, 1] => QQFieldElem[1//2, 0, 0, 1//2],
	[19, 7, 19, 11, 17, 1, 1, 19, 1, 1] => QQFieldElem[0, 0, 0, 0],
	[19, 7, 19, 11, 4, 1, 1, 18, 1, 1] => QQFieldElem[-2, -2, -2, 0],
	[19, 7, 19, 11, 18, 1, 1, 18, 1, 1] => QQFieldElem[1//2, 1//2, 1//2, 1//2],
	[19, 7, 19, 11, 19, 1, 1, 6, 1, 1] => QQFieldElem[-2, -2, 0, -1],
	[19, 7, 19, 11, 6, 1, 1, 4, 1, 1] => QQFieldElem[-2, -2, 0, -2],
	[19, 7, 19, 11, 19, 1, 1, 18, 1, 1] => QQFieldElem[0, 0, 0, 0],
	[19, 7, 19, 11, 4, 1, 1, 17, 1, 1] => QQFieldElem[2, 2, 2, 0],
	[19, 7, 19, 11, 18, 1, 1, 17, 1, 1] => QQFieldElem[1//2, 1//2, 1//2, 1//2],
	[19, 7, 19, 11, 19, 1, 1, 17, 1, 1] => QQFieldElem[0, 0, 0, 0],
	[19, 7, 19, 11, 6, 1, 1, 19, 1, 1] => QQFieldElem[24//5, 0, 8//5, 8//5],
	[19, 7, 19, 11, 4, 1, 1, 4, 1, 1] => QQFieldElem[2, 2, 0, 2],
	[19, 7, 19, 11, 18, 1, 1, 4, 1, 1] => QQFieldElem[-1//2, 0, -1//2, 0])