Dict(
	[19, 14, 18, 15, 22, 1, 1, 13, 1, 1] => QQFieldElem[0, -6, 7, -6],
	[19, 14, 18, 15, 22, 2, 1, 13, 1, 1] => QQFieldElem[3, -1, 5//2, 1//2],
	[19, 14, 18, 15, 21, 1, 1, 13, 1, 1] => QQFieldElem[0, 0, -3, -2],
	[19, 14, 18, 15, 16, 1, 1, 13, 1, 1] => QQFieldElem[-2, 1, -2, 0],
	[19, 14, 18, 15, 21, 2, 1, 13, 1, 1] => QQFieldElem[0, 0, 1//2, 1//2],
	[19, 14, 18, 15, 22, 1, 1, 21, 1, 1] => QQFieldElem[-8//11, -14//11, -13//11, -15//11],
	[19, 14, 18, 15, 22, 1, 1, 22, 1, 1] => QQFieldElem[-2, -2, -1, 1],
	[19, 14, 18, 15, 22, 2, 1, 21, 1, 1] => QQFieldElem[1//11, -13//22, -5//22, 1//22],
	[19, 14, 18, 15, 21, 1, 1, 21, 1, 1] => QQFieldElem[3//11, 8//11, 9//11, 7//11],
	[19, 14, 18, 15, 16, 1, 1, 21, 1, 1] => QQFieldElem[16//11, 6//11, 4//11, 8//11],
	[19, 14, 18, 15, 22, 2, 1, 22, 1, 1] => QQFieldElem[1//5, -1//10, 1//10, 3//10],
	[19, 14, 18, 15, 21, 1, 1, 22, 1, 1] => QQFieldElem[-1//5, -2//5, -3//5, 1//5],
	[19, 14, 18, 15, 21, 2, 1, 21, 1, 1] => QQFieldElem[-82//11, -50//11, -70//11, -30//11],
	[19, 14, 18, 15, 22, 1, 1, 21, 2, 1] => QQFieldElem[6, 2, 3, -1],
	[19, 14, 18, 15, 16, 1, 1, 22, 1, 1] => QQFieldElem[-8//5, -6//5, -4//5, -12//5],
	[19, 14, 18, 15, 21, 2, 1, 22, 1, 1] => QQFieldElem[6, 2, 6, 6],
	[19, 14, 18, 15, 22, 1, 1, 22, 2, 1] => QQFieldElem[0, -2, 1, 1],
	[19, 14, 18, 15, 22, 2, 1, 21, 2, 1] => QQFieldElem[13//11, 7//22, 23//22, 35//22],
	[19, 14, 18, 15, 21, 1, 1, 21, 2, 1] => QQFieldElem[-87//55, -34//55, -41//55, -93//55],
	[19, 14, 18, 15, 16, 1, 1, 21, 2, 1] => QQFieldElem[10//11, -10//11, -14//11, -6//11],
	[19, 14, 18, 15, 22, 2, 1, 22, 2, 1] => QQFieldElem[1, -1//2, 1//2, 1//2],
	[19, 14, 18, 15, 21, 1, 1, 22, 2, 1] => QQFieldElem[1, 0, -1, 1],
	[19, 14, 18, 15, 21, 2, 1, 21, 2, 1] => QQFieldElem[-12//11, 1//11, -3//11, -6//11],
	[19, 14, 18, 15, 16, 1, 1, 22, 2, 1] => QQFieldElem[-6, -6, -2, -2],
	[19, 14, 18, 15, 21, 2, 1, 22, 2, 1] => QQFieldElem[-2//5, 1//5, -1//5, 2//5])