Dict(
	[19, 15, 20, 13, 13, 1, 1, 21, 1, 1] => QQFieldElem[-3, -7//2, -3//2, 1//2],
	[19, 15, 20, 13, 13, 1, 1, 22, 1, 1] => QQFieldElem[-1//2, -4, -3, 0],
	[19, 15, 20, 13, 13, 1, 1, 21, 2, 1] => QQFieldElem[0, 2, -1, -1],
	[19, 15, 20, 13, 22, 1, 1, 21, 1, 1] => QQFieldElem[1//2, 1//2, -5//2, -7//2],
	[19, 15, 20, 13, 13, 1, 1, 22, 2, 1] => QQFieldElem[0, -1, 1, 0],
	[19, 15, 20, 13, 22, 1, 1, 22, 1, 1] => QQFieldElem[-2, -3//2, -1, -1//2],
	[19, 15, 20, 13, 10, 1, 1, 21, 1, 2] => QQFieldElem[-1//2, -1//2, -3//4, -3//4],
	[19, 15, 20, 13, 16, 1, 1, 21, 1, 1] => QQFieldElem[-1//2, 4, 1, -2],
	[19, 15, 20, 13, 10, 1, 1, 22, 1, 2] => QQFieldElem[-3//4, -1//4, -1, -1//2],
	[19, 15, 20, 13, 22, 1, 1, 21, 2, 1] => QQFieldElem[1, -1, -2, 2],
	[19, 15, 20, 13, 16, 1, 1, 22, 1, 1] => QQFieldElem[4, 5//2, -2, -9//2],
	[19, 15, 20, 13, 22, 1, 1, 22, 2, 1] => QQFieldElem[5, 6, 3, 1],
	[19, 15, 20, 13, 10, 1, 1, 21, 2, 2] => QQFieldElem[0, 0, 0, 1],
	[19, 15, 20, 13, 16, 1, 1, 21, 2, 1] => QQFieldElem[4, 1, 1, 4],
	[19, 15, 20, 13, 10, 1, 1, 22, 2, 2] => QQFieldElem[1, 0, 1//2, 1],
	[19, 15, 20, 13, 9, 1, 1, 21, 1, 1] => QQFieldElem[1, 2, 1//2, 3//2],
	[19, 15, 20, 13, 16, 1, 1, 22, 2, 1] => QQFieldElem[1, 2, 1, 1],
	[19, 15, 20, 13, 9, 1, 1, 22, 1, 1] => QQFieldElem[1//2, -3//2, 3//2, 9//2],
	[19, 15, 20, 13, 9, 1, 1, 21, 2, 1] => QQFieldElem[-1, -1, 0, 2],
	[19, 15, 20, 13, 21, 1, 1, 21, 1, 2] => QQFieldElem[1//4, 1//4, 0, -1//2],
	[19, 15, 20, 13, 9, 1, 1, 22, 2, 1] => QQFieldElem[3, 3, 2, 2],
	[19, 15, 20, 13, 21, 1, 1, 22, 1, 2] => QQFieldElem[0, 1//4, 0, -1//4],
	[19, 15, 20, 13, 14, 1, 1, 21, 1, 2] => QQFieldElem[0, 1//4, 3//4, 1//4],
	[19, 15, 20, 13, 14, 1, 1, 22, 1, 2] => QQFieldElem[-1//2, 1//4, -1//4, 1//2],
	[19, 15, 20, 13, 21, 1, 1, 21, 2, 2] => QQFieldElem[1, 0, 1//2, 1],
	[19, 15, 20, 13, 21, 1, 1, 22, 2, 2] => QQFieldElem[1, 0, 0, 0],
	[19, 15, 20, 13, 14, 1, 1, 21, 2, 2] => QQFieldElem[0, 0, 0, 0],
	[19, 15, 20, 13, 14, 1, 1, 22, 2, 2] => QQFieldElem[1, 0, 1, 1//2],
	[19, 15, 20, 13, 15, 1, 1, 21, 1, 2] => QQFieldElem[-1//2, -3//4, -3//4, -1//2],
	[19, 15, 20, 13, 10, 1, 1, 21, 1, 1] => QQFieldElem[-2, -4, -7//2, -1//2],
	[19, 15, 20, 13, 15, 1, 1, 22, 1, 2] => QQFieldElem[1//2, 5//4, 1, -1//4],
	[19, 15, 20, 13, 10, 1, 1, 22, 1, 1] => QQFieldElem[3//2, 1//2, -1//2, -3//2],
	[19, 15, 20, 13, 15, 1, 1, 21, 2, 2] => QQFieldElem[1, 0, 1, 1//2],
	[19, 15, 20, 13, 10, 1, 1, 21, 2, 1] => QQFieldElem[-1, -1, 0, 2],
	[19, 15, 20, 13, 15, 1, 1, 22, 2, 2] => QQFieldElem[0, 0, 0, 0],
	[19, 15, 20, 13, 10, 1, 1, 22, 2, 1] => QQFieldElem[-1, -1, 0, 2],
	[19, 15, 20, 13, 21, 1, 1, 21, 1, 1] => QQFieldElem[3//2, 1//2, -1//2, -3//2],
	[19, 15, 20, 13, 21, 1, 1, 22, 1, 1] => QQFieldElem[-4, -17//2, -6, -3//2],
	[19, 15, 20, 13, 14, 1, 1, 21, 1, 1] => QQFieldElem[-1, 1//2, -1//2, -3//2],
	[19, 15, 20, 13, 13, 1, 1, 21, 1, 2] => QQFieldElem[0, 1//4, 3//4, 1//4],
	[19, 15, 20, 13, 14, 1, 1, 22, 1, 1] => QQFieldElem[-3//2, -3, -2, -1],
	[19, 15, 20, 13, 21, 1, 1, 21, 2, 1] => QQFieldElem[-3, -1, -4, -2],
	[19, 15, 20, 13, 13, 1, 1, 22, 1, 2] => QQFieldElem[-1, -3//4, -1//4, -1//2],
	[19, 15, 20, 13, 21, 1, 1, 22, 2, 1] => QQFieldElem[-1, 0, -3, -1],
	[19, 15, 20, 13, 14, 1, 1, 21, 2, 1] => QQFieldElem[0, -2, -1, 3],
	[19, 15, 20, 13, 13, 1, 1, 21, 2, 2] => QQFieldElem[1, 0, 0, 0],
	[19, 15, 20, 13, 14, 1, 1, 22, 2, 1] => QQFieldElem[2, 3, 3, 2],
	[19, 15, 20, 13, 13, 1, 1, 22, 2, 2] => QQFieldElem[0, 0, 0, 1//2],
	[19, 15, 20, 13, 22, 1, 1, 21, 1, 2] => QQFieldElem[1//4, -1//4, 0, 0],
	[19, 15, 20, 13, 22, 1, 1, 22, 1, 2] => QQFieldElem[0, -3//4, -1, -3//4],
	[19, 15, 20, 13, 16, 1, 1, 21, 1, 2] => QQFieldElem[0, 1//4, 1//4, -1//2],
	[19, 15, 20, 13, 22, 1, 1, 21, 2, 2] => QQFieldElem[0, 0, 1//2, 0],
	[19, 15, 20, 13, 16, 1, 1, 22, 1, 2] => QQFieldElem[-1//2, 1//4, 0, 1//4],
	[19, 15, 20, 13, 22, 1, 1, 22, 2, 2] => QQFieldElem[0, 0, 0, 0],
	[19, 15, 20, 13, 15, 1, 1, 21, 1, 1] => QQFieldElem[-3//2, -3, -2, -1],
	[19, 15, 20, 13, 16, 1, 1, 21, 2, 2] => QQFieldElem[0, 0, 0, 1//2],
	[19, 15, 20, 13, 15, 1, 1, 22, 1, 1] => QQFieldElem[2, 3//2, 1, 1//2],
	[19, 15, 20, 13, 9, 1, 1, 21, 1, 2] => QQFieldElem[1//2, 1//2, 5//4, 1//4],
	[19, 15, 20, 13, 16, 1, 1, 22, 2, 2] => QQFieldElem[1, 0, 0, 0],
	[19, 15, 20, 13, 9, 1, 1, 22, 1, 2] => QQFieldElem[-3//4, -3//4, 0, -1],
	[19, 15, 20, 13, 15, 1, 1, 21, 2, 1] => QQFieldElem[-2, 1, -1, 2],
	[19, 15, 20, 13, 15, 1, 1, 22, 2, 1] => QQFieldElem[-1, 0, 3, 3],
	[19, 15, 20, 13, 9, 1, 1, 21, 2, 2] => QQFieldElem[0, 0, 0, 0],
	[19, 15, 20, 13, 9, 1, 1, 22, 2, 2] => QQFieldElem[0, 0, 1//2, 0])