Dict(
	[20, 20, 19, 5, 11, 1, 1, 18, 1, 1] => QQFieldElem[1//2, 1, 1//2, 1//2],
	[20, 20, 19, 5, 20, 1, 2, 19, 1, 1] => QQFieldElem[3//10, 1//10, 2//5, 1//5],
	[20, 20, 19, 5, 20, 1, 1, 19, 1, 1] => QQFieldElem[1//2, 1//2, 0, 1],
	[20, 20, 19, 5, 12, 1, 1, 19, 1, 1] => QQFieldElem[-16//5, 8//5, -8//5, -4//5],
	[20, 20, 19, 5, 11, 1, 1, 17, 1, 1] => QQFieldElem[0, 1//4, -1//4, 0],
	[20, 20, 19, 5, 20, 1, 2, 19, 2, 1] => QQFieldElem[-6//5, -2//5, -3//5, -4//5],
	[20, 20, 19, 5, 20, 1, 1, 19, 2, 1] => QQFieldElem[-16//5, -12//5, -8//5, -24//5],
	[20, 20, 19, 5, 12, 1, 1, 19, 2, 1] => QQFieldElem[1//5, -3//5, 3//5, -1//5],
	[20, 20, 19, 5, 11, 1, 1, 19, 1, 1] => QQFieldElem[1//5, 2//5, 1//10, 3//10],
	[20, 20, 19, 5, 20, 1, 2, 18, 1, 1] => QQFieldElem[-1, -1, -1, -2],
	[20, 20, 19, 5, 20, 1, 1, 18, 1, 1] => QQFieldElem[0, 0, 0, 0],
	[20, 20, 19, 5, 12, 1, 1, 18, 1, 1] => QQFieldElem[1//2, 1, 1//2, 1//2],
	[20, 20, 19, 5, 20, 1, 2, 17, 1, 1] => QQFieldElem[0, 0, 0, 0],
	[20, 20, 19, 5, 20, 1, 1, 17, 1, 1] => QQFieldElem[-2, -4, 0, -4],
	[20, 20, 19, 5, 12, 1, 1, 17, 1, 1] => QQFieldElem[0, -1//4, 1//4, 0],
	[20, 20, 19, 5, 11, 1, 1, 19, 2, 1] => QQFieldElem[-1, 0, -1//2, -1//2])