Dict(
	[20, 19, 22, 22, 21, 1, 2, 18, 1, 2] => QQFieldElem[-9//44, -3//44, -7//44, -2//11],
	[20, 19, 22, 22, 16, 2, 1, 20, 1, 2] => QQFieldElem[12//5, 0, 4//5, 4//5],
	[20, 19, 22, 22, 22, 2, 1, 20, 2, 2] => QQFieldElem[-1//10, -1//5, -3//10, -2//5],
	[20, 19, 22, 22, 16, 1, 1, 17, 1, 2] => QQFieldElem[-2, 0, 0, -2],
	[20, 19, 22, 22, 14, 1, 2, 17, 1, 2] => QQFieldElem[1//2, -3, 2, -2],
	[20, 19, 22, 22, 22, 1, 1, 17, 2, 2] => QQFieldElem[-1//4, 0, 0, -1//4],
	[20, 19, 22, 22, 16, 1, 1, 18, 2, 2] => QQFieldElem[-7//176, -3//88, 1//22, -5//176],
	[20, 19, 22, 22, 15, 1, 1, 17, 1, 1] => QQFieldElem[-5//8, -5//8, 1//2, -9//8],
	[20, 19, 22, 22, 14, 1, 2, 18, 2, 2] => QQFieldElem[3, 0, 2, 3//2],
	[20, 19, 22, 22, 21, 2, 1, 17, 2, 2] => QQFieldElem[0, 1, 0, 1],
	[20, 19, 22, 22, 15, 1, 1, 18, 2, 1] => QQFieldElem[0, 1//4, 0, -1//4],
	[20, 19, 22, 22, 22, 1, 1, 11, 1, 1] => QQFieldElem[0, 3//4, -1//4, 3//4],
	[20, 19, 22, 22, 9, 1, 1, 17, 2, 2] => QQFieldElem[-3//4, 3//4, -1, 3//8],
	[20, 19, 22, 22, 15, 1, 1, 20, 1, 2] => QQFieldElem[-2, 0, 0, -2],
	[20, 19, 22, 22, 13, 2, 1, 12, 1, 1] => QQFieldElem[9//2, -5//4, 4, 3//2],
	[20, 19, 22, 22, 21, 2, 1, 11, 1, 1] => QQFieldElem[2, -2, 2, -2],
	[20, 19, 22, 22, 13, 2, 1, 20, 1, 1] => QQFieldElem[-4//5, -6//5, -6//5, -4//5],
	[20, 19, 22, 22, 9, 1, 1, 11, 1, 1] => QQFieldElem[-3, 1, -2, -1],
	[20, 19, 22, 22, 21, 1, 1, 12, 1, 1] => QQFieldElem[4, 1, 1, 4],
	[20, 19, 22, 22, 16, 1, 1, 19, 1, 1] => QQFieldElem[0, 0, 0, 0],
	[20, 19, 22, 22, 14, 1, 2, 19, 1, 1] => QQFieldElem[8//5, 6//5, -6//5, -8//5],
	[20, 19, 22, 22, 22, 1, 1, 19, 2, 1] => QQFieldElem[-1//8, 3//8, 1//4, 3//8],
	[20, 19, 22, 22, 15, 1, 2, 17, 2, 2] => QQFieldElem[-1//2, 1, -1, 1//2],
	[20, 19, 22, 22, 13, 1, 1, 17, 1, 1] => QQFieldElem[1//4, 0, 1//8, 1//8],
	[20, 19, 22, 22, 13, 1, 1, 18, 2, 1] => QQFieldElem[0, 0, 0, 0],
	[20, 19, 22, 22, 21, 1, 1, 20, 1, 1] => QQFieldElem[-2//5, -3//10, -1//5, -1//10],
	[20, 19, 22, 22, 21, 2, 1, 19, 2, 1] => QQFieldElem[-1//5, 1//5, 1//5, -1//5],
	[20, 19, 22, 22, 22, 1, 1, 18, 1, 1] => QQFieldElem[13//88, -3//88, -9//44, 3//88],
	[20, 19, 22, 22, 22, 1, 2, 20, 2, 1] => QQFieldElem[-1//20, 1//20, -1//5, -1//20],
	[20, 19, 22, 22, 15, 1, 2, 11, 1, 1] => QQFieldElem[-1//4, 1//4, -1//4, 1//4],
	[20, 19, 22, 22, 13, 1, 1, 20, 1, 2] => QQFieldElem[-1//5, 3//5, 2//5, 1//5],
	[20, 19, 22, 22, 13, 2, 1, 19, 2, 2] => QQFieldElem[0, -2, -2, -2],
	[20, 19, 22, 22, 9, 1, 1, 19, 2, 1] => QQFieldElem[-8//5, 8//5, 8//5, -8//5],
	[20, 19, 22, 22, 22, 2, 2, 17, 1, 1] => QQFieldElem[3, 0, 2, 3//2],
	[20, 19, 22, 22, 22, 2, 1, 19, 1, 2] => QQFieldElem[6, 4, 0, 6],
	[20, 19, 22, 22, 21, 2, 1, 18, 1, 1] => QQFieldElem[-2//11, 3//11, -4//11, 5//22],
	[20, 19, 22, 22, 21, 2, 2, 20, 2, 1] => QQFieldElem[4, 4, 0, -4],
	[20, 19, 22, 22, 14, 1, 1, 20, 2, 1] => QQFieldElem[-4//5, 2//5, -2//5, -6//5],
	[20, 19, 22, 22, 22, 2, 2, 18, 2, 1] => QQFieldElem[0, 0, 0, 1//2],
	[20, 19, 22, 22, 21, 1, 2, 17, 2, 1] => QQFieldElem[0, 0, 4, 0],
	[20, 19, 22, 22, 13, 2, 1, 18, 1, 2] => QQFieldElem[-1, -1, 0, -1],
	[20, 19, 22, 22, 9, 1, 1, 18, 1, 1] => QQFieldElem[2, 0, 0, 2],
	[20, 19, 22, 22, 10, 1, 1, 17, 2, 2] => QQFieldElem[0, 0, 0, -1//8],
	[20, 19, 22, 22, 21, 1, 1, 19, 2, 2] => QQFieldElem[1//10, -3//10, -1//5, -1//10],
	[20, 19, 22, 22, 22, 2, 2, 20, 1, 2] => QQFieldElem[4//5, 3//5, 2//5, 7//10],
	[20, 19, 22, 22, 15, 1, 2, 19, 2, 1] => QQFieldElem[0, 0, -1, 0],
	[20, 19, 22, 22, 22, 1, 2, 17, 1, 2] => QQFieldElem[0, -1//2, 0, -1//4],
	[20, 19, 22, 22, 21, 1, 1, 18, 1, 2] => QQFieldElem[1//22, 5//88, -3//88, 3//44],
	[20, 19, 22, 22, 21, 1, 2, 20, 2, 2] => QQFieldElem[-6//5, -2//5, -3//5, -4//5],
	[20, 19, 22, 22, 10, 1, 1, 11, 1, 1] => QQFieldElem[4, 4, 0, 6],
	[20, 19, 22, 22, 22, 1, 2, 18, 2, 2] => QQFieldElem[0, 0, 0, 0],
	[20, 19, 22, 22, 21, 2, 2, 17, 1, 2] => QQFieldElem[-1, 0, -1, -1],
	[20, 19, 22, 22, 15, 1, 2, 18, 1, 1] => QQFieldElem[-1//4, 0, -1//2, 0],
	[20, 19, 22, 22, 14, 1, 1, 17, 1, 2] => QQFieldElem[-5//8, -5//8, 0, -5//8],
	[20, 19, 22, 22, 21, 2, 2, 18, 2, 2] => QQFieldElem[2, 2, 0, 4],
	[20, 19, 22, 22, 14, 1, 1, 18, 2, 2] => QQFieldElem[0, -1//4, 0, -1//4],
	[20, 19, 22, 22, 16, 2, 1, 17, 2, 2] => QQFieldElem[-1//2, -2, 0, -5//2],
	[20, 19, 22, 22, 10, 1, 1, 19, 2, 1] => QQFieldElem[-4//5, 2//5, -2//5, 4//5],
	[20, 19, 22, 22, 16, 2, 1, 11, 1, 1] => QQFieldElem[1//2, 1//2, 0, 1//2],
	[20, 19, 22, 22, 22, 1, 2, 19, 1, 1] => QQFieldElem[1//4, 1//4, 1//2, -1//4],
	[20, 19, 22, 22, 10, 1, 1, 18, 1, 1] => QQFieldElem[0, 1//2, 0, 0],
	[20, 19, 22, 22, 21, 2, 2, 19, 1, 1] => QQFieldElem[-1//5, 1//10, 2//5, 1//5],
	[20, 19, 22, 22, 16, 1, 1, 12, 1, 1] => QQFieldElem[0, -1//4, 1//4, -1//4],
	[20, 19, 22, 22, 14, 1, 2, 12, 1, 1] => QQFieldElem[3//2, 3, -1//2, 7//2],
	[20, 19, 22, 22, 14, 1, 1, 19, 1, 1] => QQFieldElem[-2//5, -4//5, -6//5, 2//5],
	[20, 19, 22, 22, 15, 1, 1, 17, 2, 2] => QQFieldElem[1//2, 1//4, 0, 1//2],
	[20, 19, 22, 22, 16, 2, 1, 19, 2, 1] => QQFieldElem[-3, -4, -1, -1],
	[20, 19, 22, 22, 16, 1, 1, 20, 1, 1] => QQFieldElem[-2//5, 1//5, -1//5, 2//5],
	[20, 19, 22, 22, 14, 1, 2, 20, 1, 1] => QQFieldElem[0, -2, -2, 0],
	[20, 19, 22, 22, 22, 1, 1, 20, 2, 1] => QQFieldElem[-7//40, 1//40, -3//20, -13//40],
	[20, 19, 22, 22, 13, 2, 1, 17, 2, 1] => QQFieldElem[0, -2, 1, -2],
	[20, 19, 22, 22, 15, 1, 1, 11, 1, 1] => QQFieldElem[0, -1//4, 0, -3//8],
	[20, 19, 22, 22, 21, 1, 2, 19, 1, 2] => QQFieldElem[1//2, 0, 1//2, 0],
	[20, 19, 22, 22, 22, 2, 1, 17, 1, 1] => QQFieldElem[-15//4, -5//2, -1//2, -9//2],
	[20, 19, 22, 22, 16, 2, 1, 18, 1, 1] => QQFieldElem[-3//2, 1//2, -3//2, -1//2],
	[20, 19, 22, 22, 21, 2, 1, 20, 2, 1] => QQFieldElem[-1//5, 1//5, 1//5, -1//5],
	[20, 19, 22, 22, 22, 2, 1, 18, 2, 1] => QQFieldElem[5//22, 9//22, -1//22, 1//11],
	[20, 19, 22, 22, 21, 1, 1, 17, 2, 1] => QQFieldElem[0, -1//2, 0, 0],
	[20, 19, 22, 22, 13, 2, 1, 20, 2, 2] => QQFieldElem[12//5, 14//5, 6//5, -2//5],
	[20, 19, 22, 22, 9, 1, 1, 20, 2, 1] => QQFieldElem[-8//5, 8//5, 8//5, -8//5],
	[20, 19, 22, 22, 16, 1, 1, 19, 2, 2] => QQFieldElem[-1//4, -1//4, 0, 1//2],
	[20, 19, 22, 22, 22, 2, 1, 20, 1, 2] => QQFieldElem[6, 4, 4, 6],
	[20, 19, 22, 22, 14, 1, 2, 19, 2, 2] => QQFieldElem[-2, 0, -1, -2],
	[20, 19, 22, 22, 13, 1, 1, 17, 2, 2] => QQFieldElem[0, 0, 0, 0],
	[20, 19, 22, 22, 15, 1, 1, 19, 2, 1] => QQFieldElem[-1//2, 0, -1//2, -1//2],
	[20, 19, 22, 22, 22, 1, 1, 17, 1, 2] => QQFieldElem[0, -4, 0, -2],
	[20, 19, 22, 22, 16, 1, 1, 18, 1, 2] => QQFieldElem[2//11, -3//11, 4//11, -5//22],
	[20, 19, 22, 22, 21, 1, 1, 20, 2, 2] => QQFieldElem[-1//2, -1//2, 0, -1//2],
	[20, 19, 22, 22, 14, 1, 2, 18, 1, 2] => QQFieldElem[-5//4, 0, -1, -3//2],
	[20, 19, 22, 22, 22, 1, 1, 18, 2, 2] => QQFieldElem[1//22, 15//22, 1//11, 7//22],
	[20, 19, 22, 22, 21, 2, 1, 17, 1, 2] => QQFieldElem[1, 1, 0, 1],
	[20, 19, 22, 22, 15, 1, 1, 18, 1, 1] => QQFieldElem[0, -1//8, 1//8, -1//8],
	[20, 19, 22, 22, 15, 1, 2, 20, 2, 1] => QQFieldElem[0, -2//5, -1//5, -2//5],
	[20, 19, 22, 22, 13, 1, 1, 11, 1, 1] => QQFieldElem[1//4, 1//4, 0, 1//8],
	[20, 19, 22, 22, 22, 2, 2, 17, 2, 2] => QQFieldElem[1, 3//2, 0, 2],
	[20, 19, 22, 22, 21, 2, 1, 18, 2, 2] => QQFieldElem[-7//44, 5//44, -3//44, -5//44],
	[20, 19, 22, 22, 9, 1, 1, 17, 1, 2] => QQFieldElem[3//16, 1//8, 0, 5//16],
	[20, 19, 22, 22, 9, 1, 1, 18, 2, 2] => QQFieldElem[3//2, 2, 0, 3//2],
	[20, 19, 22, 22, 22, 2, 2, 11, 1, 1] => QQFieldElem[1, 0, 1, 1//2],
	[20, 19, 22, 22, 13, 1, 1, 19, 2, 1] => QQFieldElem[8//5, -24//5, -16//5, -8//5],
	[20, 19, 22, 22, 22, 1, 2, 12, 1, 1] => QQFieldElem[-3//4, 1//4, -3//4, 0],
	[20, 19, 22, 22, 22, 1, 1, 19, 1, 1] => QQFieldElem[1//8, 5//8, 0, -1//8],
	[20, 19, 22, 22, 15, 1, 2, 17, 1, 2] => QQFieldElem[2, 6, -4, 6],
	[20, 19, 22, 22, 10, 1, 1, 20, 2, 1] => QQFieldElem[4//5, -2//5, 2//5, -4//5],
	[20, 19, 22, 22, 15, 1, 2, 18, 2, 2] => QQFieldElem[1, 0, 1//2, 3//2],
	[20, 19, 22, 22, 21, 2, 2, 12, 1, 1] => QQFieldElem[-1//2, 1, -1, 1//2],
	[20, 19, 22, 22, 21, 2, 1, 19, 1, 1] => QQFieldElem[1//5, -3//5, 3//5, -1//5],
	[20, 19, 22, 22, 13, 1, 1, 18, 1, 1] => QQFieldElem[0, 1//2, 0, 0],
	[20, 19, 22, 22, 14, 1, 1, 12, 1, 1] => QQFieldElem[1//2, 1//4, 1//4, 1//4],
	[20, 19, 22, 22, 22, 2, 2, 19, 2, 1] => QQFieldElem[0, -1//2, 0, 0],
	[20, 19, 22, 22, 22, 1, 2, 20, 1, 1] => QQFieldElem[3//20, 1//20, 1//5, -3//20],
	[20, 19, 22, 22, 13, 2, 1, 19, 1, 2] => QQFieldElem[-4//5, -8//5, -12//5, -6//5],
	[20, 19, 22, 22, 9, 1, 1, 19, 1, 1] => QQFieldElem[-4//5, -8//5, 8//5, 4//5],
	[20, 19, 22, 22, 21, 2, 2, 20, 1, 1] => QQFieldElem[-1//5, -9//10, -3//5, -4//5],
	[20, 19, 22, 22, 22, 2, 2, 18, 1, 1] => QQFieldElem[20//11, -8//11, 18//11, 5//22],
	[20, 19, 22, 22, 14, 1, 1, 20, 1, 1] => QQFieldElem[0, 0, 0, 0],
	[20, 19, 22, 22, 21, 1, 2, 17, 1, 1] => QQFieldElem[1//2, 1//2, 3//4, 1//4],
	[20, 19, 22, 22, 10, 1, 1, 17, 1, 2] => QQFieldElem[5//16, 1//4, 1//8, 7//16],
	[20, 19, 22, 22, 21, 1, 1, 19, 1, 2] => QQFieldElem[-3//10, -1//10, 1//10, -1//5],
	[20, 19, 22, 22, 16, 2, 1, 20, 2, 1] => QQFieldElem[1, 0, -1, -1],
	[20, 19, 22, 22, 22, 1, 2, 19, 2, 2] => QQFieldElem[0, 1//4, 1//4, 1//2],
	[20, 19, 22, 22, 10, 1, 1, 18, 2, 2] => QQFieldElem[-1//2, -1, -1, -1//2],
	[20, 19, 22, 22, 21, 1, 2, 18, 2, 1] => QQFieldElem[2//11, 5//22, -3//22, 3//11],
	[20, 19, 22, 22, 15, 1, 2, 19, 1, 1] => QQFieldElem[-1//2, 1//2, -1//2, -1//2],
	[20, 19, 22, 22, 16, 1, 1, 17, 2, 1] => QQFieldElem[1//2, 1, -1//2, 3//2],
	[20, 19, 22, 22, 21, 1, 2, 20, 1, 2] => QQFieldElem[1//10, 1//5, 3//10, 2//5],
	[20, 19, 22, 22, 21, 2, 2, 19, 2, 2] => QQFieldElem[4//5, -2//5, 2//5, -4//5],
	[20, 19, 22, 22, 14, 1, 2, 17, 2, 1] => QQFieldElem[-2, -2, 0, -4],
	[20, 19, 22, 22, 22, 1, 2, 18, 1, 2] => QQFieldElem[1//22, -3//44, 1//11, -2//11],
	[20, 19, 22, 22, 14, 1, 1, 19, 2, 2] => QQFieldElem[1//2, 0, -1//2, -1//2],
	[20, 19, 22, 22, 21, 2, 2, 18, 1, 2] => QQFieldElem[-1//22, -2//11, 7//44, -7//22],
	[20, 19, 22, 22, 16, 1, 1, 20, 2, 2] => QQFieldElem[1//4, 1//4, 0, 0],
	[20, 19, 22, 22, 14, 1, 1, 18, 1, 2] => QQFieldElem[0, -1//8, -3//8, -1//8],
	[20, 19, 22, 22, 14, 1, 2, 20, 2, 2] => QQFieldElem[6//5, 2//5, 3//5, 4//5],
	[20, 19, 22, 22, 16, 2, 1, 17, 1, 2] => QQFieldElem[0, 0, 0, 0],
	[20, 19, 22, 22, 15, 1, 1, 20, 2, 1] => QQFieldElem[3//10, 1//5, 7//10, 3//10],
	[20, 19, 22, 22, 22, 2, 1, 17, 2, 2] => QQFieldElem[1//2, 1//2, 1//2, 1//2],
	[20, 19, 22, 22, 10, 1, 1, 19, 1, 1] => QQFieldElem[-2//5, 1//5, 4//5, 2//5],
	[20, 19, 22, 22, 16, 2, 1, 18, 2, 2] => QQFieldElem[9//22, -5//44, 7//22, 21//88],
	[20, 19, 22, 22, 22, 2, 1, 11, 1, 1] => QQFieldElem[-2, 3//2, -2, 0],
	[20, 19, 22, 22, 22, 1, 1, 12, 1, 1] => QQFieldElem[0, -1//4, 1//4, 0],
	[20, 19, 22, 22, 15, 1, 1, 17, 1, 2] => QQFieldElem[2, 1, 1, 1],
	[20, 19, 22, 22, 15, 1, 1, 18, 2, 2] => QQFieldElem[0, -1//2, 0, -1//4],
	[20, 19, 22, 22, 21, 2, 1, 12, 1, 1] => QQFieldElem[-8, 6, -8, 0],
	[20, 19, 22, 22, 13, 1, 1, 20, 2, 1] => QQFieldElem[0, 0, 0, 0],
	[20, 19, 22, 22, 16, 2, 1, 19, 1, 1] => QQFieldElem[1, 1, 2, 1],
	[20, 19, 22, 22, 22, 1, 1, 20, 1, 1] => QQFieldElem[-1//8, 3//8, 0, -1//8],
	[20, 19, 22, 22, 22, 2, 1, 19, 2, 1] => QQFieldElem[1//2, 1//4, -1//4, -1//4],
	[20, 19, 22, 22, 13, 2, 1, 17, 1, 1] => QQFieldElem[0, 0, 0, 0],
	[20, 19, 22, 22, 9, 1, 1, 12, 1, 1] => QQFieldElem[-1, -2, 1, -3],
	[20, 19, 22, 22, 13, 2, 1, 18, 2, 1] => QQFieldElem[-4, 0, 4, 0],
	[20, 19, 22, 22, 21, 2, 1, 20, 1, 1] => QQFieldElem[1//5, -3//5, 3//5, -1//5],
	[20, 19, 22, 22, 22, 2, 1, 18, 1, 1] => QQFieldElem[-12//11, 7//11, -13//11, -7//11],
	[20, 19, 22, 22, 22, 2, 2, 20, 2, 1] => QQFieldElem[0, -1//10, 1//5, 2//5],
	[20, 19, 22, 22, 21, 1, 1, 17, 1, 1] => QQFieldElem[0, -1//2, 0, 0],
	[20, 19, 22, 22, 13, 2, 1, 20, 1, 2] => QQFieldElem[4//5, 8//5, 12//5, 6//5],
	[20, 19, 22, 22, 9, 1, 1, 20, 1, 1] => QQFieldElem[4//5, 8//5, -8//5, -4//5],
	[20, 19, 22, 22, 16, 1, 1, 19, 1, 2] => QQFieldElem[-4//5, 2//5, -2//5, 4//5],
	[20, 19, 22, 22, 22, 1, 2, 17, 2, 1] => QQFieldElem[0, 1//4, 0, -1//4],
	[20, 19, 22, 22, 14, 1, 2, 19, 1, 2] => QQFieldElem[3//2, 3//2, -1//2, 5//2],
	[20, 19, 22, 22, 22, 1, 1, 19, 2, 2] => QQFieldElem[1//2, 1//4, -1//4, 3//4],
	[20, 19, 22, 22, 21, 1, 1, 18, 2, 1] => QQFieldElem[-3//44, -1//44, -1//88, -9//88],
	[20, 19, 22, 22, 13, 1, 1, 17, 1, 2] => QQFieldElem[-1//4, -1//8, -1//8, -1//4],
	[20, 19, 22, 22, 15, 1, 2, 12, 1, 1] => QQFieldElem[-1//2, -1//4, 0, -1//2],
	[20, 19, 22, 22, 15, 1, 1, 19, 1, 1] => QQFieldElem[-3//4, -3//4, -1//4, -1//2],
	[20, 19, 22, 22, 21, 2, 2, 17, 2, 1] => QQFieldElem[4, 8, 4, 8],
	[20, 19, 22, 22, 13, 1, 1, 18, 2, 2] => QQFieldElem[1//2, 0, 0, 0],
	[20, 19, 22, 22, 21, 2, 1, 19, 2, 2] => QQFieldElem[8//5, 6//5, 4//5, 2//5],
	[20, 19, 22, 22, 14, 1, 1, 17, 2, 1] => QQFieldElem[-1, -2, 1, -3],
	[20, 19, 22, 22, 21, 1, 1, 20, 1, 2] => QQFieldElem[-3//10, -1//10, 1//10, -1//5],
	[20, 19, 22, 22, 22, 1, 1, 18, 1, 2] => QQFieldElem[2//11, -3//11, -7//11, 3//11],
	[20, 19, 22, 22, 22, 1, 2, 20, 2, 2] => QQFieldElem[1//2, 1//4, 1//4, 1//2],
	[20, 19, 22, 22, 15, 1, 2, 20, 1, 1] => QQFieldElem[3//10, 1//10, -1//10, -3//10],
	[20, 19, 22, 22, 22, 2, 2, 17, 1, 2] => QQFieldElem[1, 0, 1//2, 3//2],
	[20, 19, 22, 22, 9, 1, 1, 19, 2, 2] => QQFieldElem[1, 0, 1, 1],
	[20, 19, 22, 22, 21, 2, 1, 18, 1, 2] => QQFieldElem[-5//22, 1//11, -9//44, -1//11],
	[20, 19, 22, 22, 21, 2, 2, 20, 2, 2] => QQFieldElem[-8//5, -2//5, -2//5, -8//5],
	[20, 19, 22, 22, 14, 1, 1, 20, 2, 2] => QQFieldElem[1//10, 1//5, 3//10, -1//10],
	[20, 19, 22, 22, 22, 2, 2, 18, 2, 2] => QQFieldElem[13//22, -7//11, 2//11, -4//11],
	[20, 19, 22, 22, 21, 1, 2, 17, 2, 2] => QQFieldElem[-2, 0, -1, -1],
	[20, 19, 22, 22, 9, 1, 1, 18, 1, 2] => QQFieldElem[1//2, 0, -1//4, -1//4],
	[20, 19, 22, 22, 10, 1, 1, 12, 1, 1] => QQFieldElem[6, 0, 4, 4],
	[20, 19, 22, 22, 15, 1, 2, 19, 2, 2] => QQFieldElem[-1, 0, 1, 0],
	[20, 19, 22, 22, 13, 1, 1, 19, 1, 1] => QQFieldElem[-2//5, -1//5, -2//5, 0],
	[20, 19, 22, 22, 21, 1, 2, 11, 1, 1] => QQFieldElem[1//4, -1//4, 1//4, -1//4],
	[20, 19, 22, 22, 10, 1, 1, 20, 1, 1] => QQFieldElem[2//5, -1//5, -4//5, -2//5],
	[20, 19, 22, 22, 15, 1, 2, 18, 1, 2] => QQFieldElem[0, -2, 2, 0],
	[20, 19, 22, 22, 22, 2, 2, 19, 1, 1] => QQFieldElem[3, 1//2, 2, 2],
	[20, 19, 22, 22, 16, 2, 1, 12, 1, 1] => QQFieldElem[-1//2, 0, -1//2, -1//2],
	[20, 19, 22, 22, 21, 1, 2, 19, 2, 1] => QQFieldElem[-12//5, -4//5, 4//5, -8//5],
	[20, 19, 22, 22, 10, 1, 1, 19, 2, 2] => QQFieldElem[-1//5, -2//5, -3//5, 1//5],
	[20, 19, 22, 22, 16, 2, 1, 20, 1, 1] => QQFieldElem[-7//5, 1//5, -6//5, -3//5],
	[20, 19, 22, 22, 22, 1, 2, 19, 1, 2] => QQFieldElem[1//4, -1//4, 1//4, -1//4],
	[20, 19, 22, 22, 10, 1, 1, 18, 1, 2] => QQFieldElem[-1//2, 0, 1//4, -1//4],
	[20, 19, 22, 22, 21, 1, 2, 18, 1, 1] => QQFieldElem[-1//176, -1//44, -1//88, -7//176],
	[20, 19, 22, 22, 22, 2, 1, 20, 2, 1] => QQFieldElem[1//5, 3//20, -3//20, 1//20],
	[20, 19, 22, 22, 16, 1, 1, 17, 1, 1] => QQFieldElem[0, 0, 0, 0],
	[20, 19, 22, 22, 21, 2, 2, 19, 1, 2] => QQFieldElem[0, 0, 0, 0],
	[20, 19, 22, 22, 14, 1, 2, 17, 1, 1] => QQFieldElem[3//4, -1//4, 3//4, 1//4],
	[20, 19, 22, 22, 22, 1, 1, 17, 2, 1] => QQFieldElem[-1//2, -3//8, -1//8, -1//8],
	[20, 19, 22, 22, 14, 1, 1, 19, 1, 2] => QQFieldElem[-1//4, -1//4, -1//4, -1//2],
	[20, 19, 22, 22, 16, 1, 1, 18, 2, 1] => QQFieldElem[-1//4, 0, -1//4, 0],
	[20, 19, 22, 22, 14, 1, 2, 18, 2, 1] => QQFieldElem[2, 2, 0, 4],
	[20, 19, 22, 22, 15, 1, 1, 12, 1, 1] => QQFieldElem[3//8, -1//4, 1//2, 0],
	[20, 19, 22, 22, 21, 2, 1, 17, 2, 1] => QQFieldElem[0, 0, 0, 0],
	[20, 19, 22, 22, 16, 1, 1, 20, 1, 2] => QQFieldElem[-4//5, 2//5, -2//5, 4//5],
	[20, 19, 22, 22, 16, 2, 1, 19, 2, 2] => QQFieldElem[-2, -1//2, -1, -1],
	[20, 19, 22, 22, 14, 1, 2, 20, 1, 2] => QQFieldElem[-1//2, -1//2, -1//2, -1//2],
	[20, 19, 22, 22, 22, 1, 1, 20, 2, 2] => QQFieldElem[-1//10, 1//20, -1//20, -3//20],
	[20, 19, 22, 22, 13, 2, 1, 17, 2, 2] => QQFieldElem[1//2, 0, 1//4, 1//2],
	[20, 19, 22, 22, 9, 1, 1, 17, 2, 1] => QQFieldElem[0, 0, 0, 0],
	[20, 19, 22, 22, 15, 1, 1, 20, 1, 1] => QQFieldElem[1//20, -3//20, 3//20, 1//5],
	[20, 19, 22, 22, 22, 2, 1, 17, 1, 2] => QQFieldElem[8, 2, 2, 12],
	[20, 19, 22, 22, 21, 2, 1, 20, 2, 2] => QQFieldElem[0, 0, 0, 0],
	[20, 19, 22, 22, 16, 2, 1, 18, 1, 2] => QQFieldElem[0, 0, 0, 0],
	[20, 19, 22, 22, 22, 2, 1, 18, 2, 2] => QQFieldElem[-17//11, 9//11, -12//11, 15//22],
	[20, 19, 22, 22, 21, 1, 1, 17, 2, 2] => QQFieldElem[0, 0, -1//2, 0],
	[20, 19, 22, 22, 13, 2, 1, 11, 1, 1] => QQFieldElem[-9//4, 1//4, -5//4, -7//4],
	[20, 19, 22, 22, 9, 1, 1, 20, 2, 2] => QQFieldElem[-1, 0, -1, -1],
	[20, 19, 22, 22, 15, 1, 2, 17, 2, 1] => QQFieldElem[0, 0, 0, 1//2],
	[20, 19, 22, 22, 15, 1, 1, 19, 2, 2] => QQFieldElem[1//2, 1//2, 1//2, 1],
	[20, 19, 22, 22, 13, 1, 1, 12, 1, 1] => QQFieldElem[-1//8, -1//4, 1//4, -1//2],
	[20, 19, 22, 22, 21, 1, 1, 11, 1, 1] => QQFieldElem[2, 1, 1, 1],
	[20, 19, 22, 22, 15, 1, 1, 18, 1, 2] => QQFieldElem[0, 0, 0, 0],
	[20, 19, 22, 22, 15, 1, 2, 20, 2, 2] => QQFieldElem[1//5, 2//5, 3//5, 4//5],
	[20, 19, 22, 22, 13, 2, 1, 19, 2, 1] => QQFieldElem[-32//5, -64//5, -56//5, -8//5],
	[20, 19, 22, 22, 13, 1, 1, 20, 1, 1] => QQFieldElem[2//5, 1//5, 2//5, 0],
	[20, 19, 22, 22, 22, 2, 2, 12, 1, 1] => QQFieldElem[-7//2, 0, -2, -2],
	[20, 19, 22, 22, 22, 2, 1, 19, 1, 1] => QQFieldElem[-1, -3//4, 1//4, -9//4],
	[20, 19, 22, 22, 13, 2, 1, 18, 1, 1] => QQFieldElem[0, 0, 0, 0],
	[20, 19, 22, 22, 10, 1, 1, 17, 2, 1] => QQFieldElem[-1, -1, 0, -3//2],
	[20, 19, 22, 22, 21, 1, 1, 19, 2, 1] => QQFieldElem[3//5, 3//10, 3//5, 1//2],
	[20, 19, 22, 22, 22, 2, 2, 20, 1, 1] => QQFieldElem[9//5, 1//10, 7//5, 6//5],
	[20, 19, 22, 22, 13, 1, 1, 19, 2, 2] => QQFieldElem[0, 0, 0, 0],
	[20, 19, 22, 22, 22, 1, 2, 17, 1, 1] => QQFieldElem[0, -1//4, 0, -1//4],
	[20, 19, 22, 22, 22, 1, 1, 19, 1, 2] => QQFieldElem[2, -1, 1, -1],
	[20, 19, 22, 22, 21, 1, 1, 18, 1, 1] => QQFieldElem[3//44, 1//44, 1//88, 9//88],
	[20, 19, 22, 22, 21, 1, 2, 20, 2, 1] => QQFieldElem[0, 0, 0, 0],
	[20, 19, 22, 22, 10, 1, 1, 20, 2, 2] => QQFieldElem[1//5, 2//5, 3//5, -1//5],
	[20, 19, 22, 22, 22, 1, 2, 18, 2, 1] => QQFieldElem[-7//22, -3//11, -17//44, -5//22],
	[20, 19, 22, 22, 21, 2, 2, 17, 1, 1] => QQFieldElem[-1//2, -1, -1, -1//2],
	[20, 19, 22, 22, 13, 1, 1, 18, 1, 2] => QQFieldElem[0, 0, -1//2, 0],
	[20, 19, 22, 22, 21, 2, 1, 19, 1, 2] => QQFieldElem[6//5, 2//5, 3//5, -1//5],
	[20, 19, 22, 22, 14, 1, 1, 17, 1, 1] => QQFieldElem[-1//4, -1//4, 0, -1//2],
	[20, 19, 22, 22, 22, 1, 2, 20, 1, 2] => QQFieldElem[1//20, -3//20, 3//20, -1//20],
	[20, 19, 22, 22, 22, 2, 2, 19, 2, 2] => QQFieldElem[-1//2, -1//2, -1, 1//2],
	[20, 19, 22, 22, 21, 2, 2, 18, 2, 1] => QQFieldElem[-10//11, 4//11, -9//11, -4//11],
	[20, 19, 22, 22, 14, 1, 1, 18, 2, 1] => QQFieldElem[-2, 0, -1, -1],
	[20, 19, 22, 22, 9, 1, 1, 19, 1, 2] => QQFieldElem[-1//2, 0, 0, 1//2],
	[20, 19, 22, 22, 16, 2, 1, 17, 2, 1] => QQFieldElem[-3//2, 1, -2, 0],
	[20, 19, 22, 22, 21, 2, 2, 20, 1, 2] => QQFieldElem[-2//5, -4//5, -6//5, 2//5],
	[20, 19, 22, 22, 14, 1, 1, 20, 1, 2] => QQFieldElem[-1//4, -1//4, -1//4, 0],
	[20, 19, 22, 22, 22, 2, 2, 18, 1, 2] => QQFieldElem[17//22, 1//11, 6//11, 9//22],
	[20, 19, 22, 22, 21, 1, 2, 17, 1, 2] => QQFieldElem[-1//2, 0, 0, 0],
	[20, 19, 22, 22, 21, 1, 2, 18, 2, 2] => QQFieldElem[-9//11, 8//11, -7//11, 3//11],
	[20, 19, 22, 22, 16, 2, 1, 20, 2, 2] => QQFieldElem[0, 1//2, 0, 0],
	[20, 19, 22, 22, 15, 1, 2, 19, 1, 2] => QQFieldElem[0, 8, 8, 0],
	[20, 19, 22, 22, 16, 1, 1, 17, 2, 2] => QQFieldElem[-1//2, -1//2, -3//4, -3//4],
	[20, 19, 22, 22, 14, 1, 2, 17, 2, 2] => QQFieldElem[2, 2, 0, 7//2],
	[20, 19, 22, 22, 15, 1, 1, 17, 2, 1] => QQFieldElem[-1, -1//2, -3//4, -1],
	[20, 19, 22, 22, 16, 1, 1, 11, 1, 1] => QQFieldElem[-1//2, 0, -1//4, -1//4],
	[20, 19, 22, 22, 14, 1, 2, 11, 1, 1] => QQFieldElem[7//2, -1//2, 3, 3//2],
	[20, 19, 22, 22, 15, 1, 1, 20, 2, 2] => QQFieldElem[-3//10, -1//10, 1//10, -1//5],
	[20, 19, 22, 22, 21, 1, 2, 19, 1, 1] => QQFieldElem[1//20, -3//20, -1//10, 1//5],
	[20, 19, 22, 22, 10, 1, 1, 19, 1, 2] => QQFieldElem[3//10, 3//5, 2//5, -3//10],
	[20, 19, 22, 22, 22, 2, 1, 12, 1, 1] => QQFieldElem[-1, 0, -1, -1//2],
	[20, 19, 22, 22, 13, 2, 1, 20, 2, 1] => QQFieldElem[0, 0, 8, 8],
	[20, 19, 22, 22, 16, 1, 1, 19, 2, 1] => QQFieldElem[-1, 1, 1, 0],
	[20, 19, 22, 22, 22, 2, 1, 20, 1, 1] => QQFieldElem[-5//2, -5//4, -1//4, -11//4],
	[20, 19, 22, 22, 14, 1, 2, 19, 2, 1] => QQFieldElem[4//5, -12//5, -8//5, -4//5],
	[20, 19, 22, 22, 13, 1, 1, 17, 2, 1] => QQFieldElem[-1, -1//2, -1//2, -1],
	[20, 19, 22, 22, 22, 1, 1, 17, 1, 1] => QQFieldElem[-1//2, 1//8, -1//8, -1//8],
	[20, 19, 22, 22, 16, 1, 1, 18, 1, 1] => QQFieldElem[-1//4, 0, -1//2, 1//4],
	[20, 19, 22, 22, 21, 1, 1, 20, 2, 1] => QQFieldElem[3//5, 3//10, 3//5, 1//2],
	[20, 19, 22, 22, 14, 1, 2, 18, 1, 1] => QQFieldElem[0, -1, 0, -1],
	[20, 19, 22, 22, 22, 1, 1, 18, 2, 1] => QQFieldElem[5//88, 9//88, 5//44, -9//88],
	[20, 19, 22, 22, 21, 2, 1, 17, 1, 1] => QQFieldElem[2, 0, 0, 2],
	[20, 19, 22, 22, 13, 1, 1, 20, 2, 2] => QQFieldElem[2//5, -6//5, -4//5, -2//5],
	[20, 19, 22, 22, 16, 2, 1, 19, 1, 2] => QQFieldElem[-12//5, 0, -4//5, -4//5],
	[20, 19, 22, 22, 22, 2, 2, 17, 2, 1] => QQFieldElem[0, 0, 0, 1//2],
	[20, 19, 22, 22, 22, 1, 1, 20, 1, 2] => QQFieldElem[0, -1, 1, -1],
	[20, 19, 22, 22, 22, 2, 1, 19, 2, 2] => QQFieldElem[-1//2, 1, -1//2, 0],
	[20, 19, 22, 22, 21, 2, 1, 18, 2, 1] => QQFieldElem[0, 0, 0, 0],
	[20, 19, 22, 22, 13, 2, 1, 17, 1, 2] => QQFieldElem[0, -1//2, 1//4, -1//2],
	[20, 19, 22, 22, 9, 1, 1, 17, 1, 1] => QQFieldElem[1, 1, 0, 3//2],
	[20, 19, 22, 22, 13, 2, 1, 18, 2, 2] => QQFieldElem[1, 0, 1, 1],
	[20, 19, 22, 22, 21, 2, 1, 20, 1, 2] => QQFieldElem[6//5, 2//5, 3//5, -1//5],
	[20, 19, 22, 22, 9, 1, 1, 18, 2, 1] => QQFieldElem[0, 0, 0, 0],
	[20, 19, 22, 22, 22, 2, 1, 18, 1, 2] => QQFieldElem[-10//11, -18//11, 24//11, -26//11],
	[20, 19, 22, 22, 22, 2, 2, 20, 2, 2] => QQFieldElem[1//2, 1//2, 0, 3//2],
	[20, 19, 22, 22, 21, 1, 1, 17, 1, 2] => QQFieldElem[0, 0, 1//2, 0],
	[20, 19, 22, 22, 9, 1, 1, 20, 1, 2] => QQFieldElem[-1//2, -1, -1, -1//2],
	[20, 19, 22, 22, 22, 1, 2, 17, 2, 2] => QQFieldElem[3//4, 1//2, 1//4, 1//2],
	[20, 19, 22, 22, 21, 1, 1, 18, 2, 2] => QQFieldElem[0, 0, 0, 0],
	[20, 19, 22, 22, 15, 1, 2, 17, 1, 1] => QQFieldElem[0, 1//2, -1//2, 0],
	[20, 19, 22, 22, 15, 1, 1, 19, 1, 2] => QQFieldElem[2, 4, 4, 6],
	[20, 19, 22, 22, 21, 2, 2, 17, 2, 2] => QQFieldElem[-2, -2, 0, -4],
	[20, 19, 22, 22, 15, 1, 2, 18, 2, 1] => QQFieldElem[0, 0, 0, 1//2],
	[20, 19, 22, 22, 14, 1, 1, 17, 2, 2] => QQFieldElem[1//2, 0, 1//4, 1//2],
	[20, 19, 22, 22, 22, 1, 2, 11, 1, 1] => QQFieldElem[0, 1//4, -1//4, 0],
	[20, 19, 22, 22, 15, 1, 2, 20, 1, 2] => QQFieldElem[0, 0, 0, 0],
	[20, 19, 22, 22, 13, 2, 1, 19, 1, 1] => QQFieldElem[4//5, 6//5, 6//5, 4//5],
	[20, 19, 22, 22, 21, 2, 2, 11, 1, 1] => QQFieldElem[2, 1//2, 1, 3//2],
	[20, 19, 22, 22, 14, 1, 1, 11, 1, 1] => QQFieldElem[0, 0, 1//4, -1//4],
	[20, 19, 22, 22, 10, 1, 1, 17, 1, 1] => QQFieldElem[-1//4, 0, -1//8, -1//8],
	[20, 19, 22, 22, 21, 1, 1, 19, 1, 1] => QQFieldElem[-2//5, -3//10, -1//5, -1//10],
	[20, 19, 22, 22, 21, 1, 2, 12, 1, 1] => QQFieldElem[1//2, 1//4, 0, 1//2],
	[20, 19, 22, 22, 22, 1, 2, 19, 2, 1] => QQFieldElem[1//4, 1//4, -1//2, 1//4],
	[20, 19, 22, 22, 10, 1, 1, 18, 2, 1] => QQFieldElem[-2, 0, 0, -2],
	[20, 19, 22, 22, 13, 1, 1, 19, 1, 2] => QQFieldElem[1//5, -3//5, -2//5, -1//5],
	[20, 19, 22, 22, 21, 1, 2, 20, 1, 1] => QQFieldElem[11//20, 7//20, -1//10, 7//10],
	[20, 19, 22, 22, 21, 2, 2, 19, 2, 1] => QQFieldElem[28//5, -4//5, 24//5, 12//5],
	[20, 19, 22, 22, 10, 1, 1, 20, 1, 2] => QQFieldElem[7//10, 2//5, 3//5, 3//10],
	[20, 19, 22, 22, 14, 1, 1, 19, 2, 1] => QQFieldElem[4, 2, 2, 2],
	[20, 19, 22, 22, 22, 1, 2, 18, 1, 1] => QQFieldElem[-2//11, -5//22, -5//44, -3//11],
	[20, 19, 22, 22, 22, 2, 2, 19, 1, 2] => QQFieldElem[1, 0, 0, 3//2],
	[20, 19, 22, 22, 21, 2, 2, 18, 1, 1] => QQFieldElem[-1//44, -1//11, -1//22, -3//88],
	[20, 19, 22, 22, 16, 1, 1, 20, 2, 1] => QQFieldElem[0, 0, 0, 0],
	[20, 19, 22, 22, 14, 1, 1, 18, 1, 1] => QQFieldElem[0, 0, 1//2, 0],
	[20, 19, 22, 22, 14, 1, 2, 20, 2, 1] => QQFieldElem[4//5, 4//5, 0, 12//5],
	[20, 19, 22, 22, 16, 2, 1, 17, 1, 1] => QQFieldElem[-1, -1, 0, -1//2],
	[20, 19, 22, 22, 21, 1, 2, 19, 2, 2] => QQFieldElem[-2, 0, -1, -2],
	[20, 19, 22, 22, 22, 2, 1, 17, 2, 1] => QQFieldElem[1//4, 1//2, 0, 0],
	[20, 19, 22, 22, 16, 2, 1, 18, 2, 1] => QQFieldElem[0, -1//2, 0, 0])