Dict(
	[20, 19, 16, 21, 22, 1, 1, 19, 1, 1] => QQFieldElem[0, 2, 1, 2],
	[20, 19, 16, 21, 15, 1, 1, 20, 2, 2] => QQFieldElem[3//2, 2, 1//2, 1],
	[20, 19, 16, 21, 10, 1, 1, 20, 2, 1] => QQFieldElem[3//5, 1//5, 4//5, 2//5],
	[20, 19, 16, 21, 22, 2, 1, 12, 1, 1] => QQFieldElem[0, 0, -1//2, 1//2],
	[20, 19, 16, 21, 13, 2, 1, 20, 1, 1] => QQFieldElem[-1, -1, 0, 0],
	[20, 19, 16, 21, 9, 1, 1, 11, 1, 1] => QQFieldElem[-2, 0, -1, -1],
	[20, 19, 16, 21, 16, 1, 1, 19, 1, 1] => QQFieldElem[-2, -2, 0, -3],
	[20, 19, 16, 21, 21, 1, 1, 12, 1, 1] => QQFieldElem[-4, 1, -5, -2],
	[20, 19, 16, 21, 13, 1, 1, 18, 1, 1] => QQFieldElem[-1//4, 0, -1//4, 1//2],
	[20, 19, 16, 21, 21, 2, 1, 19, 1, 1] => QQFieldElem[1, 0, 1//2, 1//2],
	[20, 19, 16, 21, 22, 1, 1, 19, 2, 1] => QQFieldElem[9, -1, 5, 7],
	[20, 19, 16, 21, 14, 1, 1, 12, 1, 1] => QQFieldElem[-1//2, -3//4, -1//2, -3//4],
	[20, 19, 16, 21, 16, 2, 1, 12, 1, 1] => QQFieldElem[-1, 0, -1, -1//2],
	[20, 19, 16, 21, 13, 1, 1, 17, 1, 1] => QQFieldElem[-1//44, 3//88, -1//22, -3//88],
	[20, 19, 16, 21, 13, 2, 1, 20, 2, 1] => QQFieldElem[0, 0, -1, -1],
	[20, 19, 16, 21, 16, 1, 1, 19, 2, 1] => QQFieldElem[1//2, -9//4, 9//4, -7//4],
	[20, 19, 16, 21, 22, 2, 1, 20, 1, 1] => QQFieldElem[1//10, -3//10, -1//5, -1//10],
	[20, 19, 16, 21, 21, 2, 1, 19, 2, 1] => QQFieldElem[-1//2, 1, -1, 1//2],
	[20, 19, 16, 21, 13, 1, 1, 18, 2, 1] => QQFieldElem[0, -2, 2, 0],
	[20, 19, 16, 21, 21, 1, 1, 20, 1, 1] => QQFieldElem[-6, -10, -6, 2],
	[20, 19, 16, 21, 9, 1, 1, 19, 1, 1] => QQFieldElem[-11//10, -7//10, -3//10, -7//5],
	[20, 19, 16, 21, 22, 1, 1, 18, 1, 1] => QQFieldElem[-3, -3, 0, 1],
	[20, 19, 16, 21, 13, 1, 1, 17, 2, 1] => QQFieldElem[10//11, -4//11, 9//11, 4//11],
	[20, 19, 16, 21, 14, 1, 1, 20, 1, 1] => QQFieldElem[1//4, -3//4, 1//2, 0],
	[20, 19, 16, 21, 16, 2, 1, 20, 1, 1] => QQFieldElem[-4//5, -8//5, -12//5, -16//5],
	[20, 19, 16, 21, 22, 1, 1, 17, 1, 1] => QQFieldElem[82//11, 42//11, 65//11, 46//11],
	[20, 19, 16, 21, 13, 1, 1, 20, 1, 2] => QQFieldElem[-1, 1, 0, 0],
	[20, 19, 16, 21, 22, 2, 1, 20, 2, 1] => QQFieldElem[1//2, 0, 0, 1//2],
	[20, 19, 16, 21, 16, 1, 1, 18, 1, 1] => QQFieldElem[-1, 0, -1, 0],
	[20, 19, 16, 21, 21, 1, 1, 20, 2, 1] => QQFieldElem[0, 2, 4, 4],
	[20, 19, 16, 21, 9, 1, 1, 19, 2, 1] => QQFieldElem[0, 0, 0, 0],
	[20, 19, 16, 21, 21, 2, 1, 18, 1, 1] => QQFieldElem[1//2, 1//2, 1//2, 1//2],
	[20, 19, 16, 21, 22, 1, 1, 18, 2, 1] => QQFieldElem[-1, -4, 1, -1],
	[20, 19, 16, 21, 16, 1, 1, 17, 1, 1] => QQFieldElem[-4//11, 6//11, -8//11, 5//11],
	[20, 19, 16, 21, 14, 1, 1, 20, 2, 1] => QQFieldElem[-1//2, -1//2, 0, -1//2],
	[20, 19, 16, 21, 21, 2, 1, 17, 1, 1] => QQFieldElem[3//11, 1//11, 1//22, 9//22],
	[20, 19, 16, 21, 22, 1, 1, 17, 2, 1] => QQFieldElem[-27//11, -9//11, -21//11, -13//11],
	[20, 19, 16, 21, 16, 2, 1, 20, 2, 1] => QQFieldElem[-1//5, 3//5, 2//5, 6//5],
	[20, 19, 16, 21, 13, 1, 1, 20, 2, 2] => QQFieldElem[-11//4, -5//4, -1, -5//2],
	[20, 19, 16, 21, 16, 1, 1, 18, 2, 1] => QQFieldElem[-11//4, -1, -3//4, -3],
	[20, 19, 16, 21, 21, 2, 1, 18, 2, 1] => QQFieldElem[1, 0, 1//2, 1],
	[20, 19, 16, 21, 15, 1, 1, 12, 1, 1] => QQFieldElem[-1//2, 0, 0, 0],
	[20, 19, 16, 21, 22, 1, 1, 20, 1, 2] => QQFieldElem[2, -2, -1, 1],
	[20, 19, 16, 21, 16, 1, 1, 17, 2, 1] => QQFieldElem[-19//22, 35//44, -21//44, 9//44],
	[20, 19, 16, 21, 9, 1, 1, 18, 1, 1] => QQFieldElem[-1, 0, -1, 0],
	[20, 19, 16, 21, 9, 1, 1, 17, 1, 1] => QQFieldElem[7//110, 39//110, -19//110, 19//55],
	[20, 19, 16, 21, 21, 2, 1, 17, 2, 1] => QQFieldElem[17//22, 1//11, 6//11, 9//22],
	[20, 19, 16, 21, 16, 1, 1, 20, 1, 2] => QQFieldElem[1//2, 0, 0, 0],
	[20, 19, 16, 21, 21, 2, 1, 20, 1, 2] => QQFieldElem[-4//5, -8//5, -2//5, -6//5],
	[20, 19, 16, 21, 9, 1, 1, 18, 2, 1] => QQFieldElem[0, -2, 0, -2],
	[20, 19, 16, 21, 22, 1, 1, 20, 2, 2] => QQFieldElem[2, 3, 1, -1],
	[20, 19, 16, 21, 10, 1, 1, 11, 1, 1] => QQFieldElem[-2, 2, -2, 0],
	[20, 19, 16, 21, 9, 1, 1, 17, 2, 1] => QQFieldElem[0, 0, 0, 0],
	[20, 19, 16, 21, 15, 1, 1, 20, 1, 1] => QQFieldElem[2, 0, -1, -1],
	[20, 19, 16, 21, 16, 1, 1, 20, 2, 2] => QQFieldElem[-4, 4, 0, 0],
	[20, 19, 16, 21, 9, 1, 1, 20, 1, 2] => QQFieldElem[-1//2, -1, 0, 0],
	[20, 19, 16, 21, 21, 2, 1, 20, 2, 2] => QQFieldElem[13//10, 1//10, 7//5, 7//10],
	[20, 19, 16, 21, 15, 1, 1, 20, 2, 1] => QQFieldElem[-1//2, 0, 0, 1//2],
	[20, 19, 16, 21, 13, 2, 1, 11, 1, 1] => QQFieldElem[2, 0, 1, 3//2],
	[20, 19, 16, 21, 10, 1, 1, 19, 1, 1] => QQFieldElem[1//2, -7//8, 3//4, -5//8],
	[20, 19, 16, 21, 9, 1, 1, 20, 2, 2] => QQFieldElem[-1//5, 3//5, 2//5, 6//5],
	[20, 19, 16, 21, 13, 1, 1, 12, 1, 1] => QQFieldElem[1//2, -3//4, 1//2, -1//4],
	[20, 19, 16, 21, 10, 1, 1, 19, 2, 1] => QQFieldElem[21//20, 17//20, 3//20, 29//20],
	[20, 19, 16, 21, 22, 2, 1, 11, 1, 1] => QQFieldElem[-1//2, 1//2, -1, 1],
	[20, 19, 16, 21, 13, 2, 1, 19, 1, 1] => QQFieldElem[1//20, -3//20, 3//20, -1//20],
	[20, 19, 16, 21, 21, 1, 1, 11, 1, 1] => QQFieldElem[0, 1, 3, 1],
	[20, 19, 16, 21, 14, 1, 1, 11, 1, 1] => QQFieldElem[1//4, 1//2, 1//4, 1//4],
	[20, 19, 16, 21, 16, 2, 1, 11, 1, 1] => QQFieldElem[1, 1//2, 0, 1],
	[20, 19, 16, 21, 10, 1, 1, 18, 1, 1] => QQFieldElem[-5//4, 0, -3//4, -1//2],
	[20, 19, 16, 21, 22, 1, 1, 12, 1, 1] => QQFieldElem[-1, -3, -1, 0],
	[20, 19, 16, 21, 13, 1, 1, 20, 1, 1] => QQFieldElem[2, 2, -2, -2],
	[20, 19, 16, 21, 13, 2, 1, 19, 2, 1] => QQFieldElem[0, 1//2, -1//4, 1//2],
	[20, 19, 16, 21, 22, 2, 1, 19, 1, 1] => QQFieldElem[-1//2, -1//2, -1//2, -1],
	[20, 19, 16, 21, 10, 1, 1, 17, 1, 1] => QQFieldElem[-17//44, 7//88, -3//11, -7//88],
	[20, 19, 16, 21, 21, 1, 1, 19, 1, 1] => QQFieldElem[1, 3//4, 1//4, 7//4],
	[20, 19, 16, 21, 16, 1, 1, 12, 1, 1] => QQFieldElem[0, 0, -2, 2],
	[20, 19, 16, 21, 21, 2, 1, 12, 1, 1] => QQFieldElem[1//2, -1//2, 1, -1],
	[20, 19, 16, 21, 13, 1, 1, 20, 2, 1] => QQFieldElem[8, 6, 0, -4],
	[20, 19, 16, 21, 10, 1, 1, 18, 2, 1] => QQFieldElem[3//2, -1//2, 3//2, 1//2],
	[20, 19, 16, 21, 14, 1, 1, 19, 1, 1] => QQFieldElem[1, 1//2, 0, 1],
	[20, 19, 16, 21, 13, 2, 1, 18, 1, 1] => QQFieldElem[1//2, 1//2, 1//2, 1//2],
	[20, 19, 16, 21, 16, 2, 1, 19, 1, 1] => QQFieldElem[0, 2, -2, 2],
	[20, 19, 16, 21, 22, 1, 1, 20, 1, 1] => QQFieldElem[1//4, 1//4, 0, 0],
	[20, 19, 16, 21, 22, 2, 1, 19, 2, 1] => QQFieldElem[-5//2, 1//2, -2, -1],
	[20, 19, 16, 21, 10, 1, 1, 17, 2, 1] => QQFieldElem[13//220, -69//220, 59//220, -63//220],
	[20, 19, 16, 21, 21, 1, 1, 19, 2, 1] => QQFieldElem[2, 6, -4, 6],
	[20, 19, 16, 21, 13, 2, 1, 17, 1, 1] => QQFieldElem[-27//220, -9//220, -21//220, -13//220],
	[20, 19, 16, 21, 10, 1, 1, 20, 1, 2] => QQFieldElem[4, 4, 0, 0],
	[20, 19, 16, 21, 9, 1, 1, 12, 1, 1] => QQFieldElem[0, -1, 1, -1],
	[20, 19, 16, 21, 14, 1, 1, 19, 2, 1] => QQFieldElem[-1//2, 0, -1//4, -1//4],
	[20, 19, 16, 21, 16, 1, 1, 20, 1, 1] => QQFieldElem[2//5, 4//5, 6//5, -2//5],
	[20, 19, 16, 21, 16, 2, 1, 19, 2, 1] => QQFieldElem[2, 2, 1//2, 7//2],
	[20, 19, 16, 21, 13, 2, 1, 18, 2, 1] => QQFieldElem[1, 0, 1//2, 1],
	[20, 19, 16, 21, 21, 2, 1, 20, 1, 1] => QQFieldElem[-1, -1, 0, 0],
	[20, 19, 16, 21, 22, 1, 1, 20, 2, 1] => QQFieldElem[0, 0, 0, 0],
	[20, 19, 16, 21, 22, 2, 1, 18, 1, 1] => QQFieldElem[0, -1//2, 0, 1//2],
	[20, 19, 16, 21, 21, 1, 1, 18, 1, 1] => QQFieldElem[1//4, 0, -1//4, 0],
	[20, 19, 16, 21, 13, 2, 1, 17, 2, 1] => QQFieldElem[5//22, -1//11, 9//44, 1//11],
	[20, 19, 16, 21, 15, 1, 1, 11, 1, 1] => QQFieldElem[0, 0, 0, 1//2],
	[20, 19, 16, 21, 10, 1, 1, 20, 2, 2] => QQFieldElem[0, 1, 0, 0],
	[20, 19, 16, 21, 22, 2, 1, 17, 1, 1] => QQFieldElem[-13//22, 25//22, -15//22, 4//11],
	[20, 19, 16, 21, 21, 1, 1, 17, 1, 1] => QQFieldElem[3//11, 15//44, -9//44, 7//44],
	[20, 19, 16, 21, 13, 2, 1, 20, 1, 2] => QQFieldElem[0, 0, 2, 2],
	[20, 19, 16, 21, 16, 1, 1, 20, 2, 1] => QQFieldElem[3//2, 1, 2, 1],
	[20, 19, 16, 21, 21, 2, 1, 20, 2, 1] => QQFieldElem[0, 0, -1, -1],
	[20, 19, 16, 21, 9, 1, 1, 20, 1, 1] => QQFieldElem[2//5, 4//5, 6//5, -2//5],
	[20, 19, 16, 21, 14, 1, 1, 18, 1, 1] => QQFieldElem[5, 3, 4, 3],
	[20, 19, 16, 21, 16, 2, 1, 18, 1, 1] => QQFieldElem[0, 2, 0, 2],
	[20, 19, 16, 21, 22, 2, 1, 18, 2, 1] => QQFieldElem[1//2, 0, -1, 1//2],
	[20, 19, 16, 21, 21, 1, 1, 18, 2, 1] => QQFieldElem[8, 2, 2, 8],
	[20, 19, 16, 21, 14, 1, 1, 17, 1, 1] => QQFieldElem[6//11, -7//22, 12//11, -2//11],
	[20, 19, 16, 21, 16, 2, 1, 17, 1, 1] => QQFieldElem[0, -2, 2, -2],
	[20, 19, 16, 21, 22, 2, 1, 17, 2, 1] => QQFieldElem[7//22, -5//22, 7//11, -3//11],
	[20, 19, 16, 21, 21, 1, 1, 17, 2, 1] => QQFieldElem[-10//11, -18//11, 24//11, -26//11],
	[20, 19, 16, 21, 13, 2, 1, 20, 2, 2] => QQFieldElem[3//2, -1//2, 2, 3//2],
	[20, 19, 16, 21, 15, 1, 1, 19, 1, 1] => QQFieldElem[3, 0, 2, 5//2],
	[20, 19, 16, 21, 9, 1, 1, 20, 2, 1] => QQFieldElem[4//5, 8//5, 12//5, 16//5],
	[20, 19, 16, 21, 14, 1, 1, 18, 2, 1] => QQFieldElem[-1, 1//2, 0, 1//2],
	[20, 19, 16, 21, 16, 2, 1, 18, 2, 1] => QQFieldElem[3//2, -1//2, 3//2, 1//2],
	[20, 19, 16, 21, 22, 2, 1, 20, 1, 2] => QQFieldElem[-1//2, 0, -1, -1//2],
	[20, 19, 16, 21, 21, 1, 1, 20, 1, 2] => QQFieldElem[-3//5, -1//5, -4//5, -2//5],
	[20, 19, 16, 21, 14, 1, 1, 17, 2, 1] => QQFieldElem[1//11, 4//11, -3//44, 17//44],
	[20, 19, 16, 21, 16, 2, 1, 17, 2, 1] => QQFieldElem[12//11, -7//11, 37//22, 3//22],
	[20, 19, 16, 21, 15, 1, 1, 19, 2, 1] => QQFieldElem[-1, 1//4, -3//4, -1//4],
	[20, 19, 16, 21, 14, 1, 1, 20, 1, 2] => QQFieldElem[8, 4, 4, 4],
	[20, 19, 16, 21, 16, 2, 1, 20, 1, 2] => QQFieldElem[3//5, 1//5, 4//5, 2//5],
	[20, 19, 16, 21, 22, 2, 1, 20, 2, 2] => QQFieldElem[-1//2, -1, -1//2, 0],
	[20, 19, 16, 21, 21, 1, 1, 20, 2, 2] => QQFieldElem[-3//4, -1//4, -1//2, -1//2],
	[20, 19, 16, 21, 14, 1, 1, 20, 2, 2] => QQFieldElem[3//2, 1, 1, 3//2],
	[20, 19, 16, 21, 16, 2, 1, 20, 2, 2] => QQFieldElem[0, 1, 0, 0],
	[20, 19, 16, 21, 15, 1, 1, 18, 1, 1] => QQFieldElem[1, 0, -3, -3],
	[20, 19, 16, 21, 13, 1, 1, 11, 1, 1] => QQFieldElem[-7//4, -2, 1//4, -11//4],
	[20, 19, 16, 21, 15, 1, 1, 17, 1, 1] => QQFieldElem[-6//11, -2//11, -1//11, -7//22],
	[20, 19, 16, 21, 10, 1, 1, 12, 1, 1] => QQFieldElem[2, 2, 0, 4],
	[20, 19, 16, 21, 15, 1, 1, 18, 2, 1] => QQFieldElem[1//2, 0, 0, -1//2],
	[20, 19, 16, 21, 22, 1, 1, 11, 1, 1] => QQFieldElem[4, -1, 5, 2],
	[20, 19, 16, 21, 15, 1, 1, 17, 2, 1] => QQFieldElem[2//11, -1//44, 5//44, 1//44],
	[20, 19, 16, 21, 13, 1, 1, 19, 1, 1] => QQFieldElem[1//2, 1//8, 1//4, 3//8],
	[20, 19, 16, 21, 15, 1, 1, 20, 1, 2] => QQFieldElem[8, 11, 9, -3],
	[20, 19, 16, 21, 10, 1, 1, 20, 1, 1] => QQFieldElem[1//2, 0, 0, 1],
	[20, 19, 16, 21, 13, 2, 1, 12, 1, 1] => QQFieldElem[-1//2, 1, -1, 1],
	[20, 19, 16, 21, 16, 1, 1, 11, 1, 1] => QQFieldElem[6, 6, 0, 8],
	[20, 19, 16, 21, 21, 2, 1, 11, 1, 1] => QQFieldElem[1//2, 1//2, 1//2, 1],
	[20, 19, 16, 21, 13, 1, 1, 19, 2, 1] => QQFieldElem[0, 2, -1, 2])