Dict(
	[20, 18, 20, 11, 19, 1, 1, 20, 1, 1] => QQFieldElem[-4//5, 2//5, -2//5, -6//5],
	[20, 18, 20, 11, 17, 1, 1, 19, 1, 1] => QQFieldElem[0, 0, 0, 0],
	[20, 18, 20, 11, 17, 1, 1, 12, 1, 1] => QQFieldElem[0, -1, 1, -1],
	[20, 18, 20, 11, 18, 1, 1, 18, 1, 1] => QQFieldElem[1//2, 0, 1//2, 1//2],
	[20, 18, 20, 11, 19, 1, 2, 18, 1, 1] => QQFieldElem[0, 1, 1, 0],
	[20, 18, 20, 11, 19, 1, 1, 18, 1, 1] => QQFieldElem[0, 0, 0, 0],
	[20, 18, 20, 11, 18, 1, 1, 17, 1, 1] => QQFieldElem[1//2, 0, 1//2, 1//2],
	[20, 18, 20, 11, 19, 1, 2, 17, 1, 1] => QQFieldElem[0, 1, 1, 0],
	[20, 18, 20, 11, 20, 1, 1, 19, 1, 1] => QQFieldElem[-1, -1, 0, -1],
	[20, 18, 20, 11, 19, 1, 1, 17, 1, 1] => QQFieldElem[0, 0, 0, 0],
	[20, 18, 20, 11, 20, 1, 1, 12, 1, 1] => QQFieldElem[0, 0, 0, 0],
	[20, 18, 20, 11, 17, 1, 1, 19, 2, 1] => QQFieldElem[0, 0, 0, 0],
	[20, 18, 20, 11, 12, 1, 1, 12, 1, 1] => QQFieldElem[0, 0, 0, 0],
	[20, 18, 20, 11, 12, 1, 1, 19, 1, 1] => QQFieldElem[-4//5, -8//5, 8//5, -16//5],
	[20, 18, 20, 11, 17, 1, 1, 20, 1, 1] => QQFieldElem[-14//5, -6//5, -6//5, -14//5],
	[20, 18, 20, 11, 20, 1, 1, 19, 2, 1] => QQFieldElem[1//4, -1//2, 1//4, 0],
	[20, 18, 20, 11, 12, 1, 1, 19, 2, 1] => QQFieldElem[0, 0, 0, 0],
	[20, 18, 20, 11, 20, 1, 1, 20, 1, 1] => QQFieldElem[0, 0, 0, 0],
	[20, 18, 20, 11, 12, 1, 1, 20, 1, 1] => QQFieldElem[0, 0, 0, 0],
	[20, 18, 20, 11, 17, 1, 1, 18, 1, 1] => QQFieldElem[1//2, 0, 1//2, 1//2],
	[20, 18, 20, 11, 18, 1, 1, 19, 1, 1] => QQFieldElem[0, 0, 0, 0],
	[20, 18, 20, 11, 18, 1, 1, 12, 1, 1] => QQFieldElem[0, 1, -1, 1],
	[20, 18, 20, 11, 17, 1, 1, 17, 1, 1] => QQFieldElem[1//2, 0, 1//2, 1//2],
	[20, 18, 20, 11, 19, 1, 2, 12, 1, 1] => QQFieldElem[0, 0, 0, 0],
	[20, 18, 20, 11, 19, 1, 1, 19, 1, 1] => QQFieldElem[-4, -2, -2, -4],
	[20, 18, 20, 11, 19, 1, 1, 12, 1, 1] => QQFieldElem[0, 0, 1, -1],
	[20, 18, 20, 11, 19, 1, 2, 19, 1, 1] => QQFieldElem[1, 1//2, 1//2, 1],
	[20, 18, 20, 11, 20, 1, 1, 18, 1, 1] => QQFieldElem[1//4, 3//4, 1//4, 0],
	[20, 18, 20, 11, 12, 1, 1, 18, 1, 1] => QQFieldElem[0, -2, -2, 0],
	[20, 18, 20, 11, 20, 1, 1, 17, 1, 1] => QQFieldElem[-1//4, -3//4, -1//4, 0],
	[20, 18, 20, 11, 12, 1, 1, 17, 1, 1] => QQFieldElem[0, 2, 2, 0],
	[20, 18, 20, 11, 18, 1, 1, 19, 2, 1] => QQFieldElem[1, 1//2, 1//2, 1//2],
	[20, 18, 20, 11, 19, 1, 2, 19, 2, 1] => QQFieldElem[0, 0, 0, 0],
	[20, 18, 20, 11, 19, 1, 1, 19, 2, 1] => QQFieldElem[1, 1//2, 1//2, 1],
	[20, 18, 20, 11, 18, 1, 1, 20, 1, 1] => QQFieldElem[14//5, 6//5, 6//5, 14//5],
	[20, 18, 20, 11, 19, 1, 2, 20, 1, 1] => QQFieldElem[0, 0, 0, 0])