Dict(
	[20, 12, 13, 15, 21, 1, 1, 19, 1, 1] => QQFieldElem[1//4, 0, 0, 0],
	[20, 12, 13, 15, 15, 1, 1, 20, 1, 1] => QQFieldElem[1//4, 0, 1//4, 1//4],
	[20, 12, 13, 15, 14, 1, 1, 19, 1, 1] => QQFieldElem[0, -1//4, -1//4, 0],
	[20, 12, 13, 15, 22, 1, 1, 20, 1, 1] => QQFieldElem[1//4, 1//2, 1//4, 1//4],
	[20, 12, 13, 15, 15, 1, 1, 18, 1, 1] => QQFieldElem[-9//44, -1//22, -5//44, -5//22],
	[20, 12, 13, 15, 21, 1, 1, 20, 1, 1] => QQFieldElem[-1//4, 0, 0, 0],
	[20, 12, 13, 15, 22, 1, 1, 18, 1, 1] => QQFieldElem[1//44, 5//22, 3//44, 3//22],
	[20, 12, 13, 15, 14, 1, 1, 20, 1, 1] => QQFieldElem[0, -1//4, -1//4, 0],
	[20, 12, 13, 15, 21, 1, 1, 18, 1, 1] => QQFieldElem[9//44, 1//22, 5//44, 5//22],
	[20, 12, 13, 15, 15, 1, 1, 11, 1, 1] => QQFieldElem[1//4, 0, 1//4, 0],
	[20, 12, 13, 15, 22, 1, 1, 11, 1, 1] => QQFieldElem[1//4, 0, -1//4, 0],
	[20, 12, 13, 15, 14, 1, 1, 18, 1, 1] => QQFieldElem[5//44, 3//22, 1//11, 2//11],
	[20, 12, 13, 15, 21, 1, 1, 11, 1, 1] => QQFieldElem[-1//4, 0, -1//4, 0],
	[20, 12, 13, 15, 15, 1, 1, 19, 1, 1] => QQFieldElem[-1//4, 0, -1//4, -1//4],
	[20, 12, 13, 15, 14, 1, 1, 11, 1, 1] => QQFieldElem[1//4, 0, 0, 0],
	[20, 12, 13, 15, 22, 1, 1, 19, 1, 1] => QQFieldElem[1//4, 1//2, 1//4, 1//4])