Dict(
	[20, 18, 15, 21, 22, 2, 1, 19, 1, 1] => QQFieldElem[0, 0, 0, 0],
	[20, 18, 15, 21, 10, 1, 1, 17, 1, 1] => QQFieldElem[-10//11, 4//11, -9//11, -4//11],
	[20, 18, 15, 21, 21, 1, 1, 19, 1, 1] => QQFieldElem[1, 1, 1//2, 3//2],
	[20, 18, 15, 21, 21, 2, 1, 12, 1, 1] => QQFieldElem[0, 0, 0, 0],
	[20, 18, 15, 21, 14, 1, 1, 19, 1, 1] => QQFieldElem[0, 0, 0, 0],
	[20, 18, 15, 21, 13, 2, 1, 18, 1, 1] => QQFieldElem[4, 1//2, 5//2, 3],
	[20, 18, 15, 21, 13, 1, 1, 19, 1, 2] => QQFieldElem[0, 0, -1//2, 1//2],
	[20, 18, 15, 21, 22, 2, 1, 19, 2, 1] => QQFieldElem[-34//11, -50//11, -42//11, -24//11],
	[20, 18, 15, 21, 21, 1, 1, 19, 2, 1] => QQFieldElem[-3, -1, 1, 3],
	[20, 18, 15, 21, 22, 1, 1, 20, 1, 1] => QQFieldElem[-19//55, 7//55, -17//55, -16//55],
	[20, 18, 15, 21, 13, 2, 1, 17, 1, 1] => QQFieldElem[63//22, -6//11, 49//22, 23//22],
	[20, 18, 15, 21, 14, 1, 1, 19, 2, 1] => QQFieldElem[-2, 2, 6, 4],
	[20, 18, 15, 21, 13, 1, 1, 19, 2, 2] => QQFieldElem[-16//5, -12//5, -8//5, -4//5],
	[20, 18, 15, 21, 21, 2, 1, 20, 1, 1] => QQFieldElem[14//11, 18//11, 38//11, 6//11],
	[20, 18, 15, 21, 22, 2, 1, 18, 1, 1] => QQFieldElem[1, 0, 1//2, 1//2],
	[20, 18, 15, 21, 22, 1, 1, 19, 1, 2] => QQFieldElem[-2//11, -12//11, -18//11, -4//11],
	[20, 18, 15, 21, 15, 1, 1, 11, 1, 1] => QQFieldElem[-2, 1, -1, 2],
	[20, 18, 15, 21, 21, 1, 1, 18, 1, 1] => QQFieldElem[0, -1, 0, 0],
	[20, 18, 15, 21, 22, 2, 1, 17, 1, 1] => QQFieldElem[8//11, -13//22, 5//11, 1//11],
	[20, 18, 15, 21, 21, 1, 1, 17, 1, 1] => QQFieldElem[1//11, -3//22, 2//11, -4//11],
	[20, 18, 15, 21, 14, 1, 1, 18, 1, 1] => QQFieldElem[-1//5, 1//10, -1//10, 1//5],
	[20, 18, 15, 21, 21, 2, 1, 19, 1, 2] => QQFieldElem[-1, -1, -1, 0],
	[20, 18, 15, 21, 14, 1, 1, 17, 1, 1] => QQFieldElem[1//22, 2//11, -9//22, 7//22],
	[20, 18, 15, 21, 22, 1, 1, 19, 2, 2] => QQFieldElem[-4//55, 42//55, 8//55, 14//55],
	[20, 18, 15, 21, 15, 1, 1, 19, 1, 1] => QQFieldElem[-8//5, -6//5, -4//5, -2//5],
	[20, 18, 15, 21, 21, 2, 1, 19, 2, 2] => QQFieldElem[32//55, -6//55, 46//55, -2//55],
	[20, 18, 15, 21, 15, 1, 1, 19, 2, 1] => QQFieldElem[0, 0, 0, 0],
	[20, 18, 15, 21, 15, 1, 1, 18, 1, 1] => QQFieldElem[-1, 0, -1, 2],
	[20, 18, 15, 21, 13, 1, 1, 11, 1, 1] => QQFieldElem[-4, -2, -2, -4],
	[20, 18, 15, 21, 15, 1, 1, 17, 1, 1] => QQFieldElem[14//11, 23//11, 17//11, 21//11],
	[20, 18, 15, 21, 10, 1, 1, 12, 1, 1] => QQFieldElem[-16//55, 13//55, -31//110, 7//110],
	[20, 18, 15, 21, 22, 1, 1, 11, 1, 1] => QQFieldElem[-1, 0, 0, -1],
	[20, 18, 15, 21, 13, 1, 1, 19, 1, 1] => QQFieldElem[-3, -4, -3, 0],
	[20, 18, 15, 21, 13, 2, 1, 12, 1, 1] => QQFieldElem[13//55, -14//55, 71//220, -8//55],
	[20, 18, 15, 21, 10, 1, 1, 20, 1, 1] => QQFieldElem[-43//55, -16//55, -24//55, -42//55],
	[20, 18, 15, 21, 21, 2, 1, 11, 1, 1] => QQFieldElem[4, 0, 4, 2],
	[20, 18, 15, 21, 13, 1, 1, 19, 2, 1] => QQFieldElem[2, 4, 2, 2],
	[20, 18, 15, 21, 22, 1, 1, 19, 1, 1] => QQFieldElem[-8//55, 84//55, 16//55, 28//55],
	[20, 18, 15, 21, 22, 2, 1, 12, 1, 1] => QQFieldElem[1//44, -7//44, 1//22, -1//11],
	[20, 18, 15, 21, 13, 2, 1, 20, 1, 1] => QQFieldElem[2, 0, 3//2, 3//2],
	[20, 18, 15, 21, 21, 1, 1, 12, 1, 1] => QQFieldElem[-1//11, -5//44, 3//44, -3//22],
	[20, 18, 15, 21, 10, 1, 1, 19, 1, 2] => QQFieldElem[0, 1//2, -1//2, 1],
	[20, 18, 15, 21, 13, 1, 1, 18, 1, 1] => QQFieldElem[-12//5, -4//5, -6//5, -8//5],
	[20, 18, 15, 21, 21, 2, 1, 19, 1, 1] => QQFieldElem[1, 0, 1//2, 1//2],
	[20, 18, 15, 21, 22, 1, 1, 19, 2, 1] => QQFieldElem[0, 0, 0, 0],
	[20, 18, 15, 21, 14, 1, 1, 12, 1, 1] => QQFieldElem[3//55, 1//55, -9//220, 9//110],
	[20, 18, 15, 21, 13, 1, 1, 17, 1, 1] => QQFieldElem[-2, 0, -2, -2],
	[20, 18, 15, 21, 10, 1, 1, 19, 2, 2] => QQFieldElem[1, 1//2, 1//2, 1],
	[20, 18, 15, 21, 13, 2, 1, 19, 1, 2] => QQFieldElem[4//5, -2//5, 2//5, 6//5],
	[20, 18, 15, 21, 22, 2, 1, 20, 1, 1] => QQFieldElem[13//22, 1//22, 7//22, 2//11],
	[20, 18, 15, 21, 21, 2, 1, 19, 2, 1] => QQFieldElem[0, 0, 0, 0],
	[20, 18, 15, 21, 21, 1, 1, 20, 1, 1] => QQFieldElem[2//11, 1//11, 7//11, 4//11],
	[20, 18, 15, 21, 22, 1, 1, 18, 1, 1] => QQFieldElem[-6//5, -2//5, -3//5, -4//5],
	[20, 18, 15, 21, 14, 1, 1, 20, 1, 1] => QQFieldElem[-2//11, -1//11, -3//22, 3//22],
	[20, 18, 15, 21, 22, 1, 1, 17, 1, 1] => QQFieldElem[-1, 0, 0, 0],
	[20, 18, 15, 21, 13, 2, 1, 19, 2, 2] => QQFieldElem[0, 0, 0, 0],
	[20, 18, 15, 21, 22, 2, 1, 19, 1, 2] => QQFieldElem[-48//11, -24//11, 52//11, 36//11],
	[20, 18, 15, 21, 21, 2, 1, 18, 1, 1] => QQFieldElem[2, -4, -2, -2],
	[20, 18, 15, 21, 21, 1, 1, 19, 1, 2] => QQFieldElem[-2, -2, 2, 2],
	[20, 18, 15, 21, 21, 2, 1, 17, 1, 1] => QQFieldElem[0, -2, 2, 0],
	[20, 18, 15, 21, 14, 1, 1, 19, 1, 2] => QQFieldElem[0, 0, 0, 0],
	[20, 18, 15, 21, 22, 2, 1, 19, 2, 2] => QQFieldElem[0, 0, 0, 0],
	[20, 18, 15, 21, 15, 1, 1, 12, 1, 1] => QQFieldElem[5//22, -1//11, -1//22, 13//22],
	[20, 18, 15, 21, 21, 1, 1, 19, 2, 2] => QQFieldElem[1//2, 1//2, 1//2, 1],
	[20, 18, 15, 21, 14, 1, 1, 19, 2, 2] => QQFieldElem[0, 0, 4, 4],
	[20, 18, 15, 21, 10, 1, 1, 11, 1, 1] => QQFieldElem[-3, -1, -1, -3],
	[20, 18, 15, 21, 15, 1, 1, 20, 1, 1] => QQFieldElem[1//11, 17//11, 9//11, 13//11],
	[20, 18, 15, 21, 15, 1, 1, 19, 1, 2] => QQFieldElem[-1, -2, 0, -2],
	[20, 18, 15, 21, 10, 1, 1, 19, 1, 1] => QQFieldElem[0, -1, 0, -1],
	[20, 18, 15, 21, 13, 2, 1, 11, 1, 1] => QQFieldElem[11//2, 3//2, 5//2, 5],
	[20, 18, 15, 21, 15, 1, 1, 19, 2, 2] => QQFieldElem[-2, -2, -2, 0],
	[20, 18, 15, 21, 10, 1, 1, 19, 2, 1] => QQFieldElem[0, 0, 2, 0],
	[20, 18, 15, 21, 13, 1, 1, 12, 1, 1] => QQFieldElem[0, 0, 0, 0],
	[20, 18, 15, 21, 22, 2, 1, 11, 1, 1] => QQFieldElem[2, 1//2, 1, 3//2],
	[20, 18, 15, 21, 13, 2, 1, 19, 1, 1] => QQFieldElem[0, 0, 0, 0],
	[20, 18, 15, 21, 21, 1, 1, 11, 1, 1] => QQFieldElem[1, 0, 1, 1//2],
	[20, 18, 15, 21, 14, 1, 1, 11, 1, 1] => QQFieldElem[-1//2, 1//2, -1//2, 0],
	[20, 18, 15, 21, 10, 1, 1, 18, 1, 1] => QQFieldElem[-8//5, -1//5, -4//5, -7//5],
	[20, 18, 15, 21, 22, 1, 1, 12, 1, 1] => QQFieldElem[0, 0, 0, 0],
	[20, 18, 15, 21, 13, 1, 1, 20, 1, 1] => QQFieldElem[-38//55, 14//55, -34//55, -32//55],
	[20, 18, 15, 21, 13, 2, 1, 19, 2, 1] => QQFieldElem[0, 0, 1, 0])