Dict(
	[20, 21, 14, 19, 18, 1, 1, 13, 2, 1] => QQFieldElem[1, 0, 1, 1],
	[20, 21, 14, 19, 19, 2, 1, 21, 2, 2] => QQFieldElem[0, 1//10, -1//5, 1//10],
	[20, 21, 14, 19, 19, 2, 1, 22, 2, 2] => QQFieldElem[2//5, 4//5, 1//5, 3//5],
	[20, 21, 14, 19, 20, 2, 1, 16, 2, 1] => QQFieldElem[0, -1//2, 1//2, -1//2],
	[20, 21, 14, 19, 18, 2, 1, 21, 1, 1] => QQFieldElem[7//22, 19//44, -1//22, 29//44],
	[20, 21, 14, 19, 17, 2, 1, 21, 1, 2] => QQFieldElem[-5//11, -1//22, -4//11, -5//22],
	[20, 21, 14, 19, 18, 2, 1, 22, 1, 1] => QQFieldElem[1, 1, 0, 1],
	[20, 21, 14, 19, 19, 1, 1, 16, 1, 1] => QQFieldElem[1//2, 1//4, 0, 1//2],
	[20, 21, 14, 19, 11, 1, 1, 16, 1, 1] => QQFieldElem[7//2, -1//2, 3, 3//2],
	[20, 21, 14, 19, 17, 2, 1, 22, 1, 2] => QQFieldElem[3//5, 1//5, -1//5, 2//5],
	[20, 21, 14, 19, 19, 2, 2, 16, 1, 1] => QQFieldElem[0, 1//2, 0, 1//2],
	[20, 21, 14, 19, 18, 2, 1, 21, 2, 1] => QQFieldElem[7//11, -3//22, 9//22, 7//22],
	[20, 21, 14, 19, 17, 2, 1, 21, 2, 2] => QQFieldElem[-5//11, -1//22, -4//11, -5//22],
	[20, 21, 14, 19, 18, 2, 1, 22, 2, 1] => QQFieldElem[-1//5, -2//5, 2//5, 1//5],
	[20, 21, 14, 19, 19, 1, 1, 16, 2, 1] => QQFieldElem[-3//2, 1//2, -3//2, 0],
	[20, 21, 14, 19, 11, 1, 1, 16, 2, 1] => QQFieldElem[2, 1, 0, 2],
	[20, 21, 14, 19, 20, 2, 1, 13, 1, 1] => QQFieldElem[2, 0, 3//2, 3//2],
	[20, 21, 14, 19, 19, 2, 2, 16, 2, 1] => QQFieldElem[0, -1//2, 1//2, -1//2],
	[20, 21, 14, 19, 17, 2, 1, 22, 2, 2] => QQFieldElem[3//5, 1//5, -1//5, 2//5],
	[20, 21, 14, 19, 17, 1, 1, 16, 1, 1] => QQFieldElem[21, -8, 18, 4],
	[20, 21, 14, 19, 18, 1, 1, 21, 1, 2] => QQFieldElem[23//22, 21//22, 3//22, 14//11],
	[20, 21, 14, 19, 20, 1, 1, 21, 1, 1] => QQFieldElem[0, -1//2, 0, -1//2],
	[20, 21, 14, 19, 12, 1, 1, 21, 1, 1] => QQFieldElem[12//11, -45//11, 47//11, -49//11],
	[20, 21, 14, 19, 18, 1, 1, 22, 1, 2] => QQFieldElem[-6, -3, -1, -7],
	[20, 21, 14, 19, 20, 2, 1, 13, 2, 1] => QQFieldElem[0, 1, 0, 1],
	[20, 21, 14, 19, 20, 1, 1, 22, 1, 1] => QQFieldElem[6, -2, 5, 1],
	[20, 21, 14, 19, 12, 1, 1, 22, 1, 1] => QQFieldElem[1//4, -1//4, 1//4, -1//4],
	[20, 21, 14, 19, 19, 1, 1, 13, 1, 1] => QQFieldElem[-1, 0, -1//2, -1],
	[20, 21, 14, 19, 18, 1, 1, 21, 2, 2] => QQFieldElem[-12//11, 1//11, -14//11, -6//11],
	[20, 21, 14, 19, 17, 1, 1, 16, 2, 1] => QQFieldElem[-14, -14, 0, -22],
	[20, 21, 14, 19, 11, 1, 1, 13, 1, 1] => QQFieldElem[1//4, -1//4, 0, 0],
	[20, 21, 14, 19, 19, 2, 2, 13, 1, 1] => QQFieldElem[0, 0, 0, 0],
	[20, 21, 14, 19, 12, 1, 1, 21, 2, 1] => QQFieldElem[-8//11, 8//11, -13//11, 7//11],
	[20, 21, 14, 19, 18, 1, 1, 22, 2, 2] => QQFieldElem[4, -2, 4, 0],
	[20, 21, 14, 19, 20, 1, 1, 21, 2, 1] => QQFieldElem[2//5, 4//5, 1//5, 3//5],
	[20, 21, 14, 19, 20, 1, 1, 22, 2, 1] => QQFieldElem[-4, -4, 0, -6],
	[20, 21, 14, 19, 12, 1, 1, 22, 2, 1] => QQFieldElem[-1//8, 0, 0, 0],
	[20, 21, 14, 19, 19, 1, 1, 13, 2, 1] => QQFieldElem[-7, 1, -6, -3],
	[20, 21, 14, 19, 11, 1, 1, 13, 2, 1] => QQFieldElem[1//2, 0, 1//2, 1//2],
	[20, 21, 14, 19, 19, 1, 2, 21, 1, 1] => QQFieldElem[1//40, 1//20, 1//80, 3//80],
	[20, 21, 14, 19, 19, 2, 2, 13, 2, 1] => QQFieldElem[0, -1, 0, -1],
	[20, 21, 14, 19, 19, 1, 2, 22, 1, 1] => QQFieldElem[-1//4, -1//8, -1//8, -1//4],
	[20, 21, 14, 19, 19, 2, 1, 21, 1, 1] => QQFieldElem[0, -1//40, 1//20, -1//40],
	[20, 21, 14, 19, 17, 1, 1, 13, 1, 1] => QQFieldElem[-1, 1//2, -1//2, 1],
	[20, 21, 14, 19, 18, 2, 1, 16, 1, 1] => QQFieldElem[0, 0, 0, 0],
	[20, 21, 14, 19, 19, 2, 1, 22, 1, 1] => QQFieldElem[1//20, 1//10, -1//10, 1//5],
	[20, 21, 14, 19, 19, 1, 2, 21, 2, 1] => QQFieldElem[-1//20, -1//10, 1//10, -1//5],
	[20, 21, 14, 19, 20, 2, 1, 21, 1, 2] => QQFieldElem[-2//5, -1//20, 1//20, -7//20],
	[20, 21, 14, 19, 19, 1, 2, 22, 2, 1] => QQFieldElem[1//2, 1, -1//2, 3//2],
	[20, 21, 14, 19, 19, 2, 1, 21, 2, 1] => QQFieldElem[-3//80, -1//80, 1//80, -1//40],
	[20, 21, 14, 19, 17, 1, 1, 13, 2, 1] => QQFieldElem[3, 0, 1, 1],
	[20, 21, 14, 19, 18, 2, 1, 16, 2, 1] => QQFieldElem[0, 0, 0, 0],
	[20, 21, 14, 19, 20, 2, 1, 22, 1, 2] => QQFieldElem[-2, 0, -3//2, -1],
	[20, 21, 14, 19, 19, 2, 1, 22, 2, 1] => QQFieldElem[1//4, 0, 1//8, 1//8],
	[20, 21, 14, 19, 20, 2, 1, 21, 2, 2] => QQFieldElem[1//5, 0, 2//5, -1//10],
	[20, 21, 14, 19, 17, 2, 1, 21, 1, 1] => QQFieldElem[-8//11, 8//11, -13//11, 7//11],
	[20, 21, 14, 19, 20, 2, 1, 22, 2, 2] => QQFieldElem[-3//5, -6//5, 1//5, -7//5],
	[20, 21, 14, 19, 17, 2, 1, 22, 1, 1] => QQFieldElem[1//8, 0, 0, 0],
	[20, 21, 14, 19, 19, 1, 1, 21, 1, 2] => QQFieldElem[1//40, 1//20, -1//20, -1//40],
	[20, 21, 14, 19, 11, 1, 1, 21, 1, 2] => QQFieldElem[15//22, -2//11, 6//11, 1//11],
	[20, 21, 14, 19, 19, 2, 2, 21, 1, 2] => QQFieldElem[0, 1//40, -1//20, 1//40],
	[20, 21, 14, 19, 20, 1, 1, 16, 1, 1] => QQFieldElem[-5//2, -3//2, -1//2, -3],
	[20, 21, 14, 19, 11, 1, 1, 22, 1, 2] => QQFieldElem[1//8, 1//8, 1//8, 1//8],
	[20, 21, 14, 19, 17, 2, 1, 21, 2, 1] => QQFieldElem[-84//55, -48//55, -32//55, -86//55],
	[20, 21, 14, 19, 19, 1, 1, 22, 1, 2] => QQFieldElem[3//4, 0, 1//2, 1//2],
	[20, 21, 14, 19, 19, 2, 2, 22, 1, 2] => QQFieldElem[-1//20, -1//10, 1//10, -1//5],
	[20, 21, 14, 19, 18, 2, 1, 13, 1, 1] => QQFieldElem[-1//4, 0, 0, 1//4],
	[20, 21, 14, 19, 12, 1, 1, 16, 1, 1] => QQFieldElem[7//2, -1//2, 3, 3//2],
	[20, 21, 14, 19, 17, 2, 1, 22, 2, 1] => QQFieldElem[3//20, 1//20, -1//20, 1//10],
	[20, 21, 14, 19, 19, 1, 1, 21, 2, 2] => QQFieldElem[1//10, 1//5, 1//20, 3//20],
	[20, 21, 14, 19, 11, 1, 1, 21, 2, 2] => QQFieldElem[-19//55, -3//55, -2//55, -26//55],
	[20, 21, 14, 19, 19, 2, 2, 21, 2, 2] => QQFieldElem[0, 1//10, -1//5, 1//10],
	[20, 21, 14, 19, 20, 1, 1, 16, 2, 1] => QQFieldElem[2, -1, 2, 0],
	[20, 21, 14, 19, 11, 1, 1, 22, 2, 2] => QQFieldElem[-3//20, -1//20, 1//20, -1//10],
	[20, 21, 14, 19, 18, 1, 1, 21, 1, 1] => QQFieldElem[-51//22, -59//22, 1//22, -43//11],
	[20, 21, 14, 19, 19, 1, 1, 22, 2, 2] => QQFieldElem[1, 0, 1//2, 1],
	[20, 21, 14, 19, 19, 2, 2, 22, 2, 2] => QQFieldElem[-2//5, -4//5, -1//5, -3//5],
	[20, 21, 14, 19, 18, 2, 1, 13, 2, 1] => QQFieldElem[-1//2, 0, 0, 0],
	[20, 21, 14, 19, 12, 1, 1, 16, 2, 1] => QQFieldElem[-2, -1, 0, -2],
	[20, 21, 14, 19, 18, 1, 1, 22, 1, 1] => QQFieldElem[-8, -5, -3, -9],
	[20, 21, 14, 19, 17, 1, 1, 21, 1, 2] => QQFieldElem[-1//22, 13//44, -3//22, 5//22],
	[20, 21, 14, 19, 17, 1, 1, 22, 1, 2] => QQFieldElem[0, 0, 1//2, -1//2],
	[20, 21, 14, 19, 19, 1, 2, 16, 1, 1] => QQFieldElem[-1//2, -1//4, 0, -1//2],
	[20, 21, 14, 19, 18, 1, 1, 21, 2, 1] => QQFieldElem[-40//11, 7//11, -32//11, -20//11],
	[20, 21, 14, 19, 19, 2, 1, 16, 1, 1] => QQFieldElem[0, 1//2, 0, 1//2],
	[20, 21, 14, 19, 18, 1, 1, 22, 2, 1] => QQFieldElem[0, 2, 0, 0],
	[20, 21, 14, 19, 17, 1, 1, 21, 2, 2] => QQFieldElem[1//22, -13//44, 3//22, -5//22],
	[20, 21, 14, 19, 20, 1, 1, 13, 1, 1] => QQFieldElem[1, 1, 0, 3],
	[20, 21, 14, 19, 12, 1, 1, 13, 1, 1] => QQFieldElem[-1//4, 1//4, 0, 0],
	[20, 21, 14, 19, 19, 1, 2, 16, 2, 1] => QQFieldElem[2, 1, 0, 2],
	[20, 21, 14, 19, 17, 1, 1, 22, 2, 2] => QQFieldElem[-1, -1, -1//2, -3//2],
	[20, 21, 14, 19, 19, 2, 1, 16, 2, 1] => QQFieldElem[1, 1//4, 1//2, 3//4],
	[20, 21, 14, 19, 20, 1, 1, 13, 2, 1] => QQFieldElem[-2, 0, 0, 0],
	[20, 21, 14, 19, 12, 1, 1, 13, 2, 1] => QQFieldElem[1//2, 0, 1//2, 1//2],
	[20, 21, 14, 19, 17, 2, 1, 16, 1, 1] => QQFieldElem[0, 0, 0, 0],
	[20, 21, 14, 19, 18, 2, 1, 21, 1, 2] => QQFieldElem[-7//22, -19//44, 1//22, -29//44],
	[20, 21, 14, 19, 20, 2, 1, 21, 1, 1] => QQFieldElem[-1//10, 1//20, -1//20, -3//20],
	[20, 21, 14, 19, 18, 2, 1, 22, 1, 2] => QQFieldElem[0, 1, 0, 1],
	[20, 21, 14, 19, 19, 1, 2, 13, 1, 1] => QQFieldElem[-1, 0, -1//2, -1],
	[20, 21, 14, 19, 20, 2, 1, 22, 1, 1] => QQFieldElem[-2, 0, -3//2, -1],
	[20, 21, 14, 19, 17, 2, 1, 16, 2, 1] => QQFieldElem[0, 0, 0, 0],
	[20, 21, 14, 19, 18, 2, 1, 21, 2, 2] => QQFieldElem[7//11, -3//22, 9//22, 7//22],
	[20, 21, 14, 19, 19, 2, 1, 13, 1, 1] => QQFieldElem[0, 0, 0, 0],
	[20, 21, 14, 19, 20, 2, 1, 21, 2, 1] => QQFieldElem[-1//5, -1//5, 0, -1//10],
	[20, 21, 14, 19, 18, 2, 1, 22, 2, 2] => QQFieldElem[-1, 0, 0, -1],
	[20, 21, 14, 19, 19, 1, 2, 13, 2, 1] => QQFieldElem[2, 4, 0, 4],
	[20, 21, 14, 19, 20, 2, 1, 22, 2, 1] => QQFieldElem[3//5, 6//5, -1//5, 7//5],
	[20, 21, 14, 19, 19, 1, 1, 21, 1, 1] => QQFieldElem[-1//40, -1//20, -1//80, -3//80],
	[20, 21, 14, 19, 11, 1, 1, 21, 1, 1] => QQFieldElem[15//22, -2//11, 6//11, 1//11],
	[20, 21, 14, 19, 19, 2, 1, 13, 2, 1] => QQFieldElem[2, 0, 3//2, 3//2],
	[20, 21, 14, 19, 18, 1, 1, 16, 1, 1] => QQFieldElem[21, -8, 18, 4],
	[20, 21, 14, 19, 19, 2, 2, 21, 1, 1] => QQFieldElem[0, -1//40, 1//20, -1//40],
	[20, 21, 14, 19, 19, 1, 1, 22, 1, 1] => QQFieldElem[1//4, 1//8, 1//8, 1//4],
	[20, 21, 14, 19, 11, 1, 1, 22, 1, 1] => QQFieldElem[-1//8, -1//8, -1//8, -1//8],
	[20, 21, 14, 19, 19, 2, 2, 22, 1, 1] => QQFieldElem[1//20, 1//10, -1//10, 1//5],
	[20, 21, 14, 19, 20, 1, 1, 21, 1, 2] => QQFieldElem[-3//5, -7//10, 1//5, -9//10],
	[20, 21, 14, 19, 12, 1, 1, 21, 1, 2] => QQFieldElem[-78//11, -32//11, -36//11, -72//11],
	[20, 21, 14, 19, 17, 2, 1, 13, 1, 1] => QQFieldElem[1//4, 0, 0, -1//4],
	[20, 21, 14, 19, 19, 1, 1, 21, 2, 1] => QQFieldElem[1//8, 0, 0, 1//8],
	[20, 21, 14, 19, 20, 1, 1, 22, 1, 2] => QQFieldElem[-2, -2, -1, -3],
	[20, 21, 14, 19, 11, 1, 1, 21, 2, 1] => QQFieldElem[19//55, 3//55, 2//55, 26//55],
	[20, 21, 14, 19, 18, 1, 1, 16, 2, 1] => QQFieldElem[14, 14, 0, 22],
	[20, 21, 14, 19, 19, 2, 2, 21, 2, 1] => QQFieldElem[0, 1//40, -1//20, 1//40],
	[20, 21, 14, 19, 19, 1, 1, 22, 2, 1] => QQFieldElem[-7//4, 0, -1, -1],
	[20, 21, 14, 19, 11, 1, 1, 22, 2, 1] => QQFieldElem[-3//20, -1//20, 1//20, -1//10],
	[20, 21, 14, 19, 12, 1, 1, 22, 1, 2] => QQFieldElem[-1, 0, -1//2, -1//2],
	[20, 21, 14, 19, 19, 2, 2, 22, 2, 1] => QQFieldElem[-1//20, -1//10, 1//10, -1//5],
	[20, 21, 14, 19, 20, 1, 1, 21, 2, 2] => QQFieldElem[4//5, 0, 3//5, 3//5],
	[20, 21, 14, 19, 12, 1, 1, 21, 2, 2] => QQFieldElem[84//55, 48//55, 32//55, 86//55],
	[20, 21, 14, 19, 17, 1, 1, 21, 1, 1] => QQFieldElem[-20//11, -13//11, -5//11, -21//11],
	[20, 21, 14, 19, 17, 2, 1, 13, 2, 1] => QQFieldElem[-1//2, 0, 0, 0],
	[20, 21, 14, 19, 20, 1, 1, 22, 2, 2] => QQFieldElem[8//5, -4//5, 4//5, 2//5],
	[20, 21, 14, 19, 17, 1, 1, 22, 1, 1] => QQFieldElem[1//4, 1//4, -1//4, 1//4],
	[20, 21, 14, 19, 12, 1, 1, 22, 2, 2] => QQFieldElem[3//20, 1//20, -1//20, 1//10],
	[20, 21, 14, 19, 19, 1, 2, 21, 1, 2] => QQFieldElem[-1//20, 0, -1//10, -1//10],
	[20, 21, 14, 19, 17, 1, 1, 21, 2, 1] => QQFieldElem[54//55, -32//55, 52//55, 16//55],
	[20, 21, 14, 19, 19, 1, 2, 22, 1, 2] => QQFieldElem[3//10, 3//5, -1//10, 7//10],
	[20, 21, 14, 19, 18, 1, 1, 13, 1, 1] => QQFieldElem[0, -1//2, 1//2, 0],
	[20, 21, 14, 19, 19, 2, 1, 21, 1, 2] => QQFieldElem[3//80, 1//80, -1//80, 1//40],
	[20, 21, 14, 19, 17, 1, 1, 22, 2, 1] => QQFieldElem[-2//5, 1//5, -7//10, -1//10],
	[20, 21, 14, 19, 19, 2, 1, 22, 1, 2] => QQFieldElem[-1//4, 0, -1//8, -1//8],
	[20, 21, 14, 19, 19, 1, 2, 21, 2, 2] => QQFieldElem[-1//10, -1//5, -1//20, -3//20],
	[20, 21, 14, 19, 20, 2, 1, 16, 1, 1] => QQFieldElem[-1, -1//4, -1//2, -3//4],
	[20, 21, 14, 19, 19, 1, 2, 22, 2, 2] => QQFieldElem[1, 0, 1//2, 1])