Dict(
	[20, 19, 19, 8, 3, 1, 1, 19, 2, 1] => QQFieldElem[0, 0, 0, 0],
	[20, 19, 19, 8, 17, 1, 1, 11, 1, 1] => QQFieldElem[-1, -3, -1, 0],
	[20, 19, 19, 8, 20, 1, 2, 19, 1, 2] => QQFieldElem[0, 0, 0, 0],
	[20, 19, 19, 8, 18, 1, 1, 19, 2, 1] => QQFieldElem[0, 0, 0, 0],
	[20, 19, 19, 8, 20, 1, 1, 19, 1, 2] => QQFieldElem[-4, 0, 0, -4],
	[20, 19, 19, 8, 5, 1, 1, 19, 2, 1] => QQFieldElem[0, 0, 0, 0],
	[20, 19, 19, 8, 17, 1, 1, 19, 2, 2] => QQFieldElem[0, 0, 0, 0],
	[20, 19, 19, 8, 20, 1, 2, 11, 1, 1] => QQFieldElem[-1//2, 0, 1//2, 0],
	[20, 19, 19, 8, 20, 1, 1, 11, 1, 1] => QQFieldElem[0, 0, 0, 0],
	[20, 19, 19, 8, 20, 1, 2, 19, 2, 2] => QQFieldElem[0, 0, 0, 0],
	[20, 19, 19, 8, 20, 1, 1, 19, 2, 2] => QQFieldElem[0, 0, 0, 0],
	[20, 19, 19, 8, 17, 1, 1, 19, 1, 1] => QQFieldElem[2, 0, 0, -2],
	[20, 19, 19, 8, 17, 1, 1, 12, 1, 1] => QQFieldElem[2, 3, 3, 2],
	[20, 19, 19, 8, 3, 1, 1, 19, 1, 2] => QQFieldElem[-2, 0, 0, 2],
	[20, 19, 19, 8, 18, 1, 1, 19, 1, 2] => QQFieldElem[0, 0, 0, 0],
	[20, 19, 19, 8, 20, 1, 2, 19, 1, 1] => QQFieldElem[-2//5, 1//5, -1//5, -1//10],
	[20, 19, 19, 8, 3, 1, 1, 11, 1, 1] => QQFieldElem[-1//2, -1, -1//2, -1//2],
	[20, 19, 19, 8, 20, 1, 1, 19, 1, 1] => QQFieldElem[0, 0, 0, 0],
	[20, 19, 19, 8, 20, 1, 1, 12, 1, 1] => QQFieldElem[0, 0, 0, 0],
	[20, 19, 19, 8, 5, 1, 1, 19, 1, 2] => QQFieldElem[0, 0, 0, 0],
	[20, 19, 19, 8, 20, 1, 2, 12, 1, 1] => QQFieldElem[-1//2, 0, 0, 1//2],
	[20, 19, 19, 8, 18, 1, 1, 11, 1, 1] => QQFieldElem[-2, 0, 2, 0],
	[20, 19, 19, 8, 17, 1, 1, 19, 2, 1] => QQFieldElem[0, 0, 4, 0],
	[20, 19, 19, 8, 3, 1, 1, 19, 2, 2] => QQFieldElem[0, 0, 4, 0],
	[20, 19, 19, 8, 5, 1, 1, 11, 1, 1] => QQFieldElem[-2, 0, -2, 0],
	[20, 19, 19, 8, 18, 1, 1, 19, 2, 2] => QQFieldElem[-8//5, 4//5, -4//5, -2//5],
	[20, 19, 19, 8, 20, 1, 2, 19, 2, 1] => QQFieldElem[32//5, 8//5, 8//5, 32//5],
	[20, 19, 19, 8, 5, 1, 1, 19, 2, 2] => QQFieldElem[0, 0, 0, 0],
	[20, 19, 19, 8, 20, 1, 1, 19, 2, 1] => QQFieldElem[0, 0, 0, 0],
	[20, 19, 19, 8, 3, 1, 1, 19, 1, 1] => QQFieldElem[0, 0, 0, 0],
	[20, 19, 19, 8, 3, 1, 1, 12, 1, 1] => QQFieldElem[-1//2, -1//2, -1, -1//2],
	[20, 19, 19, 8, 18, 1, 1, 19, 1, 1] => QQFieldElem[-1//5, 1//10, -1//10, -3//10],
	[20, 19, 19, 8, 18, 1, 1, 12, 1, 1] => QQFieldElem[-2, 0, 0, 2],
	[20, 19, 19, 8, 5, 1, 1, 19, 1, 1] => QQFieldElem[-1//2, 0, 0, 1//2],
	[20, 19, 19, 8, 5, 1, 1, 12, 1, 1] => QQFieldElem[-2, 0, 0, -2],
	[20, 19, 19, 8, 17, 1, 1, 19, 1, 2] => QQFieldElem[1//2, 0, 0, -1//2])