Dict(
	[20, 15, 19, 13, 22, 2, 1, 15, 1, 1] => QQFieldElem[62//55, -16//55, 36//55, 38//55],
	[20, 15, 19, 13, 21, 1, 1, 15, 1, 1] => QQFieldElem[512//55, 112//55, 64//11, 416//55],
	[20, 15, 19, 13, 21, 2, 2, 15, 1, 1] => QQFieldElem[-2//55, -6//11, -4//55, -14//55],
	[20, 15, 19, 13, 22, 1, 2, 16, 1, 1] => QQFieldElem[39//55, 46//55, 1//55, 64//55],
	[20, 15, 19, 13, 22, 2, 1, 16, 1, 1] => QQFieldElem[-18//55, -6//55, -14//55, -27//55],
	[20, 15, 19, 13, 21, 1, 1, 16, 1, 1] => QQFieldElem[-128//55, -28//55, -16//11, -104//55],
	[20, 15, 19, 13, 22, 1, 1, 10, 1, 1] => QQFieldElem[14//5, -2//5, 7//5, 6//5],
	[20, 15, 19, 13, 21, 2, 2, 16, 1, 1] => QQFieldElem[38//55, 4//11, 21//55, 46//55],
	[20, 15, 19, 13, 22, 2, 2, 10, 1, 1] => QQFieldElem[-1//5, -12//5, 7//5, -14//5],
	[20, 15, 19, 13, 21, 1, 2, 10, 1, 1] => QQFieldElem[2, 2, 0, 3],
	[20, 15, 19, 13, 21, 2, 1, 10, 1, 1] => QQFieldElem[-48//5, -76//5, 16//5, -112//5],
	[20, 15, 19, 13, 22, 1, 2, 14, 1, 1] => QQFieldElem[-4, -1//2, -5//2, -3],
	[20, 15, 19, 13, 22, 1, 2, 13, 1, 1] => QQFieldElem[2, 0, 1, 1],
	[20, 15, 19, 13, 22, 2, 1, 14, 1, 1] => QQFieldElem[2, 0, 3//2, 1],
	[20, 15, 19, 13, 21, 1, 1, 14, 1, 1] => QQFieldElem[10, 0, 4, 6],
	[20, 15, 19, 13, 21, 2, 2, 14, 1, 1] => QQFieldElem[-3, -1//2, -2, -2],
	[20, 15, 19, 13, 22, 2, 1, 13, 1, 1] => QQFieldElem[-2//5, 6//5, -1//5, 2//5],
	[20, 15, 19, 13, 21, 1, 1, 13, 1, 1] => QQFieldElem[-4, 0, -4, -4],
	[20, 15, 19, 13, 21, 2, 2, 13, 1, 1] => QQFieldElem[2, 1, 0, 2],
	[20, 15, 19, 13, 22, 1, 1, 21, 1, 1] => QQFieldElem[-4//11, -5//11, -8//11, -6//11],
	[20, 15, 19, 13, 22, 1, 1, 9, 1, 1] => QQFieldElem[-2//5, -2//5, 0, -6//5],
	[20, 15, 19, 13, 21, 1, 2, 21, 1, 1] => QQFieldElem[-38//55, 24//55, 1//55, -2//55],
	[20, 15, 19, 13, 22, 2, 2, 21, 1, 1] => QQFieldElem[2, 0, 1, 1],
	[20, 15, 19, 13, 22, 1, 1, 22, 1, 1] => QQFieldElem[-7//11, -1//22, -3//11, -5//11],
	[20, 15, 19, 13, 22, 2, 2, 9, 1, 1] => QQFieldElem[-16//5, 12//5, -16//5, 0],
	[20, 15, 19, 13, 21, 1, 2, 9, 1, 1] => QQFieldElem[6//5, -8//5, 8//5, -6//5],
	[20, 15, 19, 13, 21, 1, 2, 22, 1, 1] => QQFieldElem[-3//55, -1//55, -23//110, 23//55],
	[20, 15, 19, 13, 22, 2, 2, 22, 1, 1] => QQFieldElem[-2//11, -5//22, 3//22, -3//11],
	[20, 15, 19, 13, 21, 2, 1, 21, 1, 1] => QQFieldElem[4, 0, 4, 4],
	[20, 15, 19, 13, 21, 2, 1, 9, 1, 1] => QQFieldElem[-64//5, 48//5, -64//5, 0],
	[20, 15, 19, 13, 21, 2, 1, 22, 1, 1] => QQFieldElem[-2//11, -8//11, -4//11, -14//11],
	[20, 15, 19, 13, 22, 1, 1, 15, 1, 1] => QQFieldElem[78//55, 26//55, 24//55, 62//55],
	[20, 15, 19, 13, 22, 2, 2, 15, 1, 1] => QQFieldElem[0, 0, 0, 0],
	[20, 15, 19, 13, 21, 1, 2, 15, 1, 1] => QQFieldElem[14//55, 12//55, -16//55, 2//11],
	[20, 15, 19, 13, 21, 2, 1, 15, 1, 1] => QQFieldElem[0, 0, 0, 0],
	[20, 15, 19, 13, 22, 1, 1, 16, 1, 1] => QQFieldElem[-12//55, -4//55, 9//55, -18//55],
	[20, 15, 19, 13, 22, 2, 2, 16, 1, 1] => QQFieldElem[-23//11, -4//11, -13//11, -18//11],
	[20, 15, 19, 13, 21, 1, 2, 16, 1, 1] => QQFieldElem[14//11, -6//55, 52//55, 39//55],
	[20, 15, 19, 13, 22, 1, 2, 10, 1, 1] => QQFieldElem[-3, 2, -3, 0],
	[20, 15, 19, 13, 21, 2, 1, 16, 1, 1] => QQFieldElem[-56//11, -4//11, -24//11, -40//11],
	[20, 15, 19, 13, 22, 2, 1, 10, 1, 1] => QQFieldElem[2//5, -6//5, 6//5, -7//5],
	[20, 15, 19, 13, 21, 1, 1, 10, 1, 1] => QQFieldElem[8, -4, 8, 0],
	[20, 15, 19, 13, 21, 2, 2, 10, 1, 1] => QQFieldElem[0, 2, -1, 2],
	[20, 15, 19, 13, 22, 1, 1, 14, 1, 1] => QQFieldElem[2, 1//2, 1, 2],
	[20, 15, 19, 13, 22, 2, 2, 14, 1, 1] => QQFieldElem[4, -1//2, 5//2, 2],
	[20, 15, 19, 13, 21, 1, 2, 14, 1, 1] => QQFieldElem[-2, 1, -3//2, 0],
	[20, 15, 19, 13, 22, 1, 1, 13, 1, 1] => QQFieldElem[-4//5, -3//5, -2//5, -6//5],
	[20, 15, 19, 13, 22, 2, 2, 13, 1, 1] => QQFieldElem[-18//5, -6//5, -9//5, -17//5],
	[20, 15, 19, 13, 21, 1, 2, 13, 1, 1] => QQFieldElem[2, 0, 1, 2],
	[20, 15, 19, 13, 21, 2, 1, 14, 1, 1] => QQFieldElem[18, -4, 12, 6],
	[20, 15, 19, 13, 21, 2, 1, 13, 1, 1] => QQFieldElem[-76//5, -32//5, -28//5, -84//5],
	[20, 15, 19, 13, 22, 1, 2, 21, 1, 1] => QQFieldElem[6//11, 2//11, 1//11, 9//11],
	[20, 15, 19, 13, 22, 1, 2, 9, 1, 1] => QQFieldElem[0, 0, 0, 0],
	[20, 15, 19, 13, 22, 1, 2, 22, 1, 1] => QQFieldElem[20//11, -5//22, 25//22, 8//11],
	[20, 15, 19, 13, 22, 2, 1, 21, 1, 1] => QQFieldElem[-6//11, -2//11, -1//11, 2//11],
	[20, 15, 19, 13, 21, 1, 1, 21, 1, 1] => QQFieldElem[-76//55, 48//55, -108//55, -4//55],
	[20, 15, 19, 13, 22, 2, 1, 9, 1, 1] => QQFieldElem[6//5, 4//5, 4//5, 6//5],
	[20, 15, 19, 13, 21, 1, 1, 9, 1, 1] => QQFieldElem[0, 0, 0, 0],
	[20, 15, 19, 13, 22, 2, 1, 22, 1, 1] => QQFieldElem[-5//11, 2//11, -9//22, -2//11],
	[20, 15, 19, 13, 21, 2, 2, 21, 1, 1] => QQFieldElem[-14//11, -1//11, -6//11, -10//11],
	[20, 15, 19, 13, 21, 1, 1, 22, 1, 1] => QQFieldElem[-146//55, -12//55, -28//55, -54//55],
	[20, 15, 19, 13, 21, 2, 2, 9, 1, 1] => QQFieldElem[14//5, -2//5, 12//5, 6//5],
	[20, 15, 19, 13, 21, 2, 2, 22, 1, 1] => QQFieldElem[2//11, 5//22, 4//11, 3//11],
	[20, 15, 19, 13, 22, 1, 2, 15, 1, 1] => QQFieldElem[-128//55, -28//55, -16//11, -104//55])