Dict(
	[20, 18, 10, 14, 9, 1, 1, 17, 1, 1] => QQFieldElem[-2, 0, -2, -2],
	[20, 18, 10, 14, 15, 1, 1, 20, 1, 1] => QQFieldElem[0, -1, -1, 0],
	[20, 18, 10, 14, 15, 1, 1, 6, 1, 1] => QQFieldElem[-2//5, 1//5, -1//5, -3//5],
	[20, 18, 10, 14, 15, 1, 1, 8, 1, 1] => QQFieldElem[1, 1, 0, 1],
	[20, 18, 10, 14, 21, 1, 1, 20, 1, 1] => QQFieldElem[1//2, 1, 1//2, 1//2],
	[20, 18, 10, 14, 16, 1, 1, 20, 1, 1] => QQFieldElem[-1, 0, -1, 0],
	[20, 18, 10, 14, 15, 1, 1, 17, 1, 1] => QQFieldElem[1, 0, 1, 1],
	[20, 18, 10, 14, 21, 1, 1, 6, 1, 1] => QQFieldElem[0, 0, 0, -1//2],
	[20, 18, 10, 14, 21, 1, 1, 8, 1, 1] => QQFieldElem[0, 1//2, -1//2, 0],
	[20, 18, 10, 14, 16, 1, 1, 6, 1, 1] => QQFieldElem[2//5, -1//5, 1//5, -2//5],
	[20, 18, 10, 14, 16, 1, 1, 8, 1, 1] => QQFieldElem[-2, 0, -1, -1],
	[20, 18, 10, 14, 21, 1, 1, 17, 1, 1] => QQFieldElem[1, 1//2, 0, 1],
	[20, 18, 10, 14, 9, 1, 1, 20, 1, 1] => QQFieldElem[-2, -2, -2, -2],
	[20, 18, 10, 14, 16, 1, 1, 17, 1, 1] => QQFieldElem[0, 1, -1, 1],
	[20, 18, 10, 14, 9, 1, 1, 6, 1, 1] => QQFieldElem[4//5, -2//5, 2//5, 6//5],
	[20, 18, 10, 14, 9, 1, 1, 8, 1, 1] => QQFieldElem[-2, -2, 0, -4])