Dict(
	[20, 17, 9, 22, 21, 1, 1, 11, 1, 1] => QQFieldElem[-2//5, 1//5, -1//5, -3//5],
	[20, 17, 9, 22, 16, 1, 1, 11, 1, 1] => QQFieldElem[3//5, -4//5, 4//5, -3//5],
	[20, 17, 9, 22, 21, 2, 1, 11, 1, 1] => QQFieldElem[1//10, 0, 1//5, 1//5],
	[20, 17, 9, 22, 15, 1, 1, 12, 1, 1] => QQFieldElem[1, 0, 0, 0],
	[20, 17, 9, 22, 15, 1, 1, 19, 1, 1] => QQFieldElem[-15//11, 17//11, -19//11, 5//11],
	[20, 17, 9, 22, 16, 2, 1, 11, 1, 1] => QQFieldElem[-1//10, -1//10, 0, 1//5],
	[20, 17, 9, 22, 9, 1, 1, 18, 1, 1] => QQFieldElem[7//110, 39//110, -19//110, 19//55],
	[20, 17, 9, 22, 21, 1, 1, 19, 1, 1] => QQFieldElem[0, 0, 0, 0],
	[20, 17, 9, 22, 15, 1, 1, 19, 2, 1] => QQFieldElem[-7//55, -23//110, -17//110, -21//110],
	[20, 17, 9, 22, 9, 1, 1, 11, 1, 1] => QQFieldElem[-1//5, 3//5, -3//5, 1//5],
	[20, 17, 9, 22, 16, 1, 1, 19, 1, 1] => QQFieldElem[1, 0, 0, 1],
	[20, 17, 9, 22, 16, 1, 1, 12, 1, 1] => QQFieldElem[-3, -1, -1, -3],
	[20, 17, 9, 22, 21, 1, 1, 12, 1, 1] => QQFieldElem[0, 1, 0, 1],
	[20, 17, 9, 22, 21, 2, 1, 19, 1, 1] => QQFieldElem[-3//5, -3//5, 0, 1//5],
	[20, 17, 9, 22, 21, 2, 1, 12, 1, 1] => QQFieldElem[1//10, 1//5, 3//10, -1//10],
	[20, 17, 9, 22, 15, 1, 1, 20, 1, 1] => QQFieldElem[-1, -2, -2, -1],
	[20, 17, 9, 22, 16, 2, 1, 19, 1, 1] => QQFieldElem[-24//55, -8//55, -19//110, -17//110],
	[20, 17, 9, 22, 16, 2, 1, 12, 1, 1] => QQFieldElem[1//10, -3//10, -1//5, -1//10],
	[20, 17, 9, 22, 21, 1, 1, 19, 2, 1] => QQFieldElem[-8//5, -6//5, -4//5, -2//5],
	[20, 17, 9, 22, 16, 1, 1, 19, 2, 1] => QQFieldElem[-2//5, -4//5, 4//5, 2//5],
	[20, 17, 9, 22, 15, 1, 1, 18, 1, 1] => QQFieldElem[0, 0, 0, 0],
	[20, 17, 9, 22, 21, 2, 1, 19, 2, 1] => QQFieldElem[0, 0, 0, 0],
	[20, 17, 9, 22, 21, 1, 1, 20, 1, 1] => QQFieldElem[1, 1, 1, 0],
	[20, 17, 9, 22, 9, 1, 1, 12, 1, 1] => QQFieldElem[1, 0, 0, 1],
	[20, 17, 9, 22, 16, 1, 1, 20, 1, 1] => QQFieldElem[-2, 0, -1, -1],
	[20, 17, 9, 22, 9, 1, 1, 19, 1, 1] => QQFieldElem[4//11, -6//11, 8//11, -5//11],
	[20, 17, 9, 22, 16, 2, 1, 19, 2, 1] => QQFieldElem[6//5, 12//5, 8//5, 4//5],
	[20, 17, 9, 22, 21, 2, 1, 20, 1, 1] => QQFieldElem[-1//5, 1//10, 2//5, 1//5],
	[20, 17, 9, 22, 16, 2, 1, 20, 1, 1] => QQFieldElem[1//2, 1//2, 1//2, 0],
	[20, 17, 9, 22, 21, 1, 1, 18, 1, 1] => QQFieldElem[0, 0, 0, 0],
	[20, 17, 9, 22, 15, 1, 1, 11, 1, 1] => QQFieldElem[2//5, 4//5, 1//5, 3//5],
	[20, 17, 9, 22, 16, 1, 1, 18, 1, 1] => QQFieldElem[-7//110, -39//110, 19//110, -19//55],
	[20, 17, 9, 22, 9, 1, 1, 19, 2, 1] => QQFieldElem[0, -1, 0, -1],
	[20, 17, 9, 22, 21, 2, 1, 18, 1, 1] => QQFieldElem[7//110, 1//220, 3//110, -1//220],
	[20, 17, 9, 22, 9, 1, 1, 20, 1, 1] => QQFieldElem[2, 1, 1, 1],
	[20, 17, 9, 22, 16, 2, 1, 18, 1, 1] => QQFieldElem[1//44, -1//110, -1//220, 13//220])