Dict(
	[21, 18, 21, 20, 22, 1, 2, 10, 1, 1] => QQFieldElem[10, 47//4, -1, 18],
	[21, 18, 21, 20, 21, 2, 1, 16, 1, 1] => QQFieldElem[8, -8, 8, -4],
	[21, 18, 21, 20, 21, 2, 2, 10, 1, 1] => QQFieldElem[-1//2, 1, -1, 1//2],
	[21, 18, 21, 20, 13, 2, 1, 16, 1, 2] => QQFieldElem[1//8, 0, 1//4, 0],
	[21, 18, 21, 20, 14, 1, 1, 10, 1, 1] => QQFieldElem[3//2, -6, 9//2, -5],
	[21, 18, 21, 20, 10, 1, 1, 21, 1, 1] => QQFieldElem[-16//5, 48//5, -48//5, 16//5],
	[21, 18, 21, 20, 15, 1, 1, 22, 1, 2] => QQFieldElem[-14//5, -18//5, 3//5, -26//5],
	[21, 18, 21, 20, 22, 1, 1, 14, 1, 1] => QQFieldElem[133//88, -127//44, 117//44, -203//88],
	[21, 18, 21, 20, 21, 1, 2, 13, 1, 1] => QQFieldElem[10//11, 16//11, -9//11, 51//22],
	[21, 18, 21, 20, 21, 1, 1, 16, 1, 2] => QQFieldElem[8, -1//2, 5, 5],
	[21, 18, 21, 20, 21, 2, 1, 14, 1, 1] => QQFieldElem[4//11, 17//44, -7//44, 19//44],
	[21, 18, 21, 20, 10, 1, 1, 13, 1, 2] => QQFieldElem[27//88, -9//22, 17//44, -3//22],
	[21, 18, 21, 20, 13, 2, 1, 22, 1, 1] => QQFieldElem[-2//5, 1//5, -1//5, 7//5],
	[21, 18, 21, 20, 21, 1, 1, 22, 1, 1] => QQFieldElem[19//2, 4, 7//2, 19//2],
	[21, 18, 21, 20, 16, 2, 1, 21, 1, 1] => QQFieldElem[0, 0, 0, 0],
	[21, 18, 21, 20, 22, 1, 2, 22, 2, 1] => QQFieldElem[-1//4, -1//4, 0, -3//4],
	[21, 18, 21, 20, 22, 2, 1, 21, 2, 1] => QQFieldElem[-7//2, -1, -5//2, -3],
	[21, 18, 21, 20, 10, 1, 1, 15, 1, 1] => QQFieldElem[12, -8, 12, 0],
	[21, 18, 21, 20, 13, 1, 1, 22, 1, 2] => QQFieldElem[0, 0, 0, 0],
	[21, 18, 21, 20, 21, 2, 2, 22, 2, 1] => QQFieldElem[-3//2, 0, -1//2, -1//2],
	[21, 18, 21, 20, 14, 1, 1, 22, 2, 1] => QQFieldElem[11, 6, 5, 14],
	[21, 18, 21, 20, 16, 2, 1, 13, 1, 2] => QQFieldElem[-105//88, 41//88, -87//88, -17//44],
	[21, 18, 21, 20, 10, 1, 1, 16, 1, 1] => QQFieldElem[-6//5, 8//5, -8//5, 6//5],
	[21, 18, 21, 20, 22, 2, 2, 22, 1, 2] => QQFieldElem[-1//10, 3//10, 1//5, 3//5],
	[21, 18, 21, 20, 16, 1, 1, 21, 1, 2] => QQFieldElem[1//2, 1, -3//2, 3//2],
	[21, 18, 21, 20, 22, 1, 1, 21, 2, 2] => QQFieldElem[37//2, 21//8, 89//8, 117//8],
	[21, 18, 21, 20, 15, 1, 1, 21, 1, 1] => QQFieldElem[11//2, 7, 0, 21//2],
	[21, 18, 21, 20, 21, 1, 2, 22, 2, 2] => QQFieldElem[-4, 1//2, -2, -9//2],
	[21, 18, 21, 20, 21, 2, 1, 21, 2, 2] => QQFieldElem[53//4, 15//4, 21//4, 51//4],
	[21, 18, 21, 20, 16, 2, 1, 15, 1, 1] => QQFieldElem[-1//2, 0, 0, 0],
	[21, 18, 21, 20, 10, 1, 1, 14, 1, 1] => QQFieldElem[-20//11, 64//11, -60//11, 56//11],
	[21, 18, 21, 20, 15, 1, 1, 13, 1, 2] => QQFieldElem[27//88, -3//88, 23//88, 5//44],
	[21, 18, 21, 20, 22, 1, 1, 10, 1, 1] => QQFieldElem[35//8, 39//8, -1, 8],
	[21, 18, 21, 20, 16, 2, 1, 16, 1, 1] => QQFieldElem[9//16, -5//8, 5//8, -1//4],
	[21, 18, 21, 20, 21, 2, 1, 10, 1, 1] => QQFieldElem[-7//4, -3//4, -3//4, -7//4],
	[21, 18, 21, 20, 13, 2, 1, 13, 1, 1] => QQFieldElem[1, 1//4, 1//2, 3//4],
	[21, 18, 21, 20, 13, 1, 1, 21, 1, 1] => QQFieldElem[-4//5, 2//5, -2//5, -6//5],
	[21, 18, 21, 20, 15, 1, 1, 15, 1, 1] => QQFieldElem[-3//2, -1//2, -1//2, -3//2],
	[21, 18, 21, 20, 21, 1, 1, 13, 1, 1] => QQFieldElem[-69//44, -9//22, -27//44, -61//44],
	[21, 18, 21, 20, 16, 1, 1, 16, 1, 2] => QQFieldElem[1, 0, 5//8, 5//8],
	[21, 18, 21, 20, 16, 2, 1, 14, 1, 1] => QQFieldElem[-3//22, -4//11, 1//11, 2//11],
	[21, 18, 21, 20, 13, 1, 1, 13, 1, 2] => QQFieldElem[5//22, 5//44, 1//22, 9//44],
	[21, 18, 21, 20, 15, 1, 1, 16, 1, 1] => QQFieldElem[0, 0, -1//8, 1//8],
	[21, 18, 21, 20, 22, 2, 2, 21, 1, 1] => QQFieldElem[-11//2, -9, 1, -23//2],
	[21, 18, 21, 20, 16, 1, 1, 22, 1, 1] => QQFieldElem[-1//10, 4//5, 1//5, 1//10],
	[21, 18, 21, 20, 22, 1, 1, 22, 2, 1] => QQFieldElem[7//2, 1, 3//2, 3],
	[21, 18, 21, 20, 21, 1, 2, 21, 2, 1] => QQFieldElem[0, -1, 1, -2],
	[21, 18, 21, 20, 10, 1, 1, 21, 2, 2] => QQFieldElem[-44//5, 6//5, -6, -22//5],
	[21, 18, 21, 20, 22, 2, 2, 13, 1, 2] => QQFieldElem[60//11, -14//11, 101//22, 21//11],
	[21, 18, 21, 20, 21, 2, 1, 22, 2, 1] => QQFieldElem[8, 1, 5, 6],
	[21, 18, 21, 20, 15, 1, 1, 14, 1, 1] => QQFieldElem[-19//22, -3//22, -13//22, -15//22],
	[21, 18, 21, 20, 22, 1, 2, 21, 1, 2] => QQFieldElem[-23//4, -1//2, -15//4, -15//4],
	[21, 18, 21, 20, 13, 1, 1, 15, 1, 1] => QQFieldElem[11//4, -17//4, 4, -5//2],
	[21, 18, 21, 20, 13, 2, 1, 22, 2, 2] => QQFieldElem[11//2, 5//2, 1, 5],
	[21, 18, 21, 20, 22, 2, 1, 22, 1, 2] => QQFieldElem[-1//4, -1//4, 0, -1//2],
	[21, 18, 21, 20, 21, 2, 2, 21, 1, 2] => QQFieldElem[-7//2, -5//2, -1//2, -11//2],
	[21, 18, 21, 20, 10, 1, 1, 10, 1, 1] => QQFieldElem[-12, -12, 0, -20],
	[21, 18, 21, 20, 13, 1, 1, 16, 1, 1] => QQFieldElem[-3//4, -1//4, -1//2, -1//2],
	[21, 18, 21, 20, 14, 1, 1, 21, 1, 2] => QQFieldElem[14, 0, 8, 8],
	[21, 18, 21, 20, 22, 2, 2, 15, 1, 1] => QQFieldElem[-11, -2, -11//2, -9],
	[21, 18, 21, 20, 21, 1, 1, 22, 2, 2] => QQFieldElem[8//5, 1//5, 4//5, 7//5],
	[21, 18, 21, 20, 16, 2, 1, 21, 2, 2] => QQFieldElem[11//2, -9//2, 5, -1],
	[21, 18, 21, 20, 22, 2, 2, 16, 1, 1] => QQFieldElem[-1, 0, -1//2, -1],
	[21, 18, 21, 20, 13, 1, 1, 14, 1, 1] => QQFieldElem[3//4, 11//4, -3//2, 3],
	[21, 18, 21, 20, 16, 2, 1, 10, 1, 1] => QQFieldElem[0, 0, -1//2, 0],
	[21, 18, 21, 20, 22, 1, 2, 16, 1, 2] => QQFieldElem[-23//4, 19//4, -6, 3//4],
	[21, 18, 21, 20, 22, 2, 2, 14, 1, 1] => QQFieldElem[112//11, -13//11, 155//22, 56//11],
	[21, 18, 21, 20, 15, 1, 1, 21, 2, 2] => QQFieldElem[0, 0, -1, 0],
	[21, 18, 21, 20, 10, 1, 1, 22, 2, 1] => QQFieldElem[-8, -3, -5, -7],
	[21, 18, 21, 20, 21, 2, 2, 16, 1, 2] => QQFieldElem[-1, 0, -1, -1//2],
	[21, 18, 21, 20, 16, 1, 1, 13, 1, 1] => QQFieldElem[-69//220, -9//110, -27//220, -61//220],
	[21, 18, 21, 20, 14, 1, 1, 16, 1, 2] => QQFieldElem[-1//16, 0, -1//8, -1//8],
	[21, 18, 21, 20, 13, 2, 1, 21, 2, 1] => QQFieldElem[1//2, 1//2, 0, 1],
	[21, 18, 21, 20, 22, 1, 2, 22, 1, 1] => QQFieldElem[5//4, -1//4, 3//2, 1//4],
	[21, 18, 21, 20, 22, 2, 1, 21, 1, 1] => QQFieldElem[-48, -8, -28, -36],
	[21, 18, 21, 20, 15, 1, 1, 10, 1, 1] => QQFieldElem[3//2, -1, 3//2, 0],
	[21, 18, 21, 20, 21, 2, 2, 22, 1, 1] => QQFieldElem[5//2, -5, 7//2, -5//2],
	[21, 18, 21, 20, 14, 1, 1, 22, 1, 1] => QQFieldElem[2, 4, 0, 4],
	[21, 18, 21, 20, 21, 1, 1, 21, 2, 1] => QQFieldElem[-8//5, -26//5, 11//5, -37//5],
	[21, 18, 21, 20, 22, 2, 1, 13, 1, 2] => QQFieldElem[97//44, -17//22, 23//11, 10//11],
	[21, 18, 21, 20, 13, 1, 1, 21, 2, 2] => QQFieldElem[2, 0, 0, 0],
	[21, 18, 21, 20, 16, 2, 1, 22, 2, 1] => QQFieldElem[-1//2, 1//2, 0, 0],
	[21, 18, 21, 20, 22, 1, 1, 21, 1, 2] => QQFieldElem[-11//4, 13//8, -25//8, -1//8],
	[21, 18, 21, 20, 21, 1, 2, 22, 1, 2] => QQFieldElem[0, 1//2, 0, 1//2],
	[21, 18, 21, 20, 21, 2, 1, 21, 1, 2] => QQFieldElem[-9//4, 1//4, -5//4, -7//4],
	[21, 18, 21, 20, 22, 2, 2, 21, 2, 2] => QQFieldElem[55//2, 39//2, 6, 37],
	[21, 18, 21, 20, 22, 2, 1, 15, 1, 1] => QQFieldElem[-9//2, -1//4, -9//4, -17//4],
	[21, 18, 21, 20, 13, 1, 1, 10, 1, 1] => QQFieldElem[-13//2, -4, -5//4, -33//4],
	[21, 18, 21, 20, 16, 1, 1, 22, 2, 2] => QQFieldElem[17//4, 7//4, 7//4, 9//2],
	[21, 18, 21, 20, 15, 1, 1, 22, 2, 1] => QQFieldElem[-2//5, -14//5, 4//5, -18//5],
	[21, 18, 21, 20, 22, 2, 1, 16, 1, 1] => QQFieldElem[-1//4, -1//2, 1//2, -1],
	[21, 18, 21, 20, 22, 2, 2, 10, 1, 1] => QQFieldElem[-11//2, 9, -9, 11//2],
	[21, 18, 21, 20, 22, 1, 2, 13, 1, 1] => QQFieldElem[31//44, 21//44, 1//11, 29//44],
	[21, 18, 21, 20, 22, 1, 1, 16, 1, 2] => QQFieldElem[-21//8, 9//4, -23//8, 1//8],
	[21, 18, 21, 20, 22, 2, 1, 14, 1, 1] => QQFieldElem[103//22, -19//44, 145//44, 103//44],
	[21, 18, 21, 20, 21, 2, 2, 13, 1, 1] => QQFieldElem[-21//11, 6//11, -13//11, -7//22],
	[21, 18, 21, 20, 21, 2, 1, 16, 1, 2] => QQFieldElem[2, 1//2, 1, 2],
	[21, 18, 21, 20, 14, 1, 1, 13, 1, 1] => QQFieldElem[1//44, -5//44, -1//22, 1//22],
	[21, 18, 21, 20, 13, 1, 1, 22, 2, 1] => QQFieldElem[4//5, 4//5, 0, 12//5],
	[21, 18, 21, 20, 22, 1, 1, 22, 1, 1] => QQFieldElem[-12, -3, -6, -9],
	[21, 18, 21, 20, 21, 1, 2, 21, 1, 1] => QQFieldElem[-32, -8, -16, -32],
	[21, 18, 21, 20, 10, 1, 1, 21, 1, 2] => QQFieldElem[-4, 4//5, -8//5, -16//5],
	[21, 18, 21, 20, 21, 2, 1, 22, 1, 1] => QQFieldElem[4, 7, -1, 9],
	[21, 18, 21, 20, 22, 2, 2, 22, 2, 1] => QQFieldElem[-1//2, 0, 0, -1//2],
	[21, 18, 21, 20, 16, 1, 1, 21, 2, 1] => QQFieldElem[9//4, 3//4, 5//4, 2],
	[21, 18, 21, 20, 21, 1, 2, 13, 1, 2] => QQFieldElem[-7//22, 1//11, -4//11, 4//11],
	[21, 18, 21, 20, 13, 2, 1, 22, 1, 2] => QQFieldElem[1, 0, 1, 2],
	[21, 18, 21, 20, 21, 1, 1, 22, 1, 2] => QQFieldElem[-2, 0, -1, -1],
	[21, 18, 21, 20, 16, 2, 1, 21, 1, 2] => QQFieldElem[-2//5, -9//5, -1//5, -3//5],
	[21, 18, 21, 20, 22, 1, 2, 22, 2, 2] => QQFieldElem[-15//4, 1, -11//4, -7//4],
	[21, 18, 21, 20, 22, 2, 1, 21, 2, 2] => QQFieldElem[49//4, 31//4, 3//2, 16],
	[21, 18, 21, 20, 21, 1, 2, 15, 1, 1] => QQFieldElem[-3//4, 1//4, -3//4, 0],
	[21, 18, 21, 20, 21, 2, 2, 22, 2, 2] => QQFieldElem[-19//2, 9//2, -15//2, -3//2],
	[21, 18, 21, 20, 14, 1, 1, 22, 2, 2] => QQFieldElem[-8, -16//5, -8//5, -56//5],
	[21, 18, 21, 20, 21, 1, 2, 16, 1, 1] => QQFieldElem[1//2, -3, 2, -2],
	[21, 18, 21, 20, 10, 1, 1, 16, 1, 2] => QQFieldElem[-1//8, 3//4, -1//2, 1//2],
	[21, 18, 21, 20, 22, 2, 1, 10, 1, 1] => QQFieldElem[-9//4, 17//4, -17//4, 9//4],
	[21, 18, 21, 20, 15, 1, 1, 21, 1, 2] => QQFieldElem[-28//5, 34//5, -39//5, 18//5],
	[21, 18, 21, 20, 10, 1, 1, 22, 1, 1] => QQFieldElem[-112//5, -48//5, -48//5, -112//5],
	[21, 18, 21, 20, 21, 1, 2, 14, 1, 1] => QQFieldElem[-19//44, 19//44, -13//44, 9//22],
	[21, 18, 21, 20, 22, 1, 1, 13, 1, 1] => QQFieldElem[-87//88, -19//44, -13//88, -97//88],
	[21, 18, 21, 20, 13, 2, 1, 21, 1, 1] => QQFieldElem[0, -1, 1, -1],
	[21, 18, 21, 20, 21, 2, 1, 13, 1, 1] => QQFieldElem[8//11, 48//11, -16//11, 60//11],
	[21, 18, 21, 20, 16, 2, 1, 16, 1, 2] => QQFieldElem[9//8, -11//8, 11//8, -1//2],
	[21, 18, 21, 20, 13, 2, 1, 13, 1, 2] => QQFieldElem[-7//88, 1//44, -1//11, 1//11],
	[21, 18, 21, 20, 21, 1, 1, 21, 1, 1] => QQFieldElem[-11//2, -15, 13//2, -37//2],
	[21, 18, 21, 20, 22, 1, 2, 21, 2, 1] => QQFieldElem[21//4, -1//4, 7//2, 11//4],
	[21, 18, 21, 20, 13, 1, 1, 21, 1, 2] => QQFieldElem[0, 0, 0, 0],
	[21, 18, 21, 20, 16, 2, 1, 22, 1, 1] => QQFieldElem[0, 4//5, 2//5, 4//5],
	[21, 18, 21, 20, 22, 2, 1, 22, 2, 1] => QQFieldElem[1//2, 0, 1//2, 0],
	[21, 18, 21, 20, 21, 2, 2, 21, 2, 1] => QQFieldElem[9//2, 2, 3//2, 9//2],
	[21, 18, 21, 20, 21, 1, 1, 13, 1, 2] => QQFieldElem[-2, 3//2, -2, 0],
	[21, 18, 21, 20, 14, 1, 1, 21, 2, 1] => QQFieldElem[5, -8, 7, -4],
	[21, 18, 21, 20, 15, 1, 1, 16, 1, 2] => QQFieldElem[-3//8, 1//8, -3//8, 0],
	[21, 18, 21, 20, 13, 2, 1, 15, 1, 1] => QQFieldElem[13//2, 2, 3, 6],
	[21, 18, 21, 20, 22, 2, 2, 21, 1, 2] => QQFieldElem[5//2, 1//2, 1, 3],
	[21, 18, 21, 20, 16, 1, 1, 22, 1, 2] => QQFieldElem[-1//2, 0, -1//2, -1//2],
	[21, 18, 21, 20, 22, 1, 1, 22, 2, 2] => QQFieldElem[-2, 1//8, -11//8, -5//8],
	[21, 18, 21, 20, 13, 2, 1, 16, 1, 1] => QQFieldElem[-3//2, 1//4, -1, -3//4],
	[21, 18, 21, 20, 21, 1, 2, 21, 2, 2] => QQFieldElem[6, 17//2, -1, 23//2],
	[21, 18, 21, 20, 21, 1, 1, 15, 1, 1] => QQFieldElem[-9//8, -1, -1//4, -11//8],
	[21, 18, 21, 20, 15, 1, 1, 22, 1, 1] => QQFieldElem[-7//2, 0, -1, -5//2],
	[21, 18, 21, 20, 21, 2, 1, 22, 2, 2] => QQFieldElem[-17//4, 3//4, -21//4, -7//4],
	[21, 18, 21, 20, 21, 1, 1, 16, 1, 1] => QQFieldElem[9//4, 0, 5//4, 5//4],
	[21, 18, 21, 20, 10, 1, 1, 13, 1, 1] => QQFieldElem[14//11, -4//11, 16//11, 6//11],
	[21, 18, 21, 20, 21, 1, 2, 10, 1, 1] => QQFieldElem[-1, -5//4, 1//2, -2],
	[21, 18, 21, 20, 13, 1, 1, 16, 1, 2] => QQFieldElem[-2//5, -1//20, -1//5, -7//20],
	[21, 18, 21, 20, 13, 2, 1, 14, 1, 1] => QQFieldElem[-7//2, 0, -2, -2],
	[21, 18, 21, 20, 21, 1, 1, 14, 1, 1] => QQFieldElem[-37//88, 1//22, -3//22, -35//88],
	[21, 18, 21, 20, 22, 2, 2, 16, 1, 2] => QQFieldElem[-12, -1, -13//2, -8],
	[21, 18, 21, 20, 13, 1, 1, 22, 1, 1] => QQFieldElem[0, 6//5, -2//5, 6//5],
	[21, 18, 21, 20, 16, 2, 1, 13, 1, 1] => QQFieldElem[-97//176, 17//88, -23//44, -5//22],
	[21, 18, 21, 20, 22, 2, 2, 22, 1, 1] => QQFieldElem[31//10, 6//5, 4//5, 29//10],
	[21, 18, 21, 20, 16, 1, 1, 21, 1, 1] => QQFieldElem[-3//2, -1, 0, -5//2],
	[21, 18, 21, 20, 22, 1, 1, 21, 2, 1] => QQFieldElem[-45//2, -10, -15//2, -24],
	[21, 18, 21, 20, 21, 1, 2, 22, 2, 1] => QQFieldElem[-2, -1, -1, -2],
	[21, 18, 21, 20, 10, 1, 1, 22, 2, 2] => QQFieldElem[-16//5, -22//5, 2//5, -34//5],
	[21, 18, 21, 20, 21, 2, 1, 21, 2, 1] => QQFieldElem[-62//5, -59//5, -1//5, -98//5],
	[21, 18, 21, 20, 16, 1, 1, 13, 1, 2] => QQFieldElem[-8//11, -5//44, -15//88, -51//88],
	[21, 18, 21, 20, 13, 2, 1, 21, 2, 2] => QQFieldElem[5//2, -7//2, 3, -2],
	[21, 18, 21, 20, 15, 1, 1, 13, 1, 1] => QQFieldElem[1//22, 1//44, 3//88, -3//88],
	[21, 18, 21, 20, 22, 1, 2, 22, 1, 2] => QQFieldElem[-1//4, -1//2, -1//4, -1//4],
	[21, 18, 21, 20, 22, 2, 1, 21, 1, 2] => QQFieldElem[11//4, 3//4, 1, 3],
	[21, 18, 21, 20, 21, 2, 2, 22, 1, 2] => QQFieldElem[-1//2, 1//2, -1//2, 1//2],
	[21, 18, 21, 20, 14, 1, 1, 22, 1, 2] => QQFieldElem[2, 4, -4, 8],
	[21, 18, 21, 20, 21, 1, 1, 21, 2, 2] => QQFieldElem[0, 1, -2, 1],
	[21, 18, 21, 20, 16, 1, 1, 15, 1, 1] => QQFieldElem[-1//4, 1//4, 0, 0],
	[21, 18, 21, 20, 13, 2, 1, 10, 1, 1] => QQFieldElem[3, -3, 7//2, -1],
	[21, 18, 21, 20, 16, 2, 1, 22, 2, 2] => QQFieldElem[3//2, 5//2, -1, 4],
	[21, 18, 21, 20, 16, 1, 1, 16, 1, 1] => QQFieldElem[1//4, 0, 1//4, 1//4],
	[21, 18, 21, 20, 21, 1, 1, 10, 1, 1] => QQFieldElem[11//8, -3//8, 1, 1//2],
	[21, 18, 21, 20, 13, 1, 1, 13, 1, 1] => QQFieldElem[139//220, 53//220, 13//55, 73//110],
	[21, 18, 21, 20, 10, 1, 1, 21, 2, 1] => QQFieldElem[-2//5, 11//5, -11//5, 17//5],
	[21, 18, 21, 20, 22, 2, 2, 13, 1, 1] => QQFieldElem[-3//11, -7//11, 1//22, -6//11],
	[21, 18, 21, 20, 15, 1, 1, 22, 2, 2] => QQFieldElem[-2//5, 0, 1//5, -4//5],
	[21, 18, 21, 20, 22, 2, 1, 16, 1, 2] => QQFieldElem[-21//4, 0, -5//2, -7//2],
	[21, 18, 21, 20, 16, 1, 1, 14, 1, 1] => QQFieldElem[1//44, -1//44, 7//22, 3//22],
	[21, 18, 21, 20, 22, 1, 2, 21, 1, 1] => QQFieldElem[-69//4, -1//4, -10, -45//4],
	[21, 18, 21, 20, 13, 2, 1, 22, 2, 1] => QQFieldElem[-1//2, 1//2, 0, 0],
	[21, 18, 21, 20, 22, 2, 1, 22, 1, 1] => QQFieldElem[8, 0, 4, 4],
	[21, 18, 21, 20, 21, 2, 2, 21, 1, 1] => QQFieldElem[-23//2, -1, -13//2, -15//2],
	[21, 18, 21, 20, 14, 1, 1, 21, 1, 1] => QQFieldElem[6, 0, 4, 4],
	[21, 18, 21, 20, 22, 1, 2, 13, 1, 2] => QQFieldElem[41//44, -183//44, 69//22, -171//44],
	[21, 18, 21, 20, 21, 1, 1, 22, 2, 1] => QQFieldElem[32//5, 14//5, 21//5, 33//5],
	[21, 18, 21, 20, 16, 2, 1, 21, 2, 1] => QQFieldElem[-1//2, -1//2, 0, -1],
	[21, 18, 21, 20, 21, 2, 2, 13, 1, 2] => QQFieldElem[5//11, -3//11, 1//11, 9//22],
	[21, 18, 21, 20, 14, 1, 1, 13, 1, 2] => QQFieldElem[5//176, 1//22, 3//44, 5//88],
	[21, 18, 21, 20, 13, 1, 1, 22, 2, 2] => QQFieldElem[-2//5, -4//5, 4//5, -8//5],
	[21, 18, 21, 20, 22, 1, 1, 22, 1, 2] => QQFieldElem[3//4, 1//8, 3//8, 5//8],
	[21, 18, 21, 20, 21, 1, 2, 21, 1, 2] => QQFieldElem[0, 1//2, -1, 1//2],
	[21, 18, 21, 20, 22, 1, 2, 15, 1, 1] => QQFieldElem[-33//4, 15//4, -31//4, -3//2],
	[21, 18, 21, 20, 21, 2, 1, 22, 1, 2] => QQFieldElem[-3//4, -3//4, 1//4, -5//4],
	[21, 18, 21, 20, 22, 2, 2, 22, 2, 2] => QQFieldElem[-11//2, -3//2, -2, -5],
	[21, 18, 21, 20, 16, 1, 1, 21, 2, 2] => QQFieldElem[-13//4, -31//4, 11//4, -8],
	[21, 18, 21, 20, 21, 2, 2, 15, 1, 1] => QQFieldElem[1, 0, 1//2, 1],
	[21, 18, 21, 20, 22, 1, 2, 16, 1, 1] => QQFieldElem[7//4, -1//4, 3//2, 3//4],
	[21, 18, 21, 20, 14, 1, 1, 15, 1, 1] => QQFieldElem[13//2, 1//2, 7//2, 9//2],
	[21, 18, 21, 20, 15, 1, 1, 21, 2, 1] => QQFieldElem[-6, 2, -6, -2],
	[21, 18, 21, 20, 21, 2, 2, 16, 1, 1] => QQFieldElem[5, 1, 3, 7//2],
	[21, 18, 21, 20, 14, 1, 1, 16, 1, 1] => QQFieldElem[3//20, 1//20, 1//5, 1//10],
	[21, 18, 21, 20, 16, 1, 1, 10, 1, 1] => QQFieldElem[0, 0, -1//4, 1//4],
	[21, 18, 21, 20, 22, 1, 2, 14, 1, 1] => QQFieldElem[123//44, -299//44, 259//44, -52//11],
	[21, 18, 21, 20, 21, 1, 2, 16, 1, 2] => QQFieldElem[-1, 0, -1, -1//2],
	[21, 18, 21, 20, 21, 2, 2, 14, 1, 1] => QQFieldElem[8//11, 3//11, 15//22, 4//11],
	[21, 18, 21, 20, 22, 2, 1, 13, 1, 1] => QQFieldElem[17//44, 9//11, -3//11, 17//22],
	[21, 18, 21, 20, 14, 1, 1, 14, 1, 1] => QQFieldElem[-119//22, 31//22, -93//22, -43//22],
	[21, 18, 21, 20, 13, 1, 1, 21, 2, 1] => QQFieldElem[0, 0, 0, 0],
	[21, 18, 21, 20, 22, 1, 1, 21, 1, 1] => QQFieldElem[12, 17, -4, 25],
	[21, 18, 21, 20, 21, 1, 2, 22, 1, 1] => QQFieldElem[16, -8, 16, 0],
	[21, 18, 21, 20, 10, 1, 1, 22, 1, 2] => QQFieldElem[-8//5, -16//5, 16//5, -12//5],
	[21, 18, 21, 20, 21, 2, 1, 21, 1, 1] => QQFieldElem[12, -9, 13, -1],
	[21, 18, 21, 20, 22, 2, 2, 21, 2, 1] => QQFieldElem[1//2, -1, 1, -1//2],
	[21, 18, 21, 20, 22, 1, 1, 13, 1, 2] => QQFieldElem[19//88, -43//22, 127//88, -149//88],
	[21, 18, 21, 20, 13, 2, 1, 21, 1, 2] => QQFieldElem[-1, 2, -1, 0],
	[21, 18, 21, 20, 16, 1, 1, 22, 2, 1] => QQFieldElem[-1//4, -3//4, 1//4, -1//2],
	[21, 18, 21, 20, 21, 2, 1, 13, 1, 2] => QQFieldElem[-8//11, 3//22, -6//11, -5//11],
	[21, 18, 21, 20, 21, 1, 1, 21, 1, 2] => QQFieldElem[2, 0, 1, 1],
	[21, 18, 21, 20, 22, 1, 2, 21, 2, 2] => QQFieldElem[167//4, 6, 91//4, 123//4],
	[21, 18, 21, 20, 22, 1, 1, 15, 1, 1] => QQFieldElem[-31//8, 5//4, -4, -7//8],
	[21, 18, 21, 20, 16, 2, 1, 22, 1, 2] => QQFieldElem[2//5, -1//5, 1//5, 3//5],
	[21, 18, 21, 20, 22, 2, 1, 22, 2, 2] => QQFieldElem[-11//4, -5//4, -3//2, -5//2],
	[21, 18, 21, 20, 21, 2, 2, 21, 2, 2] => QQFieldElem[59//2, 19//2, 25//2, 57//2],
	[21, 18, 21, 20, 14, 1, 1, 21, 2, 2] => QQFieldElem[8, 16, -8, 24],
	[21, 18, 21, 20, 21, 2, 1, 15, 1, 1] => QQFieldElem[0, 3//4, -1//4, 3//4],
	[21, 18, 21, 20, 22, 1, 1, 16, 1, 1] => QQFieldElem[5//8, 0, 5//8, 5//8])