Dict(
	[21, 13, 17, 19, 14, 2, 1, 20, 2, 2] => QQFieldElem[4, 4, 2, 0],
	[21, 13, 17, 19, 10, 1, 1, 19, 1, 1] => QQFieldElem[0, -1, 0, -1],
	[21, 13, 17, 19, 13, 1, 1, 12, 1, 1] => QQFieldElem[-12//5, -4//5, -6//5, -8//5],
	[21, 13, 17, 19, 22, 2, 1, 11, 1, 1] => QQFieldElem[1, 0, 0, 1],
	[21, 13, 17, 19, 21, 1, 1, 11, 1, 1] => QQFieldElem[0, 1, 0, 1],
	[21, 13, 17, 19, 14, 1, 1, 11, 1, 1] => QQFieldElem[1//2, -1//2, 1//2, 0],
	[21, 13, 17, 19, 10, 1, 1, 18, 1, 1] => QQFieldElem[0, -1, 0, -1],
	[21, 13, 17, 19, 22, 1, 1, 12, 1, 1] => QQFieldElem[-1//5, -1//5, 0, 2//5],
	[21, 13, 17, 19, 13, 1, 1, 20, 1, 1] => QQFieldElem[0, 0, 0, 0],
	[21, 13, 17, 19, 10, 1, 1, 17, 1, 1] => QQFieldElem[2//5, -1//5, 1//5, 1//10],
	[21, 13, 17, 19, 21, 1, 1, 19, 1, 1] => QQFieldElem[1, 1, 1, 0],
	[21, 13, 17, 19, 22, 2, 1, 19, 1, 1] => QQFieldElem[0, 0, 1, 0],
	[21, 13, 17, 19, 16, 1, 1, 12, 1, 1] => QQFieldElem[0, 1//10, -1//5, 1//10],
	[21, 13, 17, 19, 21, 2, 1, 12, 1, 1] => QQFieldElem[6, 2, 4, 6],
	[21, 13, 17, 19, 14, 1, 1, 19, 1, 1] => QQFieldElem[1, 1//2, 1//2, 1],
	[21, 13, 17, 19, 13, 1, 1, 20, 2, 1] => QQFieldElem[4//5, -2//5, -8//5, -4//5],
	[21, 13, 17, 19, 22, 1, 1, 20, 1, 1] => QQFieldElem[-38//55, 14//55, -34//55, -32//55],
	[21, 13, 17, 19, 14, 2, 1, 12, 1, 1] => QQFieldElem[4, 1//2, 5//2, 3],
	[21, 13, 17, 19, 10, 1, 1, 20, 1, 2] => QQFieldElem[0, 0, 0, 0],
	[21, 13, 17, 19, 16, 1, 1, 20, 1, 1] => QQFieldElem[0, 0, 0, 0],
	[21, 13, 17, 19, 21, 2, 1, 20, 1, 1] => QQFieldElem[0, 0, 0, 0],
	[21, 13, 17, 19, 22, 1, 1, 20, 2, 1] => QQFieldElem[2, 0, 3//2, 3//2],
	[21, 13, 17, 19, 22, 2, 1, 18, 1, 1] => QQFieldElem[-1, 0, 0, 0],
	[21, 13, 17, 19, 21, 1, 1, 18, 1, 1] => QQFieldElem[0, 0, 1, 1],
	[21, 13, 17, 19, 10, 1, 1, 20, 2, 2] => QQFieldElem[0, 0, 0, 0],
	[21, 13, 17, 19, 14, 2, 1, 20, 1, 1] => QQFieldElem[-1, -2, 0, -2],
	[21, 13, 17, 19, 22, 2, 1, 17, 1, 1] => QQFieldElem[0, 0, 0, 0],
	[21, 13, 17, 19, 21, 1, 1, 17, 1, 1] => QQFieldElem[1//10, 1//5, 3//10, 2//5],
	[21, 13, 17, 19, 16, 1, 1, 20, 2, 1] => QQFieldElem[-1, -1, -1, 0],
	[21, 13, 17, 19, 14, 1, 1, 18, 1, 1] => QQFieldElem[0, 1//2, 0, 0],
	[21, 13, 17, 19, 21, 2, 1, 20, 2, 1] => QQFieldElem[-148//55, -206//55, -144//55, -32//55],
	[21, 13, 17, 19, 14, 1, 1, 17, 1, 1] => QQFieldElem[1//20, 1//10, 3//20, -1//20],
	[21, 13, 17, 19, 14, 2, 1, 20, 2, 1] => QQFieldElem[1, 0, 1//2, 1//2],
	[21, 13, 17, 19, 22, 2, 1, 20, 1, 2] => QQFieldElem[28//11, -8//11, 10//11, 12//11],
	[21, 13, 17, 19, 21, 1, 1, 20, 1, 2] => QQFieldElem[-36//11, 4//11, -16//11, 16//11],
	[21, 13, 17, 19, 14, 1, 1, 20, 1, 2] => QQFieldElem[1, 1, 1//2, 3//2],
	[21, 13, 17, 19, 22, 2, 1, 20, 2, 2] => QQFieldElem[-19//55, 7//55, -17//55, -16//55],
	[21, 13, 17, 19, 21, 1, 1, 20, 2, 2] => QQFieldElem[4//55, -42//55, -8//55, -14//55],
	[21, 13, 17, 19, 14, 1, 1, 20, 2, 2] => QQFieldElem[1, 0, 0, -1],
	[21, 13, 17, 19, 13, 1, 1, 11, 1, 1] => QQFieldElem[4, 2, 2, 4],
	[21, 13, 17, 19, 10, 1, 1, 12, 1, 1] => QQFieldElem[-8//5, -1//5, -4//5, -7//5],
	[21, 13, 17, 19, 22, 1, 1, 11, 1, 1] => QQFieldElem[-1//5, -2//5, -1//10, -3//10],
	[21, 13, 17, 19, 13, 1, 1, 19, 1, 1] => QQFieldElem[0, 0, 2, 0],
	[21, 13, 17, 19, 10, 1, 1, 20, 1, 1] => QQFieldElem[4//5, -2//5, 2//5, 6//5],
	[21, 13, 17, 19, 16, 1, 1, 11, 1, 1] => QQFieldElem[1//10, -3//10, 3//10, -1//10],
	[21, 13, 17, 19, 21, 2, 1, 11, 1, 1] => QQFieldElem[-8, -2, -2, -8],
	[21, 13, 17, 19, 22, 1, 1, 19, 1, 1] => QQFieldElem[0, 0, 0, 0],
	[21, 13, 17, 19, 14, 2, 1, 11, 1, 1] => QQFieldElem[-11//2, -3//2, -5//2, -5],
	[21, 13, 17, 19, 10, 1, 1, 20, 2, 1] => QQFieldElem[-16//5, -12//5, -8//5, -4//5],
	[21, 13, 17, 19, 22, 2, 1, 12, 1, 1] => QQFieldElem[-6//5, -2//5, -3//5, -4//5],
	[21, 13, 17, 19, 21, 1, 1, 12, 1, 1] => QQFieldElem[3//5, 1//5, -1//5, -8//5],
	[21, 13, 17, 19, 16, 1, 1, 19, 1, 1] => QQFieldElem[-2//5, -3//10, -1//5, -1//10],
	[21, 13, 17, 19, 13, 1, 1, 18, 1, 1] => QQFieldElem[-2, 0, -2, -2],
	[21, 13, 17, 19, 21, 2, 1, 19, 1, 1] => QQFieldElem[-2, -2, -4, -2],
	[21, 13, 17, 19, 14, 1, 1, 12, 1, 1] => QQFieldElem[-1//5, 1//10, -1//10, 1//5],
	[21, 13, 17, 19, 13, 1, 1, 17, 1, 1] => QQFieldElem[0, 0, 0, 0],
	[21, 13, 17, 19, 14, 2, 1, 19, 1, 1] => QQFieldElem[0, 1//2, -1//2, 1],
	[21, 13, 17, 19, 22, 2, 1, 20, 1, 1] => QQFieldElem[-2//11, -1//11, -3//22, 3//22],
	[21, 13, 17, 19, 21, 1, 1, 20, 1, 1] => QQFieldElem[0, 0, 0, 0],
	[21, 13, 17, 19, 22, 1, 1, 18, 1, 1] => QQFieldElem[-1//5, -2//5, -3//5, -3//10],
	[21, 13, 17, 19, 14, 1, 1, 20, 1, 1] => QQFieldElem[-8//5, -6//5, -4//5, -2//5],
	[21, 13, 17, 19, 22, 1, 1, 17, 1, 1] => QQFieldElem[-1//10, -3//20, -3//20, -1//10],
	[21, 13, 17, 19, 13, 1, 1, 20, 1, 2] => QQFieldElem[4, 4, 0, 0],
	[21, 13, 17, 19, 22, 2, 1, 20, 2, 1] => QQFieldElem[7//110, 9//110, -7//55, 3//110],
	[21, 13, 17, 19, 21, 1, 1, 20, 2, 1] => QQFieldElem[0, 0, 0, 0],
	[21, 13, 17, 19, 16, 1, 1, 18, 1, 1] => QQFieldElem[1//10, 1//5, -1//5, -1//10],
	[21, 13, 17, 19, 21, 2, 1, 18, 1, 1] => QQFieldElem[6, 0, 2, 2],
	[21, 13, 17, 19, 16, 1, 1, 17, 1, 1] => QQFieldElem[1//20, 1//20, 0, -1//10],
	[21, 13, 17, 19, 14, 1, 1, 20, 2, 1] => QQFieldElem[-2, -2, -2, 0],
	[21, 13, 17, 19, 21, 2, 1, 17, 1, 1] => QQFieldElem[0, 0, 0, 0],
	[21, 13, 17, 19, 14, 2, 1, 18, 1, 1] => QQFieldElem[2, 1//2, 1, 2],
	[21, 13, 17, 19, 13, 1, 1, 20, 2, 2] => QQFieldElem[0, 0, 0, 0],
	[21, 13, 17, 19, 14, 2, 1, 17, 1, 1] => QQFieldElem[-9//20, 1//10, -7//20, -1//20],
	[21, 13, 17, 19, 22, 1, 1, 20, 1, 2] => QQFieldElem[-27//55, -74//55, -56//55, -43//55],
	[21, 13, 17, 19, 16, 1, 1, 20, 1, 2] => QQFieldElem[-32//55, 6//55, -46//55, 2//55],
	[21, 13, 17, 19, 21, 2, 1, 20, 1, 2] => QQFieldElem[8//11, 64//55, 52//55, 14//55],
	[21, 13, 17, 19, 22, 1, 1, 20, 2, 2] => QQFieldElem[7//55, 4//11, 19//55, 14//55],
	[21, 13, 17, 19, 10, 1, 1, 11, 1, 1] => QQFieldElem[3, 1, 1, 3],
	[21, 13, 17, 19, 14, 2, 1, 20, 1, 2] => QQFieldElem[-1//10, 3//10, 1//5, 1//10],
	[21, 13, 17, 19, 16, 1, 1, 20, 2, 2] => QQFieldElem[8//55, -84//55, -16//55, -28//55],
	[21, 13, 17, 19, 21, 2, 1, 20, 2, 2] => QQFieldElem[-43//55, -16//55, -24//55, -42//55])