Dict(
	[21, 17, 10, 12, 14, 1, 1, 21, 1, 1] => QQFieldElem[1//2, 3//4, 3//4, 1//2],
	[21, 17, 10, 12, 22, 1, 1, 22, 2, 1] => QQFieldElem[0, 0, 0, 0],
	[21, 17, 10, 12, 14, 1, 1, 22, 1, 1] => QQFieldElem[0, -1//20, -2//5, -1//20],
	[21, 17, 10, 12, 14, 1, 1, 21, 2, 1] => QQFieldElem[0, -3//2, 1//2, -3//2],
	[21, 17, 10, 12, 10, 1, 1, 21, 1, 1] => QQFieldElem[0, 1//20, -1//10, 1//20],
	[21, 17, 10, 12, 14, 1, 1, 22, 2, 1] => QQFieldElem[2, 0, 1, 1],
	[21, 17, 10, 12, 10, 1, 1, 22, 1, 1] => QQFieldElem[-1//2, 0, 1//4, 1//4],
	[21, 17, 10, 12, 13, 1, 1, 21, 1, 1] => QQFieldElem[0, -1//4, 0, -1//4],
	[21, 17, 10, 12, 10, 1, 1, 21, 2, 1] => QQFieldElem[1, 0, 1, 1],
	[21, 17, 10, 12, 13, 1, 1, 22, 1, 1] => QQFieldElem[1//2, 0, 1//4, 1//4],
	[21, 17, 10, 12, 10, 1, 1, 22, 2, 1] => QQFieldElem[3//2, 3//2, 0, 2],
	[21, 17, 10, 12, 13, 1, 1, 21, 2, 1] => QQFieldElem[0, 0, 0, 0],
	[21, 17, 10, 12, 22, 1, 1, 21, 1, 1] => QQFieldElem[-1//2, -1//4, -1//4, -1//2],
	[21, 17, 10, 12, 13, 1, 1, 22, 2, 1] => QQFieldElem[1//2, -1//2, 0, 0],
	[21, 17, 10, 12, 22, 1, 1, 22, 1, 1] => QQFieldElem[0, -1//4, 0, -1//4],
	[21, 17, 10, 12, 22, 1, 1, 21, 2, 1] => QQFieldElem[1, 1//2, 1//2, 1//2])