Dict(
	[21, 12, 20, 10, 20, 1, 1, 15, 1, 1] => QQFieldElem[1//8, 1//4, 1//8, 1//8],
	[21, 12, 20, 10, 18, 1, 1, 14, 1, 1] => QQFieldElem[-1//4, 0, -1//8, -1//8],
	[21, 12, 20, 10, 20, 1, 1, 21, 1, 1] => QQFieldElem[0, -1//8, 0, 1//8],
	[21, 12, 20, 10, 19, 1, 1, 14, 1, 1] => QQFieldElem[1//8, 1//8, 0, 1//4],
	[21, 12, 20, 10, 11, 1, 1, 14, 1, 1] => QQFieldElem[1//4, 0, 1//8, 1//8],
	[21, 12, 20, 10, 20, 1, 1, 22, 1, 1] => QQFieldElem[-1//2, 0, 0, -1//2],
	[21, 12, 20, 10, 18, 1, 1, 15, 1, 1] => QQFieldElem[0, 0, 1//8, 0],
	[21, 12, 20, 10, 19, 1, 1, 15, 1, 1] => QQFieldElem[-1//8, 0, -1//8, -1//8],
	[21, 12, 20, 10, 11, 1, 1, 15, 1, 1] => QQFieldElem[0, 0, 1//8, 0],
	[21, 12, 20, 10, 18, 1, 1, 21, 1, 1] => QQFieldElem[-1//8, 0, 0, -1//8],
	[21, 12, 20, 10, 19, 1, 1, 21, 1, 1] => QQFieldElem[0, 1//8, 0, 1//8],
	[21, 12, 20, 10, 18, 1, 1, 22, 1, 1] => QQFieldElem[-2//5, -3//10, -1//5, -3//5],
	[21, 12, 20, 10, 11, 1, 1, 21, 1, 1] => QQFieldElem[-1//8, 0, 0, -1//8],
	[21, 12, 20, 10, 19, 1, 1, 22, 1, 1] => QQFieldElem[-3//10, 2//5, -2//5, 3//10],
	[21, 12, 20, 10, 11, 1, 1, 22, 1, 1] => QQFieldElem[2//5, 3//10, 1//5, 3//5],
	[21, 12, 20, 10, 20, 1, 1, 14, 1, 1] => QQFieldElem[-1//8, 1//8, 0, 0])