Dict(
	[21, 11, 20, 16, 17, 1, 1, 22, 1, 2] => QQFieldElem[0, 0, 0, 0],
	[21, 11, 20, 16, 19, 1, 1, 22, 1, 1] => QQFieldElem[4//5, 3//5, 2//5, 6//5],
	[21, 11, 20, 16, 20, 1, 1, 21, 1, 2] => QQFieldElem[-1//4, -1//4, 0, 1//2],
	[21, 11, 20, 16, 12, 1, 1, 21, 1, 2] => QQFieldElem[0, -1//2, 0, 0],
	[21, 11, 20, 16, 20, 1, 1, 14, 1, 1] => QQFieldElem[2, 0, 3//2, 3//2],
	[21, 11, 20, 16, 12, 1, 1, 14, 1, 1] => QQFieldElem[-2, -1, -1, -2],
	[21, 11, 20, 16, 20, 1, 1, 22, 1, 2] => QQFieldElem[0, -3//2, 1//2, -3//2],
	[21, 11, 20, 16, 20, 2, 1, 21, 1, 2] => QQFieldElem[1, 0, 1//2, 1],
	[21, 11, 20, 16, 17, 1, 1, 15, 1, 1] => QQFieldElem[-4//11, -3//22, -1//11, -2//11],
	[21, 11, 20, 16, 20, 2, 1, 14, 1, 1] => QQFieldElem[2, 0, 1, 2],
	[21, 11, 20, 16, 12, 1, 1, 22, 1, 2] => QQFieldElem[0, 0, 0, 0],
	[21, 11, 20, 16, 20, 2, 1, 22, 1, 2] => QQFieldElem[-2, -1, -1, -2],
	[21, 11, 20, 16, 17, 1, 1, 21, 1, 1] => QQFieldElem[1//4, 3//4, 1//4, 0],
	[21, 11, 20, 16, 20, 1, 1, 15, 1, 1] => QQFieldElem[15//44, 7//44, 1//44, 1//22],
	[21, 11, 20, 16, 12, 1, 1, 15, 1, 1] => QQFieldElem[-4//11, -3//22, -1//11, -2//11],
	[21, 11, 20, 16, 17, 1, 1, 22, 1, 1] => QQFieldElem[1, 0, 0, 1],
	[21, 11, 20, 16, 18, 1, 1, 21, 1, 2] => QQFieldElem[0, 0, 0, 0],
	[21, 11, 20, 16, 20, 2, 1, 15, 1, 1] => QQFieldElem[7//11, 4//11, 10//11, 9//11],
	[21, 11, 20, 16, 18, 1, 1, 14, 1, 1] => QQFieldElem[-2, 0, -3//2, -3//2],
	[21, 11, 20, 16, 20, 1, 1, 21, 1, 1] => QQFieldElem[3//4, 1//4, 1, 1//2],
	[21, 11, 20, 16, 12, 1, 1, 21, 1, 1] => QQFieldElem[0, -1//2, 0, 0],
	[21, 11, 20, 16, 18, 1, 1, 22, 1, 2] => QQFieldElem[0, 0, 0, 0],
	[21, 11, 20, 16, 19, 1, 1, 21, 1, 2] => QQFieldElem[-1//2, 0, 0, -1//2],
	[21, 11, 20, 16, 19, 1, 1, 14, 1, 1] => QQFieldElem[-2, 0, -1, -2],
	[21, 11, 20, 16, 20, 1, 1, 22, 1, 1] => QQFieldElem[1, 1//2, 1//2, 1//2],
	[21, 11, 20, 16, 20, 2, 1, 21, 1, 1] => QQFieldElem[1, 0, 1//2, 1],
	[21, 11, 20, 16, 12, 1, 1, 22, 1, 1] => QQFieldElem[0, 0, 0, 0],
	[21, 11, 20, 16, 19, 1, 1, 22, 1, 2] => QQFieldElem[-4//5, -3//5, -2//5, -6//5],
	[21, 11, 20, 16, 20, 2, 1, 22, 1, 1] => QQFieldElem[2, 1, 1, 2],
	[21, 11, 20, 16, 18, 1, 1, 15, 1, 1] => QQFieldElem[17//44, 5//44, 29//44, 7//22],
	[21, 11, 20, 16, 19, 1, 1, 15, 1, 1] => QQFieldElem[7//11, 4//11, 10//11, 9//11],
	[21, 11, 20, 16, 18, 1, 1, 21, 1, 1] => QQFieldElem[-1//4, 1//4, 1//4, 1],
	[21, 11, 20, 16, 17, 1, 1, 21, 1, 2] => QQFieldElem[0, 0, 0, 0],
	[21, 11, 20, 16, 19, 1, 1, 21, 1, 1] => QQFieldElem[-1//2, 0, 0, -1//2],
	[21, 11, 20, 16, 18, 1, 1, 22, 1, 1] => QQFieldElem[-3, 0, -2, -1],
	[21, 11, 20, 16, 17, 1, 1, 14, 1, 1] => QQFieldElem[2, 1, 1, 2])