Dict(
	[21, 6, 19, 21, 11, 1, 1, 21, 1, 1] => QQFieldElem[1//8, -1//4, 1//4, -1//8],
	[21, 6, 19, 21, 7, 1, 1, 21, 1, 1] => QQFieldElem[-3//20, 1//5, -1//5, 3//20],
	[21, 6, 19, 21, 19, 1, 1, 22, 1, 1] => QQFieldElem[1//2, 1, -1//4, 5//4],
	[21, 6, 19, 21, 19, 2, 1, 21, 1, 1] => QQFieldElem[2, 1//2, 1//2, 2],
	[21, 6, 19, 21, 19, 1, 1, 16, 1, 1] => QQFieldElem[1//16, -1//16, -1//16, 1//16],
	[21, 6, 19, 21, 11, 1, 1, 22, 1, 1] => QQFieldElem[0, 0, 0, 0],
	[21, 6, 19, 21, 7, 1, 1, 22, 1, 1] => QQFieldElem[0, 0, 0, 0],
	[21, 6, 19, 21, 11, 1, 1, 16, 1, 1] => QQFieldElem[-7//16, -3//16, -3//16, -7//16],
	[21, 6, 19, 21, 19, 2, 1, 22, 1, 1] => QQFieldElem[-11//5, -2//5, -11//10, -9//5],
	[21, 6, 19, 21, 7, 1, 1, 16, 1, 1] => QQFieldElem[-1//4, 1//4, -1//4, 0],
	[21, 6, 19, 21, 19, 2, 1, 16, 1, 1] => QQFieldElem[0, 0, 0, 0],
	[21, 6, 19, 21, 12, 1, 1, 21, 1, 2] => QQFieldElem[-2, -1, -1, -2],
	[21, 6, 19, 21, 12, 1, 1, 22, 1, 2] => QQFieldElem[8//5, 1//5, 4//5, 7//5],
	[21, 6, 19, 21, 12, 1, 1, 21, 1, 1] => QQFieldElem[1//40, 1//20, -1//20, -1//40],
	[21, 6, 19, 21, 19, 1, 1, 21, 1, 2] => QQFieldElem[-1//4, 0, 0, 1//4],
	[21, 6, 19, 21, 11, 1, 1, 21, 1, 2] => QQFieldElem[1//16, 0, 0, 0],
	[21, 6, 19, 21, 7, 1, 1, 21, 1, 2] => QQFieldElem[-7//16, -1//8, -1//4, -3//8],
	[21, 6, 19, 21, 19, 1, 1, 22, 1, 2] => QQFieldElem[0, 0, -1//4, 1//4],
	[21, 6, 19, 21, 12, 1, 1, 16, 1, 1] => QQFieldElem[1//4, -1//4, 1//4, 0],
	[21, 6, 19, 21, 19, 2, 1, 21, 1, 2] => QQFieldElem[0, -1//2, -1//2, 0],
	[21, 6, 19, 21, 12, 1, 1, 22, 1, 1] => QQFieldElem[-8//5, -2//5, -2//5, -8//5],
	[21, 6, 19, 21, 7, 1, 1, 22, 1, 2] => QQFieldElem[-3//5, -1//5, -3//10, -2//5],
	[21, 6, 19, 21, 11, 1, 1, 22, 1, 2] => QQFieldElem[3//5, 1//5, 3//10, 2//5],
	[21, 6, 19, 21, 19, 2, 1, 22, 1, 2] => QQFieldElem[0, -1, 1//2, -1],
	[21, 6, 19, 21, 19, 1, 1, 21, 1, 1] => QQFieldElem[-1//4, -3//2, 1//2, -5//4])