Dict(
	[21, 9, 20, 20, 22, 1, 1, 19, 1, 1] => QQFieldElem[0, 0, 0, 0],
	[21, 9, 20, 20, 22, 1, 1, 12, 1, 1] => QQFieldElem[-1//8, -1//8, -1//4, -1//8],
	[21, 9, 20, 20, 22, 2, 1, 19, 1, 1] => QQFieldElem[1, 1, 0, -1],
	[21, 9, 20, 20, 21, 1, 1, 19, 1, 1] => QQFieldElem[-1//8, 0, -1//4, -1//4],
	[21, 9, 20, 20, 22, 2, 1, 12, 1, 1] => QQFieldElem[0, 0, 0, 1//4],
	[21, 9, 20, 20, 21, 1, 1, 12, 1, 1] => QQFieldElem[1//4, 1//8, 1//8, 1//8],
	[21, 9, 20, 20, 21, 2, 1, 19, 1, 1] => QQFieldElem[0, 0, -1//4, 0],
	[21, 9, 20, 20, 21, 2, 1, 12, 1, 1] => QQFieldElem[0, -1, -1//2, -1],
	[21, 9, 20, 20, 15, 1, 1, 20, 1, 1] => QQFieldElem[1//4, 1//8, 1//8, 1//8],
	[21, 9, 20, 20, 14, 1, 1, 12, 1, 1] => QQFieldElem[1//8, 1//8, 1//4, 1//8],
	[21, 9, 20, 20, 14, 1, 1, 19, 1, 1] => QQFieldElem[1//8, 1//8, -1//8, -1//8],
	[21, 9, 20, 20, 22, 1, 1, 20, 1, 1] => QQFieldElem[-1//8, 0, 0, 0],
	[21, 9, 20, 20, 22, 2, 1, 20, 1, 1] => QQFieldElem[0, 0, 1//4, 0],
	[21, 9, 20, 20, 21, 1, 1, 20, 1, 1] => QQFieldElem[1//8, 1//8, 1//8, 1//4],
	[21, 9, 20, 20, 15, 1, 1, 17, 1, 1] => QQFieldElem[-1//4, 0, 1//4, 0],
	[21, 9, 20, 20, 15, 1, 1, 19, 1, 2] => QQFieldElem[1, 1, 2, 1],
	[21, 9, 20, 20, 21, 2, 1, 20, 1, 1] => QQFieldElem[0, -1, 0, 0],
	[21, 9, 20, 20, 14, 1, 1, 20, 1, 1] => QQFieldElem[-1//8, -1//8, -1//8, -1//8],
	[21, 9, 20, 20, 22, 1, 1, 17, 1, 1] => QQFieldElem[0, 1//4, 1//4, 0],
	[21, 9, 20, 20, 22, 1, 1, 19, 1, 2] => QQFieldElem[0, -1//4, -1//4, 0],
	[21, 9, 20, 20, 15, 1, 1, 11, 1, 1] => QQFieldElem[1//8, 0, 1//4, 1//4],
	[21, 9, 20, 20, 22, 2, 1, 17, 1, 1] => QQFieldElem[0, 0, 0, 0],
	[21, 9, 20, 20, 22, 2, 1, 19, 1, 2] => QQFieldElem[0, 0, 0, 0],
	[21, 9, 20, 20, 22, 1, 1, 11, 1, 1] => QQFieldElem[-1//8, -1//8, -1//4, -1//8],
	[21, 9, 20, 20, 21, 1, 1, 17, 1, 1] => QQFieldElem[0, 0, 0, 0],
	[21, 9, 20, 20, 21, 1, 1, 19, 1, 2] => QQFieldElem[0, 1//4, 1//4, 0],
	[21, 9, 20, 20, 21, 2, 1, 17, 1, 1] => QQFieldElem[-1, -1, 0, 1],
	[21, 9, 20, 20, 22, 2, 1, 11, 1, 1] => QQFieldElem[0, 0, 0, -1//4],
	[21, 9, 20, 20, 14, 1, 1, 17, 1, 1] => QQFieldElem[0, 1//4, 1//4, 0],
	[21, 9, 20, 20, 14, 1, 1, 19, 1, 2] => QQFieldElem[-1//4, 1//8, -1//8, -3//8],
	[21, 9, 20, 20, 21, 1, 1, 11, 1, 1] => QQFieldElem[1//4, 1//8, 1//8, 1//8],
	[21, 9, 20, 20, 21, 2, 1, 19, 1, 2] => QQFieldElem[-1//4, 0, 1//4, 0],
	[21, 9, 20, 20, 21, 2, 1, 11, 1, 1] => QQFieldElem[0, -1, -1//2, -1],
	[21, 9, 20, 20, 15, 1, 1, 12, 1, 1] => QQFieldElem[-1//8, 0, -1//4, -1//4],
	[21, 9, 20, 20, 15, 1, 1, 19, 1, 1] => QQFieldElem[1//8, 1//8, 1//8, 1//4],
	[21, 9, 20, 20, 14, 1, 1, 11, 1, 1] => QQFieldElem[-1//8, -1//8, -1//4, -1//8])