Dict(
	[21, 21, 18, 12, 16, 1, 1, 19, 2, 1] => QQFieldElem[1, 0, 1, 1],
	[21, 21, 18, 12, 13, 1, 1, 18, 2, 1] => QQFieldElem[3//4, 3//4, -1//4, 5//4],
	[21, 21, 18, 12, 21, 1, 1, 20, 1, 1] => QQFieldElem[0, -2, 5//4, -2],
	[21, 21, 18, 12, 22, 1, 1, 18, 1, 1] => QQFieldElem[2, 1//2, 1, 3//2],
	[21, 21, 18, 12, 22, 1, 2, 20, 2, 1] => QQFieldElem[3//5, -1//5, 3//5, 0],
	[21, 21, 18, 12, 13, 1, 1, 17, 2, 1] => QQFieldElem[-17//44, -4//11, 1//11, -9//11],
	[21, 21, 18, 12, 14, 1, 1, 20, 1, 1] => QQFieldElem[22//5, 0, 14//5, 14//5],
	[21, 21, 18, 12, 21, 1, 2, 18, 1, 1] => QQFieldElem[1//2, 1//2, 0, 3//2],
	[21, 21, 18, 12, 22, 1, 1, 17, 1, 1] => QQFieldElem[20//11, -13//22, 19//22, 7//11],
	[21, 21, 18, 12, 16, 1, 1, 18, 1, 1] => QQFieldElem[1, 1, 0, 2],
	[21, 21, 18, 12, 21, 1, 2, 17, 1, 1] => QQFieldElem[27//11, 27//22, 12//11, 75//22],
	[21, 21, 18, 12, 21, 1, 1, 20, 2, 1] => QQFieldElem[0, 2, -5//4, 2],
	[21, 21, 18, 12, 22, 1, 1, 18, 2, 1] => QQFieldElem[2, 0, 3//2, 3//2],
	[21, 21, 18, 12, 16, 1, 1, 17, 1, 1] => QQFieldElem[1//11, 10//11, -8//11, 17//11],
	[21, 21, 18, 12, 14, 1, 1, 20, 2, 1] => QQFieldElem[11//5, -3//5, 8//5, 4//5],
	[21, 21, 18, 12, 21, 1, 2, 18, 2, 1] => QQFieldElem[-1//2, -1//2, 0, -1//2],
	[21, 21, 18, 12, 22, 1, 1, 17, 2, 1] => QQFieldElem[7//11, -15//22, 8//11, -5//22],
	[21, 21, 18, 12, 16, 1, 1, 18, 2, 1] => QQFieldElem[1, 1, 0, 1],
	[21, 21, 18, 12, 21, 1, 2, 17, 2, 1] => QQFieldElem[5//11, 5//22, 1//11, 9//22],
	[21, 21, 18, 12, 15, 1, 1, 12, 1, 1] => QQFieldElem[0, -1, 3//4, -1],
	[21, 21, 18, 12, 16, 1, 1, 17, 2, 1] => QQFieldElem[10//11, 5//11, 2//11, 9//11],
	[21, 21, 18, 12, 15, 1, 1, 20, 1, 1] => QQFieldElem[-22//5, -8//5, -8//5, -22//5],
	[21, 21, 18, 12, 15, 1, 1, 20, 2, 1] => QQFieldElem[-11//5, -7//5, -3//5, -14//5],
	[21, 21, 18, 12, 10, 1, 1, 19, 1, 1] => QQFieldElem[0, 0, 0, 0],
	[21, 21, 18, 12, 13, 1, 1, 12, 1, 1] => QQFieldElem[0, 3, -9//4, 3],
	[21, 21, 18, 12, 10, 1, 1, 19, 2, 1] => QQFieldElem[0, 0, 0, 0],
	[21, 21, 18, 12, 22, 1, 2, 19, 1, 1] => QQFieldElem[-2, -1, -1, -2],
	[21, 21, 18, 12, 10, 1, 1, 18, 1, 1] => QQFieldElem[0, -1, 0, -1],
	[21, 21, 18, 12, 22, 1, 1, 12, 1, 1] => QQFieldElem[-1, -2, 1//2, -5//2],
	[21, 21, 18, 12, 13, 1, 1, 20, 1, 1] => QQFieldElem[10, 0, 6, 6],
	[21, 21, 18, 12, 21, 1, 2, 12, 1, 1] => QQFieldElem[-3, -1, -1, -3],
	[21, 21, 18, 12, 10, 1, 1, 17, 1, 1] => QQFieldElem[5//11, -5//11, 4//11, -3//11],
	[21, 21, 18, 12, 21, 1, 1, 19, 1, 1] => QQFieldElem[0, 2, -1//4, 2],
	[21, 21, 18, 12, 16, 1, 1, 12, 1, 1] => QQFieldElem[1, 0, 1//2, 1//2],
	[21, 21, 18, 12, 22, 1, 2, 19, 2, 1] => QQFieldElem[-1, 1, -1, 0],
	[21, 21, 18, 12, 10, 1, 1, 18, 2, 1] => QQFieldElem[7//4, 3//4, 3//4, 7//4],
	[21, 21, 18, 12, 13, 1, 1, 20, 2, 1] => QQFieldElem[0, -5, 3, -5],
	[21, 21, 18, 12, 14, 1, 1, 19, 1, 1] => QQFieldElem[0, 0, 0, 0],
	[21, 21, 18, 12, 10, 1, 1, 17, 2, 1] => QQFieldElem[111//44, 49//22, 9//11, 40//11],
	[21, 21, 18, 12, 21, 1, 1, 19, 2, 1] => QQFieldElem[0, 1, -3//4, 1],
	[21, 21, 18, 12, 22, 1, 1, 20, 1, 1] => QQFieldElem[-7//10, -2//5, -1//10, -4//5],
	[21, 21, 18, 12, 21, 1, 2, 20, 1, 1] => QQFieldElem[-2, 0, -3//2, -3//2],
	[21, 21, 18, 12, 22, 1, 2, 18, 1, 1] => QQFieldElem[0, -1, 1, -1],
	[21, 21, 18, 12, 16, 1, 1, 20, 1, 1] => QQFieldElem[-14//5, 8//5, -14//5, 0],
	[21, 21, 18, 12, 14, 1, 1, 19, 2, 1] => QQFieldElem[1, 1, 0, 0],
	[21, 21, 18, 12, 22, 1, 1, 20, 2, 1] => QQFieldElem[7//10, -1//10, 3//5, 3//10],
	[21, 21, 18, 12, 22, 1, 2, 17, 1, 1] => QQFieldElem[-9//11, -10//11, 7//11, -18//11],
	[21, 21, 18, 12, 21, 1, 1, 18, 1, 1] => QQFieldElem[-7//4, 0, -1, -1],
	[21, 21, 18, 12, 21, 1, 2, 20, 2, 1] => QQFieldElem[-9//5, 0, -11//10, -11//10],
	[21, 21, 18, 12, 22, 1, 2, 18, 2, 1] => QQFieldElem[-1, 0, 0, -1],
	[21, 21, 18, 12, 21, 1, 1, 17, 1, 1] => QQFieldElem[-111//44, 49//44, -75//44, -13//44],
	[21, 21, 18, 12, 16, 1, 1, 20, 2, 1] => QQFieldElem[3//5, 0, 1//5, 1//5],
	[21, 21, 18, 12, 14, 1, 1, 18, 1, 1] => QQFieldElem[0, 1//2, 0, 1//2],
	[21, 21, 18, 12, 22, 1, 2, 17, 2, 1] => QQFieldElem[-17//11, -3//11, -10//11, -12//11],
	[21, 21, 18, 12, 21, 1, 1, 18, 2, 1] => QQFieldElem[-3//4, 1//2, -1, 0],
	[21, 21, 18, 12, 14, 1, 1, 17, 1, 1] => QQFieldElem[5//22, -5//22, 2//11, -3//22],
	[21, 21, 18, 12, 21, 1, 1, 17, 2, 1] => QQFieldElem[17//44, -19//44, 21//44, 1//44],
	[21, 21, 18, 12, 15, 1, 1, 19, 1, 1] => QQFieldElem[-2//5, -4//5, 4//5, 2//5],
	[21, 21, 18, 12, 14, 1, 1, 18, 2, 1] => QQFieldElem[-2, -1//2, -1//2, -2],
	[21, 21, 18, 12, 14, 1, 1, 17, 2, 1] => QQFieldElem[-7//11, -19//22, 1//11, -29//22],
	[21, 21, 18, 12, 15, 1, 1, 19, 2, 1] => QQFieldElem[-1, -1, -1, 0],
	[21, 21, 18, 12, 15, 1, 1, 18, 1, 1] => QQFieldElem[-1, 0, -1, 0],
	[21, 21, 18, 12, 15, 1, 1, 17, 1, 1] => QQFieldElem[-14//11, 3//11, -9//11, -7//11],
	[21, 21, 18, 12, 10, 1, 1, 12, 1, 1] => QQFieldElem[2, 0, 1, 1],
	[21, 21, 18, 12, 15, 1, 1, 18, 2, 1] => QQFieldElem[-2, -1//2, -1, -3//2],
	[21, 21, 18, 12, 15, 1, 1, 17, 2, 1] => QQFieldElem[-20//11, -13//11, -21//22, -53//22],
	[21, 21, 18, 12, 13, 1, 1, 19, 1, 1] => QQFieldElem[0, 0, 0, 0],
	[21, 21, 18, 12, 10, 1, 1, 20, 1, 1] => QQFieldElem[0, 0, 0, 0],
	[21, 21, 18, 12, 13, 1, 1, 19, 2, 1] => QQFieldElem[0, 1, 0, 1],
	[21, 21, 18, 12, 22, 1, 2, 12, 1, 1] => QQFieldElem[-2, 1, -2, 0],
	[21, 21, 18, 12, 22, 1, 1, 19, 1, 1] => QQFieldElem[1//2, -1, 3//2, -1],
	[21, 21, 18, 12, 10, 1, 1, 20, 2, 1] => QQFieldElem[0, 8, -5, 8],
	[21, 21, 18, 12, 21, 1, 2, 19, 1, 1] => QQFieldElem[2, 0, 3//2, 3//2],
	[21, 21, 18, 12, 21, 1, 1, 12, 1, 1] => QQFieldElem[1, -3//2, 3//2, -1],
	[21, 21, 18, 12, 16, 1, 1, 19, 1, 1] => QQFieldElem[2//5, 4//5, 6//5, 8//5],
	[21, 21, 18, 12, 13, 1, 1, 18, 1, 1] => QQFieldElem[0, -1//2, 1, -1//2],
	[21, 21, 18, 12, 22, 1, 1, 19, 2, 1] => QQFieldElem[-1//2, -3//2, 1, -3//2],
	[21, 21, 18, 12, 14, 1, 1, 12, 1, 1] => QQFieldElem[5, 0, 5//2, 5//2],
	[21, 21, 18, 12, 22, 1, 2, 20, 1, 1] => QQFieldElem[4//5, 1//5, 1//5, 4//5],
	[21, 21, 18, 12, 21, 1, 2, 19, 2, 1] => QQFieldElem[-1, 0, -1//2, -1//2],
	[21, 21, 18, 12, 13, 1, 1, 17, 1, 1] => QQFieldElem[27//22, -27//22, 24//11, -3//22])