Dict(
	[21, 11, 7, 13, 8, 1, 1, 9, 1, 1] => QQFieldElem[2, 0, 0, 2],
	[21, 11, 7, 13, 20, 1, 1, 13, 1, 1] => QQFieldElem[0, 0, 0, 0],
	[21, 11, 7, 13, 11, 1, 1, 10, 1, 1] => QQFieldElem[0, -2, -2, 0],
	[21, 11, 7, 13, 8, 1, 1, 16, 1, 1] => QQFieldElem[-24//11, -8//11, -4//11, -14//11],
	[21, 11, 7, 13, 20, 2, 1, 13, 1, 1] => QQFieldElem[0, 0, 0, 0],
	[21, 11, 7, 13, 8, 1, 1, 10, 1, 1] => QQFieldElem[0, -2, -2, 0],
	[21, 11, 7, 13, 20, 1, 1, 9, 1, 1] => QQFieldElem[1//2, 0, 1//2, 1//2],
	[21, 11, 7, 13, 20, 1, 1, 16, 1, 1] => QQFieldElem[1//2, -1//2, 0, 0],
	[21, 11, 7, 13, 20, 2, 1, 9, 1, 1] => QQFieldElem[1//2, 0, 1//2, 1//2],
	[21, 11, 7, 13, 11, 1, 1, 13, 1, 1] => QQFieldElem[28//11, 24//11, 12//11, 20//11],
	[21, 11, 7, 13, 20, 2, 1, 16, 1, 1] => QQFieldElem[-1//2, 1//2, 0, 0],
	[21, 11, 7, 13, 20, 1, 1, 10, 1, 1] => QQFieldElem[1//2, 0, 0, 0],
	[21, 11, 7, 13, 8, 1, 1, 13, 1, 1] => QQFieldElem[-28//11, -24//11, -12//11, -20//11],
	[21, 11, 7, 13, 20, 2, 1, 10, 1, 1] => QQFieldElem[1//2, 0, 0, 0],
	[21, 11, 7, 13, 11, 1, 1, 9, 1, 1] => QQFieldElem[2, 0, 0, 2],
	[21, 11, 7, 13, 11, 1, 1, 16, 1, 1] => QQFieldElem[24//11, 8//11, 4//11, 14//11])