Dict(
	[21, 12, 13, 11, 21, 1, 1, 15, 1, 1] => QQFieldElem[0, 0, 0, 0],
	[21, 12, 13, 11, 15, 1, 1, 22, 1, 1] => QQFieldElem[1//20, 1//10, 3//20, 1//5],
	[21, 12, 13, 11, 22, 1, 1, 21, 1, 1] => QQFieldElem[-1//8, 1//8, 0, 0],
	[21, 12, 13, 11, 22, 1, 1, 22, 1, 1] => QQFieldElem[-1//8, -1//8, 0, 0],
	[21, 12, 13, 11, 14, 1, 1, 15, 1, 1] => QQFieldElem[1//22, 7//88, 1//88, 13//88],
	[21, 12, 13, 11, 21, 1, 1, 21, 1, 1] => QQFieldElem[3//40, 1//40, 1//10, 1//20],
	[21, 12, 13, 11, 21, 1, 1, 22, 1, 1] => QQFieldElem[-1//8, -1//8, 0, -1//4],
	[21, 12, 13, 11, 14, 1, 1, 21, 1, 1] => QQFieldElem[1//20, 1//10, 3//20, 1//5],
	[21, 12, 13, 11, 14, 1, 1, 22, 1, 1] => QQFieldElem[0, 0, 0, 0],
	[21, 12, 13, 11, 15, 1, 1, 14, 1, 1] => QQFieldElem[1//4, 1//8, 1//8, 1//8],
	[21, 12, 13, 11, 22, 1, 1, 14, 1, 1] => QQFieldElem[0, 0, 0, 0],
	[21, 12, 13, 11, 21, 1, 1, 14, 1, 1] => QQFieldElem[-1//4, 0, 0, -1//4],
	[21, 12, 13, 11, 15, 1, 1, 15, 1, 1] => QQFieldElem[3//44, 5//88, 7//88, 3//88],
	[21, 12, 13, 11, 22, 1, 1, 15, 1, 1] => QQFieldElem[-7//44, -1//11, -5//22, -9//44],
	[21, 12, 13, 11, 14, 1, 1, 14, 1, 1] => QQFieldElem[0, -1//8, -1//8, -1//8],
	[21, 12, 13, 11, 15, 1, 1, 21, 1, 1] => QQFieldElem[0, 0, 0, 0])