Dict(
	[21, 16, 6, 20, 21, 1, 1, 20, 1, 1] => QQFieldElem[3//2, 1//2, 1//2, 1],
	[21, 16, 6, 20, 16, 1, 1, 20, 1, 1] => QQFieldElem[0, 0, 0, 0],
	[21, 16, 6, 20, 21, 2, 1, 20, 1, 1] => QQFieldElem[1//2, -1//2, 1//2, -1],
	[21, 16, 6, 20, 16, 2, 1, 20, 1, 1] => QQFieldElem[6//5, 2//5, 8//5, 4//5],
	[21, 16, 6, 20, 21, 1, 1, 18, 1, 1] => QQFieldElem[-6, 0, -4, 0],
	[21, 16, 6, 20, 16, 1, 1, 18, 1, 1] => QQFieldElem[1, 1//2, 1, 1//2],
	[21, 16, 6, 20, 21, 1, 1, 20, 2, 1] => QQFieldElem[-4, -2, 0, -4],
	[21, 16, 6, 20, 21, 2, 1, 18, 1, 1] => QQFieldElem[0, 0, 0, 1],
	[21, 16, 6, 20, 21, 1, 1, 17, 1, 1] => QQFieldElem[0, 0, 0, -1],
	[21, 16, 6, 20, 16, 1, 1, 20, 2, 1] => QQFieldElem[0, -4, 0, 0],
	[21, 16, 6, 20, 16, 1, 1, 17, 1, 1] => QQFieldElem[1//20, -3//20, -1//10, 1//5],
	[21, 16, 6, 20, 21, 2, 1, 20, 2, 1] => QQFieldElem[-1, 1, 0, 0],
	[21, 16, 6, 20, 16, 2, 1, 18, 1, 1] => QQFieldElem[-1, -1//2, -1, -1//2],
	[21, 16, 6, 20, 21, 2, 1, 17, 1, 1] => QQFieldElem[-1//5, 1//10, -1//10, -3//10],
	[21, 16, 6, 20, 16, 2, 1, 20, 2, 1] => QQFieldElem[-8//5, -6//5, -4//5, -2//5],
	[21, 16, 6, 20, 16, 2, 1, 17, 1, 1] => QQFieldElem[3//20, 1//20, 1//5, 1//10])