Dict(
	[21, 21, 21, 21, 4, 1, 1, 20, 2, 1] => QQFieldElem[94//5, 0, 58//5, 58//5],
	[21, 21, 21, 21, 18, 1, 1, 20, 1, 2] => QQFieldElem[-92//5, -43//10, -87//10, -78//5],
	[21, 21, 21, 21, 4, 1, 1, 17, 1, 2] => QQFieldElem[-85, -85, 0, -137],
	[21, 21, 21, 21, 20, 1, 2, 17, 1, 1] => QQFieldElem[0, 22//5, -14//5, 22//5],
	[21, 21, 21, 21, 20, 1, 1, 19, 1, 2] => QQFieldElem[-7//2, 5, -5, 5//2],
	[21, 21, 21, 21, 4, 1, 1, 18, 2, 2] => QQFieldElem[-37//5, 0, -24//5, -24//5],
	[21, 21, 21, 21, 20, 1, 2, 18, 2, 1] => QQFieldElem[0, 1, -1//2, 1],
	[21, 21, 21, 21, 18, 1, 2, 17, 2, 2] => QQFieldElem[1//5, 1//5, 0, 3//5],
	[21, 21, 21, 21, 17, 2, 1, 7, 1, 1] => QQFieldElem[0, -6, 7//2, -6],
	[21, 21, 21, 21, 17, 1, 1, 19, 1, 1] => QQFieldElem[19//2, -11//2, 19//2, 1//2],
	[21, 21, 21, 21, 1, 1, 1, 5, 1, 1] => QQFieldElem[4//5, 4//5, 0, -8//5],
	[21, 21, 21, 21, 3, 1, 1, 20, 1, 2] => QQFieldElem[-48//5, 32//5, -48//5, 0],
	[21, 21, 21, 21, 17, 2, 2, 8, 1, 1] => QQFieldElem[-17//2, 0, -11//2, -11//2],
	[21, 21, 21, 21, 19, 1, 1, 20, 1, 2] => QQFieldElem[-26//5, -16//5, 0, -28//5],
	[21, 21, 21, 21, 7, 1, 1, 12, 1, 1] => QQFieldElem[-12//5, -12//5, 0, -16//5],
	[21, 21, 21, 21, 20, 1, 2, 7, 1, 1] => QQFieldElem[21//10, 16//5, -7//10, 22//5],
	[21, 21, 21, 21, 19, 1, 2, 17, 2, 2] => QQFieldElem[-46//5, 0, -27//5, -27//5],
	[21, 21, 21, 21, 7, 1, 1, 6, 1, 1] => QQFieldElem[-2//5, -2//5, 0, -6//5],
	[21, 21, 21, 21, 20, 1, 1, 17, 1, 1] => QQFieldElem[-329//40, -63//20, -63//20, -329//40],
	[21, 21, 21, 21, 20, 1, 1, 18, 2, 1] => QQFieldElem[13//8, 1//2, 1//2, 13//8],
	[21, 21, 21, 21, 18, 1, 1, 17, 2, 2] => QQFieldElem[1, 0, 1//2, 1//2],
	[21, 21, 21, 21, 6, 1, 1, 5, 1, 1] => QQFieldElem[-4//5, -4//5, 0, -12//5],
	[21, 21, 21, 21, 11, 1, 1, 19, 1, 2] => QQFieldElem[-72//5, -28//5, -28//5, -72//5],
	[21, 21, 21, 21, 5, 1, 1, 5, 1, 1] => QQFieldElem[-24//5, -24//5, 0, -42//5],
	[21, 21, 21, 21, 17, 2, 1, 8, 1, 1] => QQFieldElem[0, -6, 7//2, -6],
	[21, 21, 21, 21, 3, 1, 1, 17, 2, 2] => QQFieldElem[64, -40, 64, 0],
	[21, 21, 21, 21, 1, 1, 1, 20, 2, 1] => QQFieldElem[-16//5, 16//5, -16//5, 0],
	[21, 21, 21, 21, 20, 1, 1, 7, 1, 1] => QQFieldElem[-21//4, -2, -2, -21//4],
	[21, 21, 21, 21, 19, 1, 1, 17, 2, 2] => QQFieldElem[23//5, 0, 14//5, 14//5],
	[21, 21, 21, 21, 12, 1, 1, 12, 1, 1] => QQFieldElem[-32//5, -32//5, 0, -56//5],
	[21, 21, 21, 21, 18, 2, 2, 20, 1, 2] => QQFieldElem[18//5, -14//5, 19//5, -3//5],
	[21, 21, 21, 21, 7, 1, 1, 1, 1, 1] => QQFieldElem[9//5, 0, 11//10, 11//10],
	[21, 21, 21, 21, 20, 1, 2, 8, 1, 1] => QQFieldElem[9//5, 13//5, -3//5, 16//5],
	[21, 21, 21, 21, 1, 1, 1, 17, 1, 2] => QQFieldElem[-104//5, 88//5, -104//5, 0],
	[21, 21, 21, 21, 12, 1, 1, 6, 1, 1] => QQFieldElem[-14//5, -14//5, 0, -22//5],
	[21, 21, 21, 21, 8, 1, 1, 5, 1, 1] => QQFieldElem[-2//5, -2//5, 0, -6//5],
	[21, 21, 21, 21, 1, 1, 1, 18, 2, 2] => QQFieldElem[24//5, 24//5, 0, 8],
	[21, 21, 21, 21, 7, 1, 1, 20, 2, 2] => QQFieldElem[32//5, 4, 12//5, 36//5],
	[21, 21, 21, 21, 20, 2, 2, 19, 1, 2] => QQFieldElem[-14//5, -16//5, 4//5, -24//5],
	[21, 21, 21, 21, 17, 2, 2, 19, 1, 1] => QQFieldElem[-3, 0, -2, -3//2],
	[21, 21, 21, 21, 11, 1, 1, 17, 1, 1] => QQFieldElem[4, 4, 0, 36//5],
	[21, 21, 21, 21, 11, 1, 1, 18, 2, 1] => QQFieldElem[28//5, -4//5, 24//5, 12//5],
	[21, 21, 21, 21, 19, 2, 2, 20, 1, 2] => QQFieldElem[-152//5, -116//5, -22//5, -42],
	[21, 21, 21, 21, 6, 1, 1, 20, 2, 1] => QQFieldElem[-76//5, 0, -47//5, -47//5],
	[21, 21, 21, 21, 5, 1, 1, 20, 2, 1] => QQFieldElem[32//5, 0, 19//5, 19//5],
	[21, 21, 21, 21, 6, 1, 1, 17, 1, 2] => QQFieldElem[232//5, 124//5, 66//5, 268//5],
	[21, 21, 21, 21, 11, 1, 1, 7, 1, 1] => QQFieldElem[6, 0, 4, 4],
	[21, 21, 21, 21, 6, 1, 1, 18, 2, 2] => QQFieldElem[18//5, 6//5, 2, 16//5],
	[21, 21, 21, 21, 18, 2, 1, 20, 1, 2] => QQFieldElem[-199//10, -53//10, -46//5, -88//5],
	[21, 21, 21, 21, 20, 1, 1, 8, 1, 1] => QQFieldElem[-7//2, -1, -1, -7//2],
	[21, 21, 21, 21, 5, 1, 1, 17, 1, 2] => QQFieldElem[-1, -1, 0, -1],
	[21, 21, 21, 21, 20, 2, 2, 17, 1, 1] => QQFieldElem[7, 0, 4, 4],
	[21, 21, 21, 21, 5, 1, 1, 18, 2, 2] => QQFieldElem[7//5, 0, 4//5, 4//5],
	[21, 21, 21, 21, 20, 2, 1, 19, 1, 2] => QQFieldElem[26//5, -11//10, 18//5, 9//5],
	[21, 21, 21, 21, 20, 2, 2, 18, 2, 1] => QQFieldElem[-1//5, 0, -2//5, -2//5],
	[21, 21, 21, 21, 18, 2, 2, 17, 2, 2] => QQFieldElem[0, 24, -15, 24],
	[21, 21, 21, 21, 12, 1, 1, 1, 1, 1] => QQFieldElem[18//5, 0, 11//5, 11//5],
	[21, 21, 21, 21, 17, 2, 1, 19, 1, 1] => QQFieldElem[-13, -5, -5, -13],
	[21, 21, 21, 21, 12, 1, 1, 20, 2, 2] => QQFieldElem[15, 6, 11//2, 15],
	[21, 21, 21, 21, 8, 1, 1, 20, 2, 1] => QQFieldElem[0, -24//5, 8//5, -24//5],
	[21, 21, 21, 21, 19, 2, 1, 20, 1, 2] => QQFieldElem[8//5, 4//5, -2//5, 2],
	[21, 21, 21, 21, 18, 1, 2, 20, 1, 1] => QQFieldElem[52//5, 148//5, -12, 36],
	[21, 21, 21, 21, 17, 1, 2, 20, 1, 2] => QQFieldElem[6, -4, 6, 0],
	[21, 21, 21, 21, 8, 1, 1, 17, 1, 2] => QQFieldElem[4, 4, 0, 4],
	[21, 21, 21, 21, 20, 2, 2, 7, 1, 1] => QQFieldElem[22//5, 0, 14//5, 14//5],
	[21, 21, 21, 21, 19, 2, 2, 17, 2, 2] => QQFieldElem[16//5, 0, 8//5, 8//5],
	[21, 21, 21, 21, 8, 1, 1, 18, 2, 2] => QQFieldElem[-4//5, -4//5, -8//5, -4//5],
	[21, 21, 21, 21, 4, 1, 1, 19, 1, 2] => QQFieldElem[-51//5, -51//5, 0, -83//5],
	[21, 21, 21, 21, 20, 1, 2, 19, 1, 1] => QQFieldElem[-63//4, -5//4, -35//4, -43//4],
	[21, 21, 21, 21, 18, 1, 2, 19, 2, 2] => QQFieldElem[8//5, 1, 3//5, 9//5],
	[21, 21, 21, 21, 18, 1, 2, 3, 1, 1] => QQFieldElem[-2//5, 1//5, -9//20, -1//10],
	[21, 21, 21, 21, 18, 1, 2, 18, 1, 2] => QQFieldElem[-13, 0, -8, -8],
	[21, 21, 21, 21, 20, 2, 1, 17, 1, 1] => QQFieldElem[0, 22//5, -14//5, 22//5],
	[21, 21, 21, 21, 19, 1, 2, 20, 1, 1] => QQFieldElem[-16//5, -46//5, 18//5, -56//5],
	[21, 21, 21, 21, 20, 2, 1, 18, 2, 1] => QQFieldElem[0, 0, 1//2, 0],
	[21, 21, 21, 21, 18, 2, 1, 17, 2, 2] => QQFieldElem[1, 0, 1//2, 1//2],
	[21, 21, 21, 21, 11, 1, 1, 8, 1, 1] => QQFieldElem[6, 0, 4, 4],
	[21, 21, 21, 21, 19, 1, 2, 19, 2, 2] => QQFieldElem[0, -10, 6, -10],
	[21, 21, 21, 21, 19, 1, 2, 3, 1, 1] => QQFieldElem[-6//5, 8//5, -8//5, 7//10],
	[21, 21, 21, 21, 19, 1, 2, 18, 1, 2] => QQFieldElem[-56//5, -8, -12//5, -72//5],
	[21, 21, 21, 21, 18, 1, 1, 20, 1, 1] => QQFieldElem[-4//5, -4//5, 12//5, -4//5],
	[21, 21, 21, 21, 17, 1, 1, 20, 1, 2] => QQFieldElem[-48//5, -36//5, -9//5, -67//5],
	[21, 21, 21, 21, 20, 2, 1, 7, 1, 1] => QQFieldElem[-21//10, 23//10, -14//5, 11//10],
	[21, 21, 21, 21, 19, 2, 1, 17, 2, 2] => QQFieldElem[23//5, 0, 14//5, 14//5],
	[21, 21, 21, 21, 4, 1, 1, 17, 1, 1] => QQFieldElem[-88//5, 56//5, -88//5, 0],
	[21, 21, 21, 21, 20, 1, 1, 19, 1, 1] => QQFieldElem[15//8, -39//4, 29//4, -69//8],
	[21, 21, 21, 21, 4, 1, 1, 18, 2, 1] => QQFieldElem[0, -49//10, 14//5, -49//10],
	[21, 21, 21, 21, 18, 1, 2, 17, 2, 1] => QQFieldElem[72//5, 72//5, 0, 116//5],
	[21, 21, 21, 21, 18, 1, 1, 19, 2, 2] => QQFieldElem[33//10, 1//10, 19//10, 11//5],
	[21, 21, 21, 21, 17, 1, 2, 17, 2, 2] => QQFieldElem[168//5, 168//5, 0, 264//5],
	[21, 21, 21, 21, 18, 1, 1, 3, 1, 1] => QQFieldElem[9//8, 1//2, 1//2, 9//8],
	[21, 21, 21, 21, 18, 1, 1, 18, 1, 2] => QQFieldElem[0, -17//2, 5, -17//2],
	[21, 21, 21, 21, 20, 2, 2, 8, 1, 1] => QQFieldElem[16//5, 0, 12//5, 12//5],
	[21, 21, 21, 21, 3, 1, 1, 20, 1, 1] => QQFieldElem[-128//5, 16, -128//5, 0],
	[21, 21, 21, 21, 19, 1, 1, 20, 1, 1] => QQFieldElem[73//5, 0, 46//5, 46//5],
	[21, 21, 21, 21, 3, 1, 1, 19, 2, 2] => QQFieldElem[56//5, -32//5, 56//5, 0],
	[21, 21, 21, 21, 4, 1, 1, 7, 1, 1] => QQFieldElem[8//5, 0, -4//5, -4//5],
	[21, 21, 21, 21, 19, 1, 2, 17, 2, 1] => QQFieldElem[-94//5, -94//5, 0, -152//5],
	[21, 21, 21, 21, 3, 1, 1, 3, 1, 1] => QQFieldElem[-14//5, 0, -8//5, -8//5],
	[21, 21, 21, 21, 19, 1, 1, 19, 2, 2] => QQFieldElem[-14//5, 44//5, -36//5, 36//5],
	[21, 21, 21, 21, 3, 1, 1, 18, 1, 2] => QQFieldElem[8//5, 8//5, 0, 12//5],
	[21, 21, 21, 21, 7, 1, 1, 5, 1, 1] => QQFieldElem[-7//5, -7//5, 0, -11//5],
	[21, 21, 21, 21, 19, 1, 1, 3, 1, 1] => QQFieldElem[-3, -5//4, -5//4, -3],
	[21, 21, 21, 21, 19, 1, 1, 18, 1, 2] => QQFieldElem[0, 8//5, 4//5, 8//5],
	[21, 21, 21, 21, 1, 1, 1, 19, 1, 2] => QQFieldElem[-16//5, 16//5, -16//5, 0],
	[21, 21, 21, 21, 18, 1, 2, 4, 1, 1] => QQFieldElem[2//5, 3//10, -1//20, 3//5],
	[21, 21, 21, 21, 18, 1, 1, 17, 2, 1] => QQFieldElem[116//5, 116//5, 0, 188//5],
	[21, 21, 21, 21, 17, 1, 1, 17, 2, 2] => QQFieldElem[19//5, -7//5, 17//5, 6//5],
	[21, 21, 21, 21, 11, 1, 1, 19, 1, 1] => QQFieldElem[-188//5, -72//5, -72//5, -188//5],
	[21, 21, 21, 21, 20, 2, 1, 8, 1, 1] => QQFieldElem[-9//5, 7//5, -12//5, 4//5],
	[21, 21, 21, 21, 3, 1, 1, 17, 2, 1] => QQFieldElem[-116//5, 72//5, -116//5, 0],
	[21, 21, 21, 21, 19, 1, 2, 4, 1, 1] => QQFieldElem[-9//10, 7//10, -6//5, 2//5],
	[21, 21, 21, 21, 19, 1, 1, 17, 2, 1] => QQFieldElem[163//5, 36//5, 79//5, 137//5],
	[21, 21, 21, 21, 6, 1, 1, 19, 1, 2] => QQFieldElem[32//5, 4, 12//5, 36//5],
	[21, 21, 21, 21, 18, 2, 2, 20, 1, 1] => QQFieldElem[6//5, 18//5, -6//5, 22//5],
	[21, 21, 21, 21, 4, 1, 1, 8, 1, 1] => QQFieldElem[4//5, 0, -2//5, -2//5],
	[21, 21, 21, 21, 17, 2, 2, 20, 1, 2] => QQFieldElem[-23//5, -16//5, -4//5, -32//5],
	[21, 21, 21, 21, 1, 1, 1, 17, 1, 1] => QQFieldElem[-32, 16, -32, 0],
	[21, 21, 21, 21, 12, 1, 1, 5, 1, 1] => QQFieldElem[-14//5, -14//5, 0, -22//5],
	[21, 21, 21, 21, 1, 1, 1, 18, 2, 1] => QQFieldElem[-8//5, -8//5, 0, 8//5],
	[21, 21, 21, 21, 5, 1, 1, 19, 1, 2] => QQFieldElem[1//5, 9//5, -6//5, 11//5],
	[21, 21, 21, 21, 7, 1, 1, 20, 2, 1] => QQFieldElem[-56//5, 0, -32//5, -32//5],
	[21, 21, 21, 21, 20, 2, 2, 19, 1, 1] => QQFieldElem[7, 8, -1//2, 25//2],
	[21, 21, 21, 21, 18, 1, 1, 4, 1, 1] => QQFieldElem[9//8, 1//2, 1//2, 9//8],
	[21, 21, 21, 21, 18, 2, 2, 19, 2, 2] => QQFieldElem[24//5, 38//5, -8//5, 56//5],
	[21, 21, 21, 21, 18, 2, 2, 3, 1, 1] => QQFieldElem[-3//10, 0, -1//10, -1//10],
	[21, 21, 21, 21, 18, 2, 2, 18, 1, 2] => QQFieldElem[5, 7//4, 7//4, 5],
	[21, 21, 21, 21, 7, 1, 1, 17, 1, 2] => QQFieldElem[58//5, 166//5, -66//5, 202//5],
	[21, 21, 21, 21, 7, 1, 1, 18, 2, 2] => QQFieldElem[12//5, -6//5, 2, 4//5],
	[21, 21, 21, 21, 19, 2, 2, 20, 1, 1] => QQFieldElem[-24//5, 32//5, -32//5, 14//5],
	[21, 21, 21, 21, 1, 1, 1, 7, 1, 1] => QQFieldElem[-4//5, 0, -8//5, -8//5],
	[21, 21, 21, 21, 3, 1, 1, 4, 1, 1] => QQFieldElem[12//5, 0, 4//5, 4//5],
	[21, 21, 21, 21, 8, 1, 1, 19, 1, 2] => QQFieldElem[12//5, 8//5, 8//5, 12//5],
	[21, 21, 21, 21, 19, 1, 1, 4, 1, 1] => QQFieldElem[-3, -1, -1, -3],
	[21, 21, 21, 21, 19, 2, 2, 19, 2, 2] => QQFieldElem[0, 44//5, -28//5, 44//5],
	[21, 21, 21, 21, 19, 2, 2, 3, 1, 1] => QQFieldElem[14//5, 0, 8//5, 8//5],
	[21, 21, 21, 21, 19, 2, 2, 18, 1, 2] => QQFieldElem[-16//5, 8, -32//5, 28//5],
	[21, 21, 21, 21, 6, 1, 1, 17, 1, 1] => QQFieldElem[4//5, 2//5, 4//5, 0],
	[21, 21, 21, 21, 6, 1, 1, 18, 2, 1] => QQFieldElem[0, 12//5, -9//5, 12//5],
	[21, 21, 21, 21, 18, 2, 1, 20, 1, 1] => QQFieldElem[8//5, 4, -12//5, 24//5],
	[21, 21, 21, 21, 17, 2, 1, 20, 1, 2] => QQFieldElem[0, 36//5, -22//5, 36//5],
	[21, 21, 21, 21, 5, 1, 1, 17, 1, 1] => QQFieldElem[-76, 46, -76, 0],
	[21, 21, 21, 21, 20, 2, 1, 19, 1, 1] => QQFieldElem[-57//4, -1//2, -17//2, -19//2],
	[21, 21, 21, 21, 5, 1, 1, 18, 2, 1] => QQFieldElem[0, -19//10, 4//5, -19//10],
	[21, 21, 21, 21, 18, 2, 2, 17, 2, 1] => QQFieldElem[0, -54, 133//4, -54],
	[21, 21, 21, 21, 18, 2, 1, 19, 2, 2] => QQFieldElem[4//5, -19//10, 19//10, -13//10],
	[21, 21, 21, 21, 17, 2, 2, 17, 2, 2] => QQFieldElem[124//5, 124//5, 0, 212//5],
	[21, 21, 21, 21, 18, 2, 1, 3, 1, 1] => QQFieldElem[2//5, 3//10, -1//20, 3//5],
	[21, 21, 21, 21, 18, 2, 1, 18, 1, 2] => QQFieldElem[0, -17//2, 5, -17//2],
	[21, 21, 21, 21, 12, 1, 1, 20, 2, 1] => QQFieldElem[0, -44//5, 28//5, -44//5],
	[21, 21, 21, 21, 19, 2, 1, 20, 1, 1] => QQFieldElem[72//5, 8, 19//5, 84//5],
	[21, 21, 21, 21, 6, 1, 1, 7, 1, 1] => QQFieldElem[-16//5, 0, -12//5, -12//5],
	[21, 21, 21, 21, 20, 1, 2, 20, 1, 2] => QQFieldElem[-139//10, -43//10, -31//5, -63//5],
	[21, 21, 21, 21, 18, 1, 2, 11, 1, 1] => QQFieldElem[0, 1//20, 3//20, 1//20],
	[21, 21, 21, 21, 17, 1, 2, 20, 1, 1] => QQFieldElem[-4, 2, -4, 0],
	[21, 21, 21, 21, 12, 1, 1, 17, 1, 2] => QQFieldElem[0, -87//10, 27//5, -87//10],
	[21, 21, 21, 21, 8, 1, 1, 17, 1, 1] => QQFieldElem[144//5, -88//5, 144//5, 0],
	[21, 21, 21, 21, 5, 1, 1, 7, 1, 1] => QQFieldElem[-36//5, 0, -22//5, -22//5],
	[21, 21, 21, 21, 19, 2, 2, 17, 2, 1] => QQFieldElem[36//5, 0, 16//5, 16//5],
	[21, 21, 21, 21, 12, 1, 1, 18, 2, 2] => QQFieldElem[0, 0, 0, 0],
	[21, 21, 21, 21, 8, 1, 1, 18, 2, 1] => QQFieldElem[0, 0, 0, 0],
	[21, 21, 21, 21, 19, 2, 1, 19, 2, 2] => QQFieldElem[0, 14//5, -8//5, 14//5],
	[21, 21, 21, 21, 4, 1, 1, 19, 1, 1] => QQFieldElem[-48//5, 32//5, -48//5, 0],
	[21, 21, 21, 21, 19, 2, 1, 3, 1, 1] => QQFieldElem[6//5, 19//10, -2//5, 14//5],
	[21, 21, 21, 21, 18, 1, 2, 19, 2, 1] => QQFieldElem[16, 44//5, 24//5, 92//5],
	[21, 21, 21, 21, 17, 1, 2, 19, 2, 2] => QQFieldElem[32//5, 8//5, 0, 8],
	[21, 21, 21, 21, 19, 2, 1, 18, 1, 2] => QQFieldElem[-8//5, -8//5, 0, -4//5],
	[21, 21, 21, 21, 1, 1, 1, 8, 1, 1] => QQFieldElem[-4//5, 0, -8//5, -8//5],
	[21, 21, 21, 21, 17, 1, 2, 3, 1, 1] => QQFieldElem[0, -2, 5//4, -2],
	[21, 21, 21, 21, 18, 1, 2, 18, 1, 1] => QQFieldElem[-84//5, -24//5, -8, -72//5],
	[21, 21, 21, 21, 17, 1, 2, 18, 1, 2] => QQFieldElem[-2//5, -3//10, -1//5, -1//10],
	[21, 21, 21, 21, 19, 1, 2, 11, 1, 1] => QQFieldElem[-9//10, 11//10, -6//5, 1//2],
	[21, 21, 21, 21, 18, 2, 2, 4, 1, 1] => QQFieldElem[-3//10, 0, -1//10, -1//10],
	[21, 21, 21, 21, 18, 2, 1, 17, 2, 1] => QQFieldElem[-52, -52, 0, -84],
	[21, 21, 21, 21, 17, 2, 1, 17, 2, 2] => QQFieldElem[-14//5, -14//5, 0, -22//5],
	[21, 21, 21, 21, 8, 1, 1, 7, 1, 1] => QQFieldElem[-8//5, 0, -6//5, -6//5],
	[21, 21, 21, 21, 19, 1, 2, 19, 2, 1] => QQFieldElem[-64//5, -34//5, -18//5, -74//5],
	[21, 21, 21, 21, 19, 1, 2, 18, 1, 1] => QQFieldElem[6, 4//5, 14//5, 22//5],
	[21, 21, 21, 21, 20, 1, 1, 20, 1, 2] => QQFieldElem[1, -31//4, 23//4, -7],
	[21, 21, 21, 21, 18, 1, 1, 11, 1, 1] => QQFieldElem[-7//40, -3//40, -3//40, -7//40],
	[21, 21, 21, 21, 17, 1, 1, 20, 1, 1] => QQFieldElem[15, 11//2, 6, 15],
	[21, 21, 21, 21, 19, 2, 2, 4, 1, 1] => QQFieldElem[8//5, 0, 6//5, 6//5],
	[21, 21, 21, 21, 19, 2, 1, 17, 2, 1] => QQFieldElem[127//5, -36//5, 101//5, 43//5],
	[21, 21, 21, 21, 20, 1, 2, 17, 2, 2] => QQFieldElem[-6//5, -21//10, 2//5, -31//10],
	[21, 21, 21, 21, 6, 1, 1, 8, 1, 1] => QQFieldElem[-36//5, 0, -22//5, -22//5],
	[21, 21, 21, 21, 18, 1, 1, 19, 2, 1] => QQFieldElem[24//5, 12//5, 6//5, 28//5],
	[21, 21, 21, 21, 17, 1, 2, 17, 2, 1] => QQFieldElem[0, 39//10, -14//5, 39//10],
	[21, 21, 21, 21, 17, 1, 1, 19, 2, 2] => QQFieldElem[-12//5, 36//5, -31//5, 27//5],
	[21, 21, 21, 21, 17, 1, 1, 3, 1, 1] => QQFieldElem[31//8, 3//2, 3//2, 31//8],
	[21, 21, 21, 21, 5, 1, 1, 8, 1, 1] => QQFieldElem[-16//5, 0, -12//5, -12//5],
	[21, 21, 21, 21, 18, 1, 1, 18, 1, 1] => QQFieldElem[-4//5, 8//5, 8//5, 8//5],
	[21, 21, 21, 21, 17, 1, 1, 18, 1, 2] => QQFieldElem[-2//5, -1, 1//5, -4//5],
	[21, 21, 21, 21, 3, 1, 1, 11, 1, 1] => QQFieldElem[2//5, 0, -2//5, -2//5],
	[21, 21, 21, 21, 19, 1, 1, 11, 1, 1] => QQFieldElem[-47//20, -9//10, -9//10, -47//20],
	[21, 21, 21, 21, 18, 2, 1, 4, 1, 1] => QQFieldElem[-2//5, 1//5, -9//20, -1//10],
	[21, 21, 21, 21, 3, 1, 1, 19, 2, 1] => QQFieldElem[-48//5, 32//5, -48//5, 0],
	[21, 21, 21, 21, 19, 1, 1, 19, 2, 1] => QQFieldElem[73//5, 0, 46//5, 46//5],
	[21, 21, 21, 21, 3, 1, 1, 18, 1, 1] => QQFieldElem[24//5, 24//5, 0, 8],
	[21, 21, 21, 21, 19, 1, 1, 18, 1, 1] => QQFieldElem[2//5, 4, -11//5, 24//5],
	[21, 21, 21, 21, 8, 1, 1, 8, 1, 1] => QQFieldElem[-14//5, 0, -8//5, -8//5],
	[21, 21, 21, 21, 1, 1, 1, 19, 1, 1] => QQFieldElem[-32//5, 0, -32//5, 0],
	[21, 21, 21, 21, 19, 2, 1, 4, 1, 1] => QQFieldElem[9//10, 13//10, -3//10, 8//5],
	[21, 21, 21, 21, 11, 1, 1, 20, 1, 2] => QQFieldElem[0, -14//5, 8//5, -14//5],
	[21, 21, 21, 21, 20, 1, 1, 17, 2, 2] => QQFieldElem[91//20, 39//20, 39//20, 91//20],
	[21, 21, 21, 21, 17, 1, 2, 4, 1, 1] => QQFieldElem[0, -2, 5//4, -2],
	[21, 21, 21, 21, 17, 1, 1, 17, 2, 1] => QQFieldElem[0, 0, 0, 0],
	[21, 21, 21, 21, 7, 1, 1, 19, 1, 2] => QQFieldElem[16//5, 46//5, -18//5, 56//5],
	[21, 21, 21, 21, 20, 2, 2, 20, 1, 2] => QQFieldElem[36//5, 36//5, 0, 58//5],
	[21, 21, 21, 21, 6, 1, 1, 19, 1, 1] => QQFieldElem[-4//5, 4//5, -4//5, 0],
	[21, 21, 21, 21, 18, 2, 2, 11, 1, 1] => QQFieldElem[1//10, 0, -1//10, -1//10],
	[21, 21, 21, 21, 17, 2, 2, 20, 1, 1] => QQFieldElem[-3, 0, -3//2, -2],
	[21, 21, 21, 21, 18, 1, 2, 12, 1, 1] => QQFieldElem[1, 0, 0, 0],
	[21, 21, 21, 21, 5, 1, 1, 19, 1, 1] => QQFieldElem[-44//5, 28//5, -44//5, 0],
	[21, 21, 21, 21, 17, 1, 1, 4, 1, 1] => QQFieldElem[31//8, 3//2, 3//2, 31//8],
	[21, 21, 21, 21, 18, 2, 2, 19, 2, 1] => QQFieldElem[-87//10, -67//5, 29//10, -94//5],
	[21, 21, 21, 21, 17, 2, 2, 19, 2, 2] => QQFieldElem[-16//5, -16//5, -12//5, -16//5],
	[21, 21, 21, 21, 18, 1, 2, 6, 1, 1] => QQFieldElem[3//4, 1//2, 1//2, 1//2],
	[21, 21, 21, 21, 11, 1, 1, 17, 2, 2] => QQFieldElem[14//5, 14//5, 0, 22//5],
	[21, 21, 21, 21, 17, 2, 2, 3, 1, 1] => QQFieldElem[-5//2, 0, -3//2, -3//2],
	[21, 21, 21, 21, 18, 2, 2, 18, 1, 1] => QQFieldElem[-4, 4//5, -16//5, -8//5],
	[21, 21, 21, 21, 17, 2, 2, 18, 1, 2] => QQFieldElem[2//5, 1, -1//5, 4//5],
	[21, 21, 21, 21, 7, 1, 1, 17, 1, 1] => QQFieldElem[144//5, -88//5, 144//5, 0],
	[21, 21, 21, 21, 7, 1, 1, 18, 2, 1] => QQFieldElem[0, 12//5, -9//5, 12//5],
	[21, 21, 21, 21, 19, 2, 2, 11, 1, 1] => QQFieldElem[2, 0, 6//5, 6//5],
	[21, 21, 21, 21, 19, 1, 2, 12, 1, 1] => QQFieldElem[-51//5, -12//5, -23//5, -44//5],
	[21, 21, 21, 21, 12, 1, 1, 19, 1, 2] => QQFieldElem[21//2, 21//2, 0, 17],
	[21, 21, 21, 21, 8, 1, 1, 19, 1, 1] => QQFieldElem[8, -24//5, 8, 0],
	[21, 21, 21, 21, 19, 2, 2, 19, 2, 1] => QQFieldElem[-4//5, 24//5, -16//5, 16//5],
	[21, 21, 21, 21, 19, 1, 2, 6, 1, 1] => QQFieldElem[-57//10, -9//10, -21//10, -24//5],
	[21, 21, 21, 21, 19, 2, 2, 18, 1, 1] => QQFieldElem[-42//5, -9//5, -21//5, -33//5],
	[21, 21, 21, 21, 20, 2, 1, 20, 1, 2] => QQFieldElem[-91//10, 33//10, -73//10, -12//5],
	[21, 21, 21, 21, 18, 2, 1, 11, 1, 1] => QQFieldElem[0, 1//20, 3//20, 1//20],
	[21, 21, 21, 21, 17, 2, 1, 20, 1, 1] => QQFieldElem[0, -8, 5, -8],
	[21, 21, 21, 21, 7, 1, 1, 7, 1, 1] => QQFieldElem[-14//5, 0, -8//5, -8//5],
	[21, 21, 21, 21, 18, 1, 1, 12, 1, 1] => QQFieldElem[0, -3//4, 3//4, -3//4],
	[21, 21, 21, 21, 20, 2, 2, 17, 2, 2] => QQFieldElem[-16//5, 0, -9//5, -9//5],
	[21, 21, 21, 21, 18, 2, 1, 19, 2, 1] => QQFieldElem[-88//5, -46//5, -24//5, -102//5],
	[21, 21, 21, 21, 17, 2, 2, 17, 2, 1] => QQFieldElem[19//5, -7//5, 17//5, 6//5],
	[21, 21, 21, 21, 17, 2, 1, 19, 2, 2] => QQFieldElem[58//5, 22//5, 22//5, 58//5],
	[21, 21, 21, 21, 18, 1, 1, 6, 1, 1] => QQFieldElem[0, -5//8, 1//2, -5//8],
	[21, 21, 21, 21, 17, 2, 1, 3, 1, 1] => QQFieldElem[0, -2, 5//4, -2],
	[21, 21, 21, 21, 18, 2, 1, 18, 1, 1] => QQFieldElem[-12, 24//5, -48//5, -16//5],
	[21, 21, 21, 21, 17, 2, 1, 18, 1, 2] => QQFieldElem[-6//5, 2//5, -4//5, -2//5],
	[21, 21, 21, 21, 18, 1, 2, 1, 1, 1] => QQFieldElem[0, 1//4, -1//8, 1//4],
	[21, 21, 21, 21, 19, 2, 1, 11, 1, 1] => QQFieldElem[9//10, 7//5, -3//10, 2],
	[21, 21, 21, 21, 4, 1, 1, 20, 1, 2] => QQFieldElem[-51//5, -51//5, 0, -83//5],
	[21, 21, 21, 21, 20, 1, 2, 20, 1, 1] => QQFieldElem[63//4, 5, 7, 29//2],
	[21, 21, 21, 21, 3, 1, 1, 12, 1, 1] => QQFieldElem[12//5, 12//5, 0, -4//5],
	[21, 21, 21, 21, 19, 1, 1, 12, 1, 1] => QQFieldElem[0, -13//2, 4, -13//2],
	[21, 21, 21, 21, 18, 1, 2, 20, 2, 2] => QQFieldElem[2//5, 1, -3//5, 6//5],
	[21, 21, 21, 21, 17, 1, 2, 11, 1, 1] => QQFieldElem[0, -67//20, 39//20, -67//20],
	[21, 21, 21, 21, 12, 1, 1, 17, 1, 1] => QQFieldElem[-32//5, -32//5, 0, -56//5],
	[21, 21, 21, 21, 3, 1, 1, 6, 1, 1] => QQFieldElem[12//5, 12//5, 0, -4//5],
	[21, 21, 21, 21, 12, 1, 1, 18, 2, 1] => QQFieldElem[0, 0, 0, 0],
	[21, 21, 21, 21, 19, 2, 1, 19, 2, 1] => QQFieldElem[32//5, -8, 44//5, -21//5],
	[21, 21, 21, 21, 20, 1, 2, 19, 2, 2] => QQFieldElem[139//10, 13//10, 77//10, 48//5],
	[21, 21, 21, 21, 19, 1, 1, 6, 1, 1] => QQFieldElem[0, -4, 2, -4],
	[21, 21, 21, 21, 20, 1, 2, 3, 1, 1] => QQFieldElem[9//10, 13//10, -3//10, 8//5],
	[21, 21, 21, 21, 17, 1, 2, 19, 2, 1] => QQFieldElem[-6, -6, 0, -10],
	[21, 21, 21, 21, 19, 2, 1, 18, 1, 1] => QQFieldElem[-22//5, 2, -19//5, -4//5],
	[21, 21, 21, 21, 20, 1, 2, 18, 1, 2] => QQFieldElem[4//5, 21//10, -3//5, 27//10],
	[21, 21, 21, 21, 19, 1, 2, 1, 1, 1] => QQFieldElem[21//20, -23//20, 7//5, -11//20],
	[21, 21, 21, 21, 17, 1, 2, 18, 1, 1] => QQFieldElem[0, 0, 0, 0],
	[21, 21, 21, 21, 20, 2, 1, 17, 2, 2] => QQFieldElem[6//5, -19//10, 8//5, -9//10],
	[21, 21, 21, 21, 19, 1, 2, 20, 2, 2] => QQFieldElem[10, 10, 0, 16],
	[21, 21, 21, 21, 17, 2, 2, 4, 1, 1] => QQFieldElem[-5//2, 0, -3//2, -3//2],
	[21, 21, 21, 21, 17, 2, 1, 17, 2, 1] => QQFieldElem[0, 0, 0, 0],
	[21, 21, 21, 21, 12, 1, 1, 7, 1, 1] => QQFieldElem[-28//5, 0, -16//5, -16//5],
	[21, 21, 21, 21, 7, 1, 1, 8, 1, 1] => QQFieldElem[-8//5, 0, -6//5, -6//5],
	[21, 21, 21, 21, 18, 1, 1, 1, 1, 1] => QQFieldElem[7//8, 5//16, 5//16, 7//8],
	[21, 21, 21, 21, 20, 1, 1, 20, 1, 1] => QQFieldElem[-69//8, 29//4, -39//4, 15//8],
	[21, 21, 21, 21, 18, 1, 1, 20, 2, 2] => QQFieldElem[16//5, -1//10, 21//10, 9//5],
	[21, 21, 21, 21, 17, 1, 1, 11, 1, 1] => QQFieldElem[241//40, 89//40, 89//40, 241//40],
	[21, 21, 21, 21, 4, 1, 1, 17, 2, 2] => QQFieldElem[-85, -85, 0, -137],
	[21, 21, 21, 21, 20, 1, 2, 17, 2, 1] => QQFieldElem[0, -1//10, 1//5, -1//10],
	[21, 21, 21, 21, 20, 1, 1, 19, 2, 2] => QQFieldElem[-7, 23//4, -31//4, 1],
	[21, 21, 21, 21, 20, 1, 1, 3, 1, 1] => QQFieldElem[-3, -1, -1, -3],
	[21, 21, 21, 21, 17, 1, 1, 19, 2, 1] => QQFieldElem[-1//2, 3//2, -3//2, 3//2],
	[21, 21, 21, 21, 20, 1, 1, 18, 1, 2] => QQFieldElem[-15//4, -5//4, -7//4, -15//4],
	[21, 21, 21, 21, 3, 1, 1, 1, 1, 1] => QQFieldElem[-4//5, 0, -3//5, -3//5],
	[21, 21, 21, 21, 19, 1, 1, 1, 1, 1] => QQFieldElem[19//8, 7//8, 7//8, 19//8],
	[21, 21, 21, 21, 17, 1, 1, 18, 1, 1] => QQFieldElem[0, 0, 0, 0],
	[21, 21, 21, 21, 3, 1, 1, 20, 2, 2] => QQFieldElem[56//5, -32//5, 56//5, 0],
	[21, 21, 21, 21, 18, 2, 2, 12, 1, 1] => QQFieldElem[-2//5, -2//5, 0, 4//5],
	[21, 21, 21, 21, 19, 1, 1, 20, 2, 2] => QQFieldElem[-14//5, -14//5, 0, -22//5],
	[21, 21, 21, 21, 17, 2, 1, 4, 1, 1] => QQFieldElem[0, -2, 5//4, -2],
	[21, 21, 21, 21, 18, 2, 2, 6, 1, 1] => QQFieldElem[1//10, 1//10, 0, 3//10],
	[21, 21, 21, 21, 1, 1, 1, 20, 1, 2] => QQFieldElem[0, -16//5, 0, 0],
	[21, 21, 21, 21, 12, 1, 1, 8, 1, 1] => QQFieldElem[-28//5, 0, -16//5, -16//5],
	[21, 21, 21, 21, 19, 2, 2, 12, 1, 1] => QQFieldElem[28//5, 28//5, 0, 44//5],
	[21, 21, 21, 21, 20, 1, 2, 4, 1, 1] => QQFieldElem[6//5, 19//10, -2//5, 14//5],
	[21, 21, 21, 21, 11, 1, 1, 20, 1, 1] => QQFieldElem[0, -16//5, 12//5, -16//5],
	[21, 21, 21, 21, 20, 1, 1, 17, 2, 1] => QQFieldElem[-41//40, -7//20, -7//20, -41//40],
	[21, 21, 21, 21, 19, 2, 2, 6, 1, 1] => QQFieldElem[18//5, 18//5, 0, 24//5],
	[21, 21, 21, 21, 11, 1, 1, 19, 2, 2] => QQFieldElem[-22//5, -8//5, -8//5, -22//5],
	[21, 21, 21, 21, 11, 1, 1, 3, 1, 1] => QQFieldElem[5, 0, 3, 3],
	[21, 21, 21, 21, 18, 2, 1, 12, 1, 1] => QQFieldElem[1, 0, 0, 0],
	[21, 21, 21, 21, 7, 1, 1, 19, 1, 1] => QQFieldElem[16//5, -16//5, 16//5, 0],
	[21, 21, 21, 21, 11, 1, 1, 18, 1, 2] => QQFieldElem[-6//5, 2//5, -4//5, -2//5],
	[21, 21, 21, 21, 18, 2, 1, 6, 1, 1] => QQFieldElem[1//4, -1//2, 0, 0],
	[21, 21, 21, 21, 6, 1, 1, 20, 1, 2] => QQFieldElem[64//5, 34//5, 18//5, 74//5],
	[21, 21, 21, 21, 18, 2, 2, 1, 1, 1] => QQFieldElem[-1//5, 0, -3//20, -3//20],
	[21, 21, 21, 21, 5, 1, 1, 20, 1, 2] => QQFieldElem[3, 7//5, 6//5, 17//5],
	[21, 21, 21, 21, 20, 2, 2, 20, 1, 1] => QQFieldElem[-1, -8, 9//2, -17//2],
	[21, 21, 21, 21, 19, 2, 1, 12, 1, 1] => QQFieldElem[-39//5, 12//5, -32//5, -11//5],
	[21, 21, 21, 21, 18, 2, 2, 20, 2, 2] => QQFieldElem[-39//5, 37//5, -47//5, 14//5],
	[21, 21, 21, 21, 17, 2, 2, 11, 1, 1] => QQFieldElem[-47//10, 0, -29//10, -29//10],
	[21, 21, 21, 21, 1, 1, 1, 17, 2, 2] => QQFieldElem[-40, 24, -40, 0],
	[21, 21, 21, 21, 20, 1, 1, 4, 1, 1] => QQFieldElem[-3, -5//4, -5//4, -3],
	[21, 21, 21, 21, 17, 1, 2, 12, 1, 1] => QQFieldElem[26, 0, 16, 16],
	[21, 21, 21, 21, 20, 2, 2, 19, 2, 2] => QQFieldElem[0, -36//5, 22//5, -36//5],
	[21, 21, 21, 21, 19, 2, 1, 6, 1, 1] => QQFieldElem[-24//5, 9//10, -39//10, -6//5],
	[21, 21, 21, 21, 20, 2, 2, 3, 1, 1] => QQFieldElem[8//5, 0, 6//5, 6//5],
	[21, 21, 21, 21, 17, 2, 2, 19, 2, 1] => QQFieldElem[-7//5, 16//5, -16//5, 12//5],
	[21, 21, 21, 21, 20, 2, 2, 18, 1, 2] => QQFieldElem[2, -8//5, 11//5, -3//5],
	[21, 21, 21, 21, 18, 1, 2, 5, 1, 1] => QQFieldElem[1//4, -1//2, 0, 0],
	[21, 21, 21, 21, 17, 1, 2, 6, 1, 1] => QQFieldElem[43//4, 0, 7, 7],
	[21, 21, 21, 21, 11, 1, 1, 17, 2, 1] => QQFieldElem[4, 4, 0, 36//5],
	[21, 21, 21, 21, 19, 2, 2, 1, 1, 1] => QQFieldElem[-11//5, 0, -7//5, -7//5],
	[21, 21, 21, 21, 17, 2, 2, 18, 1, 1] => QQFieldElem[-3//5, 0, -1//5, -1//5],
	[21, 21, 21, 21, 8, 1, 1, 20, 1, 2] => QQFieldElem[0, -16//5, 12//5, -16//5],
	[21, 21, 21, 21, 19, 2, 2, 20, 2, 2] => QQFieldElem[-44//5, -44//5, 0, -72//5],
	[21, 21, 21, 21, 12, 1, 1, 19, 1, 1] => QQFieldElem[16, 6, 6, 16],
	[21, 21, 21, 21, 19, 1, 2, 5, 1, 1] => QQFieldElem[-16//5, -9//10, -8//5, -14//5],
	[21, 21, 21, 21, 18, 2, 1, 1, 1, 1] => QQFieldElem[0, 1//4, -1//8, 1//4],
	[21, 21, 21, 21, 20, 2, 1, 20, 1, 1] => QQFieldElem[57//4, 19//4, 23//4, 55//4],
	[21, 21, 21, 21, 6, 1, 1, 17, 2, 2] => QQFieldElem[58//5, 166//5, -66//5, 202//5],
	[21, 21, 21, 21, 18, 2, 1, 20, 2, 2] => QQFieldElem[27//10, 19//10, 3//5, 19//5],
	[21, 21, 21, 21, 17, 2, 1, 11, 1, 1] => QQFieldElem[0, -67//20, 39//20, -67//20],
	[21, 21, 21, 21, 5, 1, 1, 17, 2, 2] => QQFieldElem[-1, -1, 0, -1],
	[21, 21, 21, 21, 17, 1, 1, 12, 1, 1] => QQFieldElem[0, 71//4, -43//4, 71//4],
	[21, 21, 21, 21, 20, 2, 2, 17, 2, 1] => QQFieldElem[1//5, 0, 0, 0],
	[21, 21, 21, 21, 20, 2, 1, 19, 2, 2] => QQFieldElem[91//10, 67//10, 9//5, 62//5],
	[21, 21, 21, 21, 20, 2, 1, 3, 1, 1] => QQFieldElem[-9//10, 7//10, -6//5, 2//5],
	[21, 21, 21, 21, 17, 2, 1, 19, 2, 1] => QQFieldElem[-7//5, -3//5, -3//5, -7//5],
	[21, 21, 21, 21, 20, 2, 1, 18, 1, 2] => QQFieldElem[16//5, 19//10, 3//5, 43//10],
	[21, 21, 21, 21, 11, 1, 1, 4, 1, 1] => QQFieldElem[5, 0, 3, 3],
	[21, 21, 21, 21, 18, 1, 1, 5, 1, 1] => QQFieldElem[0, -5//8, 1//2, -5//8],
	[21, 21, 21, 21, 17, 1, 1, 6, 1, 1] => QQFieldElem[0, 61//8, -9//2, 61//8],
	[21, 21, 21, 21, 19, 2, 1, 1, 1, 1] => QQFieldElem[-21//20, -8//5, 7//20, -11//5],
	[21, 21, 21, 21, 17, 2, 1, 18, 1, 1] => QQFieldElem[0, 0, 0, 0],
	[21, 21, 21, 21, 4, 1, 1, 20, 1, 1] => QQFieldElem[-48//5, 32//5, -48//5, 0],
	[21, 21, 21, 21, 19, 2, 1, 20, 2, 2] => QQFieldElem[-58//5, -44//5, -8//5, -16],
	[21, 21, 21, 21, 17, 1, 2, 1, 1, 1] => QQFieldElem[0, 3, -15//8, 3],
	[21, 21, 21, 21, 20, 1, 2, 11, 1, 1] => QQFieldElem[9//10, 7//5, -3//10, 2],
	[21, 21, 21, 21, 18, 1, 2, 20, 2, 1] => QQFieldElem[4, 56//5, -24//5, 68//5],
	[21, 21, 21, 21, 17, 1, 2, 20, 2, 2] => QQFieldElem[8//5, 32//5, 0, 8],
	[21, 21, 21, 21, 8, 1, 1, 17, 2, 2] => QQFieldElem[4, 4, 0, 4],
	[21, 21, 21, 21, 4, 1, 1, 19, 2, 2] => QQFieldElem[-51//5, -51//5, 0, -83//5],
	[21, 21, 21, 21, 3, 1, 1, 5, 1, 1] => QQFieldElem[-8//5, -8//5, 0, 6//5],
	[21, 21, 21, 21, 20, 1, 2, 19, 2, 1] => QQFieldElem[67//20, 9//20, 31//20, 53//20],
	[21, 21, 21, 21, 4, 1, 1, 3, 1, 1] => QQFieldElem[12//5, 0, 4//5, 4//5],
	[21, 21, 21, 21, 19, 1, 1, 5, 1, 1] => QQFieldElem[0, -7//4, 5//4, -7//4],
	[21, 21, 21, 21, 4, 1, 1, 18, 1, 2] => QQFieldElem[-37//5, 0, -24//5, -24//5],
	[21, 21, 21, 21, 20, 1, 2, 18, 1, 1] => QQFieldElem[0, -5//2, 3//2, -5//2],
	[21, 21, 21, 21, 18, 1, 2, 17, 1, 2] => QQFieldElem[43, 43, 0, 69],
	[21, 21, 21, 21, 18, 1, 2, 18, 2, 2] => QQFieldElem[-7//5, 0, -4//5, -4//5],
	[21, 21, 21, 21, 20, 2, 2, 4, 1, 1] => QQFieldElem[14//5, 0, 8//5, 8//5],
	[21, 21, 21, 21, 20, 2, 1, 17, 2, 1] => QQFieldElem[0, -1//10, 1//5, -1//10],
	[21, 21, 21, 21, 19, 1, 2, 20, 2, 1] => QQFieldElem[-8//5, -4, 12//5, -24//5],
	[21, 21, 21, 21, 19, 1, 2, 17, 1, 2] => QQFieldElem[32//5, 0, 4, 4],
	[21, 21, 21, 21, 17, 1, 1, 1, 1, 1] => QQFieldElem[-43//8, -33//16, -33//16, -43//8],
	[21, 21, 21, 21, 19, 1, 2, 18, 2, 2] => QQFieldElem[2, 0, 1, 1],
	[21, 21, 21, 21, 20, 1, 1, 11, 1, 1] => QQFieldElem[-47//20, -9//10, -9//10, -47//20],
	[21, 21, 21, 21, 18, 1, 1, 20, 2, 1] => QQFieldElem[4, 56//5, -24//5, 68//5],
	[21, 21, 21, 21, 17, 1, 1, 20, 2, 2] => QQFieldElem[-32//5, -4//5, -16//5, -23//5],
	[21, 21, 21, 21, 4, 1, 1, 17, 2, 1] => QQFieldElem[159, 0, 197//2, 197//2],
	[21, 21, 21, 21, 20, 1, 1, 19, 2, 1] => QQFieldElem[39//8, -7//4, 17//4, 7//8],
	[21, 21, 21, 21, 20, 1, 1, 18, 1, 1] => QQFieldElem[41//8, 2, 2, 41//8],
	[21, 21, 21, 21, 18, 1, 1, 17, 1, 2] => QQFieldElem[-75, 0, -93//2, -93//2],
	[21, 21, 21, 21, 18, 1, 1, 18, 2, 2] => QQFieldElem[0, 17//10, -7//5, 17//10],
	[21, 21, 21, 21, 3, 1, 1, 20, 2, 1] => QQFieldElem[-16//5, 8//5, -16//5, 0],
	[21, 21, 21, 21, 20, 2, 1, 4, 1, 1] => QQFieldElem[-6//5, 8//5, -8//5, 7//10],
	[21, 21, 21, 21, 17, 2, 2, 12, 1, 1] => QQFieldElem[-14, -14, 0, -24],
	[21, 21, 21, 21, 19, 1, 1, 20, 2, 1] => QQFieldElem[32//5, 3, 9//5, 39//5],
	[21, 21, 21, 21, 17, 2, 2, 6, 1, 1] => QQFieldElem[-13//2, -13//2, 0, -19//2],
	[21, 21, 21, 21, 18, 2, 2, 5, 1, 1] => QQFieldElem[1//10, 1//10, 0, 3//10],
	[21, 21, 21, 21, 3, 1, 1, 17, 1, 2] => QQFieldElem[-116//5, 72//5, -116//5, 0],
	[21, 21, 21, 21, 1, 1, 1, 20, 1, 1] => QQFieldElem[-32//5, 0, -32//5, 0],
	[21, 21, 21, 21, 3, 1, 1, 18, 2, 2] => QQFieldElem[-24//5, -24//5, 0, -32//5],
	[21, 21, 21, 21, 19, 1, 1, 17, 1, 2] => QQFieldElem[24//5, 0, 4, 4],
	[21, 21, 21, 21, 19, 1, 1, 18, 2, 2] => QQFieldElem[-3, -8//5, -4//5, -18//5],
	[21, 21, 21, 21, 1, 1, 1, 19, 2, 2] => QQFieldElem[-128//5, 16, -128//5, 0],
	[21, 21, 21, 21, 4, 1, 1, 4, 1, 1] => QQFieldElem[-14//5, 0, -8//5, -8//5],
	[21, 21, 21, 21, 11, 1, 1, 11, 1, 1] => QQFieldElem[14//5, 0, 8//5, 8//5],
	[21, 21, 21, 21, 1, 1, 1, 3, 1, 1] => QQFieldElem[-16//5, 0, -12//5, -12//5],
	[21, 21, 21, 21, 1, 1, 1, 18, 1, 2] => QQFieldElem[-8//5, -8//5, 0, 8//5],
	[21, 21, 21, 21, 19, 2, 2, 5, 1, 1] => QQFieldElem[8//5, 8//5, 0, 14//5],
	[21, 21, 21, 21, 7, 1, 1, 20, 1, 2] => QQFieldElem[8//5, 4, -12//5, 24//5],
	[21, 21, 21, 21, 11, 1, 1, 19, 2, 1] => QQFieldElem[-28//5, -12//5, -12//5, -28//5],
	[21, 21, 21, 21, 17, 2, 1, 12, 1, 1] => QQFieldElem[26, 0, 16, 16],
	[21, 21, 21, 21, 11, 1, 1, 18, 1, 1] => QQFieldElem[-28//5, 4//5, -24//5, -12//5],
	[21, 21, 21, 21, 18, 2, 1, 5, 1, 1] => QQFieldElem[3//4, 1//2, 1//2, 1//2],
	[21, 21, 21, 21, 6, 1, 1, 20, 1, 1] => QQFieldElem[-4//5, 4//5, -4//5, 0],
	[21, 21, 21, 21, 17, 2, 1, 6, 1, 1] => QQFieldElem[43//4, 0, 7, 7],
	[21, 21, 21, 21, 5, 1, 1, 20, 1, 1] => QQFieldElem[-44//5, 28//5, -44//5, 0],
	[21, 21, 21, 21, 17, 2, 2, 1, 1, 1] => QQFieldElem[9//2, 0, 11//4, 11//4],
	[21, 21, 21, 21, 20, 2, 2, 11, 1, 1] => QQFieldElem[2, 0, 6//5, 6//5],
	[21, 21, 21, 21, 6, 1, 1, 19, 2, 2] => QQFieldElem[8//5, 4, -12//5, 24//5],
	[21, 21, 21, 21, 18, 2, 2, 20, 2, 1] => QQFieldElem[87//10, -101//10, 58//5, -47//10],
	[21, 21, 21, 21, 20, 1, 2, 12, 1, 1] => QQFieldElem[-39//5, 12//5, -32//5, -11//5],
	[21, 21, 21, 21, 6, 1, 1, 3, 1, 1] => QQFieldElem[-44//5, 0, -28//5, -28//5],
	[21, 21, 21, 21, 17, 2, 2, 20, 2, 2] => QQFieldElem[8//5, 4, -12//5, 24//5],
	[21, 21, 21, 21, 1, 1, 1, 17, 2, 1] => QQFieldElem[-104//5, 88//5, -104//5, 0],
	[21, 21, 21, 21, 6, 1, 1, 18, 1, 2] => QQFieldElem[12//5, -6//5, 2, 4//5],
	[21, 21, 21, 21, 5, 1, 1, 19, 2, 2] => QQFieldElem[3, 7//5, 6//5, 17//5],
	[21, 21, 21, 21, 20, 2, 2, 19, 2, 1] => QQFieldElem[-2//5, 4//5, -9//10, 1//2],
	[21, 21, 21, 21, 5, 1, 1, 3, 1, 1] => QQFieldElem[-14//5, 0, -8//5, -8//5],
	[21, 21, 21, 21, 20, 1, 2, 6, 1, 1] => QQFieldElem[-23//10, 9//10, -19//10, -7//10],
	[21, 21, 21, 21, 19, 2, 1, 5, 1, 1] => QQFieldElem[-23//10, 9//10, -19//10, -7//10],
	[21, 21, 21, 21, 5, 1, 1, 18, 1, 2] => QQFieldElem[7//5, 0, 4//5, 4//5],
	[21, 21, 21, 21, 20, 2, 2, 18, 1, 1] => QQFieldElem[-3, 0, -2, -2],
	[21, 21, 21, 21, 18, 2, 2, 17, 1, 2] => QQFieldElem[0, -4, 11//4, -4],
	[21, 21, 21, 21, 17, 1, 2, 5, 1, 1] => QQFieldElem[43//4, 0, 7, 7],
	[21, 21, 21, 21, 18, 2, 2, 18, 2, 2] => QQFieldElem[-33//5, -21//5, -9//5, -42//5],
	[21, 21, 21, 21, 7, 1, 1, 17, 2, 2] => QQFieldElem[232//5, 124//5, 66//5, 268//5],
	[21, 21, 21, 21, 12, 1, 1, 20, 1, 2] => QQFieldElem[-21//2, 13//2, -21//2, 0],
	[21, 21, 21, 21, 8, 1, 1, 20, 1, 1] => QQFieldElem[16//5, -16//5, 16//5, 0],
	[21, 21, 21, 21, 19, 2, 2, 20, 2, 1] => QQFieldElem[-28//5, -24//5, -8//5, -8],
	[21, 21, 21, 21, 8, 1, 1, 19, 2, 2] => QQFieldElem[-28//5, -12//5, -12//5, -28//5],
	[21, 21, 21, 21, 8, 1, 1, 3, 1, 1] => QQFieldElem[-22//5, 0, -14//5, -14//5],
	[21, 21, 21, 21, 19, 2, 2, 17, 1, 2] => QQFieldElem[32//5, 0, 4, 4],
	[21, 21, 21, 21, 8, 1, 1, 18, 1, 2] => QQFieldElem[4//5, 4//5, 8//5, 4//5],
	[21, 21, 21, 21, 17, 2, 1, 1, 1, 1] => QQFieldElem[0, 3, -15//8, 3],
	[21, 21, 21, 21, 20, 2, 1, 11, 1, 1] => QQFieldElem[-9//10, 11//10, -6//5, 1//2],
	[21, 21, 21, 21, 19, 2, 2, 18, 2, 2] => QQFieldElem[-28//5, 0, -16//5, -16//5],
	[21, 21, 21, 21, 6, 1, 1, 17, 2, 1] => QQFieldElem[-63, 0, -39, -39],
	[21, 21, 21, 21, 18, 1, 2, 19, 1, 2] => QQFieldElem[72//5, 39//5, 21//5, 83//5],
	[21, 21, 21, 21, 18, 2, 1, 20, 2, 1] => QQFieldElem[-22//5, -64//5, 24//5, -78//5],
	[21, 21, 21, 21, 1, 1, 1, 4, 1, 1] => QQFieldElem[-16//5, 0, -12//5, -12//5],
	[21, 21, 21, 21, 20, 1, 1, 12, 1, 1] => QQFieldElem[0, -13//2, 4, -13//2],
	[21, 21, 21, 21, 17, 2, 1, 20, 2, 2] => QQFieldElem[0, 16//5, -12//5, 16//5],
	[21, 21, 21, 21, 5, 1, 1, 17, 2, 1] => QQFieldElem[3, 0, 3//2, 3//2],
	[21, 21, 21, 21, 20, 2, 1, 19, 2, 1] => QQFieldElem[33//20, 9//5, -3//10, 31//10],
	[21, 21, 21, 21, 20, 1, 1, 6, 1, 1] => QQFieldElem[0, -7//4, 5//4, -7//4],
	[21, 21, 21, 21, 20, 2, 1, 18, 1, 1] => QQFieldElem[0, -5//2, 3//2, -5//2],
	[21, 21, 21, 21, 18, 2, 1, 17, 1, 2] => QQFieldElem[-75, 0, -93//2, -93//2],
	[21, 21, 21, 21, 17, 1, 1, 5, 1, 1] => QQFieldElem[0, 61//8, -9//2, 61//8],
	[21, 21, 21, 21, 18, 2, 1, 18, 2, 2] => QQFieldElem[0, 13//10, -3//5, 13//10],
	[21, 21, 21, 21, 20, 1, 2, 1, 1, 1] => QQFieldElem[-21//20, -8//5, 7//20, -11//5],
	[21, 21, 21, 21, 19, 1, 2, 19, 1, 2] => QQFieldElem[-36//5, 116//5, -94//5, 94//5],
	[21, 21, 21, 21, 4, 1, 1, 11, 1, 1] => QQFieldElem[2//5, 0, -2//5, -2//5],
	[21, 21, 21, 21, 19, 2, 1, 20, 2, 1] => QQFieldElem[38//5, 0, 21//5, 21//5],
	[21, 21, 21, 21, 20, 1, 2, 20, 2, 2] => QQFieldElem[-29//5, -1//10, -17//5, -21//5],
	[21, 21, 21, 21, 17, 1, 2, 20, 2, 1] => QQFieldElem[8, -11//2, 8, 0],
	[21, 21, 21, 21, 12, 1, 1, 17, 2, 2] => QQFieldElem[-61//5, 0, -37//5, -37//5],
	[21, 21, 21, 21, 8, 1, 1, 17, 2, 1] => QQFieldElem[16//5, 16//5, 0, 32//5],
	[21, 21, 21, 21, 4, 1, 1, 19, 2, 1] => QQFieldElem[94//5, 0, 58//5, 58//5],
	[21, 21, 21, 21, 19, 2, 1, 17, 1, 2] => QQFieldElem[24//5, 0, 4, 4],
	[21, 21, 21, 21, 19, 2, 1, 18, 2, 2] => QQFieldElem[-7//5, 8//5, -2, 4//5],
	[21, 21, 21, 21, 4, 1, 1, 18, 1, 1] => QQFieldElem[8//5, 8//5, 0, 8//5],
	[21, 21, 21, 21, 6, 1, 1, 4, 1, 1] => QQFieldElem[-14//5, 0, -8//5, -8//5],
	[21, 21, 21, 21, 18, 1, 2, 17, 1, 1] => QQFieldElem[172//5, 172//5, 0, 276//5],
	[21, 21, 21, 21, 18, 1, 1, 19, 1, 2] => QQFieldElem[-141//10, 43//10, -113//10, -22//5],
	[21, 21, 21, 21, 17, 1, 2, 17, 1, 2] => QQFieldElem[0, 39//10, -14//5, 39//10],
	[21, 21, 21, 21, 18, 1, 2, 18, 2, 1] => QQFieldElem[-16//5, 0, -12//5, -12//5],
	[21, 21, 21, 21, 17, 1, 2, 18, 2, 2] => QQFieldElem[-8//5, 0, -16//5, -16//5],
	[21, 21, 21, 21, 5, 1, 1, 4, 1, 1] => QQFieldElem[-44//5, 0, -28//5, -28//5],
	[21, 21, 21, 21, 11, 1, 1, 12, 1, 1] => QQFieldElem[8, 8, 0, 12],
	[21, 21, 21, 21, 20, 1, 1, 1, 1, 1] => QQFieldElem[19//8, 7//8, 7//8, 19//8],
	[21, 21, 21, 21, 11, 1, 1, 6, 1, 1] => QQFieldElem[3, 3, 0, 5],
	[21, 21, 21, 21, 3, 1, 1, 19, 1, 2] => QQFieldElem[-16//5, 8//5, -16//5, 0],
	[21, 21, 21, 21, 19, 1, 2, 17, 1, 1] => QQFieldElem[-94//5, -94//5, 0, -152//5],
	[21, 21, 21, 21, 19, 1, 1, 19, 1, 2] => QQFieldElem[4//5, -4//5, 6//5, -6//5],
	[21, 21, 21, 21, 19, 1, 2, 18, 2, 1] => QQFieldElem[26//5, -4//5, 18//5, 2],
	[21, 21, 21, 21, 20, 1, 1, 20, 2, 2] => QQFieldElem[5//2, -5, 5, -7//2],
	[21, 21, 21, 21, 18, 1, 2, 7, 1, 1] => QQFieldElem[-1//10, -1//5, 1//5, -2//5],
	[21, 21, 21, 21, 17, 1, 1, 20, 2, 1] => QQFieldElem[-2, -3//2, 0, -3],
	[21, 21, 21, 21, 8, 1, 1, 4, 1, 1] => QQFieldElem[-11//5, 0, -7//5, -7//5],
	[21, 21, 21, 21, 18, 1, 1, 17, 1, 1] => QQFieldElem[124//5, 124//5, 0, 212//5],
	[21, 21, 21, 21, 17, 1, 1, 17, 1, 2] => QQFieldElem[26//5, 7//5, 13//5, 24//5],
	[21, 21, 21, 21, 18, 1, 1, 18, 2, 1] => QQFieldElem[-24//5, -4//5, -12//5, -4],
	[21, 21, 21, 21, 20, 2, 2, 12, 1, 1] => QQFieldElem[28//5, 28//5, 0, 44//5],
	[21, 21, 21, 21, 17, 1, 1, 18, 2, 2] => QQFieldElem[3//5, 1, 1//5, 6//5],
	[21, 21, 21, 21, 19, 1, 2, 7, 1, 1] => QQFieldElem[-9//5, 7//5, -12//5, 4//5],
	[21, 21, 21, 21, 20, 2, 2, 6, 1, 1] => QQFieldElem[8//5, 8//5, 0, 14//5],
	[21, 21, 21, 21, 17, 2, 2, 5, 1, 1] => QQFieldElem[-13//2, -13//2, 0, -19//2],
	[21, 21, 21, 21, 3, 1, 1, 17, 1, 1] => QQFieldElem[-40, 24, -40, 0],
	[21, 21, 21, 21, 1, 1, 1, 11, 1, 1] => QQFieldElem[0, 0, -4//5, -4//5],
	[21, 21, 21, 21, 3, 1, 1, 18, 2, 1] => QQFieldElem[8//5, 8//5, 0, 12//5],
	[21, 21, 21, 21, 19, 1, 1, 17, 1, 1] => QQFieldElem[127//5, -36//5, 101//5, 43//5],
	[21, 21, 21, 21, 19, 1, 1, 18, 2, 1] => QQFieldElem[-2//5, 22//5, -13//5, 18//5],
	[21, 21, 21, 21, 18, 1, 1, 7, 1, 1] => QQFieldElem[-9//8, -1//2, -1//2, -9//8],
	[21, 21, 21, 21, 11, 1, 1, 1, 1, 1] => QQFieldElem[-4, 0, -5//2, -5//2],
	[21, 21, 21, 21, 1, 1, 1, 19, 2, 1] => QQFieldElem[0, -16//5, 0, 0],
	[21, 21, 21, 21, 11, 1, 1, 20, 2, 2] => QQFieldElem[0, -44//5, 28//5, -44//5],
	[21, 21, 21, 21, 1, 1, 1, 18, 1, 1] => QQFieldElem[16//5, 16//5, 0, 0],
	[21, 21, 21, 21, 18, 1, 2, 8, 1, 1] => QQFieldElem[1//10, -3//10, 3//10, -1//10],
	[21, 21, 21, 21, 7, 1, 1, 20, 1, 1] => QQFieldElem[8, -24//5, 8, 0],
	[21, 21, 21, 21, 18, 2, 2, 19, 1, 2] => QQFieldElem[-18//5, -21//5, 1//5, -32//5],
	[21, 21, 21, 21, 3, 1, 1, 7, 1, 1] => QQFieldElem[4//5, 0, -2//5, -2//5],
	[21, 21, 21, 21, 20, 2, 1, 12, 1, 1] => QQFieldElem[-51//5, -12//5, -23//5, -44//5],
	[21, 21, 21, 21, 19, 1, 1, 7, 1, 1] => QQFieldElem[-7//2, -1, -1, -7//2],
	[21, 21, 21, 21, 7, 1, 1, 19, 2, 2] => QQFieldElem[64//5, 34//5, 18//5, 74//5],
	[21, 21, 21, 21, 7, 1, 1, 3, 1, 1] => QQFieldElem[-11//5, 0, -7//5, -7//5],
	[21, 21, 21, 21, 20, 2, 1, 6, 1, 1] => QQFieldElem[-16//5, -9//10, -8//5, -14//5],
	[21, 21, 21, 21, 7, 1, 1, 18, 1, 2] => QQFieldElem[18//5, 6//5, 2, 16//5],
	[21, 21, 21, 21, 6, 1, 1, 11, 1, 1] => QQFieldElem[-2, 0, -6//5, -6//5],
	[21, 21, 21, 21, 17, 2, 1, 5, 1, 1] => QQFieldElem[43//4, 0, 7, 7],
	[21, 21, 21, 21, 19, 1, 2, 8, 1, 1] => QQFieldElem[-21//10, 23//10, -14//5, 11//10],
	[21, 21, 21, 21, 20, 2, 2, 1, 1, 1] => QQFieldElem[-11//5, 0, -7//5, -7//5],
	[21, 21, 21, 21, 5, 1, 1, 11, 1, 1] => QQFieldElem[-2, 0, -6//5, -6//5],
	[21, 21, 21, 21, 19, 2, 2, 19, 1, 2] => QQFieldElem[14//5, 16//5, -4//5, 24//5],
	[21, 21, 21, 21, 20, 2, 2, 20, 2, 2] => QQFieldElem[2//5, 16//5, -8//5, 4],
	[21, 21, 21, 21, 6, 1, 1, 19, 2, 1] => QQFieldElem[-56//5, 0, -32//5, -32//5],
	[21, 21, 21, 21, 4, 1, 1, 12, 1, 1] => QQFieldElem[12//5, 12//5, 0, -4//5],
	[21, 21, 21, 21, 17, 2, 2, 20, 2, 1] => QQFieldElem[-67//5, -9//5, -36//5, -48//5],
	[21, 21, 21, 21, 6, 1, 1, 18, 1, 1] => QQFieldElem[2//5, 2//5, 0, 4//5],
	[21, 21, 21, 21, 5, 1, 1, 19, 2, 1] => QQFieldElem[32//5, 0, 19//5, 19//5],
	[21, 21, 21, 21, 4, 1, 1, 6, 1, 1] => QQFieldElem[-8//5, -8//5, 0, 6//5],
	[21, 21, 21, 21, 18, 1, 1, 8, 1, 1] => QQFieldElem[-9//8, -1//2, -1//2, -9//8],
	[21, 21, 21, 21, 20, 1, 2, 5, 1, 1] => QQFieldElem[-24//5, 9//10, -39//10, -6//5],
	[21, 21, 21, 21, 5, 1, 1, 18, 1, 1] => QQFieldElem[22//5, 22//5, 0, 36//5],
	[21, 21, 21, 21, 18, 2, 2, 17, 1, 1] => QQFieldElem[116//5, 116//5, 0, 188//5],
	[21, 21, 21, 21, 18, 2, 1, 19, 1, 2] => QQFieldElem[-73//5, 53//10, -123//10, -39//10],
	[21, 21, 21, 21, 17, 2, 2, 17, 1, 2] => QQFieldElem[26//5, 7//5, 13//5, 24//5],
	[21, 21, 21, 21, 18, 2, 2, 18, 2, 1] => QQFieldElem[14, 21//4, 21//4, 14],
	[21, 21, 21, 21, 17, 2, 2, 18, 2, 2] => QQFieldElem[-12//5, -8//5, 0, 0],
	[21, 21, 21, 21, 7, 1, 1, 17, 2, 1] => QQFieldElem[-63, 0, -39, -39],
	[21, 21, 21, 21, 12, 1, 1, 20, 1, 1] => QQFieldElem[0, 10, -6, 10],
	[21, 21, 21, 21, 8, 1, 1, 11, 1, 1] => QQFieldElem[-4//5, 0, -2//5, -2//5],
	[21, 21, 21, 21, 3, 1, 1, 8, 1, 1] => QQFieldElem[8//5, 0, -4//5, -4//5],
	[21, 21, 21, 21, 12, 1, 1, 19, 2, 2] => QQFieldElem[9, -6, 9, -1//2],
	[21, 21, 21, 21, 8, 1, 1, 19, 2, 1] => QQFieldElem[-32//5, -8//5, -8//5, -32//5],
	[21, 21, 21, 21, 19, 1, 1, 8, 1, 1] => QQFieldElem[-21//4, -2, -2, -21//4],
	[21, 21, 21, 21, 20, 2, 1, 1, 1, 1] => QQFieldElem[21//20, -23//20, 7//5, -11//20],
	[21, 21, 21, 21, 12, 1, 1, 3, 1, 1] => QQFieldElem[-22//5, 0, -14//5, -14//5],
	[21, 21, 21, 21, 19, 2, 2, 17, 1, 1] => QQFieldElem[0, 24, -15, 24],
	[21, 21, 21, 21, 12, 1, 1, 18, 1, 2] => QQFieldElem[0, 0, 0, 0],
	[21, 21, 21, 21, 8, 1, 1, 18, 1, 1] => QQFieldElem[-8//5, -8//5, 0, -16//5],
	[21, 21, 21, 21, 19, 2, 1, 19, 1, 2] => QQFieldElem[-2, 16//5, -12//5, 16//5],
	[21, 21, 21, 21, 19, 2, 2, 18, 2, 1] => QQFieldElem[-4//5, 0, -8//5, -8//5],
	[21, 21, 21, 21, 20, 2, 1, 20, 2, 2] => QQFieldElem[-26//5, -17//5, -8//5, -63//10],
	[21, 21, 21, 21, 18, 2, 2, 7, 1, 1] => QQFieldElem[3//10, 0, 1//10, 1//10],
	[21, 21, 21, 21, 18, 1, 2, 19, 1, 1] => QQFieldElem[32//5, 4, 12//5, 36//5],
	[21, 21, 21, 21, 17, 1, 2, 19, 1, 2] => QQFieldElem[-8, -8, 0, -27//2],
	[21, 21, 21, 21, 17, 2, 1, 20, 2, 1] => QQFieldElem[0, -4//5, 3//5, -4//5],
	[21, 21, 21, 21, 20, 1, 1, 5, 1, 1] => QQFieldElem[0, -4, 2, -4],
	[21, 21, 21, 21, 18, 2, 1, 17, 1, 1] => QQFieldElem[172//5, 172//5, 0, 276//5],
	[21, 21, 21, 21, 17, 2, 1, 17, 1, 2] => QQFieldElem[-14//5, -14//5, 0, -22//5],
	[21, 21, 21, 21, 18, 2, 1, 18, 2, 1] => QQFieldElem[12, 0, 8, 8],
	[21, 21, 21, 21, 4, 1, 1, 1, 1, 1] => QQFieldElem[-4//5, 0, -3//5, -3//5],
	[21, 21, 21, 21, 17, 2, 1, 18, 2, 2] => QQFieldElem[6//5, -2//5, 4//5, 2//5],
	[21, 21, 21, 21, 7, 1, 1, 4, 1, 1] => QQFieldElem[-22//5, 0, -14//5, -14//5],
	[21, 21, 21, 21, 19, 2, 2, 7, 1, 1] => QQFieldElem[16//5, 0, 12//5, 12//5],
	[21, 21, 21, 21, 19, 1, 2, 19, 1, 1] => QQFieldElem[-32//5, -4, -12//5, -36//5],
	[21, 21, 21, 21, 4, 1, 1, 20, 2, 2] => QQFieldElem[-51//5, -51//5, 0, -83//5],
	[21, 21, 21, 21, 20, 1, 2, 20, 2, 1] => QQFieldElem[-67//20, -7//10, -9//5, -29//10],
	[21, 21, 21, 21, 12, 1, 1, 17, 2, 1] => QQFieldElem[8//5, 8//5, 0, 16//5],
	[21, 21, 21, 21, 19, 2, 1, 17, 1, 1] => QQFieldElem[163//5, 36//5, 79//5, 137//5],
	[21, 21, 21, 21, 20, 1, 2, 17, 1, 2] => QQFieldElem[6//5, -19//10, 8//5, -9//10],
	[21, 21, 21, 21, 19, 2, 1, 18, 2, 1] => QQFieldElem[22//5, 18//5, 3//5, 32//5],
	[21, 21, 21, 21, 1, 1, 1, 12, 1, 1] => QQFieldElem[8//5, 8//5, 0, -16//5],
	[21, 21, 21, 21, 18, 2, 1, 7, 1, 1] => QQFieldElem[1//10, -3//10, 3//10, -1//10],
	[21, 21, 21, 21, 20, 1, 2, 18, 2, 2] => QQFieldElem[-4//5, 19//10, -7//5, 13//10],
	[21, 21, 21, 21, 18, 1, 1, 19, 1, 1] => QQFieldElem[32//5, 4, 12//5, 36//5],
	[21, 21, 21, 21, 17, 1, 2, 17, 1, 1] => QQFieldElem[0, -1//2, 0, -1//2],
	[21, 21, 21, 21, 17, 1, 1, 19, 1, 2] => QQFieldElem[-28//5, 4//5, -19//5, -12//5],
	[21, 21, 21, 21, 17, 1, 2, 18, 2, 1] => QQFieldElem[2//5, 3//10, 1//5, 1//10],
	[21, 21, 21, 21, 1, 1, 1, 6, 1, 1] => QQFieldElem[4//5, 4//5, 0, -8//5],
	[21, 21, 21, 21, 18, 2, 2, 8, 1, 1] => QQFieldElem[3//10, 0, 1//10, 1//10],
	[21, 21, 21, 21, 3, 1, 1, 19, 1, 1] => QQFieldElem[-16//5, 16//5, -16//5, 0],
	[21, 21, 21, 21, 19, 2, 1, 7, 1, 1] => QQFieldElem[9//5, 13//5, -3//5, 16//5],
	[21, 21, 21, 21, 11, 1, 1, 5, 1, 1] => QQFieldElem[3, 3, 0, 5],
	[21, 21, 21, 21, 19, 1, 1, 19, 1, 1] => QQFieldElem[17//5, -3, 24//5, -6//5],
	[21, 21, 21, 21, 20, 1, 1, 20, 2, 1] => QQFieldElem[7//8, 17//4, -7//4, 39//8],
	[21, 21, 21, 21, 17, 1, 2, 7, 1, 1] => QQFieldElem[0, -6, 7//2, -6],
	[21, 21, 21, 21, 12, 1, 1, 4, 1, 1] => QQFieldElem[-22//5, 0, -14//5, -14//5],
	[21, 21, 21, 21, 19, 2, 2, 8, 1, 1] => QQFieldElem[22//5, 0, 14//5, 14//5],
	[21, 21, 21, 21, 6, 1, 1, 12, 1, 1] => QQFieldElem[-28//5, -28//5, 0, -44//5],
	[21, 21, 21, 21, 20, 1, 1, 17, 1, 2] => QQFieldElem[91//20, 39//20, 39//20, 91//20],
	[21, 21, 21, 21, 20, 1, 1, 18, 2, 2] => QQFieldElem[-15//4, -7//4, -5//4, -15//4],
	[21, 21, 21, 21, 5, 1, 1, 12, 1, 1] => QQFieldElem[-28//5, -28//5, 0, -44//5],
	[21, 21, 21, 21, 17, 1, 1, 17, 1, 1] => QQFieldElem[-61//5, 0, -37//5, -37//5],
	[21, 21, 21, 21, 6, 1, 1, 6, 1, 1] => QQFieldElem[-24//5, -24//5, 0, -42//5],
	[21, 21, 21, 21, 17, 1, 1, 18, 2, 1] => QQFieldElem[3//5, 0, 1//5, 1//5],
	[21, 21, 21, 21, 5, 1, 1, 6, 1, 1] => QQFieldElem[-4//5, -4//5, 0, -12//5],
	[21, 21, 21, 21, 18, 2, 1, 8, 1, 1] => QQFieldElem[-1//10, -1//5, 1//5, -2//5],
	[21, 21, 21, 21, 20, 2, 2, 5, 1, 1] => QQFieldElem[18//5, 18//5, 0, 24//5],
	[21, 21, 21, 21, 1, 1, 1, 1, 1, 1] => QQFieldElem[7//5, 0, 4//5, 4//5],
	[21, 21, 21, 21, 1, 1, 1, 20, 2, 2] => QQFieldElem[-16//5, 16//5, -16//5, 0],
	[21, 21, 21, 21, 17, 1, 1, 7, 1, 1] => QQFieldElem[85//8, 4, 4, 85//8],
	[21, 21, 21, 21, 8, 1, 1, 12, 1, 1] => QQFieldElem[-12//5, -12//5, 0, -16//5],
	[21, 21, 21, 21, 19, 2, 1, 8, 1, 1] => QQFieldElem[21//10, 16//5, -7//10, 22//5],
	[21, 21, 21, 21, 11, 1, 1, 20, 2, 1] => QQFieldElem[0, -116//5, 72//5, -116//5],
	[21, 21, 21, 21, 8, 1, 1, 6, 1, 1] => QQFieldElem[-7//5, -7//5, 0, -11//5],
	[21, 21, 21, 21, 7, 1, 1, 11, 1, 1] => QQFieldElem[-4//5, 0, -2//5, -2//5],
	[21, 21, 21, 21, 17, 1, 2, 8, 1, 1] => QQFieldElem[0, -6, 7//2, -6],
	[21, 21, 21, 21, 18, 2, 2, 19, 1, 1] => QQFieldElem[16, 44//5, 24//5, 92//5],
	[21, 21, 21, 21, 17, 2, 2, 19, 1, 2] => QQFieldElem[-58//5, 9//5, -39//5, -27//5],
	[21, 21, 21, 21, 11, 1, 1, 17, 1, 2] => QQFieldElem[14//5, 14//5, 0, 22//5],
	[21, 21, 21, 21, 7, 1, 1, 19, 2, 1] => QQFieldElem[-76//5, 0, -47//5, -47//5],
	[21, 21, 21, 21, 11, 1, 1, 18, 2, 2] => QQFieldElem[6//5, -2//5, 4//5, 2//5],
	[21, 21, 21, 21, 6, 1, 1, 1, 1, 1] => QQFieldElem[18//5, 0, 11//5, 11//5],
	[21, 21, 21, 21, 7, 1, 1, 18, 1, 1] => QQFieldElem[-8//5, -8//5, 0, -16//5],
	[21, 21, 21, 21, 20, 2, 1, 5, 1, 1] => QQFieldElem[-57//10, -9//10, -21//10, -24//5],
	[21, 21, 21, 21, 6, 1, 1, 20, 2, 2] => QQFieldElem[16//5, 46//5, -18//5, 56//5],
	[21, 21, 21, 21, 5, 1, 1, 1, 1, 1] => QQFieldElem[18//5, 0, 11//5, 11//5],
	[21, 21, 21, 21, 19, 2, 2, 19, 1, 1] => QQFieldElem[39//5, 53//5, -8//5, 76//5],
	[21, 21, 21, 21, 5, 1, 1, 20, 2, 2] => QQFieldElem[1//5, 9//5, -6//5, 11//5],
	[21, 21, 21, 21, 20, 2, 2, 20, 2, 1] => QQFieldElem[-6//5, -4//5, -3//10, -17//10],
	[21, 21, 21, 21, 20, 2, 2, 17, 1, 2] => QQFieldElem[-16//5, 0, -9//5, -9//5],
	[21, 21, 21, 21, 4, 1, 1, 5, 1, 1] => QQFieldElem[12//5, 12//5, 0, -4//5],
	[21, 21, 21, 21, 17, 1, 1, 8, 1, 1] => QQFieldElem[85//8, 4, 4, 85//8],
	[21, 21, 21, 21, 20, 2, 2, 18, 2, 2] => QQFieldElem[18//5, 8//5, 1, 19//5],
	[21, 21, 21, 21, 18, 2, 1, 19, 1, 1] => QQFieldElem[208//5, 112//5, 12, 48],
	[21, 21, 21, 21, 17, 2, 2, 17, 1, 1] => QQFieldElem[0, 0, 0, 0],
	[21, 21, 21, 21, 8, 1, 1, 1, 1, 1] => QQFieldElem[9//5, 0, 11//10, 11//10],
	[21, 21, 21, 21, 17, 2, 1, 19, 1, 2] => QQFieldElem[28//5, 12//5, 12//5, 28//5],
	[21, 21, 21, 21, 17, 2, 2, 18, 2, 1] => QQFieldElem[-3//5, -1, -1//5, -6//5],
	[21, 21, 21, 21, 12, 1, 1, 11, 1, 1] => QQFieldElem[-12//5, 0, -8//5, -8//5],
	[21, 21, 21, 21, 8, 1, 1, 20, 2, 2] => QQFieldElem[0, 4//5, -8//5, 4//5],
	[21, 21, 21, 21, 18, 1, 2, 20, 1, 2] => QQFieldElem[18//5, 51//5, -21//5, 62//5],
	[21, 21, 21, 21, 12, 1, 1, 19, 2, 1] => QQFieldElem[-72//5, -28//5, -28//5, -72//5],
	[21, 21, 21, 21, 12, 1, 1, 18, 1, 1] => QQFieldElem[0, 0, 0, 0],
	[21, 21, 21, 21, 19, 2, 1, 19, 1, 1] => QQFieldElem[38//5, 0, 21//5, 21//5],
	[21, 21, 21, 21, 20, 1, 2, 19, 1, 2] => QQFieldElem[29//5, 8//5, 12//5, 57//10],
	[21, 21, 21, 21, 20, 2, 1, 20, 2, 1] => QQFieldElem[-33//20, 29//20, -39//20, 3//20],
	[21, 21, 21, 21, 17, 2, 2, 7, 1, 1] => QQFieldElem[-17//2, 0, -11//2, -11//2],
	[21, 21, 21, 21, 17, 1, 2, 19, 1, 1] => QQFieldElem[4, 4, 0, 6],
	[21, 21, 21, 21, 20, 2, 1, 17, 1, 2] => QQFieldElem[-6//5, -21//10, 2//5, -31//10],
	[21, 21, 21, 21, 19, 1, 2, 20, 1, 2] => QQFieldElem[-2//5, -16//5, 8//5, -4],
	[21, 21, 21, 21, 20, 2, 1, 18, 2, 2] => QQFieldElem[-16//5, 11//10, -13//5, -13//10],
	[21, 21, 21, 21, 17, 2, 1, 17, 1, 1] => QQFieldElem[32//5, 32//5, 0, 56//5],
	[21, 21, 21, 21, 17, 2, 1, 18, 2, 1] => QQFieldElem[0, 0, 0, 0])