Dict(
	[21, 18, 20, 14, 18, 1, 1, 15, 1, 1] => QQFieldElem[-2//11, -1//11, -3//22, 3//22],
	[21, 18, 20, 14, 19, 2, 1, 13, 1, 1] => QQFieldElem[0, 0, 0, 0],
	[21, 18, 20, 14, 19, 1, 1, 21, 1, 1] => QQFieldElem[-139//11, -57//11, -48//11, -144//11],
	[21, 18, 20, 14, 11, 1, 1, 21, 1, 1] => QQFieldElem[-32//5, 56//5, -56//5, 32//5],
	[21, 18, 20, 14, 18, 1, 1, 16, 1, 1] => QQFieldElem[-26//55, -64//55, 26//55, -76//55],
	[21, 18, 20, 14, 19, 2, 2, 21, 1, 1] => QQFieldElem[-122//55, 6//55, -76//55, -63//55],
	[21, 18, 20, 14, 19, 1, 1, 22, 1, 1] => QQFieldElem[-46//11, 45//11, -117//22, 17//11],
	[21, 18, 20, 14, 11, 1, 1, 22, 1, 1] => QQFieldElem[168//11, 92//11, 52//11, 200//11],
	[21, 18, 20, 14, 19, 2, 2, 22, 1, 1] => QQFieldElem[29//5, 3//5, 17//5, 21//5],
	[21, 18, 20, 14, 19, 1, 1, 21, 2, 1] => QQFieldElem[-108//55, -56//55, -24//55, -127//55],
	[21, 18, 20, 14, 11, 1, 1, 21, 2, 1] => QQFieldElem[29//5, 8//5, 12//5, 26//5],
	[21, 18, 20, 14, 19, 2, 2, 21, 2, 1] => QQFieldElem[57//55, -1//55, 31//55, 38//55],
	[21, 18, 20, 14, 19, 1, 1, 22, 2, 1] => QQFieldElem[1//5, -3//5, 3//5, -1//5],
	[21, 18, 20, 14, 11, 1, 1, 22, 2, 1] => QQFieldElem[41//22, -24//11, 29//11, -12//11],
	[21, 18, 20, 14, 19, 2, 2, 22, 2, 1] => QQFieldElem[1//5, 2//5, -2//5, 4//5],
	[21, 18, 20, 14, 17, 1, 1, 21, 1, 1] => QQFieldElem[1//5, 2//5, -2//5, 4//5],
	[21, 18, 20, 14, 17, 1, 1, 22, 1, 1] => QQFieldElem[23//22, 8//11, 5//11, 15//11],
	[21, 18, 20, 14, 18, 1, 1, 14, 1, 1] => QQFieldElem[-1, 0, -1//2, -1//2],
	[21, 18, 20, 14, 17, 1, 1, 21, 2, 1] => QQFieldElem[-9//11, -13//22, -2//11, -23//22],
	[21, 18, 20, 14, 18, 1, 1, 13, 1, 1] => QQFieldElem[0, 1, 0, 1],
	[21, 18, 20, 14, 17, 1, 1, 22, 2, 1] => QQFieldElem[-1, -1//4, -1//2, -3//4],
	[21, 18, 20, 14, 20, 1, 1, 10, 1, 1] => QQFieldElem[-3, 1, -2, -1],
	[21, 18, 20, 14, 12, 1, 1, 10, 1, 1] => QQFieldElem[3//2, -1//2, 3//2, 1//2],
	[21, 18, 20, 14, 19, 1, 1, 15, 1, 1] => QQFieldElem[0, 0, 0, 0],
	[21, 18, 20, 14, 11, 1, 1, 15, 1, 1] => QQFieldElem[-28//11, -36//11, 12//11, -56//11],
	[21, 18, 20, 14, 19, 2, 2, 15, 1, 1] => QQFieldElem[107//44, 1//11, 61//44, 19//22],
	[21, 18, 20, 14, 19, 1, 1, 16, 1, 1] => QQFieldElem[0, 0, 0, 0],
	[21, 18, 20, 14, 11, 1, 1, 16, 1, 1] => QQFieldElem[0, 0, 0, 0],
	[21, 18, 20, 14, 19, 2, 2, 16, 1, 1] => QQFieldElem[-64//55, 32//55, -57//55, -6//55],
	[21, 18, 20, 14, 19, 1, 2, 10, 1, 1] => QQFieldElem[0, 0, 0, 0],
	[21, 18, 20, 14, 17, 1, 1, 15, 1, 1] => QQFieldElem[-2, 0, -3//2, -3//2],
	[21, 18, 20, 14, 19, 2, 1, 10, 1, 1] => QQFieldElem[-1//2, 0, -1//2, -1//4],
	[21, 18, 20, 14, 17, 1, 1, 16, 1, 1] => QQFieldElem[102//55, -8//11, 74//55, 24//55],
	[21, 18, 20, 14, 20, 1, 1, 21, 1, 1] => QQFieldElem[18//11, -7//22, 15//11, 13//22],
	[21, 18, 20, 14, 12, 1, 1, 21, 1, 1] => QQFieldElem[69//11, 37//11, 19//11, 79//11],
	[21, 18, 20, 14, 19, 1, 1, 14, 1, 1] => QQFieldElem[0, 0, 0, 0],
	[21, 18, 20, 14, 20, 1, 1, 22, 1, 1] => QQFieldElem[-6, 0, -7//2, -7//2],
	[21, 18, 20, 14, 11, 1, 1, 14, 1, 1] => QQFieldElem[-4, 4, -4, 0],
	[21, 18, 20, 14, 12, 1, 1, 22, 1, 1] => QQFieldElem[32//11, -43//22, 34//11, 3//11],
	[21, 18, 20, 14, 19, 2, 2, 14, 1, 1] => QQFieldElem[-5//4, -1//2, 1//4, -1],
	[21, 18, 20, 14, 19, 1, 1, 13, 1, 1] => QQFieldElem[1, 0, 0, 1],
	[21, 18, 20, 14, 11, 1, 1, 13, 1, 1] => QQFieldElem[-16, -16, 0, -24],
	[21, 18, 20, 14, 19, 2, 2, 13, 1, 1] => QQFieldElem[5, -1, 4, 2],
	[21, 18, 20, 14, 20, 1, 1, 21, 2, 1] => QQFieldElem[37//11, -13//11, 29//11, 10//11],
	[21, 18, 20, 14, 12, 1, 1, 21, 2, 1] => QQFieldElem[13//55, 21//55, 9//55, 27//55],
	[21, 18, 20, 14, 20, 1, 1, 22, 2, 1] => QQFieldElem[-13, 0, -8, -8],
	[21, 18, 20, 14, 12, 1, 1, 22, 2, 1] => QQFieldElem[2//11, 9//22, -2//11, 5//11],
	[21, 18, 20, 14, 19, 1, 2, 21, 1, 1] => QQFieldElem[-51//55, 108//55, -103//55, 76//55],
	[21, 18, 20, 14, 17, 1, 1, 14, 1, 1] => QQFieldElem[1, 1, 1//2, 3//2],
	[21, 18, 20, 14, 19, 1, 2, 22, 1, 1] => QQFieldElem[34//5, -2//5, 22//5, 16//5],
	[21, 18, 20, 14, 19, 2, 1, 21, 1, 1] => QQFieldElem[-712//55, -304//55, -256//55, -768//55],
	[21, 18, 20, 14, 17, 1, 1, 13, 1, 1] => QQFieldElem[-6, 1, -4, -3],
	[21, 18, 20, 14, 19, 2, 1, 22, 1, 1] => QQFieldElem[32//5, 64//5, -24//5, 88//5],
	[21, 18, 20, 14, 19, 1, 2, 21, 2, 1] => QQFieldElem[0, 3//2, -1, 3//2],
	[21, 18, 20, 14, 18, 1, 1, 10, 1, 1] => QQFieldElem[0, 0, 1//2, 0],
	[21, 18, 20, 14, 19, 1, 2, 22, 2, 1] => QQFieldElem[-1, 0, -1//2, -1//2],
	[21, 18, 20, 14, 19, 2, 1, 21, 2, 1] => QQFieldElem[39//55, 8//55, 27//55, 26//55],
	[21, 18, 20, 14, 19, 2, 1, 22, 2, 1] => QQFieldElem[0, 0, 0, 0],
	[21, 18, 20, 14, 20, 1, 1, 15, 1, 1] => QQFieldElem[103//22, -9//22, 69//22, 26//11],
	[21, 18, 20, 14, 12, 1, 1, 15, 1, 1] => QQFieldElem[-20//11, 1//11, -15//11, -7//11],
	[21, 18, 20, 14, 20, 1, 1, 16, 1, 1] => QQFieldElem[-128//55, 64//55, -114//55, -12//55],
	[21, 18, 20, 14, 12, 1, 1, 16, 1, 1] => QQFieldElem[0, 0, 0, 0],
	[21, 18, 20, 14, 19, 1, 2, 15, 1, 1] => QQFieldElem[-3//22, -7//22, -5//22, -3//11],
	[21, 18, 20, 14, 18, 1, 1, 21, 1, 1] => QQFieldElem[7//55, -31//55, 26//55, -32//55],
	[21, 18, 20, 14, 19, 2, 1, 15, 1, 1] => QQFieldElem[3//44, -1//11, 5//44, 3//22],
	[21, 18, 20, 14, 18, 1, 1, 22, 1, 1] => QQFieldElem[-9//11, -12//11, 7//22, -17//11],
	[21, 18, 20, 14, 19, 1, 2, 16, 1, 1] => QQFieldElem[52//55, 8//11, 14//55, 64//55],
	[21, 18, 20, 14, 18, 1, 1, 21, 2, 1] => QQFieldElem[-64//11, -57//22, -24//11, -133//22],
	[21, 18, 20, 14, 20, 1, 1, 14, 1, 1] => QQFieldElem[-5//2, -3//2, -1//2, -3],
	[21, 18, 20, 14, 19, 2, 1, 16, 1, 1] => QQFieldElem[-64//55, 32//55, -57//55, -6//55],
	[21, 18, 20, 14, 18, 1, 1, 22, 2, 1] => QQFieldElem[-20//11, 95//44, -24//11, 31//44],
	[21, 18, 20, 14, 12, 1, 1, 14, 1, 1] => QQFieldElem[2, 1, 1, 3],
	[21, 18, 20, 14, 20, 1, 1, 13, 1, 1] => QQFieldElem[11, -3, 8, 4],
	[21, 18, 20, 14, 11, 1, 1, 10, 1, 1] => QQFieldElem[4, 4, 0, 8],
	[21, 18, 20, 14, 12, 1, 1, 13, 1, 1] => QQFieldElem[-5, 2, -4, -1],
	[21, 18, 20, 14, 19, 1, 1, 10, 1, 1] => QQFieldElem[1//2, 1//2, 1//2, 1//2],
	[21, 18, 20, 14, 19, 2, 2, 10, 1, 1] => QQFieldElem[-3//2, 0, -3//2, -3//4],
	[21, 18, 20, 14, 19, 1, 2, 14, 1, 1] => QQFieldElem[1//2, -1//2, 1//2, 0],
	[21, 18, 20, 14, 17, 1, 1, 10, 1, 1] => QQFieldElem[2, 0, 3//2, 1],
	[21, 18, 20, 14, 19, 1, 2, 13, 1, 1] => QQFieldElem[-1, -1, 0, -2],
	[21, 18, 20, 14, 19, 2, 1, 14, 1, 1] => QQFieldElem[3//4, 1//2, 1//4, 1])