Dict(
	[22, 12, 18, 22, 17, 2, 1, 16, 1, 1] => QQFieldElem[-1//8, -1//8, -1//8, -1//8],
	[22, 12, 18, 22, 18, 2, 1, 21, 1, 2] => QQFieldElem[-3, -1, -1, -3],
	[22, 12, 18, 22, 20, 2, 1, 21, 1, 1] => QQFieldElem[5//4, 1//4, 3//4, 7//8],
	[22, 12, 18, 22, 18, 2, 1, 22, 1, 2] => QQFieldElem[3, 0, 2, 2],
	[22, 12, 18, 22, 20, 2, 1, 9, 1, 1] => QQFieldElem[-1, 0, -1//2, -1//2],
	[22, 12, 18, 22, 19, 2, 1, 14, 1, 1] => QQFieldElem[0, 3//8, -1//8, 3//8],
	[22, 12, 18, 22, 20, 2, 1, 22, 1, 1] => QQFieldElem[-5//4, -3//8, -1//2, -1],
	[22, 12, 18, 22, 18, 1, 1, 15, 1, 1] => QQFieldElem[-3//10, -7//20, -3//20, -1//5],
	[22, 12, 18, 22, 19, 2, 1, 13, 1, 1] => QQFieldElem[9, 0, 11//2, 11//2],
	[22, 12, 18, 22, 19, 1, 1, 21, 1, 1] => QQFieldElem[0, 1//8, -1//8, 1//8],
	[22, 12, 18, 22, 18, 1, 1, 16, 1, 1] => QQFieldElem[3//8, -1//8, 3//8, 1//8],
	[22, 12, 18, 22, 19, 1, 1, 9, 1, 1] => QQFieldElem[2, 0, 3//2, 3//2],
	[22, 12, 18, 22, 19, 1, 1, 22, 1, 1] => QQFieldElem[1//2, 1//4, 1//8, 5//8],
	[22, 12, 18, 22, 17, 2, 1, 14, 1, 1] => QQFieldElem[3//8, 1//8, 1//8, 3//8],
	[22, 12, 18, 22, 20, 1, 1, 21, 1, 2] => QQFieldElem[5//16, -1//4, 5//16, -1//16],
	[22, 12, 18, 22, 12, 1, 1, 21, 1, 2] => QQFieldElem[-1//5, -3//20, -1//10, -3//10],
	[22, 12, 18, 22, 17, 2, 1, 13, 1, 1] => QQFieldElem[0, -2, 5//4, -2],
	[22, 12, 18, 22, 20, 1, 1, 22, 1, 2] => QQFieldElem[-5//16, -3//8, 0, -9//16],
	[22, 12, 18, 22, 12, 1, 1, 22, 1, 2] => QQFieldElem[1//5, 2//5, -3//20, 11//20],
	[22, 12, 18, 22, 17, 1, 1, 21, 1, 1] => QQFieldElem[-1//5, -2//5, 3//20, -11//20],
	[22, 12, 18, 22, 17, 1, 1, 9, 1, 1] => QQFieldElem[1//2, 1//2, 0, 1//2],
	[22, 12, 18, 22, 17, 1, 1, 22, 1, 1] => QQFieldElem[-1//20, 3//20, -3//20, 1//20],
	[22, 12, 18, 22, 20, 2, 1, 15, 1, 1] => QQFieldElem[0, 0, 0, 0],
	[22, 12, 18, 22, 18, 1, 1, 14, 1, 1] => QQFieldElem[7//40, -3//40, 1//8, 1//40],
	[22, 12, 18, 22, 18, 1, 1, 13, 1, 1] => QQFieldElem[-4, -2, -5//4, -9//2],
	[22, 12, 18, 22, 19, 2, 1, 21, 1, 2] => QQFieldElem[-5//4, 1//8, -7//8, -5//8],
	[22, 12, 18, 22, 20, 2, 1, 16, 1, 1] => QQFieldElem[0, 1//8, -1//8, 1//8],
	[22, 12, 18, 22, 19, 2, 1, 22, 1, 2] => QQFieldElem[3//4, -1//4, 5//8, 1//8],
	[22, 12, 18, 22, 19, 1, 1, 15, 1, 1] => QQFieldElem[0, 0, 0, 0],
	[22, 12, 18, 22, 18, 2, 1, 21, 1, 1] => QQFieldElem[3//8, 3//8, 0, 5//8],
	[22, 12, 18, 22, 17, 2, 1, 21, 1, 2] => QQFieldElem[-3//8, 1//8, -1//4, -1//8],
	[22, 12, 18, 22, 18, 2, 1, 22, 1, 1] => QQFieldElem[0, -3//8, 1//4, -3//8],
	[22, 12, 18, 22, 19, 1, 1, 16, 1, 1] => QQFieldElem[0, -1//4, -3//4, -1//4],
	[22, 12, 18, 22, 18, 2, 1, 9, 1, 1] => QQFieldElem[-3//2, 3//2, -2, 1//2],
	[22, 12, 18, 22, 17, 2, 1, 22, 1, 2] => QQFieldElem[-1//2, -1//8, -1//4, -3//8],
	[22, 12, 18, 22, 17, 1, 1, 15, 1, 1] => QQFieldElem[-1//10, -1//5, -1//20, -3//20],
	[22, 12, 18, 22, 20, 2, 1, 14, 1, 1] => QQFieldElem[0, -11//40, 7//40, -11//40],
	[22, 12, 18, 22, 20, 2, 1, 13, 1, 1] => QQFieldElem[-4, 0, -5//2, -5//2],
	[22, 12, 18, 22, 17, 1, 1, 16, 1, 1] => QQFieldElem[1//8, 0, 0, 0],
	[22, 12, 18, 22, 18, 1, 1, 21, 1, 2] => QQFieldElem[-7//20, 1//20, -3//10, -3//20],
	[22, 12, 18, 22, 20, 1, 1, 21, 1, 1] => QQFieldElem[7//16, -1//8, 3//16, 7//16],
	[22, 12, 18, 22, 12, 1, 1, 21, 1, 1] => QQFieldElem[14//5, -2//5, 12//5, 6//5],
	[22, 12, 18, 22, 18, 1, 1, 22, 1, 2] => QQFieldElem[-2//5, -1//20, -1//5, -7//20],
	[22, 12, 18, 22, 19, 1, 1, 14, 1, 1] => QQFieldElem[0, 1//4, 0, 1//4],
	[22, 12, 18, 22, 12, 1, 1, 9, 1, 1] => QQFieldElem[-8, 0, -4, -4],
	[22, 12, 18, 22, 12, 1, 1, 22, 1, 1] => QQFieldElem[16//5, 2//5, 8//5, 14//5],
	[22, 12, 18, 22, 20, 1, 1, 22, 1, 1] => QQFieldElem[-7//16, 0, -1//4, -9//16],
	[22, 12, 18, 22, 20, 1, 1, 9, 1, 1] => QQFieldElem[0, 0, 0, 0],
	[22, 12, 18, 22, 19, 1, 1, 13, 1, 1] => QQFieldElem[9//2, 0, 11//4, 11//4],
	[22, 12, 18, 22, 18, 2, 1, 15, 1, 1] => QQFieldElem[3//10, 1//10, 3//20, -1//20],
	[22, 12, 18, 22, 17, 1, 1, 14, 1, 1] => QQFieldElem[-3//8, 0, -1//4, -1//4],
	[22, 12, 18, 22, 19, 2, 1, 21, 1, 1] => QQFieldElem[-1//2, 1//8, -3//8, -1//4],
	[22, 12, 18, 22, 17, 1, 1, 13, 1, 1] => QQFieldElem[2, 2, 0, 13//4],
	[22, 12, 18, 22, 18, 2, 1, 16, 1, 1] => QQFieldElem[-3//8, -1//4, 0, -1//2],
	[22, 12, 18, 22, 19, 2, 1, 9, 1, 1] => QQFieldElem[5, 0, 5//2, 5//2],
	[22, 12, 18, 22, 19, 2, 1, 22, 1, 1] => QQFieldElem[0, 1//8, -1//8, 1//8],
	[22, 12, 18, 22, 20, 2, 1, 21, 1, 2] => QQFieldElem[1//4, 1//4, 0, 3//8],
	[22, 12, 18, 22, 20, 2, 1, 22, 1, 2] => QQFieldElem[-1//4, 1//8, -1//4, 0],
	[22, 12, 18, 22, 20, 1, 1, 15, 1, 1] => QQFieldElem[0, 1//4, 0, 1//4],
	[22, 12, 18, 22, 12, 1, 1, 15, 1, 1] => QQFieldElem[0, 0, 0, 0],
	[22, 12, 18, 22, 17, 2, 1, 21, 1, 1] => QQFieldElem[9//10, 3//10, 9//20, 17//20],
	[22, 12, 18, 22, 17, 2, 1, 9, 1, 1] => QQFieldElem[0, -1//2, 0, -1//2],
	[22, 12, 18, 22, 17, 2, 1, 22, 1, 1] => QQFieldElem[21//20, 17//20, 3//20, 29//20],
	[22, 12, 18, 22, 19, 1, 1, 21, 1, 2] => QQFieldElem[-3//4, -5//8, -1//8, -1],
	[22, 12, 18, 22, 18, 2, 1, 14, 1, 1] => QQFieldElem[-7//40, -3//20, -1//20, -1//4],
	[22, 12, 18, 22, 20, 1, 1, 16, 1, 1] => QQFieldElem[0, 0, 0, 0],
	[22, 12, 18, 22, 19, 1, 1, 22, 1, 2] => QQFieldElem[5//4, 5//8, 3//8, 11//8],
	[22, 12, 18, 22, 12, 1, 1, 16, 1, 1] => QQFieldElem[0, -1, 0, -1],
	[22, 12, 18, 22, 18, 2, 1, 13, 1, 1] => QQFieldElem[-2, 2, -5//2, 3//4],
	[22, 12, 18, 22, 18, 1, 1, 21, 1, 1] => QQFieldElem[-3//4, 1//4, -1//2, -1//4],
	[22, 12, 18, 22, 19, 2, 1, 15, 1, 1] => QQFieldElem[0, 0, 0, 0],
	[22, 12, 18, 22, 18, 1, 1, 9, 1, 1] => QQFieldElem[-3, -3//2, -1, -7//2],
	[22, 12, 18, 22, 18, 1, 1, 22, 1, 1] => QQFieldElem[-1, -1//4, -1//2, -3//4],
	[22, 12, 18, 22, 17, 1, 1, 21, 1, 2] => QQFieldElem[1//5, -17//20, 3//5, -7//10],
	[22, 12, 18, 22, 17, 1, 1, 22, 1, 2] => QQFieldElem[3//5, -3//10, 11//20, 3//20],
	[22, 12, 18, 22, 20, 1, 1, 14, 1, 1] => QQFieldElem[0, 0, 0, 0],
	[22, 12, 18, 22, 12, 1, 1, 14, 1, 1] => QQFieldElem[0, 1//5, -2//5, 1//5],
	[22, 12, 18, 22, 19, 2, 1, 16, 1, 1] => QQFieldElem[0, 3//8, -1//8, 3//8],
	[22, 12, 18, 22, 20, 1, 1, 13, 1, 1] => QQFieldElem[0, 0, 0, 0],
	[22, 12, 18, 22, 12, 1, 1, 13, 1, 1] => QQFieldElem[0, 0, 0, 0],
	[22, 12, 18, 22, 17, 2, 1, 15, 1, 1] => QQFieldElem[1//10, -1//20, 1//20, -1//10])