Dict(
	[22, 8, 16, 17, 21, 2, 1, 22, 1, 1] => QQFieldElem[0, 0, -1//2, -1//2],
	[22, 8, 16, 17, 21, 2, 1, 16, 1, 1] => QQFieldElem[-2, -1, 1//2, -5//2],
	[22, 8, 16, 17, 22, 1, 1, 13, 1, 1] => QQFieldElem[-9//5, 2//5, -7//5, -1//5],
	[22, 8, 16, 17, 22, 2, 1, 13, 1, 1] => QQFieldElem[1, 0, 1, 1],
	[22, 8, 16, 17, 21, 1, 1, 13, 1, 1] => QQFieldElem[-3//5, -1//5, -4//5, -2//5],
	[22, 8, 16, 17, 21, 2, 1, 13, 1, 1] => QQFieldElem[1, -1, 0, 0],
	[22, 8, 16, 17, 22, 1, 1, 21, 1, 1] => QQFieldElem[-1, 0, 1, -1],
	[22, 8, 16, 17, 22, 1, 1, 22, 1, 1] => QQFieldElem[1, 1//2, 1, 1//2],
	[22, 8, 16, 17, 22, 2, 1, 21, 1, 1] => QQFieldElem[-3//5, -6//5, 1//5, -7//5],
	[22, 8, 16, 17, 22, 1, 1, 16, 1, 1] => QQFieldElem[4, 5//2, 1, 9//2],
	[22, 8, 16, 17, 21, 1, 1, 21, 1, 1] => QQFieldElem[1, 1, 0, 2],
	[22, 8, 16, 17, 22, 2, 1, 22, 1, 1] => QQFieldElem[-2//5, -3//10, -1//5, -1//10],
	[22, 8, 16, 17, 21, 1, 1, 22, 1, 1] => QQFieldElem[0, 0, 1//2, 1//2],
	[22, 8, 16, 17, 21, 2, 1, 21, 1, 1] => QQFieldElem[1, 1, 0, 0],
	[22, 8, 16, 17, 21, 1, 1, 16, 1, 1] => QQFieldElem[0, 1, -1//2, 1//2],
	[22, 8, 16, 17, 22, 2, 1, 16, 1, 1] => QQFieldElem[1, -3//2, 1, -1//2])