Dict(
	[22, 18, 19, 10, 20, 1, 2, 21, 1, 1] => QQFieldElem[3, -2, 3, 0],
	[22, 18, 19, 10, 20, 1, 1, 21, 1, 1] => QQFieldElem[-1, 3//2, -1, 0],
	[22, 18, 19, 10, 12, 1, 1, 21, 1, 1] => QQFieldElem[5//4, 1//2, -1//4, 1],
	[22, 18, 19, 10, 17, 1, 1, 21, 2, 1] => QQFieldElem[-1//2, -1//2, -1//2, 0],
	[22, 18, 19, 10, 20, 1, 2, 22, 1, 1] => QQFieldElem[1//2, -6, 7//2, -11//2],
	[22, 18, 19, 10, 20, 1, 2, 16, 1, 1] => QQFieldElem[-3//5, -1//5, -4//5, -2//5],
	[22, 18, 19, 10, 12, 1, 1, 22, 1, 1] => QQFieldElem[-3, -3//2, -3//2, -3],
	[22, 18, 19, 10, 20, 1, 1, 16, 1, 1] => QQFieldElem[0, 0, 0, -1//2],
	[22, 18, 19, 10, 17, 1, 1, 22, 2, 1] => QQFieldElem[0, 0, 0, 0],
	[22, 18, 19, 10, 20, 1, 1, 22, 1, 1] => QQFieldElem[-1//4, 5//2, -2, 9//4],
	[22, 18, 19, 10, 19, 1, 1, 13, 1, 1] => QQFieldElem[1, 1//2, 0, 1],
	[22, 18, 19, 10, 11, 1, 1, 13, 1, 1] => QQFieldElem[-1//2, 1//2, -1//2, 0],
	[22, 18, 19, 10, 12, 1, 1, 16, 1, 1] => QQFieldElem[2//5, 4//5, -4//5, 3//5],
	[22, 18, 19, 10, 20, 1, 2, 21, 2, 1] => QQFieldElem[-7//5, -4//5, -1//5, -8//5],
	[22, 18, 19, 10, 20, 1, 1, 21, 2, 1] => QQFieldElem[1, -1//2, 1, 0],
	[22, 18, 19, 10, 12, 1, 1, 21, 2, 1] => QQFieldElem[-5//2, -3//2, -1//2, -3],
	[22, 18, 19, 10, 20, 1, 2, 22, 2, 1] => QQFieldElem[-1//2, 0, -1//2, -1//2],
	[22, 18, 19, 10, 20, 1, 1, 22, 2, 1] => QQFieldElem[1//4, -1//2, 1//2, -1//4],
	[22, 18, 19, 10, 12, 1, 1, 22, 2, 1] => QQFieldElem[6, 2, 2, 6],
	[22, 18, 19, 10, 19, 1, 1, 21, 1, 1] => QQFieldElem[11//5, 7//5, 3//5, 14//5],
	[22, 18, 19, 10, 11, 1, 1, 21, 1, 1] => QQFieldElem[0, -1//2, 0, 0],
	[22, 18, 19, 10, 19, 1, 1, 22, 1, 1] => QQFieldElem[3//2, 1//2, 1, 3//2],
	[22, 18, 19, 10, 11, 1, 1, 22, 1, 1] => QQFieldElem[-1//5, 3//5, -3//5, 1//5],
	[22, 18, 19, 10, 17, 1, 1, 13, 1, 1] => QQFieldElem[-1//2, -1//4, 0, -1//2],
	[22, 18, 19, 10, 11, 1, 1, 16, 1, 1] => QQFieldElem[4//5, -2//5, 2//5, 1//5],
	[22, 18, 19, 10, 19, 1, 1, 16, 1, 1] => QQFieldElem[-1, -1, 0, -2],
	[22, 18, 19, 10, 19, 1, 1, 21, 2, 1] => QQFieldElem[-17//5, 1//5, -11//5, -8//5],
	[22, 18, 19, 10, 11, 1, 1, 21, 2, 1] => QQFieldElem[1, 3//2, 0, 2],
	[22, 18, 19, 10, 20, 1, 2, 13, 1, 1] => QQFieldElem[0, -1//2, 0, 0],
	[22, 18, 19, 10, 20, 1, 1, 13, 1, 1] => QQFieldElem[1//2, 1//4, 0, 1//2],
	[22, 18, 19, 10, 19, 1, 1, 22, 2, 1] => QQFieldElem[-9//2, 7//2, -5, 1//2],
	[22, 18, 19, 10, 12, 1, 1, 13, 1, 1] => QQFieldElem[-1//2, -1//2, 1//2, -1],
	[22, 18, 19, 10, 11, 1, 1, 22, 2, 1] => QQFieldElem[-21//5, -17//5, -3//5, -29//5],
	[22, 18, 19, 10, 17, 1, 1, 21, 1, 1] => QQFieldElem[-1//4, 0, 1//4, 0],
	[22, 18, 19, 10, 17, 1, 1, 22, 1, 1] => QQFieldElem[1, 1//2, 1//2, 1],
	[22, 18, 19, 10, 17, 1, 1, 16, 1, 1] => QQFieldElem[1, 1, 0, 1//2])