Dict(
	[22, 18, 9, 17, 10, 1, 1, 21, 2, 1] => QQFieldElem[0, -2, 2, -4],
	[22, 18, 9, 17, 13, 1, 1, 9, 1, 1] => QQFieldElem[-4, -1, -2, -4],
	[22, 18, 9, 17, 13, 1, 1, 16, 1, 1] => QQFieldElem[68//11, 42//11, 17//11, 78//11],
	[22, 18, 9, 17, 22, 1, 1, 15, 1, 1] => QQFieldElem[103//22, -21//11, 40//11, 19//22],
	[22, 18, 9, 17, 13, 1, 1, 21, 2, 1] => QQFieldElem[-4, -4, 0, -4],
	[22, 18, 9, 17, 22, 2, 1, 15, 1, 1] => QQFieldElem[-112//11, 43//11, -95//11, -26//11],
	[22, 18, 9, 17, 22, 1, 1, 21, 1, 1] => QQFieldElem[3, 1, 1, 2],
	[22, 18, 9, 17, 22, 1, 1, 9, 1, 1] => QQFieldElem[-7//2, 0, -5//2, -5//2],
	[22, 18, 9, 17, 14, 1, 1, 15, 1, 1] => QQFieldElem[26//11, -42//11, 36//11, -25//11],
	[22, 18, 9, 17, 22, 2, 1, 21, 1, 1] => QQFieldElem[2, -1, 1, 0],
	[22, 18, 9, 17, 22, 1, 1, 16, 1, 1] => QQFieldElem[145//22, 21//11, 61//22, 61//11],
	[22, 18, 9, 17, 22, 2, 1, 9, 1, 1] => QQFieldElem[8, 0, 5, 5],
	[22, 18, 9, 17, 22, 2, 1, 16, 1, 1] => QQFieldElem[-155//11, -43//11, -69//11, -138//11],
	[22, 18, 9, 17, 22, 1, 1, 21, 2, 1] => QQFieldElem[2, 0, 5//2, 5//2],
	[22, 18, 9, 17, 14, 1, 1, 21, 1, 1] => QQFieldElem[6, 6, 0, 10],
	[22, 18, 9, 17, 14, 1, 1, 9, 1, 1] => QQFieldElem[-3, 1, -3, -1],
	[22, 18, 9, 17, 22, 2, 1, 21, 2, 1] => QQFieldElem[-6, 0, -3, -3],
	[22, 18, 9, 17, 14, 1, 1, 16, 1, 1] => QQFieldElem[6, 0, 4, 4],
	[22, 18, 9, 17, 10, 1, 1, 15, 1, 1] => QQFieldElem[172//11, -68//11, 140//11, 36//11],
	[22, 18, 9, 17, 14, 1, 1, 21, 2, 1] => QQFieldElem[8, 0, 4, 4],
	[22, 18, 9, 17, 10, 1, 1, 21, 1, 1] => QQFieldElem[-8, -8, 0, -16],
	[22, 18, 9, 17, 13, 1, 1, 15, 1, 1] => QQFieldElem[6, 0, 4, 4],
	[22, 18, 9, 17, 10, 1, 1, 9, 1, 1] => QQFieldElem[-14, 0, -8, -8],
	[22, 18, 9, 17, 10, 1, 1, 16, 1, 1] => QQFieldElem[240//11, 68//11, 104//11, 208//11],
	[22, 18, 9, 17, 13, 1, 1, 21, 1, 1] => QQFieldElem[-4, -2, -2, -6])