Dict(
	[22, 15, 8, 12, 9, 1, 1, 19, 1, 1] => QQFieldElem[0, -1, 0, 0],
	[22, 15, 8, 12, 9, 1, 1, 12, 1, 1] => QQFieldElem[1//5, -3//5, -2//5, -1//5],
	[22, 15, 8, 12, 14, 1, 1, 19, 2, 1] => QQFieldElem[1, 0, 1, 1],
	[22, 15, 8, 12, 10, 1, 1, 19, 1, 1] => QQFieldElem[0, 0, 0, -2],
	[22, 15, 8, 12, 10, 1, 1, 12, 1, 1] => QQFieldElem[-4//5, -3//5, -2//5, -1//5],
	[22, 15, 8, 12, 9, 1, 1, 19, 2, 1] => QQFieldElem[-1, 0, -1, -1],
	[22, 15, 8, 12, 15, 1, 1, 7, 1, 1] => QQFieldElem[-1, 0, -1, -1],
	[22, 15, 8, 12, 10, 1, 1, 19, 2, 1] => QQFieldElem[1, 0, 1, 1],
	[22, 15, 8, 12, 15, 1, 1, 19, 1, 1] => QQFieldElem[0, 0, 0, -2],
	[22, 15, 8, 12, 15, 1, 1, 12, 1, 1] => QQFieldElem[4//5, 3//5, 2//5, 1//5],
	[22, 15, 8, 12, 14, 1, 1, 7, 1, 1] => QQFieldElem[4, 2, 2, 4],
	[22, 15, 8, 12, 15, 1, 1, 19, 2, 1] => QQFieldElem[1, 0, 1, 1],
	[22, 15, 8, 12, 9, 1, 1, 7, 1, 1] => QQFieldElem[1, 0, 1, 0],
	[22, 15, 8, 12, 14, 1, 1, 12, 1, 1] => QQFieldElem[-6//5, -2//5, 2//5, -4//5],
	[22, 15, 8, 12, 14, 1, 1, 19, 1, 1] => QQFieldElem[0, 1, 0, 0],
	[22, 15, 8, 12, 10, 1, 1, 7, 1, 1] => QQFieldElem[-1, 0, -1, -1])