Dict(
	[22, 21, 4, 18, 22, 2, 1, 20, 1, 1] => QQFieldElem[3//5, -4//5, 4//5, 2//5],
	[22, 21, 4, 18, 21, 1, 1, 20, 1, 1] => QQFieldElem[-2//5, 6//5, 4//5, 2//5],
	[22, 21, 4, 18, 13, 1, 1, 17, 2, 1] => QQFieldElem[-1, 0, 0, -2],
	[22, 21, 4, 18, 21, 2, 1, 20, 1, 1] => QQFieldElem[3, 2, 2, 2],
	[22, 21, 4, 18, 22, 1, 1, 20, 2, 1] => QQFieldElem[-1, 1//2, -1//2, 0],
	[22, 21, 4, 18, 22, 1, 1, 17, 1, 1] => QQFieldElem[2, -1//2, 1, 1//2],
	[22, 21, 4, 18, 13, 1, 1, 5, 1, 1] => QQFieldElem[-2, 0, -2, -2],
	[22, 21, 4, 18, 22, 2, 1, 20, 2, 1] => QQFieldElem[-3//5, -1//5, -4//5, 3//5],
	[22, 21, 4, 18, 21, 1, 1, 20, 2, 1] => QQFieldElem[2//5, 4//5, 6//5, 8//5],
	[22, 21, 4, 18, 22, 2, 1, 17, 1, 1] => QQFieldElem[-1//5, -2//5, 2//5, -4//5],
	[22, 21, 4, 18, 21, 1, 1, 17, 1, 1] => QQFieldElem[-2//5, 6//5, 4//5, 2//5],
	[22, 21, 4, 18, 21, 2, 1, 20, 2, 1] => QQFieldElem[-14//5, -8//5, -12//5, -6//5],
	[22, 21, 4, 18, 21, 2, 1, 17, 1, 1] => QQFieldElem[1, 0, 0, 2],
	[22, 21, 4, 18, 22, 1, 1, 17, 2, 1] => QQFieldElem[-2, 1//2, -3//2, 0],
	[22, 21, 4, 18, 22, 1, 1, 5, 1, 1] => QQFieldElem[-2, -1//2, -1, -3//2],
	[22, 21, 4, 18, 21, 1, 1, 17, 2, 1] => QQFieldElem[-2//5, -4//5, -6//5, -8//5],
	[22, 21, 4, 18, 22, 2, 1, 17, 2, 1] => QQFieldElem[1//5, -3//5, -2//5, -1//5],
	[22, 21, 4, 18, 22, 2, 1, 5, 1, 1] => QQFieldElem[0, 0, 0, 0],
	[22, 21, 4, 18, 21, 1, 1, 5, 1, 1] => QQFieldElem[5//2, 3//2, 1, 5//2],
	[22, 21, 4, 18, 13, 1, 1, 20, 1, 1] => QQFieldElem[16//5, 12//5, 8//5, 4//5],
	[22, 21, 4, 18, 21, 2, 1, 17, 2, 1] => QQFieldElem[-2, 4, -4, 2],
	[22, 21, 4, 18, 21, 2, 1, 5, 1, 1] => QQFieldElem[1, 0, 1, 0],
	[22, 21, 4, 18, 13, 1, 1, 20, 2, 1] => QQFieldElem[-1, 0, 0, -2],
	[22, 21, 4, 18, 13, 1, 1, 17, 1, 1] => QQFieldElem[32//5, 4//5, 16//5, 28//5],
	[22, 21, 4, 18, 22, 1, 1, 20, 1, 1] => QQFieldElem[2, 3//2, 1, 5//2])