Dict(
	[22, 18, 19, 14, 19, 2, 1, 21, 1, 2] => QQFieldElem[3//22, 7//22, 5//22, 3//11],
	[22, 18, 19, 14, 17, 1, 1, 22, 2, 1] => QQFieldElem[-2, -1, -1//2, -5//2],
	[22, 18, 19, 14, 19, 2, 1, 22, 1, 2] => QQFieldElem[0, 0, 0, 0],
	[22, 18, 19, 14, 7, 1, 1, 13, 1, 1] => QQFieldElem[3, 3//2, 1, 7//2],
	[22, 18, 19, 14, 19, 2, 1, 21, 2, 2] => QQFieldElem[0, 0, 0, 0],
	[22, 18, 19, 14, 19, 2, 1, 22, 2, 2] => QQFieldElem[-8, 1//2, -5, -9//2],
	[22, 18, 19, 14, 19, 1, 1, 16, 1, 1] => QQFieldElem[1//2, 3//8, 1//4, 3//4],
	[22, 18, 19, 14, 11, 1, 1, 16, 1, 1] => QQFieldElem[1//4, -3//8, 0, 3//4],
	[22, 18, 19, 14, 20, 1, 2, 13, 1, 1] => QQFieldElem[0, 0, 0, 0],
	[22, 18, 19, 14, 17, 1, 1, 16, 1, 1] => QQFieldElem[-7//4, -3//4, -3//4, -7//4],
	[22, 18, 19, 14, 18, 1, 1, 21, 1, 2] => QQFieldElem[-39//88, -9//22, -19//22, -89//88],
	[22, 18, 19, 14, 5, 1, 1, 21, 1, 2] => QQFieldElem[-3//4, -13//8, -3//4, 5//8],
	[22, 18, 19, 14, 20, 1, 1, 21, 1, 1] => QQFieldElem[3//8, 7//4, 1, 5//8],
	[22, 18, 19, 14, 12, 1, 1, 21, 1, 1] => QQFieldElem[1//4, 3//4, 1//4, 5//4],
	[22, 18, 19, 14, 18, 1, 1, 22, 1, 2] => QQFieldElem[5//4, -1, 3//4, 1//4],
	[22, 18, 19, 14, 5, 1, 1, 22, 1, 2] => QQFieldElem[0, -1//2, 1//2, -1//2],
	[22, 18, 19, 14, 20, 1, 1, 22, 1, 1] => QQFieldElem[-11//8, -1//2, -1//2, -21//8],
	[22, 18, 19, 14, 7, 1, 1, 21, 1, 2] => QQFieldElem[1//4, 1//8, 1//4, 5//8],
	[22, 18, 19, 14, 12, 1, 1, 22, 1, 1] => QQFieldElem[1, 1//2, 1//2, 1//2],
	[22, 18, 19, 14, 19, 1, 1, 13, 1, 1] => QQFieldElem[-1//8, 1//4, -1//8, 0],
	[22, 18, 19, 14, 7, 1, 1, 22, 1, 2] => QQFieldElem[3, 1//2, 3//2, 5//2],
	[22, 18, 19, 14, 11, 1, 1, 13, 1, 1] => QQFieldElem[1//8, 1//2, -1//8, 3//4],
	[22, 18, 19, 14, 5, 1, 1, 21, 2, 2] => QQFieldElem[1//2, 0, 1//2, 1//4],
	[22, 18, 19, 14, 20, 1, 1, 21, 2, 1] => QQFieldElem[1, 1//4, 3//2, -1//4],
	[22, 18, 19, 14, 18, 1, 1, 21, 2, 2] => QQFieldElem[-65//44, -5//44, -35//44, -5//11],
	[22, 18, 19, 14, 18, 1, 1, 22, 2, 2] => QQFieldElem[0, -3//2, 3//2, -3//2],
	[22, 18, 19, 14, 12, 1, 1, 21, 2, 1] => QQFieldElem[5//2, 1, -1//2, 2],
	[22, 18, 19, 14, 5, 1, 1, 22, 2, 2] => QQFieldElem[7//5, -11//5, 11//5, -7//5],
	[22, 18, 19, 14, 20, 1, 1, 22, 2, 1] => QQFieldElem[19//4, 13//4, 7//4, 21//4],
	[22, 18, 19, 14, 7, 1, 1, 21, 2, 2] => QQFieldElem[1//2, 0, 1//2, 1//4],
	[22, 18, 19, 14, 12, 1, 1, 22, 2, 1] => QQFieldElem[-2, -2, -1//2, -5//2],
	[22, 18, 19, 14, 7, 1, 1, 22, 2, 2] => QQFieldElem[7//5, -11//5, 11//5, -7//5],
	[22, 18, 19, 14, 19, 2, 1, 21, 1, 1] => QQFieldElem[51//22, -13//22, 41//22, 18//11],
	[22, 18, 19, 14, 17, 1, 1, 13, 1, 1] => QQFieldElem[-1//4, -3//4, 1, -5//4],
	[22, 18, 19, 14, 20, 1, 2, 21, 1, 2] => QQFieldElem[-1//4, -1//4, -1//4, -1//2],
	[22, 18, 19, 14, 19, 2, 1, 22, 1, 1] => QQFieldElem[0, 4, -2, 4],
	[22, 18, 19, 14, 20, 1, 2, 22, 1, 2] => QQFieldElem[-5//4, 0, -1//2, -3//4],
	[22, 18, 19, 14, 19, 2, 1, 21, 2, 1] => QQFieldElem[-13//44, -1//44, -7//44, -1//11],
	[22, 18, 19, 14, 20, 1, 2, 21, 2, 2] => QQFieldElem[1//2, 1//2, 1//2, 0],
	[22, 18, 19, 14, 19, 2, 1, 22, 2, 1] => QQFieldElem[0, -1//2, 1//2, -1//2],
	[22, 18, 19, 14, 20, 1, 2, 22, 2, 2] => QQFieldElem[0, 0, 0, 1//2],
	[22, 18, 19, 14, 19, 1, 1, 21, 1, 2] => QQFieldElem[-3//22, -3//44, -5//22, -1//44],
	[22, 18, 19, 14, 11, 1, 1, 21, 1, 2] => QQFieldElem[0, 2, -1, 2],
	[22, 18, 19, 14, 19, 1, 1, 22, 1, 2] => QQFieldElem[0, 1//2, 1//2, 0],
	[22, 18, 19, 14, 12, 1, 1, 16, 1, 1] => QQFieldElem[3//4, -1//4, 1//2, 1//4],
	[22, 18, 19, 14, 20, 1, 1, 16, 1, 1] => QQFieldElem[1//4, -1//4, 1//4, -1//4],
	[22, 18, 19, 14, 11, 1, 1, 22, 1, 2] => QQFieldElem[4//5, -7//5, 7//5, -4//5],
	[22, 18, 19, 14, 19, 1, 1, 21, 2, 2] => QQFieldElem[0, 0, 0, 0],
	[22, 18, 19, 14, 11, 1, 1, 21, 2, 2] => QQFieldElem[4, 2, 1, 4],
	[22, 18, 19, 14, 19, 1, 1, 22, 2, 2] => QQFieldElem[-1, -1//2, 0, -3//2],
	[22, 18, 19, 14, 11, 1, 1, 22, 2, 2] => QQFieldElem[-12//5, -9//5, -1//5, -18//5],
	[22, 18, 19, 14, 18, 1, 1, 21, 1, 1] => QQFieldElem[-6//11, -3//11, 1//11, -1//11],
	[22, 18, 19, 14, 5, 1, 1, 21, 1, 1] => QQFieldElem[1, 1//2, 1//2, 1],
	[22, 18, 19, 14, 17, 1, 1, 21, 1, 2] => QQFieldElem[3//2, 0, 0, 1],
	[22, 18, 19, 14, 18, 1, 1, 22, 1, 1] => QQFieldElem[4//5, -2//5, 2//5, 1//5],
	[22, 18, 19, 14, 5, 1, 1, 22, 1, 1] => QQFieldElem[22//5, 0, 14//5, 14//5],
	[22, 18, 19, 14, 17, 1, 1, 22, 1, 2] => QQFieldElem[-1, -1//2, 0, -3//2],
	[22, 18, 19, 14, 7, 1, 1, 21, 1, 1] => QQFieldElem[-1, -1//4, -1//4, -1],
	[22, 18, 19, 14, 7, 1, 1, 22, 1, 1] => QQFieldElem[0, 1, -1, 1],
	[22, 18, 19, 14, 18, 1, 1, 21, 2, 1] => QQFieldElem[-20//11, 1//11, -15//11, -7//11],
	[22, 18, 19, 14, 5, 1, 1, 21, 2, 1] => QQFieldElem[1, -1//2, 1//2, 0],
	[22, 18, 19, 14, 19, 2, 1, 16, 1, 1] => QQFieldElem[3//4, -1//4, 1//2, 1//4],
	[22, 18, 19, 14, 17, 1, 1, 21, 2, 2] => QQFieldElem[1, -1, 1, 0],
	[22, 18, 19, 14, 18, 1, 1, 22, 2, 1] => QQFieldElem[-4//5, -18//5, 8//5, -21//5],
	[22, 18, 19, 14, 5, 1, 1, 22, 2, 1] => QQFieldElem[6//5, -16//5, 14//5, -14//5],
	[22, 18, 19, 14, 20, 1, 1, 13, 1, 1] => QQFieldElem[1//4, 1//4, 1//2, 1//4],
	[22, 18, 19, 14, 17, 1, 1, 22, 2, 2] => QQFieldElem[-7//5, 1//5, -6//5, -3//5],
	[22, 18, 19, 14, 7, 1, 1, 21, 2, 1] => QQFieldElem[-1, 0, -1, -1//2],
	[22, 18, 19, 14, 12, 1, 1, 13, 1, 1] => QQFieldElem[3//2, 3//4, 0, 3//2],
	[22, 18, 19, 14, 7, 1, 1, 22, 2, 1] => QQFieldElem[-14//5, 22//5, -22//5, 14//5],
	[22, 18, 19, 14, 20, 1, 2, 21, 1, 1] => QQFieldElem[-1//4, -1//4, -1//4, -1//2],
	[22, 18, 19, 14, 20, 1, 2, 22, 1, 1] => QQFieldElem[-19//4, 0, -5//2, -11//4],
	[22, 18, 19, 14, 20, 1, 2, 21, 2, 1] => QQFieldElem[1//2, 1//2, 1//2, 1],
	[22, 18, 19, 14, 19, 2, 1, 13, 1, 1] => QQFieldElem[1//2, 1//4, 0, 1//2],
	[22, 18, 19, 14, 20, 1, 2, 22, 2, 1] => QQFieldElem[10, 0, 6, 13//2],
	[22, 18, 19, 14, 19, 1, 1, 21, 1, 1] => QQFieldElem[3//2, 1//4, 0, 3//4],
	[22, 18, 19, 14, 11, 1, 1, 21, 1, 1] => QQFieldElem[0, -1//4, 1//4, 0],
	[22, 18, 19, 14, 18, 1, 1, 16, 1, 1] => QQFieldElem[-3//2, 1//2, -1, -1//2],
	[22, 18, 19, 14, 5, 1, 1, 16, 1, 1] => QQFieldElem[3//2, 1//2, 1//2, 3//2],
	[22, 18, 19, 14, 19, 1, 1, 22, 1, 1] => QQFieldElem[-3, 3//2, -5//2, -1],
	[22, 18, 19, 14, 11, 1, 1, 22, 1, 1] => QQFieldElem[0, -1, 1, -1],
	[22, 18, 19, 14, 20, 1, 1, 21, 1, 2] => QQFieldElem[-1//8, -1//4, 1//4, 1//8],
	[22, 18, 19, 14, 12, 1, 1, 21, 1, 2] => QQFieldElem[-1//2, -1, 1, -2],
	[22, 18, 19, 14, 7, 1, 1, 16, 1, 1] => QQFieldElem[3//2, -1//2, 3//2, 1//2],
	[22, 18, 19, 14, 19, 1, 1, 21, 2, 1] => QQFieldElem[-3//88, 1//22, 3//44, -17//88],
	[22, 18, 19, 14, 11, 1, 1, 21, 2, 1] => QQFieldElem[0, 0, 0, -1//2],
	[22, 18, 19, 14, 12, 1, 1, 22, 1, 2] => QQFieldElem[-2, -1//2, -1, -3//2],
	[22, 18, 19, 14, 20, 1, 1, 22, 1, 2] => QQFieldElem[-3//8, -1//2, 1//4, -5//8],
	[22, 18, 19, 14, 19, 1, 1, 22, 2, 1] => QQFieldElem[3//4, 0, 1//4, 1//4],
	[22, 18, 19, 14, 11, 1, 1, 22, 2, 1] => QQFieldElem[-14//5, -6//5, -6//5, -14//5],
	[22, 18, 19, 14, 20, 1, 1, 21, 2, 2] => QQFieldElem[0, -1//4, 0, 1//4],
	[22, 18, 19, 14, 12, 1, 1, 21, 2, 2] => QQFieldElem[-5, -3, -1, -6],
	[22, 18, 19, 14, 17, 1, 1, 21, 1, 1] => QQFieldElem[-1//4, 3//4, -3//4, 1//4],
	[22, 18, 19, 14, 20, 1, 1, 22, 2, 2] => QQFieldElem[-1//4, 1//4, -1//4, 1//4],
	[22, 18, 19, 14, 12, 1, 1, 22, 2, 2] => QQFieldElem[3, 3, 0, 5],
	[22, 18, 19, 14, 17, 1, 1, 22, 1, 1] => QQFieldElem[1//2, -1, 1, -1//2],
	[22, 18, 19, 14, 17, 1, 1, 21, 2, 1] => QQFieldElem[3//2, 1, 1//2, 2],
	[22, 18, 19, 14, 18, 1, 1, 13, 1, 1] => QQFieldElem[-3, -2, -1, -4],
	[22, 18, 19, 14, 20, 1, 2, 16, 1, 1] => QQFieldElem[-1//2, -1//2, 0, -1//2],
	[22, 18, 19, 14, 5, 1, 1, 13, 1, 1] => QQFieldElem[0, 1//2, 0, 1//2])