Dict(
	[22, 22, 22, 22, 12, 1, 1, 8, 1, 1] => QQFieldElem[-28//5, 0, -16//5, -16//5],
	[22, 22, 22, 22, 19, 2, 2, 12, 1, 1] => QQFieldElem[28//5, 28//5, 0, 44//5],
	[22, 22, 22, 22, 20, 1, 2, 4, 1, 1] => QQFieldElem[2//5, -3//10, 2//5, 0],
	[22, 22, 22, 22, 11, 1, 1, 20, 1, 1] => QQFieldElem[0, -16//5, 12//5, -16//5],
	[22, 22, 22, 22, 20, 1, 1, 17, 2, 1] => QQFieldElem[1//8, 3//20, 3//20, 1//8],
	[22, 22, 22, 22, 19, 2, 2, 6, 1, 1] => QQFieldElem[18//5, 18//5, 0, 24//5],
	[22, 22, 22, 22, 11, 1, 1, 19, 2, 2] => QQFieldElem[-22//5, -8//5, -8//5, -22//5],
	[22, 22, 22, 22, 11, 1, 1, 3, 1, 1] => QQFieldElem[5, 0, 3, 3],
	[22, 22, 22, 22, 18, 2, 1, 12, 1, 1] => QQFieldElem[1//5, 0, 2//5, 2//5],
	[22, 22, 22, 22, 7, 1, 1, 19, 1, 1] => QQFieldElem[-16//5, 16//5, -16//5, 0],
	[22, 22, 22, 22, 11, 1, 1, 18, 1, 2] => QQFieldElem[-6//5, 2//5, -4//5, -2//5],
	[22, 22, 22, 22, 18, 2, 1, 6, 1, 1] => QQFieldElem[-1//20, -1//2, -1//10, -1//10],
	[22, 22, 22, 22, 6, 1, 1, 20, 1, 2] => QQFieldElem[0, -2, 6//5, -2],
	[22, 22, 22, 22, 18, 2, 2, 1, 1, 1] => QQFieldElem[-1//5, 0, -3//20, -3//20],
	[22, 22, 22, 22, 5, 1, 1, 20, 1, 2] => QQFieldElem[-11//5, -3//5, -6//5, -9//5],
	[22, 22, 22, 22, 20, 2, 2, 20, 1, 1] => QQFieldElem[7, 0, 9//2, 9//2],
	[22, 22, 22, 22, 19, 2, 1, 12, 1, 1] => QQFieldElem[-11//5, -4//5, -4//5, -11//5],
	[22, 22, 22, 22, 18, 2, 2, 20, 2, 2] => QQFieldElem[-1//5, -1//5, 0, -2//5],
	[22, 22, 22, 22, 17, 2, 2, 11, 1, 1] => QQFieldElem[-47//10, 0, -29//10, -29//10],
	[22, 22, 22, 22, 1, 1, 1, 17, 2, 2] => QQFieldElem[40, -24, 40, 0],
	[22, 22, 22, 22, 20, 1, 1, 4, 1, 1] => QQFieldElem[-1//5, -1//20, -1//20, -1//5],
	[22, 22, 22, 22, 17, 1, 2, 12, 1, 1] => QQFieldElem[-2, 0, -2, -2],
	[22, 22, 22, 22, 20, 2, 2, 19, 2, 2] => QQFieldElem[0, 0, 0, 0],
	[22, 22, 22, 22, 19, 2, 1, 6, 1, 1] => QQFieldElem[-6//5, -3//10, -3//10, -6//5],
	[22, 22, 22, 22, 20, 2, 2, 3, 1, 1] => QQFieldElem[8//5, 0, 6//5, 6//5],
	[22, 22, 22, 22, 17, 2, 2, 19, 2, 1] => QQFieldElem[-7//5, 0, -4//5, -4//5],
	[22, 22, 22, 22, 20, 2, 2, 18, 1, 2] => QQFieldElem[12//5, -4//5, 9//5, 3//5],
	[22, 22, 22, 22, 17, 1, 2, 6, 1, 1] => QQFieldElem[-5//4, 0, -1//2, -1//2],
	[22, 22, 22, 22, 18, 1, 2, 5, 1, 1] => QQFieldElem[1//20, 1//2, 1//10, 1//10],
	[22, 22, 22, 22, 11, 1, 1, 17, 2, 1] => QQFieldElem[4, 4, 0, 36//5],
	[22, 22, 22, 22, 19, 2, 2, 1, 1, 1] => QQFieldElem[-11//5, 0, -7//5, -7//5],
	[22, 22, 22, 22, 17, 2, 2, 18, 1, 1] => QQFieldElem[-3//5, 0, -1//5, -1//5],
	[22, 22, 22, 22, 8, 1, 1, 20, 1, 2] => QQFieldElem[0, -16//5, 12//5, -16//5],
	[22, 22, 22, 22, 19, 2, 2, 20, 2, 2] => QQFieldElem[0, 0, 0, 0],
	[22, 22, 22, 22, 12, 1, 1, 19, 1, 1] => QQFieldElem[16, 6, 6, 16],
	[22, 22, 22, 22, 19, 1, 2, 5, 1, 1] => QQFieldElem[2//5, -3//10, 2//5, 0],
	[22, 22, 22, 22, 18, 2, 1, 1, 1, 1] => QQFieldElem[0, 1//10, -3//40, 1//10],
	[22, 22, 22, 22, 20, 2, 1, 20, 1, 1] => QQFieldElem[-3//4, 1//4, -3//4, -1//4],
	[22, 22, 22, 22, 6, 1, 1, 17, 2, 2] => QQFieldElem[58//5, 22//5, 22//5, 58//5],
	[22, 22, 22, 22, 18, 2, 1, 20, 2, 2] => QQFieldElem[3//10, 1//10, 0, 2//5],
	[22, 22, 22, 22, 17, 2, 1, 11, 1, 1] => QQFieldElem[0, -9//20, 3//20, -9//20],
	[22, 22, 22, 22, 5, 1, 1, 17, 2, 2] => QQFieldElem[-1//5, -1//5, 0, -3//5],
	[22, 22, 22, 22, 17, 1, 1, 12, 1, 1] => QQFieldElem[0, 1//4, 3//4, 1//4],
	[22, 22, 22, 22, 20, 2, 2, 17, 2, 1] => QQFieldElem[1//5, 0, 0, 0],
	[22, 22, 22, 22, 20, 2, 1, 19, 2, 2] => QQFieldElem[-1//2, -1//2, 0, -1],
	[22, 22, 22, 22, 20, 2, 1, 3, 1, 1] => QQFieldElem[3//10, 3//10, 0, 2//5],
	[22, 22, 22, 22, 17, 2, 1, 19, 2, 1] => QQFieldElem[-7//5, -3//5, -3//5, -7//5],
	[22, 22, 22, 22, 20, 2, 1, 18, 1, 2] => QQFieldElem[-2//5, 7//10, -3//5, 3//10],
	[22, 22, 22, 22, 11, 1, 1, 4, 1, 1] => QQFieldElem[5, 0, 3, 3],
	[22, 22, 22, 22, 17, 1, 1, 6, 1, 1] => QQFieldElem[0, -1//8, 0, -1//8],
	[22, 22, 22, 22, 18, 1, 1, 5, 1, 1] => QQFieldElem[0, 9//40, -1//5, 9//40],
	[22, 22, 22, 22, 19, 2, 1, 1, 1, 1] => QQFieldElem[7//20, -1//5, 7//20, 0],
	[22, 22, 22, 22, 17, 2, 1, 18, 1, 1] => QQFieldElem[0, 0, 0, 0],
	[22, 22, 22, 22, 19, 2, 1, 20, 2, 2] => QQFieldElem[-14//5, 0, -8//5, -8//5],
	[22, 22, 22, 22, 20, 1, 2, 11, 1, 1] => QQFieldElem[3//10, -1//5, 3//10, 0],
	[22, 22, 22, 22, 17, 1, 2, 1, 1, 1] => QQFieldElem[0, -1//4, 1//8, -1//4],
	[22, 22, 22, 22, 4, 1, 1, 20, 1, 1] => QQFieldElem[48//5, -32//5, 48//5, 0],
	[22, 22, 22, 22, 18, 1, 2, 20, 2, 1] => QQFieldElem[-4, -8//5, -8//5, -4],
	[22, 22, 22, 22, 17, 1, 2, 20, 2, 2] => QQFieldElem[-8//5, 0, 0, -8//5],
	[22, 22, 22, 22, 8, 1, 1, 17, 2, 2] => QQFieldElem[4, 4, 0, 4],
	[22, 22, 22, 22, 4, 1, 1, 19, 2, 2] => QQFieldElem[-7//5, -7//5, 0, -11//5],
	[22, 22, 22, 22, 3, 1, 1, 5, 1, 1] => QQFieldElem[-8//5, -8//5, 0, 6//5],
	[22, 22, 22, 22, 20, 1, 2, 19, 2, 1] => QQFieldElem[-7//20, -3//20, -3//20, -7//20],
	[22, 22, 22, 22, 4, 1, 1, 3, 1, 1] => QQFieldElem[12//5, 0, 4//5, 4//5],
	[22, 22, 22, 22, 19, 1, 1, 5, 1, 1] => QQFieldElem[0, -3//20, 1//20, -3//20],
	[22, 22, 22, 22, 4, 1, 1, 18, 1, 2] => QQFieldElem[1//5, 0, 2//5, 2//5],
	[22, 22, 22, 22, 20, 1, 2, 18, 1, 1] => QQFieldElem[0, 1//2, -1//2, 1//2],
	[22, 22, 22, 22, 18, 1, 2, 17, 1, 2] => QQFieldElem[33, 33, 0, 53],
	[22, 22, 22, 22, 18, 1, 2, 18, 2, 2] => QQFieldElem[3//5, 0, 2//5, 2//5],
	[22, 22, 22, 22, 20, 2, 2, 4, 1, 1] => QQFieldElem[14//5, 0, 8//5, 8//5],
	[22, 22, 22, 22, 20, 2, 1, 17, 2, 1] => QQFieldElem[0, -1//10, 0, -1//10],
	[22, 22, 22, 22, 19, 1, 2, 20, 2, 1] => QQFieldElem[8//5, 4//5, 4//5, 8//5],
	[22, 22, 22, 22, 19, 1, 2, 17, 1, 2] => QQFieldElem[-4//5, 0, 0, 0],
	[22, 22, 22, 22, 17, 1, 1, 1, 1, 1] => QQFieldElem[1//8, 1//16, 1//16, 1//8],
	[22, 22, 22, 22, 20, 1, 1, 11, 1, 1] => QQFieldElem[1//20, 0, 0, 1//20],
	[22, 22, 22, 22, 19, 1, 2, 18, 2, 2] => QQFieldElem[2, 0, 1, 1],
	[22, 22, 22, 22, 18, 1, 1, 20, 2, 1] => QQFieldElem[-4, -8//5, -8//5, -4],
	[22, 22, 22, 22, 17, 1, 1, 20, 2, 2] => QQFieldElem[4//5, 4//5, 0, 7//5],
	[22, 22, 22, 22, 4, 1, 1, 17, 2, 1] => QQFieldElem[7, 0, 9//2, 9//2],
	[22, 22, 22, 22, 20, 1, 1, 19, 2, 1] => QQFieldElem[-11//40, -1//10, -1//10, -11//40],
	[22, 22, 22, 22, 20, 1, 1, 18, 1, 1] => QQFieldElem[-1//8, 0, 0, -1//8],
	[22, 22, 22, 22, 18, 1, 1, 17, 1, 2] => QQFieldElem[-9, 0, -11//2, -11//2],
	[22, 22, 22, 22, 18, 1, 1, 18, 2, 2] => QQFieldElem[0, -1//2, 3//5, -1//2],
	[22, 22, 22, 22, 3, 1, 1, 20, 2, 1] => QQFieldElem[16//5, -8//5, 16//5, 0],
	[22, 22, 22, 22, 20, 2, 1, 4, 1, 1] => QQFieldElem[2//5, 2//5, 0, 7//10],
	[22, 22, 22, 22, 17, 2, 2, 12, 1, 1] => QQFieldElem[-14, -14, 0, -24],
	[22, 22, 22, 22, 19, 1, 1, 20, 2, 1] => QQFieldElem[0, 1//5, -1//5, 1//5],
	[22, 22, 22, 22, 18, 2, 2, 5, 1, 1] => QQFieldElem[1//10, 1//10, 0, 3//10],
	[22, 22, 22, 22, 17, 2, 2, 6, 1, 1] => QQFieldElem[-13//2, -13//2, 0, -19//2],
	[22, 22, 22, 22, 3, 1, 1, 17, 1, 2] => QQFieldElem[116//5, -72//5, 116//5, 0],
	[22, 22, 22, 22, 1, 1, 1, 20, 1, 1] => QQFieldElem[32//5, 0, 32//5, 0],
	[22, 22, 22, 22, 3, 1, 1, 18, 2, 2] => QQFieldElem[24//5, 24//5, 0, 32//5],
	[22, 22, 22, 22, 19, 1, 1, 17, 1, 2] => QQFieldElem[4//5, 0, 0, 0],
	[22, 22, 22, 22, 19, 1, 1, 18, 2, 2] => QQFieldElem[-13//5, -4//5, -6//5, -12//5],
	[22, 22, 22, 22, 1, 1, 1, 19, 2, 2] => QQFieldElem[128//5, -16, 128//5, 0],
	[22, 22, 22, 22, 4, 1, 1, 4, 1, 1] => QQFieldElem[-14//5, 0, -8//5, -8//5],
	[22, 22, 22, 22, 11, 1, 1, 11, 1, 1] => QQFieldElem[14//5, 0, 8//5, 8//5],
	[22, 22, 22, 22, 1, 1, 1, 3, 1, 1] => QQFieldElem[-16//5, 0, -12//5, -12//5],
	[22, 22, 22, 22, 1, 1, 1, 18, 1, 2] => QQFieldElem[8//5, 8//5, 0, -8//5],
	[22, 22, 22, 22, 19, 2, 2, 5, 1, 1] => QQFieldElem[8//5, 8//5, 0, 14//5],
	[22, 22, 22, 22, 7, 1, 1, 20, 1, 2] => QQFieldElem[-8//5, -4//5, -4//5, -8//5],
	[22, 22, 22, 22, 11, 1, 1, 19, 2, 1] => QQFieldElem[-28//5, -12//5, -12//5, -28//5],
	[22, 22, 22, 22, 17, 2, 1, 12, 1, 1] => QQFieldElem[2, 0, 2, 2],
	[22, 22, 22, 22, 11, 1, 1, 18, 1, 1] => QQFieldElem[-28//5, 4//5, -24//5, -12//5],
	[22, 22, 22, 22, 18, 2, 1, 5, 1, 1] => QQFieldElem[9//20, 1//2, 2//5, 2//5],
	[22, 22, 22, 22, 6, 1, 1, 20, 1, 1] => QQFieldElem[4//5, -4//5, 4//5, 0],
	[22, 22, 22, 22, 17, 2, 1, 6, 1, 1] => QQFieldElem[5//4, 0, 1//2, 1//2],
	[22, 22, 22, 22, 5, 1, 1, 20, 1, 1] => QQFieldElem[44//5, -28//5, 44//5, 0],
	[22, 22, 22, 22, 17, 2, 2, 1, 1, 1] => QQFieldElem[9//2, 0, 11//4, 11//4],
	[22, 22, 22, 22, 20, 2, 2, 11, 1, 1] => QQFieldElem[2, 0, 6//5, 6//5],
	[22, 22, 22, 22, 6, 1, 1, 19, 2, 2] => QQFieldElem[8//5, 4//5, 4//5, 8//5],
	[22, 22, 22, 22, 18, 2, 2, 20, 2, 1] => QQFieldElem[0, 0, 0, 0],
	[22, 22, 22, 22, 20, 1, 2, 12, 1, 1] => QQFieldElem[11//5, 4//5, 4//5, 11//5],
	[22, 22, 22, 22, 17, 2, 2, 20, 2, 2] => QQFieldElem[-8//5, -4//5, -4//5, -8//5],
	[22, 22, 22, 22, 1, 1, 1, 17, 2, 1] => QQFieldElem[104//5, -88//5, 104//5, 0],
	[22, 22, 22, 22, 6, 1, 1, 3, 1, 1] => QQFieldElem[-44//5, 0, -28//5, -28//5],
	[22, 22, 22, 22, 6, 1, 1, 18, 1, 2] => QQFieldElem[-4//5, -2//5, -2//5, -4//5],
	[22, 22, 22, 22, 5, 1, 1, 19, 2, 2] => QQFieldElem[11//5, 3//5, 6//5, 9//5],
	[22, 22, 22, 22, 20, 2, 2, 19, 2, 1] => QQFieldElem[-2//5, 0, -3//10, -3//10],
	[22, 22, 22, 22, 5, 1, 1, 3, 1, 1] => QQFieldElem[-14//5, 0, -8//5, -8//5],
	[22, 22, 22, 22, 20, 1, 2, 6, 1, 1] => QQFieldElem[7//10, 3//10, 3//10, 7//10],
	[22, 22, 22, 22, 19, 2, 1, 5, 1, 1] => QQFieldElem[-7//10, -3//10, -3//10, -7//10],
	[22, 22, 22, 22, 5, 1, 1, 18, 1, 2] => QQFieldElem[-3//5, 0, -2//5, -2//5],
	[22, 22, 22, 22, 20, 2, 2, 18, 1, 1] => QQFieldElem[-3, 0, -2, -2],
	[22, 22, 22, 22, 18, 2, 2, 17, 1, 2] => QQFieldElem[0, -1//2, 1//4, -1//2],
	[22, 22, 22, 22, 17, 1, 2, 5, 1, 1] => QQFieldElem[-5//4, 0, -1//2, -1//2],
	[22, 22, 22, 22, 18, 2, 2, 18, 2, 2] => QQFieldElem[-3//5, 0, -2//5, -2//5],
	[22, 22, 22, 22, 7, 1, 1, 17, 2, 2] => QQFieldElem[0, 36//5, -22//5, 36//5],
	[22, 22, 22, 22, 12, 1, 1, 20, 1, 2] => QQFieldElem[0, 0, 0, 0],
	[22, 22, 22, 22, 8, 1, 1, 20, 1, 1] => QQFieldElem[-16//5, 16//5, -16//5, 0],
	[22, 22, 22, 22, 19, 2, 2, 20, 2, 1] => QQFieldElem[-4//5, 0, -8//5, -8//5],
	[22, 22, 22, 22, 8, 1, 1, 19, 2, 2] => QQFieldElem[-28//5, -12//5, -12//5, -28//5],
	[22, 22, 22, 22, 8, 1, 1, 3, 1, 1] => QQFieldElem[-22//5, 0, -14//5, -14//5],
	[22, 22, 22, 22, 19, 2, 2, 17, 1, 2] => QQFieldElem[-4//5, 0, 0, 0],
	[22, 22, 22, 22, 8, 1, 1, 18, 1, 2] => QQFieldElem[4//5, 4//5, 8//5, 4//5],
	[22, 22, 22, 22, 17, 2, 1, 1, 1, 1] => QQFieldElem[0, 1//4, -1//8, 1//4],
	[22, 22, 22, 22, 19, 2, 2, 18, 2, 2] => QQFieldElem[-28//5, 0, -16//5, -16//5],
	[22, 22, 22, 22, 20, 2, 1, 11, 1, 1] => QQFieldElem[3//10, 3//10, 0, 1//2],
	[22, 22, 22, 22, 6, 1, 1, 17, 2, 1] => QQFieldElem[-47//5, 0, -29//5, -29//5],
	[22, 22, 22, 22, 18, 1, 2, 19, 1, 2] => QQFieldElem[0, -11//5, 7//5, -11//5],
	[22, 22, 22, 22, 18, 2, 1, 20, 2, 1] => QQFieldElem[22//5, 8//5, 8//5, 22//5],
	[22, 22, 22, 22, 1, 1, 1, 4, 1, 1] => QQFieldElem[-16//5, 0, -12//5, -12//5],
	[22, 22, 22, 22, 20, 1, 1, 12, 1, 1] => QQFieldElem[0, 1//10, -1//5, 1//10],
	[22, 22, 22, 22, 17, 2, 1, 20, 2, 2] => QQFieldElem[0, 16//5, -12//5, 16//5],
	[22, 22, 22, 22, 5, 1, 1, 17, 2, 1] => QQFieldElem[23//5, 0, 27//10, 27//10],
	[22, 22, 22, 22, 20, 2, 1, 19, 2, 1] => QQFieldElem[-7//20, 0, -1//5, -1//5],
	[22, 22, 22, 22, 20, 1, 1, 6, 1, 1] => QQFieldElem[0, -3//20, 1//20, -3//20],
	[22, 22, 22, 22, 20, 2, 1, 18, 1, 1] => QQFieldElem[0, -1//2, 1//2, -1//2],
	[22, 22, 22, 22, 18, 2, 1, 17, 1, 2] => QQFieldElem[9, 0, 11//2, 11//2],
	[22, 22, 22, 22, 17, 1, 1, 5, 1, 1] => QQFieldElem[0, -1//8, 0, -1//8],
	[22, 22, 22, 22, 18, 2, 1, 18, 2, 2] => QQFieldElem[0, 1//10, 1//5, 1//10],
	[22, 22, 22, 22, 20, 1, 2, 1, 1, 1] => QQFieldElem[-7//20, 1//5, -7//20, 0],
	[22, 22, 22, 22, 19, 1, 2, 19, 1, 2] => QQFieldElem[-36//5, 0, -22//5, -22//5],
	[22, 22, 22, 22, 4, 1, 1, 11, 1, 1] => QQFieldElem[2//5, 0, -2//5, -2//5],
	[22, 22, 22, 22, 19, 2, 1, 20, 2, 1] => QQFieldElem[2//5, 0, 1//5, 1//5],
	[22, 22, 22, 22, 20, 1, 2, 20, 2, 2] => QQFieldElem[-2//5, 3//10, -2//5, 0],
	[22, 22, 22, 22, 17, 1, 2, 20, 2, 1] => QQFieldElem[-1//5, -1//10, -1//5, 0],
	[22, 22, 22, 22, 12, 1, 1, 17, 2, 2] => QQFieldElem[-1, 0, -1, -1],
	[22, 22, 22, 22, 8, 1, 1, 17, 2, 1] => QQFieldElem[16//5, 16//5, 0, 32//5],
	[22, 22, 22, 22, 4, 1, 1, 19, 2, 1] => QQFieldElem[0, 0, 0, 0],
	[22, 22, 22, 22, 19, 2, 1, 17, 1, 2] => QQFieldElem[4//5, 0, 0, 0],
	[22, 22, 22, 22, 4, 1, 1, 18, 1, 1] => QQFieldElem[-8//5, -8//5, 0, -8//5],
	[22, 22, 22, 22, 6, 1, 1, 4, 1, 1] => QQFieldElem[-14//5, 0, -8//5, -8//5],
	[22, 22, 22, 22, 19, 2, 1, 18, 2, 2] => QQFieldElem[-9//5, 4//5, -8//5, -2//5],
	[22, 22, 22, 22, 18, 1, 2, 17, 1, 1] => QQFieldElem[28//5, 28//5, 0, 44//5],
	[22, 22, 22, 22, 18, 1, 1, 19, 1, 2] => QQFieldElem[3//10, 7//10, -3//10, 4//5],
	[22, 22, 22, 22, 17, 1, 2, 17, 1, 2] => QQFieldElem[0, -7//10, 2//5, -7//10],
	[22, 22, 22, 22, 18, 1, 2, 18, 2, 1] => QQFieldElem[8//5, 0, 4//5, 4//5],
	[22, 22, 22, 22, 17, 1, 2, 18, 2, 2] => QQFieldElem[8//5, 0, 0, 0],
	[22, 22, 22, 22, 5, 1, 1, 4, 1, 1] => QQFieldElem[-44//5, 0, -28//5, -28//5],
	[22, 22, 22, 22, 11, 1, 1, 12, 1, 1] => QQFieldElem[8, 8, 0, 12],
	[22, 22, 22, 22, 20, 1, 1, 1, 1, 1] => QQFieldElem[7//40, 3//40, 3//40, 7//40],
	[22, 22, 22, 22, 11, 1, 1, 6, 1, 1] => QQFieldElem[3, 3, 0, 5],
	[22, 22, 22, 22, 3, 1, 1, 19, 1, 2] => QQFieldElem[16//5, -8//5, 16//5, 0],
	[22, 22, 22, 22, 19, 1, 2, 17, 1, 1] => QQFieldElem[-10, -10, 0, -16],
	[22, 22, 22, 22, 19, 1, 1, 19, 1, 2] => QQFieldElem[4//5, 0, -2//5, -2//5],
	[22, 22, 22, 22, 19, 1, 2, 18, 2, 1] => QQFieldElem[-2, 4//5, -2, -2//5],
	[22, 22, 22, 22, 20, 1, 1, 20, 2, 2] => QQFieldElem[7//10, 3//10, 3//10, 7//10],
	[22, 22, 22, 22, 18, 1, 2, 7, 1, 1] => QQFieldElem[1//10, 1//10, 0, 3//10],
	[22, 22, 22, 22, 17, 1, 1, 20, 2, 1] => QQFieldElem[3//5, 9//10, -3//5, 8//5],
	[22, 22, 22, 22, 8, 1, 1, 4, 1, 1] => QQFieldElem[-11//5, 0, -7//5, -7//5],
	[22, 22, 22, 22, 18, 1, 1, 17, 1, 1] => QQFieldElem[-4, -4, 0, -4],
	[22, 22, 22, 22, 17, 1, 1, 17, 1, 2] => QQFieldElem[-4//5, 1//5, -1, -2//5],
	[22, 22, 22, 22, 18, 1, 1, 18, 2, 1] => QQFieldElem[12//5, 4//5, 4//5, 12//5],
	[22, 22, 22, 22, 20, 2, 2, 12, 1, 1] => QQFieldElem[28//5, 28//5, 0, 44//5],
	[22, 22, 22, 22, 17, 1, 1, 18, 2, 2] => QQFieldElem[3//5, -1//5, 1//5, 2//5],
	[22, 22, 22, 22, 19, 1, 2, 7, 1, 1] => QQFieldElem[-3//5, -3//5, 0, -4//5],
	[22, 22, 22, 22, 20, 2, 2, 6, 1, 1] => QQFieldElem[8//5, 8//5, 0, 14//5],
	[22, 22, 22, 22, 17, 2, 2, 5, 1, 1] => QQFieldElem[-13//2, -13//2, 0, -19//2],
	[22, 22, 22, 22, 3, 1, 1, 17, 1, 1] => QQFieldElem[40, -24, 40, 0],
	[22, 22, 22, 22, 1, 1, 1, 11, 1, 1] => QQFieldElem[0, 0, -4//5, -4//5],
	[22, 22, 22, 22, 3, 1, 1, 18, 2, 1] => QQFieldElem[-8//5, -8//5, 0, -12//5],
	[22, 22, 22, 22, 19, 1, 1, 17, 1, 1] => QQFieldElem[5, 0, 3, 3],
	[22, 22, 22, 22, 19, 1, 1, 18, 2, 1] => QQFieldElem[-6//5, -4//5, -1//5, -6//5],
	[22, 22, 22, 22, 18, 1, 1, 7, 1, 1] => QQFieldElem[17//40, 1//5, 1//5, 17//40],
	[22, 22, 22, 22, 11, 1, 1, 1, 1, 1] => QQFieldElem[-4, 0, -5//2, -5//2],
	[22, 22, 22, 22, 1, 1, 1, 19, 2, 1] => QQFieldElem[0, 16//5, 0, 0],
	[22, 22, 22, 22, 11, 1, 1, 20, 2, 2] => QQFieldElem[0, -44//5, 28//5, -44//5],
	[22, 22, 22, 22, 1, 1, 1, 18, 1, 1] => QQFieldElem[-16//5, -16//5, 0, 0],
	[22, 22, 22, 22, 18, 1, 2, 8, 1, 1] => QQFieldElem[-1//10, 1//5, -1//10, 0],
	[22, 22, 22, 22, 7, 1, 1, 20, 1, 1] => QQFieldElem[-8, 24//5, -8, 0],
	[22, 22, 22, 22, 18, 2, 2, 19, 1, 2] => QQFieldElem[1//10, 0, 1//10, 0],
	[22, 22, 22, 22, 3, 1, 1, 7, 1, 1] => QQFieldElem[4//5, 0, -2//5, -2//5],
	[22, 22, 22, 22, 20, 2, 1, 12, 1, 1] => QQFieldElem[-7//5, 4//5, -7//5, 0],
	[22, 22, 22, 22, 19, 1, 1, 7, 1, 1] => QQFieldElem[-3//10, -1//5, -1//5, -3//10],
	[22, 22, 22, 22, 7, 1, 1, 19, 2, 2] => QQFieldElem[0, 2, -6//5, 2],
	[22, 22, 22, 22, 7, 1, 1, 3, 1, 1] => QQFieldElem[-11//5, 0, -7//5, -7//5],
	[22, 22, 22, 22, 20, 2, 1, 6, 1, 1] => QQFieldElem[-2//5, 3//10, -2//5, 0],
	[22, 22, 22, 22, 7, 1, 1, 18, 1, 2] => QQFieldElem[-2//5, 2//5, -2//5, 0],
	[22, 22, 22, 22, 6, 1, 1, 11, 1, 1] => QQFieldElem[-2, 0, -6//5, -6//5],
	[22, 22, 22, 22, 17, 2, 1, 5, 1, 1] => QQFieldElem[5//4, 0, 1//2, 1//2],
	[22, 22, 22, 22, 19, 1, 2, 8, 1, 1] => QQFieldElem[-7//10, -7//10, 0, -11//10],
	[22, 22, 22, 22, 20, 2, 2, 1, 1, 1] => QQFieldElem[-11//5, 0, -7//5, -7//5],
	[22, 22, 22, 22, 19, 2, 2, 19, 1, 2] => QQFieldElem[14//5, 0, 8//5, 8//5],
	[22, 22, 22, 22, 5, 1, 1, 11, 1, 1] => QQFieldElem[-2, 0, -6//5, -6//5],
	[22, 22, 22, 22, 20, 2, 2, 20, 2, 2] => QQFieldElem[-14//5, 0, -8//5, -8//5],
	[22, 22, 22, 22, 6, 1, 1, 19, 2, 1] => QQFieldElem[-4, 0, -12//5, -12//5],
	[22, 22, 22, 22, 4, 1, 1, 12, 1, 1] => QQFieldElem[12//5, 12//5, 0, -4//5],
	[22, 22, 22, 22, 17, 2, 2, 20, 2, 1] => QQFieldElem[-9//5, -9//5, 0, -12//5],
	[22, 22, 22, 22, 6, 1, 1, 18, 1, 1] => QQFieldElem[-2//5, -2//5, 0, -4//5],
	[22, 22, 22, 22, 5, 1, 1, 19, 2, 1] => QQFieldElem[12//5, 0, 7//5, 7//5],
	[22, 22, 22, 22, 4, 1, 1, 6, 1, 1] => QQFieldElem[-8//5, -8//5, 0, 6//5],
	[22, 22, 22, 22, 18, 1, 1, 8, 1, 1] => QQFieldElem[17//40, 1//5, 1//5, 17//40],
	[22, 22, 22, 22, 20, 1, 2, 5, 1, 1] => QQFieldElem[6//5, 3//10, 3//10, 6//5],
	[22, 22, 22, 22, 5, 1, 1, 18, 1, 1] => QQFieldElem[-22//5, -22//5, 0, -36//5],
	[22, 22, 22, 22, 18, 2, 2, 17, 1, 1] => QQFieldElem[0, 0, 0, 0],
	[22, 22, 22, 22, 18, 2, 1, 19, 1, 2] => QQFieldElem[-4//5, 3//10, -7//10, -3//10],
	[22, 22, 22, 22, 17, 2, 2, 17, 1, 2] => QQFieldElem[4//5, -1//5, 1, 2//5],
	[22, 22, 22, 22, 18, 2, 2, 18, 2, 1] => QQFieldElem[-1//10, -3//20, -3//20, -1//10],
	[22, 22, 22, 22, 17, 2, 2, 18, 2, 2] => QQFieldElem[4//5, 8//5, 8//5, 8//5],
	[22, 22, 22, 22, 7, 1, 1, 17, 2, 1] => QQFieldElem[-47//5, 0, -29//5, -29//5],
	[22, 22, 22, 22, 8, 1, 1, 11, 1, 1] => QQFieldElem[-4//5, 0, -2//5, -2//5],
	[22, 22, 22, 22, 12, 1, 1, 20, 1, 1] => QQFieldElem[0, 10, -6, 10],
	[22, 22, 22, 22, 3, 1, 1, 8, 1, 1] => QQFieldElem[8//5, 0, -4//5, -4//5],
	[22, 22, 22, 22, 12, 1, 1, 19, 2, 2] => QQFieldElem[1, -1, 1, -1//2],
	[22, 22, 22, 22, 8, 1, 1, 19, 2, 1] => QQFieldElem[-32//5, -8//5, -8//5, -32//5],
	[22, 22, 22, 22, 19, 1, 1, 8, 1, 1] => QQFieldElem[3//20, 1//10, 1//10, 3//20],
	[22, 22, 22, 22, 20, 2, 1, 1, 1, 1] => QQFieldElem[-7//20, -7//20, 0, -11//20],
	[22, 22, 22, 22, 12, 1, 1, 3, 1, 1] => QQFieldElem[-22//5, 0, -14//5, -14//5],
	[22, 22, 22, 22, 19, 2, 2, 17, 1, 1] => QQFieldElem[0, 0, 0, 0],
	[22, 22, 22, 22, 12, 1, 1, 18, 1, 2] => QQFieldElem[0, 0, 0, 0],
	[22, 22, 22, 22, 8, 1, 1, 18, 1, 1] => QQFieldElem[8//5, 8//5, 0, 16//5],
	[22, 22, 22, 22, 19, 2, 1, 19, 1, 2] => QQFieldElem[-2, 0, 0, 0],
	[22, 22, 22, 22, 19, 2, 2, 18, 2, 1] => QQFieldElem[-4//5, 0, -8//5, -8//5],
	[22, 22, 22, 22, 20, 2, 1, 20, 2, 2] => QQFieldElem[-2//5, -2//5, 0, -7//10],
	[22, 22, 22, 22, 18, 2, 2, 7, 1, 1] => QQFieldElem[3//10, 0, 1//10, 1//10],
	[22, 22, 22, 22, 18, 1, 2, 19, 1, 1] => QQFieldElem[0, -4//5, 4//5, -4//5],
	[22, 22, 22, 22, 17, 1, 2, 19, 1, 2] => QQFieldElem[1//5, 1//5, 0, 1//10],
	[22, 22, 22, 22, 17, 2, 1, 20, 2, 1] => QQFieldElem[0, -4//5, 3//5, -4//5],
	[22, 22, 22, 22, 20, 1, 1, 5, 1, 1] => QQFieldElem[0, 1//10, -1//5, 1//10],
	[22, 22, 22, 22, 18, 2, 1, 17, 1, 1] => QQFieldElem[28//5, 28//5, 0, 44//5],
	[22, 22, 22, 22, 17, 2, 1, 17, 1, 2] => QQFieldElem[-14//5, -14//5, 0, -22//5],
	[22, 22, 22, 22, 18, 2, 1, 18, 2, 1] => QQFieldElem[-28//5, 0, -16//5, -16//5],
	[22, 22, 22, 22, 4, 1, 1, 1, 1, 1] => QQFieldElem[-4//5, 0, -3//5, -3//5],
	[22, 22, 22, 22, 17, 2, 1, 18, 2, 2] => QQFieldElem[6//5, -2//5, 4//5, 2//5],
	[22, 22, 22, 22, 7, 1, 1, 4, 1, 1] => QQFieldElem[-22//5, 0, -14//5, -14//5],
	[22, 22, 22, 22, 19, 2, 2, 7, 1, 1] => QQFieldElem[16//5, 0, 12//5, 12//5],
	[22, 22, 22, 22, 19, 1, 2, 19, 1, 1] => QQFieldElem[0, 4//5, -4//5, 4//5],
	[22, 22, 22, 22, 4, 1, 1, 20, 2, 2] => QQFieldElem[-7//5, -7//5, 0, -11//5],
	[22, 22, 22, 22, 20, 1, 2, 20, 2, 1] => QQFieldElem[7//20, 0, 1//5, 1//5],
	[22, 22, 22, 22, 12, 1, 1, 17, 2, 1] => QQFieldElem[8//5, 8//5, 0, 16//5],
	[22, 22, 22, 22, 19, 2, 1, 17, 1, 1] => QQFieldElem[-5, 0, -3, -3],
	[22, 22, 22, 22, 20, 1, 2, 17, 1, 2] => QQFieldElem[0, -1//2, 0, -3//10],
	[22, 22, 22, 22, 19, 2, 1, 18, 2, 1] => QQFieldElem[2//5, 2//5, 1//5, 2//5],
	[22, 22, 22, 22, 1, 1, 1, 12, 1, 1] => QQFieldElem[8//5, 8//5, 0, -16//5],
	[22, 22, 22, 22, 20, 1, 2, 18, 2, 2] => QQFieldElem[2//5, 1//10, 1//5, 3//10],
	[22, 22, 22, 22, 18, 2, 1, 7, 1, 1] => QQFieldElem[1//10, -1//5, 1//10, 0],
	[22, 22, 22, 22, 18, 1, 1, 19, 1, 1] => QQFieldElem[0, -4//5, 4//5, -4//5],
	[22, 22, 22, 22, 17, 1, 2, 17, 1, 1] => QQFieldElem[0, 1//2, 0, 1//2],
	[22, 22, 22, 22, 17, 1, 1, 19, 1, 2] => QQFieldElem[0, -4//5, 3//5, -4//5],
	[22, 22, 22, 22, 17, 1, 2, 18, 2, 1] => QQFieldElem[2//5, 1//10, 1//5, 3//10],
	[22, 22, 22, 22, 1, 1, 1, 6, 1, 1] => QQFieldElem[4//5, 4//5, 0, -8//5],
	[22, 22, 22, 22, 18, 2, 2, 8, 1, 1] => QQFieldElem[3//10, 0, 1//10, 1//10],
	[22, 22, 22, 22, 3, 1, 1, 19, 1, 1] => QQFieldElem[16//5, -16//5, 16//5, 0],
	[22, 22, 22, 22, 11, 1, 1, 5, 1, 1] => QQFieldElem[3, 3, 0, 5],
	[22, 22, 22, 22, 19, 2, 1, 7, 1, 1] => QQFieldElem[-3//5, 1//5, -3//5, 0],
	[22, 22, 22, 22, 19, 1, 1, 19, 1, 1] => QQFieldElem[-1//5, -1//5, 0, -2//5],
	[22, 22, 22, 22, 20, 1, 1, 20, 2, 1] => QQFieldElem[-11//40, -1//10, -1//10, -11//40],
	[22, 22, 22, 22, 17, 1, 2, 7, 1, 1] => QQFieldElem[0, 1//2, -1//2, 1//2],
	[22, 22, 22, 22, 12, 1, 1, 4, 1, 1] => QQFieldElem[-22//5, 0, -14//5, -14//5],
	[22, 22, 22, 22, 19, 2, 2, 8, 1, 1] => QQFieldElem[22//5, 0, 14//5, 14//5],
	[22, 22, 22, 22, 6, 1, 1, 12, 1, 1] => QQFieldElem[-28//5, -28//5, 0, -44//5],
	[22, 22, 22, 22, 20, 1, 1, 17, 1, 2] => QQFieldElem[-1//20, -1//20, -1//20, -1//20],
	[22, 22, 22, 22, 20, 1, 1, 18, 2, 2] => QQFieldElem[13//20, 1//20, 7//20, 9//20],
	[22, 22, 22, 22, 17, 1, 1, 17, 1, 1] => QQFieldElem[1, 0, 1, 1],
	[22, 22, 22, 22, 5, 1, 1, 12, 1, 1] => QQFieldElem[-28//5, -28//5, 0, -44//5],
	[22, 22, 22, 22, 6, 1, 1, 6, 1, 1] => QQFieldElem[-24//5, -24//5, 0, -42//5],
	[22, 22, 22, 22, 17, 1, 1, 18, 2, 1] => QQFieldElem[-3//5, 0, -1//5, -1//5],
	[22, 22, 22, 22, 5, 1, 1, 6, 1, 1] => QQFieldElem[-4//5, -4//5, 0, -12//5],
	[22, 22, 22, 22, 18, 2, 1, 8, 1, 1] => QQFieldElem[-1//10, -1//10, 0, -3//10],
	[22, 22, 22, 22, 20, 2, 2, 5, 1, 1] => QQFieldElem[18//5, 18//5, 0, 24//5],
	[22, 22, 22, 22, 1, 1, 1, 1, 1, 1] => QQFieldElem[7//5, 0, 4//5, 4//5],
	[22, 22, 22, 22, 1, 1, 1, 20, 2, 2] => QQFieldElem[16//5, -16//5, 16//5, 0],
	[22, 22, 22, 22, 17, 1, 1, 7, 1, 1] => QQFieldElem[-1//8, 0, 0, -1//8],
	[22, 22, 22, 22, 8, 1, 1, 12, 1, 1] => QQFieldElem[-12//5, -12//5, 0, -16//5],
	[22, 22, 22, 22, 19, 2, 1, 8, 1, 1] => QQFieldElem[-7//10, 2//5, -7//10, 0],
	[22, 22, 22, 22, 11, 1, 1, 20, 2, 1] => QQFieldElem[0, -116//5, 72//5, -116//5],
	[22, 22, 22, 22, 8, 1, 1, 6, 1, 1] => QQFieldElem[-7//5, -7//5, 0, -11//5],
	[22, 22, 22, 22, 7, 1, 1, 11, 1, 1] => QQFieldElem[-4//5, 0, -2//5, -2//5],
	[22, 22, 22, 22, 17, 1, 2, 8, 1, 1] => QQFieldElem[0, 1//2, -1//2, 1//2],
	[22, 22, 22, 22, 18, 2, 2, 19, 1, 1] => QQFieldElem[0, -12//5, 8//5, -12//5],
	[22, 22, 22, 22, 17, 2, 2, 19, 1, 2] => QQFieldElem[0, 9//5, -3//5, 9//5],
	[22, 22, 22, 22, 11, 1, 1, 17, 1, 2] => QQFieldElem[14//5, 14//5, 0, 22//5],
	[22, 22, 22, 22, 7, 1, 1, 19, 2, 1] => QQFieldElem[-2//5, 0, -1//5, -1//5],
	[22, 22, 22, 22, 11, 1, 1, 18, 2, 2] => QQFieldElem[6//5, -2//5, 4//5, 2//5],
	[22, 22, 22, 22, 6, 1, 1, 1, 1, 1] => QQFieldElem[18//5, 0, 11//5, 11//5],
	[22, 22, 22, 22, 20, 2, 1, 5, 1, 1] => QQFieldElem[-9//10, 3//10, -9//10, 0],
	[22, 22, 22, 22, 7, 1, 1, 18, 1, 1] => QQFieldElem[8//5, 8//5, 0, 16//5],
	[22, 22, 22, 22, 6, 1, 1, 20, 2, 2] => QQFieldElem[16//5, 6//5, 6//5, 16//5],
	[22, 22, 22, 22, 5, 1, 1, 1, 1, 1] => QQFieldElem[18//5, 0, 11//5, 11//5],
	[22, 22, 22, 22, 19, 2, 2, 19, 1, 1] => QQFieldElem[1//5, -1//5, 1//5, 0],
	[22, 22, 22, 22, 5, 1, 1, 20, 2, 2] => QQFieldElem[-3//5, 1, -6//5, 3//5],
	[22, 22, 22, 22, 20, 2, 2, 20, 2, 1] => QQFieldElem[-2//5, 0, -3//10, -3//10],
	[22, 22, 22, 22, 20, 2, 2, 17, 1, 2] => QQFieldElem[6//5, 0, 1, 1],
	[22, 22, 22, 22, 4, 1, 1, 5, 1, 1] => QQFieldElem[12//5, 12//5, 0, -4//5],
	[22, 22, 22, 22, 17, 1, 1, 8, 1, 1] => QQFieldElem[-1//8, 0, 0, -1//8],
	[22, 22, 22, 22, 20, 2, 2, 18, 2, 2] => QQFieldElem[16//5, 4//5, 7//5, 13//5],
	[22, 22, 22, 22, 18, 2, 1, 19, 1, 1] => QQFieldElem[0, -32//5, 4, -32//5],
	[22, 22, 22, 22, 17, 2, 2, 17, 1, 1] => QQFieldElem[0, 0, 0, 0],
	[22, 22, 22, 22, 8, 1, 1, 1, 1, 1] => QQFieldElem[9//5, 0, 11//10, 11//10],
	[22, 22, 22, 22, 17, 2, 1, 19, 1, 2] => QQFieldElem[28//5, 12//5, 12//5, 28//5],
	[22, 22, 22, 22, 17, 2, 2, 18, 2, 1] => QQFieldElem[3//5, -1//5, 1//5, 2//5],
	[22, 22, 22, 22, 12, 1, 1, 11, 1, 1] => QQFieldElem[-12//5, 0, -8//5, -8//5],
	[22, 22, 22, 22, 8, 1, 1, 20, 2, 2] => QQFieldElem[0, 4//5, -8//5, 4//5],
	[22, 22, 22, 22, 18, 1, 2, 20, 1, 2] => QQFieldElem[-18//5, -7//5, -7//5, -18//5],
	[22, 22, 22, 22, 12, 1, 1, 19, 2, 1] => QQFieldElem[-72//5, -28//5, -28//5, -72//5],
	[22, 22, 22, 22, 12, 1, 1, 18, 1, 1] => QQFieldElem[0, 0, 0, 0],
	[22, 22, 22, 22, 19, 2, 1, 19, 1, 1] => QQFieldElem[2//5, 0, 1//5, 1//5],
	[22, 22, 22, 22, 20, 1, 2, 19, 1, 2] => QQFieldElem[2//5, 2//5, 0, 7//10],
	[22, 22, 22, 22, 20, 2, 1, 20, 2, 1] => QQFieldElem[7//20, 3//20, 3//20, 7//20],
	[22, 22, 22, 22, 17, 2, 2, 7, 1, 1] => QQFieldElem[-17//2, 0, -11//2, -11//2],
	[22, 22, 22, 22, 17, 1, 2, 19, 1, 1] => QQFieldElem[-13//10, -13//10, 0, -12//5],
	[22, 22, 22, 22, 20, 2, 1, 17, 1, 2] => QQFieldElem[0, 3//10, 0, 1//2],
	[22, 22, 22, 22, 19, 1, 2, 20, 1, 2] => QQFieldElem[14//5, 0, 8//5, 8//5],
	[22, 22, 22, 22, 20, 2, 1, 18, 2, 2] => QQFieldElem[2//5, 7//10, -1//5, 11//10],
	[22, 22, 22, 22, 17, 2, 1, 17, 1, 1] => QQFieldElem[32//5, 32//5, 0, 56//5],
	[22, 22, 22, 22, 17, 2, 1, 18, 2, 1] => QQFieldElem[0, 0, 0, 0],
	[22, 22, 22, 22, 4, 1, 1, 20, 2, 1] => QQFieldElem[0, 0, 0, 0],
	[22, 22, 22, 22, 18, 1, 1, 20, 1, 2] => QQFieldElem[-2//5, -7//10, 1//10, -1],
	[22, 22, 22, 22, 4, 1, 1, 17, 1, 2] => QQFieldElem[9, 9, 0, 15],
	[22, 22, 22, 22, 20, 1, 2, 17, 1, 1] => QQFieldElem[0, 3//5, -1//5, 3//5],
	[22, 22, 22, 22, 20, 1, 1, 19, 1, 2] => QQFieldElem[7//10, 3//10, 3//10, 7//10],
	[22, 22, 22, 22, 4, 1, 1, 18, 2, 2] => QQFieldElem[-1//5, 0, -2//5, -2//5],
	[22, 22, 22, 22, 20, 1, 2, 18, 2, 1] => QQFieldElem[0, -2//5, 3//10, -2//5],
	[22, 22, 22, 22, 18, 1, 2, 17, 2, 2] => QQFieldElem[-1, -1, 0, -1],
	[22, 22, 22, 22, 17, 2, 1, 7, 1, 1] => QQFieldElem[0, -1//2, 1//2, -1//2],
	[22, 22, 22, 22, 17, 1, 1, 19, 1, 1] => QQFieldElem[-3//2, 1//2, -3//2, -1//2],
	[22, 22, 22, 22, 1, 1, 1, 5, 1, 1] => QQFieldElem[4//5, 4//5, 0, -8//5],
	[22, 22, 22, 22, 3, 1, 1, 20, 1, 2] => QQFieldElem[48//5, -32//5, 48//5, 0],
	[22, 22, 22, 22, 17, 2, 2, 8, 1, 1] => QQFieldElem[-17//2, 0, -11//2, -11//2],
	[22, 22, 22, 22, 19, 1, 1, 20, 1, 2] => QQFieldElem[-2, 0, 0, 0],
	[22, 22, 22, 22, 7, 1, 1, 12, 1, 1] => QQFieldElem[-12//5, -12//5, 0, -16//5],
	[22, 22, 22, 22, 20, 1, 2, 7, 1, 1] => QQFieldElem[7//10, -2//5, 7//10, 0],
	[22, 22, 22, 22, 19, 1, 2, 17, 2, 2] => QQFieldElem[2, 0, 1, 1],
	[22, 22, 22, 22, 7, 1, 1, 6, 1, 1] => QQFieldElem[-2//5, -2//5, 0, -6//5],
	[22, 22, 22, 22, 20, 1, 1, 17, 1, 1] => QQFieldElem[-3//40, -1//20, -1//20, -3//40],
	[22, 22, 22, 22, 20, 1, 1, 18, 2, 1] => QQFieldElem[-33//40, -3//10, -3//10, -33//40],
	[22, 22, 22, 22, 18, 1, 1, 17, 2, 2] => QQFieldElem[-1, 0, -1//2, -1//2],
	[22, 22, 22, 22, 6, 1, 1, 5, 1, 1] => QQFieldElem[-4//5, -4//5, 0, -12//5],
	[22, 22, 22, 22, 11, 1, 1, 19, 1, 2] => QQFieldElem[-72//5, -28//5, -28//5, -72//5],
	[22, 22, 22, 22, 5, 1, 1, 5, 1, 1] => QQFieldElem[-24//5, -24//5, 0, -42//5],
	[22, 22, 22, 22, 17, 2, 1, 8, 1, 1] => QQFieldElem[0, -1//2, 1//2, -1//2],
	[22, 22, 22, 22, 3, 1, 1, 17, 2, 2] => QQFieldElem[-64, 40, -64, 0],
	[22, 22, 22, 22, 1, 1, 1, 20, 2, 1] => QQFieldElem[16//5, -16//5, 16//5, 0],
	[22, 22, 22, 22, 20, 1, 1, 7, 1, 1] => QQFieldElem[3//20, 1//10, 1//10, 3//20],
	[22, 22, 22, 22, 19, 1, 1, 17, 2, 2] => QQFieldElem[1//5, 0, 0, 0],
	[22, 22, 22, 22, 12, 1, 1, 12, 1, 1] => QQFieldElem[-32//5, -32//5, 0, -56//5],
	[22, 22, 22, 22, 18, 2, 2, 20, 1, 2] => QQFieldElem[-1//10, -1//10, 0, -1//10],
	[22, 22, 22, 22, 7, 1, 1, 1, 1, 1] => QQFieldElem[9//5, 0, 11//10, 11//10],
	[22, 22, 22, 22, 1, 1, 1, 17, 1, 2] => QQFieldElem[104//5, -88//5, 104//5, 0],
	[22, 22, 22, 22, 20, 1, 2, 8, 1, 1] => QQFieldElem[3//5, -1//5, 3//5, 0],
	[22, 22, 22, 22, 12, 1, 1, 6, 1, 1] => QQFieldElem[-14//5, -14//5, 0, -22//5],
	[22, 22, 22, 22, 8, 1, 1, 5, 1, 1] => QQFieldElem[-2//5, -2//5, 0, -6//5],
	[22, 22, 22, 22, 1, 1, 1, 18, 2, 2] => QQFieldElem[-24//5, -24//5, 0, -8],
	[22, 22, 22, 22, 7, 1, 1, 20, 2, 2] => QQFieldElem[0, 4//5, -4//5, 4//5],
	[22, 22, 22, 22, 20, 2, 2, 19, 1, 2] => QQFieldElem[-14//5, 0, -8//5, -8//5],
	[22, 22, 22, 22, 17, 2, 2, 19, 1, 1] => QQFieldElem[-11//5, -3//5, -6//5, -3//2],
	[22, 22, 22, 22, 11, 1, 1, 17, 1, 1] => QQFieldElem[4, 4, 0, 36//5],
	[22, 22, 22, 22, 11, 1, 1, 18, 2, 1] => QQFieldElem[28//5, -4//5, 24//5, 12//5],
	[22, 22, 22, 22, 19, 2, 2, 20, 1, 2] => QQFieldElem[-36//5, 0, -22//5, -22//5],
	[22, 22, 22, 22, 6, 1, 1, 20, 2, 1] => QQFieldElem[-2//5, 0, -1//5, -1//5],
	[22, 22, 22, 22, 5, 1, 1, 20, 2, 1] => QQFieldElem[12//5, 0, 7//5, 7//5],
	[22, 22, 22, 22, 6, 1, 1, 17, 1, 2] => QQFieldElem[0, -36//5, 22//5, -36//5],
	[22, 22, 22, 22, 11, 1, 1, 7, 1, 1] => QQFieldElem[6, 0, 4, 4],
	[22, 22, 22, 22, 6, 1, 1, 18, 2, 2] => QQFieldElem[2//5, -2//5, 2//5, 0],
	[22, 22, 22, 22, 18, 2, 1, 20, 1, 2] => QQFieldElem[-11//10, -3//10, -3//5, -1],
	[22, 22, 22, 22, 20, 1, 1, 8, 1, 1] => QQFieldElem[-3//10, -1//5, -1//5, -3//10],
	[22, 22, 22, 22, 5, 1, 1, 17, 1, 2] => QQFieldElem[1//5, 1//5, 0, 3//5],
	[22, 22, 22, 22, 20, 2, 2, 17, 1, 1] => QQFieldElem[-21//5, 0, -12//5, -12//5],
	[22, 22, 22, 22, 20, 2, 1, 19, 1, 2] => QQFieldElem[2//5, -3//10, 2//5, 0],
	[22, 22, 22, 22, 5, 1, 1, 18, 2, 2] => QQFieldElem[3//5, 0, 2//5, 2//5],
	[22, 22, 22, 22, 20, 2, 2, 18, 2, 1] => QQFieldElem[-1//5, 0, -2//5, -2//5],
	[22, 22, 22, 22, 18, 2, 2, 17, 2, 2] => QQFieldElem[0, 0, 0, 0],
	[22, 22, 22, 22, 12, 1, 1, 1, 1, 1] => QQFieldElem[18//5, 0, 11//5, 11//5],
	[22, 22, 22, 22, 17, 2, 1, 19, 1, 1] => QQFieldElem[-13, -5, -5, -13],
	[22, 22, 22, 22, 12, 1, 1, 20, 2, 2] => QQFieldElem[2, 1, 1//2, 2],
	[22, 22, 22, 22, 8, 1, 1, 20, 2, 1] => QQFieldElem[0, -24//5, 8//5, -24//5],
	[22, 22, 22, 22, 19, 2, 1, 20, 1, 2] => QQFieldElem[4//5, 0, -2//5, -2//5],
	[22, 22, 22, 22, 18, 1, 2, 20, 1, 1] => QQFieldElem[-52//5, -4, -4, -52//5],
	[22, 22, 22, 22, 17, 1, 2, 20, 1, 2] => QQFieldElem[-11//5, 7//5, -11//5, 0],
	[22, 22, 22, 22, 8, 1, 1, 17, 1, 2] => QQFieldElem[4, 4, 0, 4],
	[22, 22, 22, 22, 20, 2, 2, 7, 1, 1] => QQFieldElem[22//5, 0, 14//5, 14//5],
	[22, 22, 22, 22, 19, 2, 2, 17, 2, 2] => QQFieldElem[0, 0, 0, 0],
	[22, 22, 22, 22, 8, 1, 1, 18, 2, 2] => QQFieldElem[-4//5, -4//5, -8//5, -4//5],
	[22, 22, 22, 22, 4, 1, 1, 19, 1, 2] => QQFieldElem[7//5, 7//5, 0, 11//5],
	[22, 22, 22, 22, 20, 1, 2, 19, 1, 1] => QQFieldElem[3//4, -1//4, 3//4, 1//4],
	[22, 22, 22, 22, 18, 1, 2, 19, 2, 2] => QQFieldElem[0, -1//5, 1//5, -1//5],
	[22, 22, 22, 22, 18, 1, 2, 3, 1, 1] => QQFieldElem[2//5, -1//10, 1//4, 1//5],
	[22, 22, 22, 22, 18, 1, 2, 18, 1, 2] => QQFieldElem[29//5, 0, 18//5, 18//5],
	[22, 22, 22, 22, 20, 2, 1, 17, 1, 1] => QQFieldElem[0, -3//5, 1//5, -3//5],
	[22, 22, 22, 22, 19, 1, 2, 20, 1, 1] => QQFieldElem[16//5, 6//5, 6//5, 16//5],
	[22, 22, 22, 22, 20, 2, 1, 18, 2, 1] => QQFieldElem[0, -1//5, -1//10, -1//5],
	[22, 22, 22, 22, 18, 2, 1, 17, 2, 2] => QQFieldElem[1, 0, 1//2, 1//2],
	[22, 22, 22, 22, 11, 1, 1, 8, 1, 1] => QQFieldElem[6, 0, 4, 4],
	[22, 22, 22, 22, 19, 1, 2, 19, 2, 2] => QQFieldElem[0, 0, 0, 0],
	[22, 22, 22, 22, 19, 1, 2, 3, 1, 1] => QQFieldElem[-2//5, -2//5, 0, -7//10],
	[22, 22, 22, 22, 19, 1, 2, 18, 1, 2] => QQFieldElem[-44//5, -16//5, -16//5, -44//5],
	[22, 22, 22, 22, 18, 1, 1, 20, 1, 1] => QQFieldElem[4//5, 4//5, 4//5, 4//5],
	[22, 22, 22, 22, 17, 1, 1, 20, 1, 2] => QQFieldElem[12//5, 0, 9//5, 9//5],
	[22, 22, 22, 22, 20, 2, 1, 7, 1, 1] => QQFieldElem[7//10, 7//10, 0, 11//10],
	[22, 22, 22, 22, 19, 2, 1, 17, 2, 2] => QQFieldElem[1//5, 0, 0, 0],
	[22, 22, 22, 22, 4, 1, 1, 17, 1, 1] => QQFieldElem[88//5, -56//5, 88//5, 0],
	[22, 22, 22, 22, 20, 1, 1, 19, 1, 1] => QQFieldElem[1//8, 0, 0, 1//8],
	[22, 22, 22, 22, 4, 1, 1, 18, 2, 1] => QQFieldElem[0, 3//10, 2//5, 3//10],
	[22, 22, 22, 22, 18, 1, 2, 17, 2, 1] => QQFieldElem[16//5, 16//5, 0, 28//5],
	[22, 22, 22, 22, 18, 1, 1, 19, 2, 2] => QQFieldElem[1//10, -3//10, 1//10, -1//5],
	[22, 22, 22, 22, 17, 1, 2, 17, 2, 2] => QQFieldElem[-8//5, -8//5, 0, -24//5],
	[22, 22, 22, 22, 18, 1, 1, 3, 1, 1] => QQFieldElem[-17//40, -1//5, -1//5, -17//40],
	[22, 22, 22, 22, 18, 1, 1, 18, 1, 2] => QQFieldElem[0, 1//10, -1//5, 1//10],
	[22, 22, 22, 22, 20, 2, 2, 8, 1, 1] => QQFieldElem[16//5, 0, 12//5, 12//5],
	[22, 22, 22, 22, 3, 1, 1, 20, 1, 1] => QQFieldElem[128//5, -16, 128//5, 0],
	[22, 22, 22, 22, 19, 1, 1, 20, 1, 1] => QQFieldElem[1//5, 0, 0, 0],
	[22, 22, 22, 22, 3, 1, 1, 19, 2, 2] => QQFieldElem[-56//5, 32//5, -56//5, 0],
	[22, 22, 22, 22, 4, 1, 1, 7, 1, 1] => QQFieldElem[8//5, 0, -4//5, -4//5],
	[22, 22, 22, 22, 19, 1, 2, 17, 2, 1] => QQFieldElem[-10, -10, 0, -16],
	[22, 22, 22, 22, 19, 1, 1, 19, 2, 2] => QQFieldElem[-14//5, 0, -8//5, -8//5],
	[22, 22, 22, 22, 3, 1, 1, 3, 1, 1] => QQFieldElem[-14//5, 0, -8//5, -8//5],
	[22, 22, 22, 22, 3, 1, 1, 18, 1, 2] => QQFieldElem[-8//5, -8//5, 0, -12//5],
	[22, 22, 22, 22, 7, 1, 1, 5, 1, 1] => QQFieldElem[-7//5, -7//5, 0, -11//5],
	[22, 22, 22, 22, 19, 1, 1, 3, 1, 1] => QQFieldElem[-1//5, -1//20, -1//20, -1//5],
	[22, 22, 22, 22, 19, 1, 1, 18, 1, 2] => QQFieldElem[-4//5, 0, 0, 4//5],
	[22, 22, 22, 22, 1, 1, 1, 19, 1, 2] => QQFieldElem[16//5, -16//5, 16//5, 0],
	[22, 22, 22, 22, 18, 1, 2, 4, 1, 1] => QQFieldElem[-2//5, -1//5, -3//20, -1//2],
	[22, 22, 22, 22, 18, 1, 1, 17, 2, 1] => QQFieldElem[0, 0, 0, 0],
	[22, 22, 22, 22, 17, 1, 1, 17, 2, 2] => QQFieldElem[-1, -1//5, -3//5, -6//5],
	[22, 22, 22, 22, 11, 1, 1, 19, 1, 1] => QQFieldElem[-188//5, -72//5, -72//5, -188//5],
	[22, 22, 22, 22, 20, 2, 1, 8, 1, 1] => QQFieldElem[3//5, 3//5, 0, 4//5],
	[22, 22, 22, 22, 3, 1, 1, 17, 2, 1] => QQFieldElem[116//5, -72//5, 116//5, 0],
	[22, 22, 22, 22, 19, 1, 2, 4, 1, 1] => QQFieldElem[-3//10, -3//10, 0, -2//5],
	[22, 22, 22, 22, 19, 1, 1, 17, 2, 1] => QQFieldElem[5, 0, 3, 3],
	[22, 22, 22, 22, 6, 1, 1, 19, 1, 2] => QQFieldElem[0, -4//5, 4//5, -4//5],
	[22, 22, 22, 22, 18, 2, 2, 20, 1, 1] => QQFieldElem[-6//5, -2//5, -2//5, -6//5],
	[22, 22, 22, 22, 4, 1, 1, 8, 1, 1] => QQFieldElem[4//5, 0, -2//5, -2//5],
	[22, 22, 22, 22, 17, 2, 2, 20, 1, 2] => QQFieldElem[-7//5, 0, -4//5, -4//5],
	[22, 22, 22, 22, 1, 1, 1, 17, 1, 1] => QQFieldElem[32, -16, 32, 0],
	[22, 22, 22, 22, 12, 1, 1, 5, 1, 1] => QQFieldElem[-14//5, -14//5, 0, -22//5],
	[22, 22, 22, 22, 1, 1, 1, 18, 2, 1] => QQFieldElem[8//5, 8//5, 0, -8//5],
	[22, 22, 22, 22, 5, 1, 1, 19, 1, 2] => QQFieldElem[3//5, -1, 6//5, -3//5],
	[22, 22, 22, 22, 7, 1, 1, 20, 2, 1] => QQFieldElem[-4, 0, -12//5, -12//5],
	[22, 22, 22, 22, 20, 2, 2, 19, 1, 1] => QQFieldElem[7, 0, 9//2, 9//2],
	[22, 22, 22, 22, 18, 1, 1, 4, 1, 1] => QQFieldElem[-17//40, -1//5, -1//5, -17//40],
	[22, 22, 22, 22, 18, 2, 2, 19, 2, 2] => QQFieldElem[-3//5, 2//5, -3//5, 0],
	[22, 22, 22, 22, 18, 2, 2, 3, 1, 1] => QQFieldElem[-3//10, 0, -1//10, -1//10],
	[22, 22, 22, 22, 18, 2, 2, 18, 1, 2] => QQFieldElem[7//10, 7//20, 7//20, 7//10],
	[22, 22, 22, 22, 7, 1, 1, 17, 1, 2] => QQFieldElem[-58//5, -22//5, -22//5, -58//5],
	[22, 22, 22, 22, 7, 1, 1, 18, 2, 2] => QQFieldElem[4//5, 2//5, 2//5, 4//5],
	[22, 22, 22, 22, 19, 2, 2, 20, 1, 1] => QQFieldElem[3//5, 3//5, 0, 1],
	[22, 22, 22, 22, 1, 1, 1, 7, 1, 1] => QQFieldElem[-4//5, 0, -8//5, -8//5],
	[22, 22, 22, 22, 3, 1, 1, 4, 1, 1] => QQFieldElem[12//5, 0, 4//5, 4//5],
	[22, 22, 22, 22, 8, 1, 1, 19, 1, 2] => QQFieldElem[12//5, 8//5, 8//5, 12//5],
	[22, 22, 22, 22, 19, 1, 1, 4, 1, 1] => QQFieldElem[11//10, 2//5, 2//5, 11//10],
	[22, 22, 22, 22, 19, 2, 2, 19, 2, 2] => QQFieldElem[0, 0, 0, 0],
	[22, 22, 22, 22, 19, 2, 2, 3, 1, 1] => QQFieldElem[14//5, 0, 8//5, 8//5],
	[22, 22, 22, 22, 19, 2, 2, 18, 1, 2] => QQFieldElem[-28//5, 16//5, -28//5, 0],
	[22, 22, 22, 22, 6, 1, 1, 17, 1, 1] => QQFieldElem[-4//5, -2//5, -4//5, 0],
	[22, 22, 22, 22, 6, 1, 1, 18, 2, 1] => QQFieldElem[0, 2//5, -1//5, 2//5],
	[22, 22, 22, 22, 18, 2, 1, 20, 1, 1] => QQFieldElem[-8//5, -4//5, -4//5, -8//5],
	[22, 22, 22, 22, 17, 2, 1, 20, 1, 2] => QQFieldElem[0, 36//5, -22//5, 36//5],
	[22, 22, 22, 22, 5, 1, 1, 17, 1, 1] => QQFieldElem[76, -46, 76, 0],
	[22, 22, 22, 22, 5, 1, 1, 18, 2, 1] => QQFieldElem[0, -7//10, 0, -7//10],
	[22, 22, 22, 22, 20, 2, 1, 19, 1, 1] => QQFieldElem[3//4, 1//2, 0, 1],
	[22, 22, 22, 22, 18, 2, 2, 17, 2, 1] => QQFieldElem[0, 1//2, -1//4, 1//2],
	[22, 22, 22, 22, 18, 2, 1, 19, 2, 2] => QQFieldElem[1//5, -1//10, 3//10, -1//10],
	[22, 22, 22, 22, 17, 2, 2, 17, 2, 2] => QQFieldElem[-4, -4, 0, -4],
	[22, 22, 22, 22, 18, 2, 1, 3, 1, 1] => QQFieldElem[2//5, 1//5, 3//20, 1//2],
	[22, 22, 22, 22, 18, 2, 1, 18, 1, 2] => QQFieldElem[0, -1//10, 1//5, -1//10],
	[22, 22, 22, 22, 12, 1, 1, 20, 2, 1] => QQFieldElem[0, -44//5, 28//5, -44//5],
	[22, 22, 22, 22, 19, 2, 1, 20, 1, 1] => QQFieldElem[0, 0, -1//5, 0],
	[22, 22, 22, 22, 6, 1, 1, 7, 1, 1] => QQFieldElem[-16//5, 0, -12//5, -12//5],
	[22, 22, 22, 22, 20, 1, 2, 20, 1, 2] => QQFieldElem[1//2, 1//2, 0, 1],
	[22, 22, 22, 22, 18, 1, 2, 11, 1, 1] => QQFieldElem[0, 1//20, 1//20, 1//20],
	[22, 22, 22, 22, 17, 1, 2, 20, 1, 1] => QQFieldElem[13//10, -11//10, 13//10, 0],
	[22, 22, 22, 22, 12, 1, 1, 17, 1, 2] => QQFieldElem[0, 3//10, -3//5, 3//10],
	[22, 22, 22, 22, 8, 1, 1, 17, 1, 1] => QQFieldElem[-144//5, 88//5, -144//5, 0],
	[22, 22, 22, 22, 5, 1, 1, 7, 1, 1] => QQFieldElem[-36//5, 0, -22//5, -22//5],
	[22, 22, 22, 22, 19, 2, 2, 17, 2, 1] => QQFieldElem[4//5, 0, 0, 0],
	[22, 22, 22, 22, 12, 1, 1, 18, 2, 2] => QQFieldElem[0, 0, 0, 0],
	[22, 22, 22, 22, 8, 1, 1, 18, 2, 1] => QQFieldElem[0, 0, 0, 0],
	[22, 22, 22, 22, 4, 1, 1, 19, 1, 1] => QQFieldElem[48//5, -32//5, 48//5, 0],
	[22, 22, 22, 22, 19, 2, 1, 19, 2, 2] => QQFieldElem[0, 0, 0, 0],
	[22, 22, 22, 22, 19, 2, 1, 3, 1, 1] => QQFieldElem[-2//5, 3//10, -2//5, 0],
	[22, 22, 22, 22, 18, 1, 2, 19, 2, 1] => QQFieldElem[0, -12//5, 8//5, -12//5],
	[22, 22, 22, 22, 17, 1, 2, 19, 2, 2] => QQFieldElem[0, -8//5, 0, -8//5],
	[22, 22, 22, 22, 19, 2, 1, 18, 1, 2] => QQFieldElem[-4//5, 0, 4//5, 0],
	[22, 22, 22, 22, 1, 1, 1, 8, 1, 1] => QQFieldElem[-4//5, 0, -8//5, -8//5],
	[22, 22, 22, 22, 17, 1, 2, 3, 1, 1] => QQFieldElem[0, 1//2, -1//4, 1//2],
	[22, 22, 22, 22, 18, 1, 2, 18, 1, 1] => QQFieldElem[44//5, 24//5, 16//5, 48//5],
	[22, 22, 22, 22, 17, 1, 2, 18, 1, 2] => QQFieldElem[-2//5, -1//10, -1//5, -3//10],
	[22, 22, 22, 22, 19, 1, 2, 11, 1, 1] => QQFieldElem[-3//10, -3//10, 0, -1//2],
	[22, 22, 22, 22, 18, 2, 2, 4, 1, 1] => QQFieldElem[-3//10, 0, -1//10, -1//10],
	[22, 22, 22, 22, 18, 2, 1, 17, 2, 1] => QQFieldElem[-12, -12, 0, -20],
	[22, 22, 22, 22, 17, 2, 1, 17, 2, 2] => QQFieldElem[-14//5, -14//5, 0, -22//5],
	[22, 22, 22, 22, 8, 1, 1, 7, 1, 1] => QQFieldElem[-8//5, 0, -6//5, -6//5],
	[22, 22, 22, 22, 19, 1, 2, 19, 2, 1] => QQFieldElem[0, 2, -6//5, 2],
	[22, 22, 22, 22, 19, 1, 2, 18, 1, 1] => QQFieldElem[-14//5, -4//5, -6//5, -14//5],
	[22, 22, 22, 22, 20, 1, 1, 20, 1, 2] => QQFieldElem[-1//2, -1//4, -1//4, -1//2],
	[22, 22, 22, 22, 18, 1, 1, 11, 1, 1] => QQFieldElem[3//40, -1//40, -1//40, 3//40],
	[22, 22, 22, 22, 17, 1, 1, 20, 1, 1] => QQFieldElem[-2, -1//2, -1, -2],
	[22, 22, 22, 22, 19, 2, 2, 4, 1, 1] => QQFieldElem[8//5, 0, 6//5, 6//5],
	[22, 22, 22, 22, 19, 2, 1, 17, 2, 1] => QQFieldElem[-5, 0, -3, -3],
	[22, 22, 22, 22, 20, 1, 2, 17, 2, 2] => QQFieldElem[0, -3//10, 0, -1//2],
	[22, 22, 22, 22, 6, 1, 1, 8, 1, 1] => QQFieldElem[-36//5, 0, -22//5, -22//5],
	[22, 22, 22, 22, 18, 1, 1, 19, 2, 1] => QQFieldElem[0, -4//5, 2//5, -4//5],
	[22, 22, 22, 22, 17, 1, 2, 17, 2, 1] => QQFieldElem[0, -7//10, 2//5, -7//10],
	[22, 22, 22, 22, 17, 1, 1, 19, 2, 2] => QQFieldElem[12//5, 0, 9//5, 9//5],
	[22, 22, 22, 22, 17, 1, 1, 3, 1, 1] => QQFieldElem[1//8, 0, 0, 1//8],
	[22, 22, 22, 22, 5, 1, 1, 8, 1, 1] => QQFieldElem[-16//5, 0, -12//5, -12//5],
	[22, 22, 22, 22, 18, 1, 1, 18, 1, 1] => QQFieldElem[-4//5, -8//5, 0, 0],
	[22, 22, 22, 22, 17, 1, 1, 18, 1, 2] => QQFieldElem[4//5, 1//5, 3//5, 2//5],
	[22, 22, 22, 22, 3, 1, 1, 11, 1, 1] => QQFieldElem[2//5, 0, -2//5, -2//5],
	[22, 22, 22, 22, 19, 1, 1, 11, 1, 1] => QQFieldElem[1//20, 0, 0, 1//20],
	[22, 22, 22, 22, 18, 2, 1, 4, 1, 1] => QQFieldElem[-2//5, 1//10, -1//4, -1//5],
	[22, 22, 22, 22, 3, 1, 1, 19, 2, 1] => QQFieldElem[48//5, -32//5, 48//5, 0],
	[22, 22, 22, 22, 19, 1, 1, 19, 2, 1] => QQFieldElem[1//5, 0, 0, 0],
	[22, 22, 22, 22, 3, 1, 1, 18, 1, 1] => QQFieldElem[-24//5, -24//5, 0, -8],
	[22, 22, 22, 22, 19, 1, 1, 18, 1, 1] => QQFieldElem[6//5, 0, 1, 2//5],
	[22, 22, 22, 22, 8, 1, 1, 8, 1, 1] => QQFieldElem[-14//5, 0, -8//5, -8//5],
	[22, 22, 22, 22, 1, 1, 1, 19, 1, 1] => QQFieldElem[32//5, 0, 32//5, 0],
	[22, 22, 22, 22, 19, 2, 1, 4, 1, 1] => QQFieldElem[-3//10, 1//10, -3//10, 0],
	[22, 22, 22, 22, 11, 1, 1, 20, 1, 2] => QQFieldElem[0, -14//5, 8//5, -14//5],
	[22, 22, 22, 22, 20, 1, 1, 17, 2, 2] => QQFieldElem[-1//20, -1//20, -1//20, -1//20],
	[22, 22, 22, 22, 17, 1, 2, 4, 1, 1] => QQFieldElem[0, 1//2, -1//4, 1//2],
	[22, 22, 22, 22, 17, 1, 1, 17, 2, 1] => QQFieldElem[0, 0, 0, 0],
	[22, 22, 22, 22, 7, 1, 1, 19, 1, 2] => QQFieldElem[-16//5, -6//5, -6//5, -16//5],
	[22, 22, 22, 22, 20, 2, 2, 20, 1, 2] => QQFieldElem[0, 0, 0, 0],
	[22, 22, 22, 22, 6, 1, 1, 19, 1, 1] => QQFieldElem[4//5, -4//5, 4//5, 0],
	[22, 22, 22, 22, 18, 2, 2, 11, 1, 1] => QQFieldElem[1//10, 0, -1//10, -1//10],
	[22, 22, 22, 22, 17, 2, 2, 20, 1, 1] => QQFieldElem[-8//5, 3//5, -9//10, -3//5],
	[22, 22, 22, 22, 18, 1, 2, 12, 1, 1] => QQFieldElem[-1//5, 0, -2//5, -2//5],
	[22, 22, 22, 22, 5, 1, 1, 19, 1, 1] => QQFieldElem[44//5, -28//5, 44//5, 0],
	[22, 22, 22, 22, 17, 1, 1, 4, 1, 1] => QQFieldElem[1//8, 0, 0, 1//8],
	[22, 22, 22, 22, 18, 2, 2, 19, 2, 1] => QQFieldElem[0, 0, 0, 0],
	[22, 22, 22, 22, 17, 2, 2, 19, 2, 2] => QQFieldElem[0, 0, -4//5, 0],
	[22, 22, 22, 22, 18, 1, 2, 6, 1, 1] => QQFieldElem[-9//20, -1//2, -2//5, -2//5],
	[22, 22, 22, 22, 11, 1, 1, 17, 2, 2] => QQFieldElem[14//5, 14//5, 0, 22//5],
	[22, 22, 22, 22, 17, 2, 2, 3, 1, 1] => QQFieldElem[-5//2, 0, -3//2, -3//2],
	[22, 22, 22, 22, 18, 2, 2, 18, 1, 1] => QQFieldElem[8//5, -4//5, 8//5, 0],
	[22, 22, 22, 22, 17, 2, 2, 18, 1, 2] => QQFieldElem[4//5, 1//5, 3//5, 2//5],
	[22, 22, 22, 22, 7, 1, 1, 17, 1, 1] => QQFieldElem[-144//5, 88//5, -144//5, 0],
	[22, 22, 22, 22, 19, 2, 2, 11, 1, 1] => QQFieldElem[2, 0, 6//5, 6//5],
	[22, 22, 22, 22, 7, 1, 1, 18, 2, 1] => QQFieldElem[0, 2//5, -1//5, 2//5],
	[22, 22, 22, 22, 19, 1, 2, 12, 1, 1] => QQFieldElem[7//5, -4//5, 7//5, 0],
	[22, 22, 22, 22, 12, 1, 1, 19, 1, 2] => QQFieldElem[0, 0, 0, 0],
	[22, 22, 22, 22, 8, 1, 1, 19, 1, 1] => QQFieldElem[-8, 24//5, -8, 0],
	[22, 22, 22, 22, 19, 2, 2, 19, 2, 1] => QQFieldElem[-4//5, 0, -8//5, -8//5],
	[22, 22, 22, 22, 19, 1, 2, 6, 1, 1] => QQFieldElem[9//10, -3//10, 9//10, 0],
	[22, 22, 22, 22, 19, 2, 2, 18, 1, 1] => QQFieldElem[-2//5, -2//5, 0, -3//5],
	[22, 22, 22, 22, 20, 2, 1, 20, 1, 2] => QQFieldElem[1//2, -1//2, 1//2, 0],
	[22, 22, 22, 22, 18, 2, 1, 11, 1, 1] => QQFieldElem[0, -1//20, -1//20, -1//20],
	[22, 22, 22, 22, 17, 2, 1, 20, 1, 1] => QQFieldElem[0, -8, 5, -8],
	[22, 22, 22, 22, 7, 1, 1, 7, 1, 1] => QQFieldElem[-14//5, 0, -8//5, -8//5],
	[22, 22, 22, 22, 18, 1, 1, 12, 1, 1] => QQFieldElem[0, 7//20, 1//20, 7//20],
	[22, 22, 22, 22, 20, 2, 2, 17, 2, 2] => QQFieldElem[6//5, 0, 1, 1],
	[22, 22, 22, 22, 18, 2, 1, 19, 2, 1] => QQFieldElem[0, 14//5, -8//5, 14//5],
	[22, 22, 22, 22, 17, 2, 2, 17, 2, 1] => QQFieldElem[1, 1//5, 3//5, 6//5],
	[22, 22, 22, 22, 17, 2, 1, 19, 2, 2] => QQFieldElem[58//5, 22//5, 22//5, 58//5],
	[22, 22, 22, 22, 18, 1, 1, 6, 1, 1] => QQFieldElem[0, 9//40, -1//5, 9//40],
	[22, 22, 22, 22, 17, 2, 1, 3, 1, 1] => QQFieldElem[0, -1//2, 1//4, -1//2],
	[22, 22, 22, 22, 18, 2, 1, 18, 1, 1] => QQFieldElem[4, -24//5, 24//5, -8//5],
	[22, 22, 22, 22, 17, 2, 1, 18, 1, 2] => QQFieldElem[-6//5, 2//5, -4//5, -2//5],
	[22, 22, 22, 22, 18, 1, 2, 1, 1, 1] => QQFieldElem[0, -1//10, 3//40, -1//10],
	[22, 22, 22, 22, 19, 2, 1, 11, 1, 1] => QQFieldElem[-3//10, 1//5, -3//10, 0],
	[22, 22, 22, 22, 4, 1, 1, 20, 1, 2] => QQFieldElem[7//5, 7//5, 0, 11//5],
	[22, 22, 22, 22, 20, 1, 2, 20, 1, 1] => QQFieldElem[-3//4, -1//2, 0, -1],
	[22, 22, 22, 22, 3, 1, 1, 12, 1, 1] => QQFieldElem[12//5, 12//5, 0, -4//5],
	[22, 22, 22, 22, 19, 1, 1, 12, 1, 1] => QQFieldElem[0, 1//10, -1//5, 1//10],
	[22, 22, 22, 22, 18, 1, 2, 20, 2, 2] => QQFieldElem[-2//5, -1//5, -1//5, -2//5],
	[22, 22, 22, 22, 17, 1, 2, 11, 1, 1] => QQFieldElem[0, 9//20, -3//20, 9//20],
	[22, 22, 22, 22, 12, 1, 1, 17, 1, 1] => QQFieldElem[-32//5, -32//5, 0, -56//5],
	[22, 22, 22, 22, 3, 1, 1, 6, 1, 1] => QQFieldElem[12//5, 12//5, 0, -4//5],
	[22, 22, 22, 22, 12, 1, 1, 18, 2, 1] => QQFieldElem[0, 0, 0, 0],
	[22, 22, 22, 22, 19, 2, 1, 19, 2, 1] => QQFieldElem[0, 0, 0, -1//5],
	[22, 22, 22, 22, 20, 1, 2, 19, 2, 2] => QQFieldElem[-1//2, 1//2, -1//2, 0],
	[22, 22, 22, 22, 19, 1, 1, 6, 1, 1] => QQFieldElem[0, 1//10, -1//5, 1//10],
	[22, 22, 22, 22, 20, 1, 2, 3, 1, 1] => QQFieldElem[3//10, -1//10, 3//10, 0],
	[22, 22, 22, 22, 17, 1, 2, 19, 2, 1] => QQFieldElem[11//5, 11//5, 0, 18//5],
	[22, 22, 22, 22, 19, 2, 1, 18, 1, 1] => QQFieldElem[-2//5, 0, -1//5, 0],
	[22, 22, 22, 22, 20, 1, 2, 18, 1, 2] => QQFieldElem[-2//5, -1//10, -1//5, -3//10],
	[22, 22, 22, 22, 19, 1, 2, 1, 1, 1] => QQFieldElem[7//20, 7//20, 0, 11//20],
	[22, 22, 22, 22, 17, 1, 2, 18, 1, 1] => QQFieldElem[0, 0, 0, 0],
	[22, 22, 22, 22, 20, 2, 1, 17, 2, 2] => QQFieldElem[0, 1//2, 0, 3//10],
	[22, 22, 22, 22, 19, 1, 2, 20, 2, 2] => QQFieldElem[0, 0, 0, 0],
	[22, 22, 22, 22, 17, 2, 2, 4, 1, 1] => QQFieldElem[-5//2, 0, -3//2, -3//2],
	[22, 22, 22, 22, 17, 2, 1, 17, 2, 1] => QQFieldElem[0, 0, 0, 0],
	[22, 22, 22, 22, 12, 1, 1, 7, 1, 1] => QQFieldElem[-28//5, 0, -16//5, -16//5],
	[22, 22, 22, 22, 7, 1, 1, 8, 1, 1] => QQFieldElem[-8//5, 0, -6//5, -6//5],
	[22, 22, 22, 22, 18, 1, 1, 1, 1, 1] => QQFieldElem[-13//40, -9//80, -9//80, -13//40],
	[22, 22, 22, 22, 20, 1, 1, 20, 1, 1] => QQFieldElem[1//8, 0, 0, 1//8],
	[22, 22, 22, 22, 18, 1, 1, 20, 2, 2] => QQFieldElem[2//5, 3//10, 1//10, 2//5],
	[22, 22, 22, 22, 17, 1, 1, 11, 1, 1] => QQFieldElem[-1//8, -1//8, -1//8, -1//8],
	[22, 22, 22, 22, 4, 1, 1, 17, 2, 2] => QQFieldElem[-9, -9, 0, -15],
	[22, 22, 22, 22, 20, 1, 2, 17, 2, 1] => QQFieldElem[0, 1//10, 0, 1//10],
	[22, 22, 22, 22, 20, 1, 1, 19, 2, 2] => QQFieldElem[-1//2, -1//4, -1//4, -1//2],
	[22, 22, 22, 22, 20, 1, 1, 3, 1, 1] => QQFieldElem[11//10, 2//5, 2//5, 11//10],
	[22, 22, 22, 22, 17, 1, 1, 19, 2, 1] => QQFieldElem[-3//10, -9//10, 7//10, -3//2],
	[22, 22, 22, 22, 20, 1, 1, 18, 1, 2] => QQFieldElem[9//20, 7//20, 1//20, 13//20],
	[22, 22, 22, 22, 3, 1, 1, 1, 1, 1] => QQFieldElem[-4//5, 0, -3//5, -3//5],
	[22, 22, 22, 22, 19, 1, 1, 1, 1, 1] => QQFieldElem[7//40, 3//40, 3//40, 7//40],
	[22, 22, 22, 22, 17, 1, 1, 18, 1, 1] => QQFieldElem[0, 0, 0, 0],
	[22, 22, 22, 22, 3, 1, 1, 20, 2, 2] => QQFieldElem[-56//5, 32//5, -56//5, 0],
	[22, 22, 22, 22, 18, 2, 2, 12, 1, 1] => QQFieldElem[-2//5, -2//5, 0, 4//5],
	[22, 22, 22, 22, 19, 1, 1, 20, 2, 2] => QQFieldElem[0, 0, 0, 0],
	[22, 22, 22, 22, 17, 2, 1, 4, 1, 1] => QQFieldElem[0, -1//2, 1//4, -1//2],
	[22, 22, 22, 22, 18, 2, 2, 6, 1, 1] => QQFieldElem[1//10, 1//10, 0, 3//10],
	[22, 22, 22, 22, 1, 1, 1, 20, 1, 2] => QQFieldElem[0, 16//5, 0, 0])