Dict(
	[22, 6, 13, 20, 13, 1, 1, 21, 1, 2] => QQFieldElem[0, 1//8, 0, 1//8],
	[22, 6, 13, 20, 13, 1, 1, 22, 1, 2] => QQFieldElem[-1//2, -1//2, 1//2, -1],
	[22, 6, 13, 20, 13, 2, 1, 21, 1, 2] => QQFieldElem[0, 0, 0, 0],
	[22, 6, 13, 20, 13, 2, 1, 22, 1, 2] => QQFieldElem[0, 0, 1//4, 0],
	[22, 6, 13, 20, 22, 1, 1, 21, 1, 2] => QQFieldElem[0, 0, 0, 0],
	[22, 6, 13, 20, 22, 1, 1, 22, 1, 2] => QQFieldElem[-1//4, 0, 0, 0],
	[22, 6, 13, 20, 22, 2, 1, 21, 1, 2] => QQFieldElem[0, 1//8, 0, 1//8],
	[22, 6, 13, 20, 13, 1, 1, 21, 1, 1] => QQFieldElem[0, 1//8, 0, -1//8],
	[22, 6, 13, 20, 22, 2, 1, 22, 1, 2] => QQFieldElem[0, 1//8, 0, 1//8],
	[22, 6, 13, 20, 13, 1, 1, 22, 1, 1] => QQFieldElem[1//2, 1//2, 1//2, 0],
	[22, 6, 13, 20, 13, 2, 1, 21, 1, 1] => QQFieldElem[0, 0, 0, 0],
	[22, 6, 13, 20, 13, 2, 1, 22, 1, 1] => QQFieldElem[-1//10, -1//5, -1//20, 1//10],
	[22, 6, 13, 20, 22, 1, 1, 21, 1, 1] => QQFieldElem[0, -1//2, 0, 1//2],
	[22, 6, 13, 20, 22, 1, 1, 22, 1, 1] => QQFieldElem[1//4, 0, 0, 0],
	[22, 6, 13, 20, 22, 2, 1, 21, 1, 1] => QQFieldElem[0, 1//8, 0, -1//8],
	[22, 6, 13, 20, 22, 2, 1, 22, 1, 1] => QQFieldElem[-1//10, -3//40, -1//20, -1//40])