Dict(
	[22, 14, 11, 8, 22, 1, 1, 11, 1, 1] => QQFieldElem[-3//5, -1//5, -4//5, -2//5],
	[22, 14, 11, 8, 13, 1, 1, 19, 1, 1] => QQFieldElem[0, 1, 1, 0],
	[22, 14, 11, 8, 22, 1, 1, 7, 1, 1] => QQFieldElem[3//5, 1//5, 4//5, 2//5],
	[22, 14, 11, 8, 21, 1, 1, 11, 1, 1] => QQFieldElem[-12//5, -4//5, -6//5, -8//5],
	[22, 14, 11, 8, 16, 1, 1, 11, 1, 1] => QQFieldElem[2, 1, 1, 2],
	[22, 14, 11, 8, 13, 1, 1, 19, 2, 1] => QQFieldElem[1, 0, 1, 1],
	[22, 14, 11, 8, 21, 1, 1, 7, 1, 1] => QQFieldElem[12//5, 4//5, 6//5, 8//5],
	[22, 14, 11, 8, 16, 1, 1, 7, 1, 1] => QQFieldElem[2, 1, 1, 2],
	[22, 14, 11, 8, 22, 1, 1, 19, 1, 1] => QQFieldElem[-4//5, -8//5, -2//5, 4//5],
	[22, 14, 11, 8, 21, 1, 1, 19, 1, 1] => QQFieldElem[0, 1, 1, 0],
	[22, 14, 11, 8, 16, 1, 1, 19, 1, 1] => QQFieldElem[4//5, 8//5, 2//5, -4//5],
	[22, 14, 11, 8, 22, 1, 1, 19, 2, 1] => QQFieldElem[-1//5, -2//5, 2//5, 1//5],
	[22, 14, 11, 8, 21, 1, 1, 19, 2, 1] => QQFieldElem[1, 0, 1, 1],
	[22, 14, 11, 8, 16, 1, 1, 19, 2, 1] => QQFieldElem[1//5, 2//5, -2//5, -1//5],
	[22, 14, 11, 8, 13, 1, 1, 11, 1, 1] => QQFieldElem[-1, -1, 0, -1],
	[22, 14, 11, 8, 13, 1, 1, 7, 1, 1] => QQFieldElem[-1, -1, 0, -1])