Dict(
	[22, 18, 18, 10, 11, 1, 1, 21, 2, 1] => QQFieldElem[-2, -6, 2, -6],
	[22, 18, 18, 10, 17, 1, 1, 15, 1, 1] => QQFieldElem[2//5, 14//5, -4//5, 18//5],
	[22, 18, 18, 10, 17, 1, 1, 21, 1, 1] => QQFieldElem[-5, 8, -8, 5],
	[22, 18, 18, 10, 20, 1, 1, 15, 1, 1] => QQFieldElem[-6, -6, 0, -8],
	[22, 18, 18, 10, 12, 1, 1, 15, 1, 1] => QQFieldElem[18//5, 6//5, 4//5, 22//5],
	[22, 18, 18, 10, 17, 1, 1, 9, 1, 1] => QQFieldElem[-18//5, -6//5, -9//5, -17//5],
	[22, 18, 18, 10, 17, 1, 1, 16, 1, 1] => QQFieldElem[11//5, 2//5, 3//5, 9//5],
	[22, 18, 18, 10, 20, 1, 1, 21, 1, 1] => QQFieldElem[6, 7//2, 1, 7],
	[22, 18, 18, 10, 12, 1, 1, 21, 1, 1] => QQFieldElem[5, -2, 4, 1],
	[22, 18, 18, 10, 17, 1, 1, 21, 2, 1] => QQFieldElem[20, 12, 4, 24],
	[22, 18, 18, 10, 20, 1, 1, 9, 1, 1] => QQFieldElem[6, 0, 4, 4],
	[22, 18, 18, 10, 12, 1, 1, 9, 1, 1] => QQFieldElem[-12//5, 6//5, -11//5, -3//5],
	[22, 18, 18, 10, 20, 1, 1, 16, 1, 1] => QQFieldElem[-5, 0, -3, -3],
	[22, 18, 18, 10, 12, 1, 1, 16, 1, 1] => QQFieldElem[9//5, -2//5, 7//5, 1//5],
	[22, 18, 18, 10, 20, 1, 1, 21, 2, 1] => QQFieldElem[-13, -8, -3, -16],
	[22, 18, 18, 10, 12, 1, 1, 21, 2, 1] => QQFieldElem[5//2, -7//2, 7//2, -5//2],
	[22, 18, 18, 10, 19, 1, 1, 15, 1, 1] => QQFieldElem[2, 2, 0, 4],
	[22, 18, 18, 10, 11, 1, 1, 15, 1, 1] => QQFieldElem[8, 8, 0, 16],
	[22, 18, 18, 10, 19, 1, 1, 21, 1, 1] => QQFieldElem[7, 2, 3, 6],
	[22, 18, 18, 10, 11, 1, 1, 21, 1, 1] => QQFieldElem[8, -12, 12, -8],
	[22, 18, 18, 10, 19, 1, 1, 9, 1, 1] => QQFieldElem[-3, 0, -3//2, -3//2],
	[22, 18, 18, 10, 11, 1, 1, 9, 1, 1] => QQFieldElem[-12, 0, -8, -8],
	[22, 18, 18, 10, 19, 1, 1, 16, 1, 1] => QQFieldElem[5//2, 0, 1, 1],
	[22, 18, 18, 10, 11, 1, 1, 16, 1, 1] => QQFieldElem[6, 0, 4, 4],
	[22, 18, 18, 10, 19, 1, 1, 21, 2, 1] => QQFieldElem[4, 6, 0, 8])