Dict(
	[3, 19, 19, 20, 8, 1, 1, 17, 1, 2] => QQFieldElem[1//2, 1//2, 0, 1],
	[3, 19, 19, 20, 11, 1, 1, 18, 1, 1] => QQFieldElem[0, 0, 0, 0],
	[3, 19, 19, 20, 20, 1, 2, 19, 1, 1] => QQFieldElem[0, 4//5, -8//5, 4//5],
	[3, 19, 19, 20, 20, 1, 1, 19, 1, 1] => QQFieldElem[-12//5, -4//5, -6//5, -8//5],
	[3, 19, 19, 20, 12, 1, 1, 19, 1, 1] => QQFieldElem[12//5, 4//5, 6//5, 8//5],
	[3, 19, 19, 20, 11, 1, 1, 17, 1, 1] => QQFieldElem[0, 0, 0, 0],
	[3, 19, 19, 20, 11, 1, 1, 19, 1, 2] => QQFieldElem[0, 0, 0, 0],
	[3, 19, 19, 20, 20, 1, 2, 18, 1, 2] => QQFieldElem[0, 0, 0, 0],
	[3, 19, 19, 20, 8, 1, 2, 18, 1, 1] => QQFieldElem[-1//5, 3//5, -3//5, 1//5],
	[3, 19, 19, 20, 12, 1, 1, 18, 1, 2] => QQFieldElem[0, 0, 0, 0],
	[3, 19, 19, 20, 8, 1, 1, 18, 1, 1] => QQFieldElem[1, 1//2, 1//2, 1],
	[3, 19, 19, 20, 20, 1, 1, 18, 1, 2] => QQFieldElem[0, -16, 0, -16],
	[3, 19, 19, 20, 20, 1, 2, 17, 1, 2] => QQFieldElem[0, 0, 0, 0],
	[3, 19, 19, 20, 20, 1, 1, 17, 1, 2] => QQFieldElem[-2, 2, -2, 2],
	[3, 19, 19, 20, 12, 1, 1, 17, 1, 2] => QQFieldElem[0, 0, 0, 0],
	[3, 19, 19, 20, 8, 1, 1, 17, 1, 1] => QQFieldElem[1//2, 1//2, 0, 1],
	[3, 19, 19, 20, 8, 1, 1, 19, 1, 2] => QQFieldElem[1//5, -1//10, 1//10, 3//10],
	[3, 19, 19, 20, 8, 1, 2, 17, 1, 1] => QQFieldElem[-4//5, 2//5, -2//5, -1//5],
	[3, 19, 19, 20, 8, 1, 2, 19, 1, 2] => QQFieldElem[0, 0, 0, 0],
	[3, 19, 19, 20, 20, 1, 2, 18, 1, 1] => QQFieldElem[0, 0, 0, 0],
	[3, 19, 19, 20, 11, 1, 1, 19, 1, 1] => QQFieldElem[0, 0, 0, 0],
	[3, 19, 19, 20, 20, 1, 1, 18, 1, 1] => QQFieldElem[2, 2, 0, 2],
	[3, 19, 19, 20, 12, 1, 1, 18, 1, 1] => QQFieldElem[-2, -2, 0, -2],
	[3, 19, 19, 20, 11, 1, 1, 18, 1, 2] => QQFieldElem[-1, -1, 0, -1],
	[3, 19, 19, 20, 20, 1, 2, 17, 1, 1] => QQFieldElem[0, 0, 0, 0],
	[3, 19, 19, 20, 20, 1, 2, 19, 1, 2] => QQFieldElem[0, 0, 0, 0],
	[3, 19, 19, 20, 20, 1, 1, 17, 1, 1] => QQFieldElem[0, 0, 1//4, -1//4],
	[3, 19, 19, 20, 8, 1, 2, 19, 1, 1] => QQFieldElem[0, 0, 0, 0],
	[3, 19, 19, 20, 12, 1, 1, 19, 1, 2] => QQFieldElem[0, 4//5, -8//5, 4//5],
	[3, 19, 19, 20, 20, 1, 1, 19, 1, 2] => QQFieldElem[0, 0, 0, 0],
	[3, 19, 19, 20, 12, 1, 1, 17, 1, 1] => QQFieldElem[0, 0, -1//4, 1//4],
	[3, 19, 19, 20, 8, 1, 1, 19, 1, 1] => QQFieldElem[1//5, -1//10, 1//10, 3//10],
	[3, 19, 19, 20, 8, 1, 2, 18, 1, 2] => QQFieldElem[1//5, -3//5, 3//5, -1//5],
	[3, 19, 19, 20, 11, 1, 1, 17, 1, 2] => QQFieldElem[0, -1, 1, -1],
	[3, 19, 19, 20, 8, 1, 1, 18, 1, 2] => QQFieldElem[1, 1//2, 1//2, 1],
	[3, 19, 19, 20, 8, 1, 2, 17, 1, 2] => QQFieldElem[4//5, -2//5, 2//5, 1//5])