Dict(
	[3, 20, 19, 20, 20, 1, 2, 12, 1, 1] => QQFieldElem[1//2, 1//2, 0, -1],
	[3, 20, 19, 20, 20, 1, 1, 12, 1, 1] => QQFieldElem[1//2, 3//2, 1//2, 0],
	[3, 20, 19, 20, 12, 1, 1, 12, 1, 1] => QQFieldElem[0, 0, 0, 0],
	[3, 20, 19, 20, 11, 1, 1, 11, 1, 1] => QQFieldElem[0, 0, 0, 0],
	[3, 20, 19, 20, 20, 1, 2, 20, 1, 1] => QQFieldElem[12//5, -4//5, 12//5, 0],
	[3, 20, 19, 20, 20, 1, 1, 20, 1, 1] => QQFieldElem[-12//5, 0, -4//5, -4//5],
	[3, 20, 19, 20, 12, 1, 1, 20, 1, 1] => QQFieldElem[-1, 0, -1, -1],
	[3, 20, 19, 20, 11, 1, 1, 20, 1, 2] => QQFieldElem[-12//5, -12//5, 0, -16//5],
	[3, 20, 19, 20, 11, 1, 1, 12, 1, 1] => QQFieldElem[0, 0, 0, -4],
	[3, 20, 19, 20, 20, 1, 2, 11, 1, 1] => QQFieldElem[-1//8, 1//8, 1//8, -1//8],
	[3, 20, 19, 20, 20, 1, 1, 11, 1, 1] => QQFieldElem[0, -1//4, -1//8, -1//4],
	[3, 20, 19, 20, 12, 1, 1, 11, 1, 1] => QQFieldElem[2, 0, 1, 1],
	[3, 20, 19, 20, 11, 1, 1, 20, 1, 1] => QQFieldElem[0, -4//5, 8//5, -4//5],
	[3, 20, 19, 20, 20, 1, 2, 20, 1, 2] => QQFieldElem[-1, 0, -1, -1],
	[3, 20, 19, 20, 20, 1, 1, 20, 1, 2] => QQFieldElem[0, 0, 0, 0],
	[3, 20, 19, 20, 12, 1, 1, 20, 1, 2] => QQFieldElem[0, 0, 0, 0])