Dict(
	[6, 21, 13, 20, 20, 1, 1, 21, 1, 1] => QQFieldElem[2, 0, 1, 2],
	[6, 21, 13, 20, 18, 1, 1, 22, 1, 2] => QQFieldElem[1//5, 3//20, 1//10, 1//20],
	[6, 21, 13, 20, 20, 1, 2, 22, 1, 1] => QQFieldElem[1//2, 1//2, 0, 0],
	[6, 21, 13, 20, 20, 1, 1, 22, 1, 1] => QQFieldElem[0, -2, 1, 1],
	[6, 21, 13, 20, 18, 1, 1, 21, 1, 1] => QQFieldElem[0, 0, 1, 2],
	[6, 21, 13, 20, 17, 1, 1, 21, 1, 2] => QQFieldElem[1//2, 1//2, 0, 1//2],
	[6, 21, 13, 20, 18, 1, 1, 22, 1, 1] => QQFieldElem[3//10, 1//10, 2//5, 1//5],
	[6, 21, 13, 20, 17, 1, 1, 22, 1, 2] => QQFieldElem[1//5, 3//20, 1//10, 1//20],
	[6, 21, 13, 20, 20, 1, 2, 21, 1, 2] => QQFieldElem[-7//22, -9//22, -4//11, -3//22],
	[6, 21, 13, 20, 20, 1, 1, 21, 1, 2] => QQFieldElem[8//11, 4//11, -5//11, -6//11],
	[6, 21, 13, 20, 20, 1, 2, 22, 1, 2] => QQFieldElem[1//2, 1//2, 0, 0],
	[6, 21, 13, 20, 20, 1, 1, 22, 1, 2] => QQFieldElem[2, 0, 1, 1],
	[6, 21, 13, 20, 17, 1, 1, 21, 1, 1] => QQFieldElem[2, 0, 1, 2],
	[6, 21, 13, 20, 17, 1, 1, 22, 1, 1] => QQFieldElem[-1//2, -1//2, 0, 0],
	[6, 21, 13, 20, 18, 1, 1, 21, 1, 2] => QQFieldElem[-1//2, -1//2, 0, 1//2],
	[6, 21, 13, 20, 20, 1, 2, 21, 1, 1] => QQFieldElem[-9//22, 1//22, -2//11, -7//22])