Dict(
	[6, 22, 19, 15, 14, 1, 2, 21, 1, 1] => QQFieldElem[-1//2, -1//2, -1//2, -1],
	[6, 22, 19, 15, 14, 1, 1, 21, 1, 1] => QQFieldElem[4//5, -2//5, 2//5, 1//5],
	[6, 22, 19, 15, 14, 1, 2, 22, 1, 1] => QQFieldElem[-37//22, 13//22, -29//22, -5//11],
	[6, 22, 19, 15, 14, 1, 1, 22, 1, 1] => QQFieldElem[-14//11, -4//11, -8//11, -13//11],
	[6, 22, 19, 15, 9, 1, 1, 21, 1, 1] => QQFieldElem[-14//5, -8//5, -2//5, -16//5],
	[6, 22, 19, 15, 15, 1, 2, 21, 1, 2] => QQFieldElem[3//2, -1//2, 3//2, 0],
	[6, 22, 19, 15, 9, 1, 1, 22, 1, 1] => QQFieldElem[10//11, 28//11, -10//11, 36//11],
	[6, 22, 19, 15, 15, 1, 1, 21, 1, 2] => QQFieldElem[-3//4, 1//4, -3//4, 0],
	[6, 22, 19, 15, 15, 1, 2, 22, 1, 2] => QQFieldElem[-139//22, -13//22, -81//22, -50//11],
	[6, 22, 19, 15, 15, 1, 1, 22, 1, 2] => QQFieldElem[95//44, 35//44, 15//44, 25//11],
	[6, 22, 19, 15, 15, 1, 2, 13, 1, 1] => QQFieldElem[-5, 1, -4, -2],
	[6, 22, 19, 15, 15, 1, 1, 13, 1, 1] => QQFieldElem[3, 1, 3//2, 2],
	[6, 22, 19, 15, 14, 1, 2, 21, 1, 2] => QQFieldElem[0, 2, -1, 1],
	[6, 22, 19, 15, 14, 1, 1, 21, 1, 2] => QQFieldElem[2, 2, 0, 3],
	[6, 22, 19, 15, 15, 1, 2, 21, 1, 1] => QQFieldElem[-1//2, -1//2, -1//2, -1],
	[6, 22, 19, 15, 14, 1, 2, 22, 1, 2] => QQFieldElem[60//11, -8//11, 39//11, 29//11],
	[6, 22, 19, 15, 15, 1, 1, 21, 1, 1] => QQFieldElem[-3//4, -1//4, -1//4, 0],
	[6, 22, 19, 15, 14, 1, 2, 13, 1, 1] => QQFieldElem[1, 1, 0, 0],
	[6, 22, 19, 15, 14, 1, 1, 22, 1, 2] => QQFieldElem[4//11, -24//11, 18//11, -23//11],
	[6, 22, 19, 15, 14, 1, 1, 13, 1, 1] => QQFieldElem[1, 1, 1//2, 0],
	[6, 22, 19, 15, 15, 1, 2, 22, 1, 1] => QQFieldElem[-3//22, 7//22, 3//22, -1//11],
	[6, 22, 19, 15, 15, 1, 1, 22, 1, 1] => QQFieldElem[7//44, 13//44, -7//44, 3//11],
	[6, 22, 19, 15, 9, 1, 1, 21, 1, 2] => QQFieldElem[-1//2, -1//2, 1//2, 0],
	[6, 22, 19, 15, 9, 1, 1, 22, 1, 2] => QQFieldElem[7//22, 13//22, -7//22, 6//11],
	[6, 22, 19, 15, 9, 1, 1, 13, 1, 1] => QQFieldElem[4, -2, 4, 0])