Dict(
	[7, 16, 11, 21, 21, 1, 1, 9, 1, 1] => QQFieldElem[1, 0, 1, 1//2],
	[7, 16, 11, 21, 15, 1, 1, 10, 1, 1] => QQFieldElem[0, 0, -2, 2],
	[7, 16, 11, 21, 21, 1, 1, 16, 1, 1] => QQFieldElem[1, 0, 0, 0],
	[7, 16, 11, 21, 22, 1, 1, 10, 1, 1] => QQFieldElem[1, 0, 1, 1//2],
	[7, 16, 11, 21, 14, 1, 1, 9, 1, 1] => QQFieldElem[0, 0, 2, -2],
	[7, 16, 11, 21, 14, 1, 1, 16, 1, 1] => QQFieldElem[0, 2, 4, 2],
	[7, 16, 11, 21, 21, 1, 1, 10, 1, 1] => QQFieldElem[0, 0, 0, 1//2],
	[7, 16, 11, 21, 14, 1, 1, 10, 1, 1] => QQFieldElem[-4, 0, -2, -2],
	[7, 16, 11, 21, 15, 1, 1, 13, 1, 1] => QQFieldElem[0, -2, -4, -2],
	[7, 16, 11, 21, 22, 1, 1, 13, 1, 1] => QQFieldElem[1, 0, 0, 0],
	[7, 16, 11, 21, 21, 1, 1, 13, 1, 1] => QQFieldElem[0, 0, 0, 0],
	[7, 16, 11, 21, 14, 1, 1, 13, 1, 1] => QQFieldElem[0, 2, 0, -2],
	[7, 16, 11, 21, 15, 1, 1, 9, 1, 1] => QQFieldElem[4, 0, 2, 2],
	[7, 16, 11, 21, 15, 1, 1, 16, 1, 1] => QQFieldElem[0, -2, 0, 2],
	[7, 16, 11, 21, 22, 1, 1, 9, 1, 1] => QQFieldElem[0, 0, 0, 1//2],
	[7, 16, 11, 21, 22, 1, 1, 16, 1, 1] => QQFieldElem[0, 0, 0, 0])