Dict(
	[7, 18, 15, 22, 15, 1, 1, 18, 1, 1] => QQFieldElem[0, 0, 0, 0],
	[7, 18, 15, 22, 22, 1, 1, 18, 1, 1] => QQFieldElem[0, 0, 1, 0],
	[7, 18, 15, 22, 15, 1, 1, 19, 1, 2] => QQFieldElem[-1, -1, 0, 0],
	[7, 18, 15, 22, 15, 1, 1, 17, 1, 1] => QQFieldElem[11//5, 2//5, 8//5, 9//5],
	[7, 18, 15, 22, 22, 1, 1, 17, 1, 1] => QQFieldElem[-6//5, -2//5, -3//5, -4//5],
	[7, 18, 15, 22, 22, 1, 1, 19, 1, 2] => QQFieldElem[-1//11, 5//11, 2//11, -2//11],
	[7, 18, 15, 22, 21, 1, 1, 18, 1, 1] => QQFieldElem[-2, 0, 4, -2],
	[7, 18, 15, 22, 21, 1, 1, 17, 1, 1] => QQFieldElem[2, 0, 0, -2],
	[7, 18, 15, 22, 21, 1, 1, 19, 1, 2] => QQFieldElem[1, 0, 1, 1],
	[7, 18, 15, 22, 14, 1, 1, 18, 1, 1] => QQFieldElem[1, 0, 0, 1],
	[7, 18, 15, 22, 14, 1, 1, 17, 1, 1] => QQFieldElem[0, 0, 0, 0],
	[7, 18, 15, 22, 14, 1, 1, 19, 1, 2] => QQFieldElem[0, 0, 0, 0],
	[7, 18, 15, 22, 15, 1, 1, 19, 1, 1] => QQFieldElem[-6, -4, 0, 0],
	[7, 18, 15, 22, 22, 1, 1, 19, 1, 1] => QQFieldElem[-38//11, -52//11, -12//11, 12//11],
	[7, 18, 15, 22, 21, 1, 1, 19, 1, 1] => QQFieldElem[0, 0, 0, 0],
	[7, 18, 15, 22, 14, 1, 1, 19, 1, 1] => QQFieldElem[1, 0, 1, 1])