Dict(
	[7, 5, 20, 20, 20, 1, 1, 7, 1, 1] => QQFieldElem[0, 1//2, 0, 1//2],
	[7, 5, 20, 20, 12, 1, 1, 7, 1, 1] => QQFieldElem[0, 0, 0, 0],
	[7, 5, 20, 20, 11, 1, 1, 7, 1, 2] => QQFieldElem[-4//5, 2//5, -2//5, -1//5],
	[7, 5, 20, 20, 20, 1, 1, 5, 1, 1] => QQFieldElem[0, 0, 0, 0],
	[7, 5, 20, 20, 12, 1, 1, 5, 1, 1] => QQFieldElem[1//2, 0, 0, -1//2],
	[7, 5, 20, 20, 20, 2, 1, 7, 1, 1] => QQFieldElem[0, 1//2, 0, 1//2],
	[7, 5, 20, 20, 20, 1, 1, 3, 1, 1] => QQFieldElem[0, -1//4, -1//8, -1//4],
	[7, 5, 20, 20, 12, 1, 1, 3, 1, 1] => QQFieldElem[0, -1//4, -1//8, -1//4],
	[7, 5, 20, 20, 20, 2, 1, 5, 1, 1] => QQFieldElem[1, 0, 0, 0],
	[7, 5, 20, 20, 20, 2, 1, 3, 1, 1] => QQFieldElem[0, 0, 0, 0],
	[7, 5, 20, 20, 11, 1, 1, 7, 1, 1] => QQFieldElem[4//5, -2//5, 2//5, 1//5],
	[7, 5, 20, 20, 11, 1, 1, 5, 1, 1] => QQFieldElem[-1//2, 0, 0, 1//2],
	[7, 5, 20, 20, 20, 1, 1, 7, 1, 2] => QQFieldElem[0, 0, -1//2, 0],
	[7, 5, 20, 20, 11, 1, 1, 3, 1, 1] => QQFieldElem[0, -1//4, -1//8, -1//4],
	[7, 5, 20, 20, 12, 1, 1, 7, 1, 2] => QQFieldElem[-6//5, -4//5, -4//5, -6//5],
	[7, 5, 20, 20, 20, 2, 1, 7, 1, 2] => QQFieldElem[0, 0, 0, 0])