Dict(
	[8, 22, 21, 12, 7, 1, 1, 16, 1, 1] => QQFieldElem[6//5, 2//5, 3//5, 4//5],
	[8, 22, 21, 12, 12, 1, 1, 13, 1, 1] => QQFieldElem[-1//2, 0, 0, -1//2],
	[8, 22, 21, 12, 12, 1, 1, 21, 1, 1] => QQFieldElem[-2//5, 1//5, -1//5, -3//5],
	[8, 22, 21, 12, 12, 1, 1, 22, 1, 1] => QQFieldElem[0, -1//2, 0, -1//2],
	[8, 22, 21, 12, 19, 1, 2, 13, 1, 1] => QQFieldElem[0, 0, -1//2, 1//2],
	[8, 22, 21, 12, 12, 1, 1, 16, 1, 1] => QQFieldElem[6//5, 2//5, 3//5, 4//5],
	[8, 22, 21, 12, 19, 1, 1, 13, 1, 1] => QQFieldElem[1, 0, 1//2, 1//2],
	[8, 22, 21, 12, 7, 1, 1, 13, 1, 1] => QQFieldElem[-1//2, 0, 0, -1//2],
	[8, 22, 21, 12, 19, 1, 2, 21, 1, 1] => QQFieldElem[-1, -1, 0, 0],
	[8, 22, 21, 12, 19, 1, 1, 21, 1, 1] => QQFieldElem[3//5, 1//5, 4//5, 2//5],
	[8, 22, 21, 12, 19, 1, 2, 22, 1, 1] => QQFieldElem[1, 1, 1//2, 0],
	[8, 22, 21, 12, 7, 1, 1, 21, 1, 1] => QQFieldElem[2//5, -1//5, 1//5, 3//5],
	[8, 22, 21, 12, 19, 1, 2, 16, 1, 1] => QQFieldElem[-1, -1, 0, -2],
	[8, 22, 21, 12, 19, 1, 1, 22, 1, 1] => QQFieldElem[0, 0, -1//2, 0],
	[8, 22, 21, 12, 19, 1, 1, 16, 1, 1] => QQFieldElem[-11//5, 3//5, -8//5, -4//5],
	[8, 22, 21, 12, 7, 1, 1, 22, 1, 1] => QQFieldElem[0, 1//2, 0, 1//2])