Dict(
	[9, 16, 20, 19, 22, 1, 2, 19, 1, 1] => QQFieldElem[0, 1, 0, 0],
	[9, 16, 20, 19, 22, 1, 1, 19, 1, 1] => QQFieldElem[1//11, -1//22, -1//11, 8//11],
	[9, 16, 20, 19, 21, 1, 2, 19, 1, 1] => QQFieldElem[0, 0, 0, 0],
	[9, 16, 20, 19, 21, 1, 1, 19, 1, 1] => QQFieldElem[7//11, 2//11, 4//11, 1//11],
	[9, 16, 20, 19, 22, 1, 2, 17, 1, 2] => QQFieldElem[-1//2, 1//2, -1//2, 1//2],
	[9, 16, 20, 19, 22, 1, 1, 17, 1, 2] => QQFieldElem[0, 2, -1//2, 1],
	[9, 16, 20, 19, 21, 1, 2, 17, 1, 2] => QQFieldElem[1, 0, 1, 0],
	[9, 16, 20, 19, 21, 1, 1, 17, 1, 2] => QQFieldElem[3, 0, 2, 1],
	[9, 16, 20, 19, 22, 1, 2, 17, 1, 1] => QQFieldElem[0, -1, 0, 0],
	[9, 16, 20, 19, 22, 1, 2, 19, 1, 2] => QQFieldElem[1//22, -17//22, -1//22, -3//22],
	[9, 16, 20, 19, 22, 1, 1, 17, 1, 1] => QQFieldElem[-1, -1//2, 0, -1],
	[9, 16, 20, 19, 22, 1, 1, 19, 1, 2] => QQFieldElem[1//11, 5//11, 9//22, -3//11],
	[9, 16, 20, 19, 21, 1, 2, 17, 1, 1] => QQFieldElem[0, 0, 0, 0],
	[9, 16, 20, 19, 21, 1, 2, 19, 1, 2] => QQFieldElem[-13//11, -10//11, -9//11, -16//11],
	[9, 16, 20, 19, 21, 1, 1, 17, 1, 1] => QQFieldElem[1, 0, 0, 1],
	[9, 16, 20, 19, 21, 1, 1, 19, 1, 2] => QQFieldElem[7//11, 2//11, 4//11, 1//11])