Dict(
	[9, 21, 17, 11, 22, 1, 2, 20, 1, 1] => QQFieldElem[1, 0, 0, 1],
	[9, 21, 17, 11, 22, 1, 1, 20, 1, 1] => QQFieldElem[1, 0, 1, 0],
	[9, 21, 17, 11, 21, 1, 2, 20, 1, 1] => QQFieldElem[0, 0, 0, 0],
	[9, 21, 17, 11, 21, 1, 1, 20, 1, 1] => QQFieldElem[0, 0, 0, 0],
	[9, 21, 17, 11, 22, 1, 2, 17, 1, 1] => QQFieldElem[1, -2, 2, -1],
	[9, 21, 17, 11, 22, 1, 1, 17, 1, 1] => QQFieldElem[3, 2, 1, 4],
	[9, 21, 17, 11, 21, 1, 2, 17, 1, 1] => QQFieldElem[-6, 0, -4, -4],
	[9, 21, 17, 11, 22, 1, 2, 11, 1, 1] => QQFieldElem[32, 6, 16, 26],
	[9, 21, 17, 11, 21, 1, 1, 17, 1, 1] => QQFieldElem[0, 1//5, -2//5, 1//5],
	[9, 21, 17, 11, 22, 1, 1, 11, 1, 1] => QQFieldElem[-10, 16, -16, 10],
	[9, 21, 17, 11, 21, 1, 2, 11, 1, 1] => QQFieldElem[-36, -36, 0, -58],
	[9, 21, 17, 11, 21, 1, 1, 11, 1, 1] => QQFieldElem[-4, 0, -3, -3],
	[9, 21, 17, 11, 22, 1, 2, 19, 1, 1] => QQFieldElem[-8, -2, -4, -6],
	[9, 21, 17, 11, 22, 1, 1, 19, 1, 1] => QQFieldElem[2, -4, 4, -2],
	[9, 21, 17, 11, 21, 1, 2, 19, 1, 1] => QQFieldElem[8, 8, 0, 14],
	[9, 21, 17, 11, 21, 1, 1, 19, 1, 1] => QQFieldElem[0, 0, 1, 1])