Dict(
	[9, 17, 22, 20, 22, 1, 2, 21, 1, 2] => QQFieldElem[-2, -1, 0, -2],
	[9, 17, 22, 20, 22, 1, 1, 21, 1, 2] => QQFieldElem[-1//2, 0, -1//2, 0],
	[9, 17, 22, 20, 15, 1, 1, 16, 1, 2] => QQFieldElem[-16//5, -2//5, -8//5, -14//5],
	[9, 17, 22, 20, 22, 1, 2, 16, 1, 2] => QQFieldElem[-8, -1, -4, -6],
	[9, 17, 22, 20, 21, 1, 2, 21, 1, 2] => QQFieldElem[1, 1, 0, 1],
	[9, 17, 22, 20, 22, 1, 1, 16, 1, 2] => QQFieldElem[3//2, 2, -1//2, 3],
	[9, 17, 22, 20, 21, 1, 1, 21, 1, 2] => QQFieldElem[2, 0, 2, 2],
	[9, 17, 22, 20, 15, 1, 1, 15, 1, 1] => QQFieldElem[-1, 2, -2, 1],
	[9, 17, 22, 20, 21, 1, 2, 16, 1, 2] => QQFieldElem[21//5, 7//5, 8//5, 19//5],
	[9, 17, 22, 20, 21, 1, 1, 16, 1, 2] => QQFieldElem[10, -8, 10, -2],
	[9, 17, 22, 20, 14, 1, 1, 21, 1, 2] => QQFieldElem[-2, 0, -2, 0],
	[9, 17, 22, 20, 22, 1, 2, 15, 1, 1] => QQFieldElem[0, -4, 2, -4],
	[9, 17, 22, 20, 22, 1, 1, 15, 1, 1] => QQFieldElem[-3//2, 0, -1, -1],
	[9, 17, 22, 20, 15, 1, 1, 21, 1, 1] => QQFieldElem[-1, -1, 0, -2],
	[9, 17, 22, 20, 21, 1, 2, 15, 1, 1] => QQFieldElem[1, 2, -1, 3],
	[9, 17, 22, 20, 14, 1, 1, 16, 1, 2] => QQFieldElem[-14//5, -8//5, -2//5, -16//5],
	[9, 17, 22, 20, 22, 1, 2, 21, 1, 1] => QQFieldElem[0, -1, -1, 0],
	[9, 17, 22, 20, 21, 1, 1, 15, 1, 1] => QQFieldElem[1, 0, 1, 1//2],
	[9, 17, 22, 20, 22, 1, 1, 21, 1, 1] => QQFieldElem[0, -1//2, 0, 0],
	[9, 17, 22, 20, 15, 1, 1, 9, 1, 1] => QQFieldElem[1//11, 10//11, -8//11, 17//11],
	[9, 17, 22, 20, 22, 1, 2, 9, 1, 1] => QQFieldElem[-20//11, -24//11, 6//11, -32//11],
	[9, 17, 22, 20, 15, 1, 1, 16, 1, 1] => QQFieldElem[1//5, 7//5, -2//5, 4//5],
	[9, 17, 22, 20, 22, 1, 1, 9, 1, 1] => QQFieldElem[-15//22, 2//11, -6//11, -1//11],
	[9, 17, 22, 20, 21, 1, 2, 21, 1, 1] => QQFieldElem[2, -2, 2, -2],
	[9, 17, 22, 20, 14, 1, 1, 15, 1, 1] => QQFieldElem[14, 8, 2, 16],
	[9, 17, 22, 20, 22, 1, 1, 16, 1, 1] => QQFieldElem[-9//5, -11//10, -2//5, -11//5],
	[9, 17, 22, 20, 22, 1, 2, 16, 1, 1] => QQFieldElem[24//5, 3//5, 17//5, 16//5],
	[9, 17, 22, 20, 21, 1, 2, 9, 1, 1] => QQFieldElem[7//11, 4//11, -1//11, 9//11],
	[9, 17, 22, 20, 21, 1, 1, 21, 1, 1] => QQFieldElem[-1, 1, -1, 0],
	[9, 17, 22, 20, 21, 1, 1, 9, 1, 1] => QQFieldElem[1//11, -1//11, 3//11, 1//22],
	[9, 17, 22, 20, 21, 1, 2, 16, 1, 1] => QQFieldElem[6, 2, 2, 6],
	[9, 17, 22, 20, 21, 1, 1, 16, 1, 1] => QQFieldElem[1, -1, 1, 0],
	[9, 17, 22, 20, 14, 1, 1, 21, 1, 1] => QQFieldElem[4, 4, 0, 4],
	[9, 17, 22, 20, 14, 1, 1, 9, 1, 1] => QQFieldElem[50//11, 16//11, 18//11, 36//11],
	[9, 17, 22, 20, 14, 1, 1, 16, 1, 1] => QQFieldElem[-12, 4, -8, -4],
	[9, 17, 22, 20, 15, 1, 1, 21, 1, 2] => QQFieldElem[0, 2, 0, 2])