Dict(
	[9, 17, 18, 22, 12, 1, 1, 21, 1, 2] => QQFieldElem[-6, -7//2, -1, -7],
	[9, 17, 18, 22, 20, 1, 1, 15, 1, 1] => QQFieldElem[-44, -44, 0, -72],
	[9, 17, 18, 22, 12, 1, 1, 15, 1, 1] => QQFieldElem[28//5, 116//5, -56//5, 132//5],
	[9, 17, 18, 22, 18, 1, 1, 21, 1, 2] => QQFieldElem[8, -12, 12, -8],
	[9, 17, 18, 22, 20, 1, 1, 21, 1, 1] => QQFieldElem[-5//2, 7//2, -7//2, 5//2],
	[9, 17, 18, 22, 12, 1, 1, 21, 1, 1] => QQFieldElem[7, 2, 3, 6],
	[9, 17, 18, 22, 19, 1, 1, 21, 1, 2] => QQFieldElem[-2, -6, 2, -6],
	[9, 17, 18, 22, 11, 1, 1, 21, 1, 2] => QQFieldElem[4, 6, 0, 8],
	[9, 17, 18, 22, 20, 1, 1, 9, 1, 1] => QQFieldElem[6, 0, 4, 4],
	[9, 17, 18, 22, 12, 1, 1, 9, 1, 1] => QQFieldElem[-18//5, -6//5, -9//5, -17//5],
	[9, 17, 18, 22, 20, 1, 1, 16, 1, 1] => QQFieldElem[-5, 0, -3, -3],
	[9, 17, 18, 22, 12, 1, 1, 16, 1, 1] => QQFieldElem[11//5, 2//5, 3//5, 9//5],
	[9, 17, 18, 22, 18, 1, 1, 15, 1, 1] => QQFieldElem[172//5, 84//5, 56//5, 188//5],
	[9, 17, 18, 22, 19, 1, 1, 15, 1, 1] => QQFieldElem[-20, -20, 0, -32],
	[9, 17, 18, 22, 11, 1, 1, 15, 1, 1] => QQFieldElem[80, 80, 0, 128],
	[9, 17, 18, 22, 18, 1, 1, 21, 1, 1] => QQFieldElem[-13, -8, -3, -16],
	[9, 17, 18, 22, 18, 1, 1, 9, 1, 1] => QQFieldElem[-12//5, 6//5, -11//5, -3//5],
	[9, 17, 18, 22, 19, 1, 1, 21, 1, 1] => QQFieldElem[5, -2, 4, 1],
	[9, 17, 18, 22, 11, 1, 1, 21, 1, 1] => QQFieldElem[20, 12, 4, 24],
	[9, 17, 18, 22, 18, 1, 1, 16, 1, 1] => QQFieldElem[9//5, -2//5, 7//5, 1//5],
	[9, 17, 18, 22, 19, 1, 1, 9, 1, 1] => QQFieldElem[3, 0, 3//2, 3//2],
	[9, 17, 18, 22, 11, 1, 1, 9, 1, 1] => QQFieldElem[-12, 0, -8, -8],
	[9, 17, 18, 22, 19, 1, 1, 16, 1, 1] => QQFieldElem[-5//2, 0, -1, -1],
	[9, 17, 18, 22, 11, 1, 1, 16, 1, 1] => QQFieldElem[6, 0, 4, 4],
	[9, 17, 18, 22, 20, 1, 1, 21, 1, 2] => QQFieldElem[-5, 8, -8, 5])