Dict(
	[9, 20, 11, 21, 17, 1, 1, 21, 1, 1] => QQFieldElem[0, -1//2, 1//2, -1//2],
	[9, 20, 11, 21, 20, 1, 1, 15, 1, 1] => QQFieldElem[-1//2, -1//2, -1//2, -1],
	[9, 20, 11, 21, 12, 1, 1, 15, 1, 1] => QQFieldElem[0, 0, 0, 1//2],
	[9, 20, 11, 21, 17, 1, 1, 22, 1, 1] => QQFieldElem[-1//2, -1, 0, -1],
	[9, 20, 11, 21, 20, 1, 1, 21, 1, 1] => QQFieldElem[-1//2, -1, 0, -1],
	[9, 20, 11, 21, 12, 1, 1, 21, 1, 1] => QQFieldElem[0, 1//2, -1//2, 1//2],
	[9, 20, 11, 21, 19, 1, 1, 14, 1, 1] => QQFieldElem[2, 0, 2, 0],
	[9, 20, 11, 21, 20, 1, 1, 22, 1, 1] => QQFieldElem[3//2, 3//2, 0, 2],
	[9, 20, 11, 21, 12, 1, 1, 22, 1, 1] => QQFieldElem[-1//2, -1, 0, -1],
	[9, 20, 11, 21, 19, 1, 1, 15, 1, 1] => QQFieldElem[1//2, 1//2, 1//2, 1],
	[9, 20, 11, 21, 19, 1, 1, 21, 1, 1] => QQFieldElem[1//2, 1, 0, 1],
	[9, 20, 11, 21, 17, 1, 1, 14, 1, 1] => QQFieldElem[-8//5, 4//5, -4//5, -2//5],
	[9, 20, 11, 21, 19, 1, 1, 22, 1, 1] => QQFieldElem[3//2, 3//2, 0, 2],
	[9, 20, 11, 21, 20, 1, 1, 14, 1, 1] => QQFieldElem[2, 0, 2, 0],
	[9, 20, 11, 21, 12, 1, 1, 14, 1, 1] => QQFieldElem[-8//5, 4//5, -4//5, -2//5],
	[9, 20, 11, 21, 17, 1, 1, 15, 1, 1] => QQFieldElem[0, 0, 0, -1//2])