Dict(
	[9, 19, 13, 19, 22, 1, 1, 21, 1, 1] => QQFieldElem[3//2, 1, 1//2, 2],
	[9, 19, 13, 19, 22, 1, 1, 22, 1, 1] => QQFieldElem[1//2, 0, 1//2, 0],
	[9, 19, 13, 19, 21, 1, 1, 21, 1, 1] => QQFieldElem[1//2, 0, 1//2, 0],
	[9, 19, 13, 19, 22, 1, 1, 16, 1, 1] => QQFieldElem[2, 1//2, 1//2, 2],
	[9, 19, 13, 19, 16, 1, 1, 21, 1, 1] => QQFieldElem[-1//2, 0, 0, 1//2],
	[9, 19, 13, 19, 21, 1, 1, 22, 1, 1] => QQFieldElem[3//2, 1, 1//2, 2],
	[9, 19, 13, 19, 21, 1, 1, 16, 1, 1] => QQFieldElem[0, -1//2, 1//2, 0],
	[9, 19, 13, 19, 16, 1, 1, 22, 1, 1] => QQFieldElem[-3//2, -1, -1, -3//2],
	[9, 19, 13, 19, 16, 1, 1, 16, 1, 1] => QQFieldElem[0, 1//2, 0, 1//2],
	[9, 19, 13, 19, 13, 1, 1, 13, 1, 1] => QQFieldElem[0, 1//2, 0, 1//2],
	[9, 19, 13, 19, 13, 1, 1, 21, 1, 1] => QQFieldElem[-3//2, -1, -1, -3//2],
	[9, 19, 13, 19, 22, 1, 1, 13, 1, 1] => QQFieldElem[0, -1//2, 1//2, 0],
	[9, 19, 13, 19, 13, 1, 1, 22, 1, 1] => QQFieldElem[-1//2, 0, 0, 1//2],
	[9, 19, 13, 19, 13, 1, 1, 16, 1, 1] => QQFieldElem[-2, -1//2, -1, -3//2],
	[9, 19, 13, 19, 21, 1, 1, 13, 1, 1] => QQFieldElem[2, 1//2, 1//2, 2],
	[9, 19, 13, 19, 16, 1, 1, 13, 1, 1] => QQFieldElem[-2, -1//2, -1, -3//2])