Dict(
	[6, 5, 6, 5, 15, 13] => QQFieldElem[0, 0, -1//5, 0, 0, -1//5, 0, 0, 0, 0, 0, 0, 0, 0, 0, 0, 0, 0, 0, 0],
	[6, 5, 6, 5, 12, 13] => QQFieldElem[0, 0, 1//5, 0, 0, 0, 0, 1//5, 0, 0, -1//5, 0, 1//5, 0, 0, 0, 0, 1//5, 0, 0],
	[6, 5, 6, 5, 13, 15] => QQFieldElem[1//5, 0, 0, 0, 0, 1//5, 0, 0, 0, 0, 1//5, 0, 0, 0, 0, 1//5, 0, -1//5, 0, 0],
	[6, 5, 6, 5, 4, 15] => QQFieldElem[0, -2//5, 0, 0, 0, 0, 1//5, 0, 0, 0, 0, -2//5, 0, 0, 0, 0, 0, 0, 0, 0],
	[6, 5, 6, 5, 14, 15] => QQFieldElem[0, 0, -1//5, 0, 0, 0, 0, 0, 0, 0, -1//5, 0, 0, 0, 0, 0, 0, 0, 0, 0],
	[6, 5, 6, 5, 11, 7] => QQFieldElem[0, -1//5, 0, 0, -1//5, 0, -1//5, 0, 0, -1//5, 0, -1//5, 0, 0, -1//5, 0, -1//5, 0, 0, -1//5],
	[6, 5, 6, 5, 8, 8] => QQFieldElem[0, 1//5, 0, 0, 0, 0, 0, 0, 0, 0, 0, 0, 0, 0, 0, 0, 0, 0, 0, 1//5],
	[6, 5, 6, 5, 9, 4] => QQFieldElem[1//10, 0, 0, 0, 0, 3//10, 0, 0, 0, 0, 3//10, 0, 0, 0, 0, 1//10, 0, 0, 0, 0],
	[6, 5, 6, 5, 16, 15] => QQFieldElem[0, 0, 1//5, 0, 0, 0, 0, 1//5, 0, 0, 0, 0, 1//5, 0, 0, -1//5, 0, 1//5, 0, 0],
	[6, 5, 6, 5, 7, 9] => QQFieldElem[0, 1//5, 0, 0, 0, 0, 0, 0, 0, 0, 0, 0, 0, 0, 0, 0, 0, 0, 0, 1//5],
	[6, 5, 6, 5, 2, 8] => QQFieldElem[-4//5, 0, 0, 0, 0, 0, 0, 0, 0, 0, 0, 0, 0, 0, 0, 0, 0, 0, 0, 0],
	[6, 5, 6, 5, 12, 12] => QQFieldElem[-1//5, 0, 0, 0, 0, 0, 0, 0, 0, 0, 0, 0, 0, 0, 0, 0, 0, -1//5, 0, 0],
	[6, 5, 6, 5, 10, 8] => QQFieldElem[0, 0, 0, 0, 0, 0, 0, 0, 0, 1//5, 0, 1//5, 0, 0, 0, 0, 0, 0, 0, 0],
	[6, 5, 6, 5, 15, 12] => QQFieldElem[1//5, 0, 1//5, 0, 0, 1//5, 0, 1//5, 0, 0, 1//5, 0, 1//5, 0, 0, 1//5, 0, 1//5, 0, 0],
	[6, 5, 6, 5, 9, 13] => QQFieldElem[0, 0, 0, 1//5, -1//5, 0, 0, 0, 0, -1//5, 0, 0, 0, 0, -1//5, 0, 0, 0, 0, -1//5],
	[6, 5, 6, 5, 11, 2] => QQFieldElem[-1//20, 0, 0, 0, 0, -1//20, 0, 0, 0, 0, -1//20, 0, 0, 0, 0, -1//20, 0, 0, 0, 0],
	[6, 5, 6, 5, 11, 10] => QQFieldElem[0, 1//5, 0, 0, 0, 0, 0, 0, 0, 0, 0, 0, 0, 0, 0, 0, 0, 0, 0, 1//5],
	[6, 5, 6, 5, 8, 14] => QQFieldElem[0, 0, 0, 1//5, 0, 0, 0, 0, 0, 0, 0, 0, 0, 0, 1//5, 0, 0, 0, 0, 0],
	[6, 5, 6, 5, 10, 14] => QQFieldElem[0, 0, 0, -1//5, 0, 0, 0, 0, -1//5, 0, 0, 0, 0, -1//5, 0, 0, 0, 0, -1//5, 1//5],
	[6, 5, 6, 5, 8, 3] => QQFieldElem[3//10, 0, 0, 0, 0, 1//10, 0, 0, 0, 0, 1//10, 0, 0, 0, 0, 3//10, 0, 0, 0, 0],
	[6, 5, 6, 5, 10, 3] => QQFieldElem[3//10, 0, 0, 0, 0, 1//10, 0, 0, 0, 0, 1//10, 0, 0, 0, 0, 3//10, 0, 0, 0, 0],
	[6, 5, 6, 5, 2, 14] => QQFieldElem[0, 0, 0, 0, 0, 0, 0, 0, 0, 0, 0, -4//5, 0, 0, 0, 0, 0, 0, 0, 0],
	[6, 5, 6, 5, 15, 11] => QQFieldElem[0, 0, 0, 0, 0, 0, 0, -1//5, 0, 0, 0, 0, 0, 0, 0, 0, 0, 0, -1//5, 0],
	[6, 5, 6, 5, 12, 11] => QQFieldElem[0, 0, 1//5, -1//5, 0, 0, 0, 1//5, 0, 0, 0, 0, 1//5, 0, 0, 0, 0, 1//5, 0, 0],
	[6, 5, 6, 5, 2, 3] => QQFieldElem[0, 0, 0, 0, 0, 2//5, 0, 0, 0, 0, -2//5, 0, 0, 0, 0, 2//5, 0, 0, 0, 0],
	[6, 5, 6, 5, 9, 12] => QQFieldElem[0, 0, 0, 0, -1//5, 0, 0, 0, 0, -1//5, 0, 0, 0, 1//5, -1//5, 0, 0, 0, 0, -1//5],
	[6, 5, 6, 5, 11, 16] => QQFieldElem[0, 0, 0, 0, 0, 0, 0, 0, 0, 1//5, 0, 0, 0, 1//5, 0, 0, 0, 0, 0, 0],
	[6, 5, 6, 5, 12, 7] => QQFieldElem[0, 0, -1//5, 1//5, 0, 0, 0, 0, 1//5, 0, 0, 0, 0, 1//5, 0, 0, 0, 0, 1//5, 0],
	[6, 5, 6, 5, 15, 7] => QQFieldElem[0, 0, 0, 0, 0, 0, 0, 0, 0, 0, 0, 0, -1//5, -1//5, 0, 0, 0, 0, 0, 0],
	[6, 5, 6, 5, 9, 11] => QQFieldElem[0, 0, 0, 0, 0, 0, 0, 0, 0, 1//5, 0, 1//5, 0, 0, 0, 0, 0, 0, 0, 0],
	[6, 5, 6, 5, 8, 15] => QQFieldElem[0, 0, 0, 0, 0, 0, 0, 0, 0, 0, 0, 0, 0, 0, 1//5, 0, 0, 0, 1//5, 0],
	[6, 5, 6, 5, 10, 15] => QQFieldElem[0, 0, 0, 0, 0, 0, 0, 0, 0, 0, 0, 0, 0, 1//5, 0, 0, 0, 0, 0, 1//5],
	[6, 5, 6, 5, 2, 15] => QQFieldElem[0, 0, 0, 0, 0, 0, -4//5, 0, 0, 0, 0, 0, 0, 0, 0, 0, 0, 0, 0, 0],
	[6, 5, 6, 5, 3, 13] => QQFieldElem[0, -2//5, 0, 0, 0, 0, -2//5, 0, 0, 0, 0, 0, 0, 0, 0, 0, 1//5, 0, 0, 0],
	[6, 5, 6, 5, 3, 4] => QQFieldElem[0, 0, 0, 0, 0, -3//5, 0, 0, 0, 0, -1, 0, 0, 0, 0, -3//5, 0, 0, 0, 0],
	[6, 5, 6, 5, 11, 9] => QQFieldElem[0, 0, 0, 0, 0, 0, 0, 0, 0, 1//5, 0, 1//5, 0, 0, 0, 0, 0, 0, 0, 0],
	[6, 5, 6, 5, 12, 10] => QQFieldElem[0, 0, 0, 0, 0, 0, 0, 0, 0, 0, 0, 0, -1//5, -1//5, 0, 0, 0, 0, 0, 0],
	[6, 5, 6, 5, 13, 13] => QQFieldElem[-1//5, 0, 0, 0, 0, 0, 0, -1//5, 0, 0, 0, 0, 0, 0, 0, 0, 0, 0, 0, 0],
	[6, 5, 6, 5, 15, 10] => QQFieldElem[0, 0, 1//5, -1//5, 0, 0, 0, 1//5, 0, 0, 0, 0, 1//5, 0, 0, 0, 0, 1//5, 0, 0],
	[6, 5, 6, 5, 4, 13] => QQFieldElem[0, 2//5, 0, 0, 0, 0, 2//5, 0, 0, 0, 0, 0, 0, 0, 0, 0, 3//5, 0, 0, 0],
	[6, 5, 6, 5, 9, 7] => QQFieldElem[0, 1//5, 0, 0, 0, 0, 0, 0, 0, 0, 0, 0, 0, 0, 0, 0, 0, 0, 0, 1//5],
	[6, 5, 6, 5, 13, 4] => QQFieldElem[0, 0, 0, 0, 0, -1//10, 0, 0, 0, 0, -1//10, 0, 0, 0, 0, -1//10, 0, 0, 0, 0],
	[6, 5, 6, 5, 14, 13] => QQFieldElem[0, 0, 0, 0, 0, 0, 0, 0, 0, 0, 0, 0, 0, 0, 0, -1//5, 0, -1//5, 0, 0],
	[6, 5, 6, 5, 4, 4] => QQFieldElem[0, 0, 0, 0, 0, 0, 0, 0, 0, 0, -1//5, 0, 0, 0, 0, 0, 0, 0, 0, 0],
	[6, 5, 6, 5, 15, 2] => QQFieldElem[0, 0, 0, 0, 0, 0, 0, 0, 0, 0, -1//20, 0, 0, 0, 0, 0, 0, 0, 0, 0],
	[6, 5, 6, 5, 12, 2] => QQFieldElem[0, 0, 0, 0, 0, 0, 0, 0, 0, 0, -1//20, 0, 0, 0, 0, 0, 0, 0, 0, 0],
	[6, 5, 6, 5, 14, 4] => QQFieldElem[0, 0, 0, 0, 0, -1//10, 0, 0, 0, 0, -1//10, 0, 0, 0, 0, -1//10, 0, 0, 0, 0],
	[6, 5, 6, 5, 7, 8] => QQFieldElem[0, 0, 0, 0, 0, 0, 1//5, 0, 0, 0, 0, 0, 0, 0, 1//5, 0, 0, 0, 0, 0],
	[6, 5, 6, 5, 12, 16] => QQFieldElem[0, 0, 0, 0, 0, 0, 0, 0, 0, 0, 0, 0, -1//5, 0, 0, -1//5, 0, 0, 0, 0],
	[6, 5, 6, 5, 16, 13] => QQFieldElem[1//5, 0, 0, 0, 0, 1//5, 0, 0, 0, 0, 1//5, 0, -1//5, 0, 0, 1//5, 0, 0, 0, 0],
	[6, 5, 6, 5, 16, 4] => QQFieldElem[0, 0, 0, 0, 0, -1//10, 0, 0, 0, 0, -1//10, 0, 0, 0, 0, -1//10, 0, 0, 0, 0],
	[6, 5, 6, 5, 15, 16] => QQFieldElem[0, 0, 0, 0, 0, 0, 0, 0, 0, 0, -1//5, 0, 0, 0, 0, 0, 0, -1//5, 0, 0],
	[6, 5, 6, 5, 9, 2] => QQFieldElem[-1//20, 0, 0, 0, 0, -1//20, 0, 0, 0, 0, -1//20, 0, 0, 0, 0, -1//20, 0, 0, 0, 0],
	[6, 5, 6, 5, 9, 10] => QQFieldElem[0, 0, 0, 0, 0, 0, 1//5, 0, 0, 0, 0, 0, 0, 0, 1//5, 0, 0, 0, 0, 0],
	[6, 5, 6, 5, 3, 12] => QQFieldElem[0, -1//5, 0, 0, 0, 0, -3//5, 0, 0, 0, 0, -3//5, 0, 0, 0, 0, -1//5, 0, 0, 0],
	[6, 5, 6, 5, 7, 14] => QQFieldElem[0, 0, 0, 0, 1//5, 0, 0, 0, 0, 0, 0, 0, 0, 1//5, 0, 0, 0, 0, 0, 0],
	[6, 5, 6, 5, 7, 3] => QQFieldElem[3//10, 0, 0, 0, 0, 1//10, 0, 0, 0, 0, 1//10, 0, 0, 0, 0, 3//10, 0, 0, 0, 0],
	[6, 5, 6, 5, 13, 12] => QQFieldElem[0, 0, -1//5, 0, 0, 0, 0, 0, 0, 0, 0, 0, 0, 0, 0, -1//5, 0, 0, 0, 0],
	[6, 5, 6, 5, 4, 12] => QQFieldElem[0, -3//5, 0, 0, 0, 0, -1//5, 0, 0, 0, 0, -1//5, 0, 0, 0, 0, -3//5, 0, 0, 0],
	[6, 5, 6, 5, 14, 12] => QQFieldElem[0, 0, 0, 0, 0, -1//5, 0, 0, 0, 0, 0, 0, -1//5, 0, 0, 0, 0, 0, 0, 0],
	[6, 5, 6, 5, 3, 11] => QQFieldElem[0, 0, 0, 0, 0, 0, 0, 0, 0, 0, 1//5, 0, 0, 0, 0, 1//5, 0, 0, 0, 0],
	[6, 5, 6, 5, 9, 16] => QQFieldElem[0, 0, 0, -1//5, -1//5, 0, 0, 0, -1//5, -1//5, 0, 0, 0, -1//5, -1//5, 0, 0, 0, -1//5, -1//5],
	[6, 5, 6, 5, 12, 9] => QQFieldElem[0, 0, 0, 0, 0, 0, 0, -1//5, 0, 0, 0, 0, 0, 0, 0, 0, 0, 0, -1//5, 0],
	[6, 5, 6, 5, 13, 11] => QQFieldElem[0, 0, 0, 0, 0, 0, 0, 0, -1//5, 0, 0, 0, 0, 0, 0, 0, 0, -1//5, 0, 0],
	[6, 5, 6, 5, 4, 11] => QQFieldElem[-1//5, 0, 0, 0, 0, 0, 0, 0, 0, 0, -1//5, 0, 0, 0, 0, -1//5, 0, 0, 0, 0],
	[6, 5, 6, 5, 14, 11] => QQFieldElem[0, 0, 0, 0, 0, 0, 0, 0, 0, 0, 0, 0, -1//5, -1//5, 0, 0, 0, 0, 0, 0],
	[6, 5, 6, 5, 16, 12] => QQFieldElem[0, 0, 0, 0, 0, 0, 0, -1//5, 0, 0, -1//5, 0, 0, 0, 0, 0, 0, 0, 0, 0],
	[6, 5, 6, 5, 15, 9] => QQFieldElem[0, 0, 0, 0, 0, 0, 0, 0, -1//5, 0, 0, 0, 0, 0, 0, 0, 0, -1//5, 0, 0],
	[6, 5, 6, 5, 7, 15] => QQFieldElem[0, 0, 0, 1//5, 1//5, 0, 0, 0, 0, 0, 0, 0, 0, 0, 0, 0, 0, 0, 0, 0],
	[6, 5, 6, 5, 3, 7] => QQFieldElem[0, 0, 0, 0, 0, 0, 0, 0, 0, 0, 1//5, 0, 0, 0, 0, 1//5, 0, 0, 0, 0],
	[6, 5, 6, 5, 16, 11] => QQFieldElem[0, 0, -1//5, 1//5, 0, 0, 0, 0, 1//5, 0, 0, 0, 0, 1//5, 0, 0, 0, 0, 1//5, 0],
	[6, 5, 6, 5, 11, 8] => QQFieldElem[0, 0, 0, 0, 1//5, 0, 0, 0, 0, 0, 0, 0, 0, 0, 0, 0, 1//5, 0, 0, 0],
	[6, 5, 6, 5, 4, 7] => QQFieldElem[-1//5, 0, 0, 0, 0, 0, 0, 0, 0, 0, -1//5, 0, 0, 0, 0, -1//5, 0, 0, 0, 0],
	[6, 5, 6, 5, 8, 4] => QQFieldElem[1//10, 0, 0, 0, 0, 3//10, 0, 0, 0, 0, 3//10, 0, 0, 0, 0, 1//10, 0, 0, 0, 0],
	[6, 5, 6, 5, 14, 7] => QQFieldElem[0, 0, 0, 0, 0, 0, 0, 0, -1//5, 0, 0, 0, 0, 0, 0, 0, 0, -1//5, 0, 0],
	[6, 5, 6, 5, 10, 13] => QQFieldElem[0, 0, 0, 0, 0, 0, 0, 0, 1//5, 0, 0, 0, 0, 0, 0, 0, 0, 0, 0, 1//5],
	[6, 5, 6, 5, 10, 4] => QQFieldElem[1//10, 0, 0, 0, 0, 3//10, 0, 0, 0, 0, 3//10, 0, 0, 0, 0, 1//10, 0, 0, 0, 0],
	[6, 5, 6, 5, 2, 13] => QQFieldElem[0, 0, 0, 0, 0, 0, 0, 0, 0, 0, 0, 0, 0, 0, 0, 0, -4//5, 0, 0, 0],
	[6, 5, 6, 5, 2, 4] => QQFieldElem[0, 0, 0, 0, 0, -2//5, 0, 0, 0, 0, -4//5, 0, 0, 0, 0, -2//5, 0, 0, 0, 0],
	[6, 5, 6, 5, 9, 9] => QQFieldElem[0, 0, 0, 0, 1//5, 0, 0, 0, 0, 0, 0, 0, 0, 0, 0, 0, 1//5, 0, 0, 0],
	[6, 5, 6, 5, 8, 13] => QQFieldElem[0, 0, 0, 0, 0, 0, 0, 0, 0, 0, 0, 0, 0, 1//5, 1//5, 0, 0, 0, 0, 0],
	[6, 5, 6, 5, 13, 7] => QQFieldElem[0, 0, 1//5, -1//5, 0, 0, 0, 1//5, 0, 0, 0, 0, 1//5, 0, 0, 0, 0, 1//5, 0, 0],
	[6, 5, 6, 5, 3, 2] => QQFieldElem[0, 0, 0, 0, 0, -1//20, 0, 0, 0, 0, -1//10, 0, 0, 0, 0, -1//20, 0, 0, 0, 0],
	[6, 5, 6, 5, 3, 10] => QQFieldElem[0, 0, 0, 0, 0, 0, 0, 0, 0, 0, 1//5, 0, 0, 0, 0, 1//5, 0, 0, 0, 0],
	[6, 5, 6, 5, 11, 14] => QQFieldElem[0, 0, 0, 0, 0, 0, 0, 0, 1//5, 1//5, 0, 0, 0, 0, 0, 0, 0, 0, 0, 0],
	[6, 5, 6, 5, 16, 7] => QQFieldElem[0, 0, 0, 0, 0, 0, 0, -1//5, 0, 0, 0, 0, 0, 0, 0, 0, 0, 0, -1//5, 0],
	[6, 5, 6, 5, 13, 2] => QQFieldElem[0, 0, 0, 0, 0, 0, 0, 0, 0, 0, -1//20, 0, 0, 0, 0, 0, 0, 0, 0, 0],
	[6, 5, 6, 5, 4, 2] => QQFieldElem[0, 0, 0, 0, 0, 1//20, 0, 0, 0, 0, -1//20, 0, 0, 0, 0, 1//20, 0, 0, 0, 0],
	[6, 5, 6, 5, 13, 10] => QQFieldElem[0, 0, 0, 0, 0, 0, 0, -1//5, 0, 0, 0, 0, 0, 0, 0, 0, 0, 0, -1//5, 0],
	[6, 5, 6, 5, 14, 10] => QQFieldElem[0, 0, -1//5, 1//5, 0, 0, 0, 0, 1//5, 0, 0, 0, 0, 1//5, 0, 0, 0, 0, 1//5, 0],
	[6, 5, 6, 5, 14, 2] => QQFieldElem[0, 0, 0, 0, 0, 0, 0, 0, 0, 0, -1//20, 0, 0, 0, 0, 0, 0, 0, 0, 0],
	[6, 5, 6, 5, 4, 10] => QQFieldElem[-1//5, 0, 0, 0, 0, 0, 0, 0, 0, 0, -1//5, 0, 0, 0, 0, -1//5, 0, 0, 0, 0],
	[6, 5, 6, 5, 11, 3] => QQFieldElem[3//10, 0, 0, 0, 0, 1//10, 0, 0, 0, 0, 1//10, 0, 0, 0, 0, 3//10, 0, 0, 0, 0],
	[6, 5, 6, 5, 8, 12] => QQFieldElem[0, 0, 0, -1//5, 0, 0, 0, 0, -1//5, 0, 0, 0, 0, -1//5, 1//5, 0, 0, 0, -1//5, 0],
	[6, 5, 6, 5, 10, 12] => QQFieldElem[0, 0, 0, 0, 0, 0, 0, 0, 0, 0, 0, 0, 0, 0, 0, 0, 0, 0, 1//5, 1//5],
	[6, 5, 6, 5, 3, 16] => QQFieldElem[0, 1//5, 0, 0, 0, 0, 0, 0, 0, 0, 0, -2//5, 0, 0, 0, 0, -2//5, 0, 0, 0],
	[6, 5, 6, 5, 2, 12] => QQFieldElem[0, 4//5, 0, 0, 0, 0, 4//5, 0, 0, 0, 0, 4//5, 0, 0, 0, 0, 4//5, 0, 0, 0],
	[6, 5, 6, 5, 16, 2] => QQFieldElem[0, 0, 0, 0, 0, 0, 0, 0, 0, 0, -1//20, 0, 0, 0, 0, 0, 0, 0, 0, 0],
	[6, 5, 6, 5, 13, 16] => QQFieldElem[0, 0, 1//5, 0, 0, -1//5, 0, 1//5, 0, 0, 0, 0, 1//5, 0, 0, 0, 0, 1//5, 0, 0],
	[6, 5, 6, 5, 4, 16] => QQFieldElem[0, 3//5, 0, 0, 0, 0, 0, 0, 0, 0, 0, 2//5, 0, 0, 0, 0, 2//5, 0, 0, 0],
	[6, 5, 6, 5, 16, 10] => QQFieldElem[0, 0, 0, 0, 0, 0, 0, 0, -1//5, 0, 0, 0, 0, 0, 0, 0, 0, -1//5, 0, 0],
	[6, 5, 6, 5, 14, 16] => QQFieldElem[1//5, 0, 0, 0, 0, 1//5, 0, -1//5, 0, 0, 1//5, 0, 0, 0, 0, 1//5, 0, 0, 0, 0],
	[6, 5, 6, 5, 12, 8] => QQFieldElem[0, 0, 0, 0, 0, 0, 0, 0, -1//5, 0, 0, 0, 0, 0, 0, 0, 0, -1//5, 0, 0],
	[6, 5, 6, 5, 8, 11] => QQFieldElem[0, 0, 0, 0, 1//5, 0, 0, 0, 0, 0, 0, 0, 0, 0, 0, 0, 1//5, 0, 0, 0],
	[6, 5, 6, 5, 10, 11] => QQFieldElem[0, 1//5, 0, 0, 0, 0, 0, 0, 0, 0, 0, 0, 0, 0, 0, 0, 0, 0, 0, 1//5],
	[6, 5, 6, 5, 15, 8] => QQFieldElem[0, 0, -1//5, 1//5, 0, 0, 0, 0, 1//5, 0, 0, 0, 0, 1//5, 0, 0, 0, 0, 1//5, 0],
	[6, 5, 6, 5, 11, 15] => QQFieldElem[0, 0, 0, -1//5, 0, 0, 0, 0, -1//5, 1//5, 0, 0, 0, -1//5, 0, 0, 0, 0, -1//5, 0],
	[6, 5, 6, 5, 2, 11] => QQFieldElem[-4//5, 0, 0, 0, 0, 0, 0, 0, 0, 0, 0, 0, 0, 0, 0, 0, 0, 0, 0, 0],
	[6, 5, 6, 5, 16, 16] => QQFieldElem[-1//5, 0, -1//5, 0, 0, 0, 0, 0, 0, 0, 0, 0, 0, 0, 0, 0, 0, 0, 0, 0],
	[6, 5, 6, 5, 3, 9] => QQFieldElem[0, 0, 0, 0, 0, 0, 0, 0, 0, 0, 1//5, 0, 0, 0, 0, 1//5, 0, 0, 0, 0],
	[6, 5, 6, 5, 8, 7] => QQFieldElem[0, 0, 0, 0, 0, 0, 1//5, 0, 0, 0, 0, 0, 0, 0, 1//5, 0, 0, 0, 0, 0],
	[6, 5, 6, 5, 12, 14] => QQFieldElem[1//5, 0, -1//5, 0, 0, 1//5, 0, 0, 0, 0, 1//5, 0, 0, 0, 0, 1//5, 0, 0, 0, 0],
	[6, 5, 6, 5, 13, 9] => QQFieldElem[0, 0, -1//5, 1//5, 0, 0, 0, 0, 1//5, 0, 0, 0, 0, 1//5, 0, 0, 0, 0, 1//5, 0],
	[6, 5, 6, 5, 4, 9] => QQFieldElem[-1//5, 0, 0, 0, 0, 0, 0, 0, 0, 0, -1//5, 0, 0, 0, 0, -1//5, 0, 0, 0, 0],
	[6, 5, 6, 5, 9, 8] => QQFieldElem[0, -1//5, 0, 0, -1//5, 0, -1//5, 0, 0, -1//5, 0, -1//5, 0, 0, -1//5, 0, -1//5, 0, 0, -1//5],
	[6, 5, 6, 5, 14, 9] => QQFieldElem[0, 0, 1//5, -1//5, 0, 0, 0, 1//5, 0, 0, 0, 0, 1//5, 0, 0, 0, 0, 1//5, 0, 0],
	[6, 5, 6, 5, 15, 3] => QQFieldElem[0, 0, 0, 0, 0, 1//10, 0, 0, 0, 0, 0, 0, 0, 0, 0, 1//10, 0, 0, 0, 0],
	[6, 5, 6, 5, 7, 13] => QQFieldElem[0, 0, 0, -1//5, 1//5, 0, 0, 0, -1//5, 0, 0, 0, 0, -1//5, 0, 0, 0, 0, -1//5, 0],
	[6, 5, 6, 5, 12, 3] => QQFieldElem[0, 0, 0, 0, 0, 1//10, 0, 0, 0, 0, 0, 0, 0, 0, 0, 1//10, 0, 0, 0, 0],
	[6, 5, 6, 5, 7, 4] => QQFieldElem[1//10, 0, 0, 0, 0, 3//10, 0, 0, 0, 0, 3//10, 0, 0, 0, 0, 1//10, 0, 0, 0, 0],
	[6, 5, 6, 5, 2, 7] => QQFieldElem[-4//5, 0, 0, 0, 0, 0, 0, 0, 0, 0, 0, 0, 0, 0, 0, 0, 0, 0, 0, 0],
	[6, 5, 6, 5, 10, 7] => QQFieldElem[0, 0, 0, 0, 1//5, 0, 0, 0, 0, 0, 0, 0, 0, 0, 0, 0, 1//5, 0, 0, 0],
	[6, 5, 6, 5, 15, 14] => QQFieldElem[0, 0, 0, 0, 0, 0, 0, -1//5, 0, 0, 0, 0, 0, 0, 0, -1//5, 0, 0, 0, 0],
	[6, 5, 6, 5, 16, 9] => QQFieldElem[0, 0, 0, 0, 0, 0, 0, 0, 0, 0, 0, 0, -1//5, -1//5, 0, 0, 0, 0, 0, 0],
	[6, 5, 6, 5, 8, 2] => QQFieldElem[-1//20, 0, 0, 0, 0, -1//20, 0, 0, 0, 0, -1//20, 0, 0, 0, 0, -1//20, 0, 0, 0, 0],
	[6, 5, 6, 5, 8, 10] => QQFieldElem[0, 0, 0, 0, 0, 0, 0, 0, 0, 1//5, 0, 1//5, 0, 0, 0, 0, 0, 0, 0, 0],
	[6, 5, 6, 5, 10, 2] => QQFieldElem[-1//20, 0, 0, 0, 0, -1//20, 0, 0, 0, 0, -1//20, 0, 0, 0, 0, -1//20, 0, 0, 0, 0],
	[6, 5, 6, 5, 9, 14] => QQFieldElem[0, 0, 0, 0, -1//5, 0, 0, 0, 0, -1//5, 0, 0, 0, 0, -1//5, 0, 0, 0, 1//5, -1//5],
	[6, 5, 6, 5, 10, 10] => QQFieldElem[0, -1//5, 0, 0, -1//5, 0, -1//5, 0, 0, -1//5, 0, -1//5, 0, 0, -1//5, 0, -1//5, 0, 0, -1//5],
	[6, 5, 6, 5, 2, 2] => QQFieldElem[0, 0, 0, 0, 0, 0, 0, 0, 0, 0, -1//10, 0, 0, 0, 0, 0, 0, 0, 0, 0],
	[6, 5, 6, 5, 2, 10] => QQFieldElem[-4//5, 0, 0, 0, 0, 0, 0, 0, 0, 0, 0, 0, 0, 0, 0, 0, 0, 0, 0, 0],
	[6, 5, 6, 5, 12, 15] => QQFieldElem[0, 0, 0, 0, 0, -1//5, 0, -1//5, 0, 0, 0, 0, 0, 0, 0, 0, 0, 0, 0, 0],
	[6, 5, 6, 5, 9, 3] => QQFieldElem[3//10, 0, 0, 0, 0, 1//10, 0, 0, 0, 0, 1//10, 0, 0, 0, 0, 3//10, 0, 0, 0, 0],
	[6, 5, 6, 5, 15, 15] => QQFieldElem[-1//5, 0, 0, 0, 0, 0, 0, 0, 0, 0, 0, 0, -1//5, 0, 0, 0, 0, 0, 0, 0],
	[6, 5, 6, 5, 7, 12] => QQFieldElem[0, 0, 0, 0, 1//5, 0, 0, 0, 1//5, 0, 0, 0, 0, 0, 0, 0, 0, 0, 0, 0],
	[6, 5, 6, 5, 8, 16] => QQFieldElem[0, 0, 0, 0, 0, 0, 0, 0, 1//5, 0, 0, 0, 0, 0, 1//5, 0, 0, 0, 0, 0],
	[6, 5, 6, 5, 10, 16] => QQFieldElem[0, 0, 0, 1//5, 0, 0, 0, 0, 0, 0, 0, 0, 0, 0, 0, 0, 0, 0, 0, 1//5],
	[6, 5, 6, 5, 2, 16] => QQFieldElem[0, -4//5, 0, 0, 0, 0, 0, 0, 0, 0, 0, 0, 0, 0, 0, 0, 0, 0, 0, 0],
	[6, 5, 6, 5, 7, 11] => QQFieldElem[0, -1//5, 0, 0, -1//5, 0, -1//5, 0, 0, -1//5, 0, -1//5, 0, 0, -1//5, 0, -1//5, 0, 0, -1//5],
	[6, 5, 6, 5, 9, 15] => QQFieldElem[0, 0, 0, 0, -1//5, 0, 0, 0, 1//5, -1//5, 0, 0, 0, 0, -1//5, 0, 0, 0, 0, -1//5],
	[6, 5, 6, 5, 3, 8] => QQFieldElem[0, 0, 0, 0, 0, 0, 0, 0, 0, 0, 1//5, 0, 0, 0, 0, 1//5, 0, 0, 0, 0],
	[6, 5, 6, 5, 11, 13] => QQFieldElem[0, 0, 0, 0, 0, 0, 0, 0, 0, 1//5, 0, 0, 0, 0, 0, 0, 0, 0, 1//5, 0],
	[6, 5, 6, 5, 11, 4] => QQFieldElem[1//10, 0, 0, 0, 0, 3//10, 0, 0, 0, 0, 3//10, 0, 0, 0, 0, 1//10, 0, 0, 0, 0],
	[6, 5, 6, 5, 8, 9] => QQFieldElem[0, -1//5, 0, 0, -1//5, 0, -1//5, 0, 0, -1//5, 0, -1//5, 0, 0, -1//5, 0, -1//5, 0, 0, -1//5],
	[6, 5, 6, 5, 10, 9] => QQFieldElem[0, 0, 0, 0, 0, 0, 1//5, 0, 0, 0, 0, 0, 0, 0, 1//5, 0, 0, 0, 0, 0],
	[6, 5, 6, 5, 13, 8] => QQFieldElem[0, 0, 0, 0, 0, 0, 0, 0, 0, 0, 0, 0, -1//5, -1//5, 0, 0, 0, 0, 0, 0],
	[6, 5, 6, 5, 7, 7] => QQFieldElem[0, 0, 0, 0, 0, 0, 0, 0, 0, 1//5, 0, 1//5, 0, 0, 0, 0, 0, 0, 0, 0],
	[6, 5, 6, 5, 14, 8] => QQFieldElem[0, 0, 0, 0, 0, 0, 0, -1//5, 0, 0, 0, 0, 0, 0, 0, 0, 0, 0, -1//5, 0],
	[6, 5, 6, 5, 4, 8] => QQFieldElem[-1//5, 0, 0, 0, 0, 0, 0, 0, 0, 0, -1//5, 0, 0, 0, 0, -1//5, 0, 0, 0, 0],
	[6, 5, 6, 5, 2, 9] => QQFieldElem[-4//5, 0, 0, 0, 0, 0, 0, 0, 0, 0, 0, 0, 0, 0, 0, 0, 0, 0, 0, 0],
	[6, 5, 6, 5, 3, 14] => QQFieldElem[0, 0, 0, 0, 0, 0, 2//5, 0, 0, 0, 0, 3//5, 0, 0, 0, 0, 2//5, 0, 0, 0],
	[6, 5, 6, 5, 16, 8] => QQFieldElem[0, 0, 1//5, -1//5, 0, 0, 0, 1//5, 0, 0, 0, 0, 1//5, 0, 0, 0, 0, 1//5, 0, 0],
	[6, 5, 6, 5, 3, 3] => QQFieldElem[0, 0, 0, 0, 0, 0, 0, 0, 0, 0, -1//5, 0, 0, 0, 0, 0, 0, 0, 0, 0],
	[6, 5, 6, 5, 13, 14] => QQFieldElem[0, 0, 0, 0, 0, 0, 0, 0, 0, 0, -1//5, 0, -1//5, 0, 0, 0, 0, 0, 0, 0],
	[6, 5, 6, 5, 4, 14] => QQFieldElem[0, 0, 0, 0, 0, 0, -2//5, 0, 0, 0, 0, 1//5, 0, 0, 0, 0, -2//5, 0, 0, 0],
	[6, 5, 6, 5, 13, 3] => QQFieldElem[0, 0, 0, 0, 0, 1//10, 0, 0, 0, 0, 0, 0, 0, 0, 0, 1//10, 0, 0, 0, 0],
	[6, 5, 6, 5, 4, 3] => QQFieldElem[0, 0, 0, 0, 0, 3//5, 0, 0, 0, 0, -2//5, 0, 0, 0, 0, 3//5, 0, 0, 0, 0],
	[6, 5, 6, 5, 11, 12] => QQFieldElem[0, 0, 0, 1//5, 0, 0, 0, 0, 0, 1//5, 0, 0, 0, 0, 0, 0, 0, 0, 0, 0],
	[6, 5, 6, 5, 14, 3] => QQFieldElem[0, 0, 0, 0, 0, 1//10, 0, 0, 0, 0, 0, 0, 0, 0, 0, 1//10, 0, 0, 0, 0],
	[6, 5, 6, 5, 7, 2] => QQFieldElem[-1//20, 0, 0, 0, 0, -1//20, 0, 0, 0, 0, -1//20, 0, 0, 0, 0, -1//20, 0, 0, 0, 0],
	[6, 5, 6, 5, 7, 10] => QQFieldElem[0, 0, 0, 0, 1//5, 0, 0, 0, 0, 0, 0, 0, 0, 0, 0, 0, 1//5, 0, 0, 0],
	[6, 5, 6, 5, 14, 14] => QQFieldElem[-1//5, 0, 1//5, 0, 0, 0, 0, 1//5, 0, 0, 0, 0, 1//5, 0, 0, 0, 0, 1//5, 0, 0],
	[6, 5, 6, 5, 16, 14] => QQFieldElem[0, 0, 0, 0, 0, -1//5, 0, 0, 0, 0, 0, 0, 0, 0, 0, 0, 0, -1//5, 0, 0],
	[6, 5, 6, 5, 16, 3] => QQFieldElem[0, 0, 0, 0, 0, 1//10, 0, 0, 0, 0, 0, 0, 0, 0, 0, 1//10, 0, 0, 0, 0],
	[6, 5, 6, 5, 11, 11] => QQFieldElem[0, 0, 0, 0, 0, 0, 1//5, 0, 0, 0, 0, 0, 0, 0, 1//5, 0, 0, 0, 0, 0],
	[6, 5, 6, 5, 12, 4] => QQFieldElem[0, 0, 0, 0, 0, -1//10, 0, 0, 0, 0, -1//10, 0, 0, 0, 0, -1//10, 0, 0, 0, 0],
	[6, 5, 6, 5, 7, 16] => QQFieldElem[0, 0, 0, 0, 1//5, 0, 0, 0, 0, 0, 0, 0, 0, 0, 0, 0, 0, 0, 1//5, 0],
	[6, 5, 6, 5, 15, 4] => QQFieldElem[0, 0, 0, 0, 0, -1//10, 0, 0, 0, 0, -1//10, 0, 0, 0, 0, -1//10, 0, 0, 0, 0],
	[6, 5, 6, 5, 3, 15] => QQFieldElem[0, 2//5, 0, 0, 0, 0, 3//5, 0, 0, 0, 0, 2//5, 0, 0, 0, 0, 0, 0, 0, 0])