Dict(
	[12, 15, 15, 13, 22, 25] => QQFieldElem[-98//253, -185//253, -239//253, -194//253, -358//253, -390//253, -532//253, -498//253, -189//253, -67//253],
	[12, 15, 15, 13, 4, 24] => QQFieldElem[-1, 0, 2, 4, 6, 7, 7, 6, 4, 2],
	[12, 15, 15, 13, 14, 24] => QQFieldElem[4, 4, 4, 0, -1, -2, -1, -1, -2, -1],
	[12, 15, 15, 13, 2, 14] => QQFieldElem[1, 0, 0, 2, 0, 0, 2, 0, 0, 1],
	[12, 15, 15, 13, 24, 14] => QQFieldElem[-39, 2, -37, -3, -29, -13, -18, -25, -7, -34],
	[12, 15, 15, 13, 22, 4] => QQFieldElem[4, 1, 4, 2, 4, 3, 2, 3, 0, 3],
	[12, 15, 15, 13, 22, 15] => QQFieldElem[-1, 1, 1, 3, 3, 3, 2, 1, 1, 0],
	[12, 15, 15, 13, 12, 14] => QQFieldElem[-2, -1, -2, 0, -3, -1, -2, -3, 0, -3],
	[12, 15, 15, 13, 4, 14] => QQFieldElem[0, -1, 0, -1, -1, -1, -1, 0, -1, 0],
	[12, 15, 15, 13, 24, 25] => QQFieldElem[-89//253, -563//253, -674//253, -961//253, -1017//253, -1139//253, -953//253, -602//253, -262//253, 45//253],
	[12, 15, 15, 13, 14, 14] => QQFieldElem[4, 0, 4, 1, 4, 3, 3, 4, 1, 4],
	[12, 15, 15, 13, 2, 25] => QQFieldElem[118//253, 104//253, -53//253, -639//253, -741//253, -656//253, -1022//253, -717//253, -170//253, -162//253],
	[12, 15, 15, 13, 12, 25] => QQFieldElem[-234//253, -292//253, -328//253, -298//253, -70//253, 246//253, 573//253, 680//253, 380//253, 124//253],
	[12, 15, 15, 13, 22, 5] => QQFieldElem[227//11, 6//11, 195//11, 46//11, 142//11, 109//11, 79//11, 173//11, 28//11, 216//11],
	[12, 15, 15, 13, 4, 25] => QQFieldElem[-225//253, -164//253, 502//253, 1212//253, 1548//253, 1774//253, 1923//253, 1588//253, 813//253, 236//253],
	[12, 15, 15, 13, 14, 25] => QQFieldElem[435//253, 452//253, 227//253, -218//253, -564//253, -866//253, -1036//253, -1063//253, -914//253, -490//253],
	[12, 15, 15, 13, 2, 4] => QQFieldElem[1, 2, 4, 5, 5, 4, 2, 1, 0, -1],
	[12, 15, 15, 13, 24, 4] => QQFieldElem[-3, 3, 0, 3, 0, -1, -2, -5, -2, -6],
	[12, 15, 15, 13, 2, 15] => QQFieldElem[0, 3, 8, 11, 13, 13, 11, 8, 3, 0],
	[12, 15, 15, 13, 24, 15] => QQFieldElem[4, 4, 9, 9, 10, 7, 5, 3, 0, 1],
	[12, 15, 15, 13, 12, 4] => QQFieldElem[-2, -1, -4, -5, -7, -8, -7, -6, -3, -3],
	[12, 15, 15, 13, 12, 15] => QQFieldElem[5, 6, 1, -7, -15, -22, -24, -22, -17, -8],
	[12, 15, 15, 13, 22, 24] => QQFieldElem[-1, 4, 1, 2, -3, -1, 0, 2, 2, -1],
	[12, 15, 15, 13, 4, 4] => QQFieldElem[-3, -7, -11, -13, -13, -11, -7, -3, 0, 1],
	[12, 15, 15, 13, 4, 15] => QQFieldElem[-2, -8, -17, -25, -29, -29, -25, -17, -8, -2],
	[12, 15, 15, 13, 14, 4] => QQFieldElem[4, 4, 10, 12, 15, 15, 12, 10, 4, 4],
	[12, 15, 15, 13, 14, 15] => QQFieldElem[-4, 0, 10, 24, 37, 45, 45, 37, 24, 10],
	[12, 15, 15, 13, 2, 5] => QQFieldElem[-3//11, -8//11, -15//11, -13//11, -13//11, -15//11, -8//11, -3//11, 0, 1//11],
	[12, 15, 15, 13, 24, 5] => QQFieldElem[-521//11, -3, -461//11, -133//11, -336//11, -267//11, -179//11, -402//11, -56//11, -494//11],
	[12, 15, 15, 13, 12, 5] => QQFieldElem[-115//11, -6//11, -91//11, -18//11, -51//11, -47//11, -17//11, -82//11, 0, -112//11],
	[12, 15, 15, 13, 22, 14] => QQFieldElem[29, -1, 28, 2, 22, 10, 14, 18, 6, 25],
	[12, 15, 15, 13, 4, 5] => QQFieldElem[-5//11, 16//11, 19//11, 26//11, 26//11, 19//11, 16//11, -5//11, 0, -13//11],
	[12, 15, 15, 13, 2, 24] => QQFieldElem[1, 0, -1, -2, -3, -2, -2, -3, -2, -1],
	[12, 15, 15, 13, 14, 5] => QQFieldElem[315//11, 17//11, 250//11, 68//11, 153//11, 153//11, 68//11, 250//11, 17//11, 315//11],
	[12, 15, 15, 13, 24, 24] => QQFieldElem[2, -4, -1, -5, -1, -4, -3, -3, -2, 2],
	[12, 15, 15, 13, 12, 24] => QQFieldElem[-3, -5, -6, -3, -1, 0, -2, -3, -2, -1])