Dict(
	[12, 14, 18, 18, 7, 25] => QQFieldElem[135//23, 655//23, 968//23, 696//23, 164//23, -7//23, 372//23, 879//23, 908//23, 18],
	[12, 14, 18, 18, 9, 5] => QQFieldElem[-1, -1, -1, -1, 0, 1, 2, 3, 2, 1],
	[12, 14, 18, 18, 17, 25] => QQFieldElem[204//23, 376//23, 312//23, 100//23, -14//23, 88//23, 296//23, 377//23, 223//23, 11//23],
	[12, 14, 18, 18, 22, 13] => QQFieldElem[-6, -1, 1, 6, 0, -3, -5, 0, 5, 3],
	[12, 14, 18, 18, 22, 15] => QQFieldElem[-390//199, -385//199, 41//199, 357//199, 256//199, -230//199, -484//199, -195//199, 309//199, 425//199],
	[12, 14, 18, 18, 24, 3] => QQFieldElem[0, -1, 3, 4, 2, -3, -7, -5, -2, 2],
	[12, 14, 18, 18, 19, 13] => QQFieldElem[-4, 1, 4, 5, 0, -2, -2, 2, 6, 1],
	[12, 14, 18, 18, 19, 15] => QQFieldElem[-416//199, -278//199, 256//199, 142//199, 21//199, -179//199, -503//199, -9//199, 250//199, -11//199],
	[12, 14, 18, 18, 7, 13] => QQFieldElem[6, 8, 3, -2, -2, 3, 8, 6, 0, -3],
	[12, 14, 18, 18, 24, 25] => QQFieldElem[95//23, 148//23, 128//23, 26//23, 1//23, 55//23, 137//23, 151//23, 3, -8//23],
	[12, 14, 18, 18, 9, 23] => QQFieldElem[0, -2, -3, -1, -1, -1, -1, -3, -2, 0],
	[12, 14, 18, 18, 7, 15] => QQFieldElem[5623//2189, 9013//2189, 6903//2189, 261//2189, -1552//2189, 2663//2189, 7362//2189, 9080//2189, 3736//2189, -2191//2189],
	[12, 14, 18, 18, 17, 13] => QQFieldElem[4, 0, -6, -8, -3, 3, 3, -3, -8, -6],
	[12, 14, 18, 18, 17, 15] => QQFieldElem[4936//2189, 4240//2189, -2165//2189, -6392//2189, -3238//2189, 3161//2189, 5842//2189, 1274//2189, -5362//2189, -5629//2189],
	[12, 14, 18, 18, 22, 5] => QQFieldElem[-4, -7, -3, 1, 2, -2, -6, -5, -1, 3],
	[12, 14, 18, 18, 19, 5] => QQFieldElem[-5, -3, -2, 1, 0, -4, -4, -5, 1, -1],
	[12, 14, 18, 18, 24, 13] => QQFieldElem[10, 0, 7, -1, 8, 5, 6, 3, -2, 4],
	[12, 14, 18, 18, 24, 15] => QQFieldElem[3926//2189, 2748//2189, 2758//2189, 227//2189, 1854//2189, 2249//2189, 1874//2189, -624//2189, -3628//2189, -2023//2189],
	[12, 14, 18, 18, 9, 3] => QQFieldElem[-2, -4, -4, -2, 0, 2, 3, 3, 3, 2],
	[12, 14, 18, 18, 7, 5] => QQFieldElem[6, 13, 13, 6, 0, 2, 10, 14, 10, 2],
	[12, 14, 18, 18, 17, 5] => QQFieldElem[5, 7, 3, -2, -2, 3, 7, 5, 0, -3],
	[12, 14, 18, 18, 22, 23] => QQFieldElem[8, 15, 10, 2, -3, 4, 12, 14, 6, -2],
	[12, 14, 18, 18, 9, 25] => QQFieldElem[8//23, 48//23, 28//23, 27//23, 6//23, -28//23, 19//23, 42//23, 36//23, 41//23],
	[12, 14, 18, 18, 19, 23] => QQFieldElem[5, 8, 3, -3, -3, 3, 7, 6, 0, -4],
	[12, 14, 18, 18, 7, 23] => QQFieldElem[-12, -35, -42, -24, -3, -3, -24, -42, -35, -12],
	[12, 14, 18, 18, 24, 5] => QQFieldElem[8, 4, 6, 1, 2, 3, 2, 4, -2, 3],
	[12, 14, 18, 18, 17, 23] => QQFieldElem[-9, -14, -9, 0, 3, -4, -13, -13, -4, 3],
	[12, 14, 18, 18, 9, 13] => QQFieldElem[0, 0, -2, -2, -2, -2, 0, 0, 0, 1],
	[12, 14, 18, 18, 22, 3] => QQFieldElem[6, 9, 4, -2, -3, 3, 9, 8, 2, -3],
	[12, 14, 18, 18, 9, 15] => QQFieldElem[1035//2189, 662//2189, -2780//2189, -205//2189, -710//2189, -951//2189, 3351//2189, 2010//2189, 2341//2189, 3717//2189],
	[12, 14, 18, 18, 19, 3] => QQFieldElem[4, 5, 0, -4, -3, 1, 4, 1, -3, -5],
	[12, 14, 18, 18, 24, 23] => QQFieldElem[-2, -7, 0, 1, 5, -2, -4, -4, 0, 4],
	[12, 14, 18, 18, 7, 3] => QQFieldElem[-8, -18, -18, -8, 0, -3, -14, -20, -14, -3],
	[12, 14, 18, 18, 22, 25] => QQFieldElem[-174//23, -361//23, -338//23, -136//23, 10//23, -74//23, -282//23, -379//23, -250//23, -40//23],
	[12, 14, 18, 18, 19, 25] => QQFieldElem[-122//23, -204//23, -132//23, -22//23, 14//23, -55//23, -179//23, -183//23, -72//23, 9//23],
	[12, 14, 18, 18, 17, 3] => QQFieldElem[-7, -9, -3, 4, 4, -3, -9, -7, 0, 4])