Dict(
	[13, 14, 10, 8, 18, 4] => QQFieldElem[-5, 0, -5, -1, -4, -2, -2, -4, -1, -5],
	[13, 14, 10, 8, 18, 15] => QQFieldElem[-65//529, 200//529, 259//529, 344//529, 323//529, 490//529, 623//529, 447//529, 310//529, 14//529],
	[13, 14, 10, 8, 8, 15] => QQFieldElem[499//529, 133//529, 323//529, -4//529, -502//529, -18//529, -567//529, -811//529, 21//529, -197//529],
	[13, 14, 10, 8, 20, 14] => QQFieldElem[2, 1, 4, 5, 7, 8, 7, 6, 3, 3],
	[13, 14, 10, 8, 10, 15] => QQFieldElem[33//529, -305//529, 15//529, 216//529, 129//529, 443//529, 465//529, 416//529, 453//529, 58//529],
	[13, 14, 10, 8, 10, 4] => QQFieldElem[-1, 1, -1, 0, 0, -1, 0, 0, -1, 0],
	[13, 14, 10, 8, 8, 4] => QQFieldElem[1, -4, 1, 0, -3, 2, -2, -2, 2, -3],
	[13, 14, 10, 8, 18, 5] => QQFieldElem[-1, 0, -1, 0, 0, 1, 1, 0, 0, -1],
	[13, 14, 10, 8, 8, 5] => QQFieldElem[0, -1, 0, 0, -1, -1, -2, -2, -1, -1],
	[13, 14, 10, 8, 10, 5] => QQFieldElem[0, 0, 0, 0, 0, 1, 1, 1, 1, 0],
	[13, 14, 10, 8, 20, 4] => QQFieldElem[10, -1, 9, 2, 6, 5, 4, 6, 3, 8],
	[13, 14, 10, 8, 20, 15] => QQFieldElem[146//529, -83//529, -126//529, -439//529, -343//529, -653//529, -732//529, -532//529, -737//529, -64//529],
	[13, 14, 10, 8, 20, 5] => QQFieldElem[2, 0, 2, 0, 1, -1, -1, 0, -1, 2],
	[13, 14, 10, 8, 18, 14] => QQFieldElem[-1, 0, -1, -1, -2, -2, -1, -1, 0, -1],
	[13, 14, 10, 8, 8, 14] => QQFieldElem[1, 0, 1, 2, 1, 3, 3, 1, 2, 1],
	[13, 14, 10, 8, 10, 14] => QQFieldElem[0, 0, -1, -3, -4, -5, -5, -4, -3, -1])