Dict(
	[14, 14, 17, 7, 20, 23] => QQFieldElem[50//23, 3//23, -57//23, -32//23, -11//23, 1, 42//23, -39//23, -53//23, -14//23],
	[14, 14, 17, 7, 20, 11] => QQFieldElem[-7, 2, -8, 0, -4, -4, -1, -5, -1, -5],
	[14, 14, 17, 7, 18, 13] => QQFieldElem[-3, 0, 1, 0, 1, -2, -2, 1, 0, 1],
	[14, 14, 17, 7, 8, 13] => QQFieldElem[-1, 0, 3, 4, 1, -1, -1, 1, 4, 3],
	[14, 14, 17, 7, 18, 21] => QQFieldElem[0, -1, 0, -2, -2, 0, -1, 0, 0, -2],
	[14, 14, 17, 7, 10, 13] => QQFieldElem[-1, -5, -8, -5, -1, 0, -3, -7, -7, -3],
	[14, 14, 17, 7, 8, 21] => QQFieldElem[1, 1, 0, -2, -2, 0, 1, 1, 0, -1],
	[14, 14, 17, 7, 10, 21] => QQFieldElem[-2, 0, 4, 5, 2, -1, -1, 2, 5, 4],
	[14, 14, 17, 7, 20, 13] => QQFieldElem[5, 4, 7, 5, 1, 2, 5, 5, 7, 3],
	[14, 14, 17, 7, 20, 21] => QQFieldElem[2, 1, -2, -1, 1, 1, 2, -1, -3, 0],
	[14, 14, 17, 7, 18, 23] => QQFieldElem[5//23, 17//23, 13//23, -40//23, -22//23, 3//23, 0, 1, -15//23, -42//23],
	[14, 14, 17, 7, 8, 23] => QQFieldElem[50//23, 72//23, 35//23, -32//23, -34//23, 1, 65//23, 53//23, -7//23, -37//23],
	[14, 14, 17, 7, 10, 23] => QQFieldElem[-43//23, -3//23, 84//23, 114//23, 51//23, -32//23, -41//23, 43//23, 117//23, 86//23],
	[14, 14, 17, 7, 18, 11] => QQFieldElem[0, -2, 1, -1, -1, 1, -2, 0, 0, -2],
	[14, 14, 17, 7, 8, 11] => QQFieldElem[0, 1, 0, 1, 1, 0, 1, 0, 0, 0],
	[14, 14, 17, 7, 10, 11] => QQFieldElem[1, 0, 1, 0, 1, 0, 0, 1, 0, 1])