Dict(
	[14, 13, 8, 10, 18, 4] => QQFieldElem[-5, 0, -5, -1, -4, -2, -2, -4, -1, -5],
	[14, 13, 8, 10, 8, 4] => QQFieldElem[5, 4, 1, 6, 2, 2, 6, 1, 4, 5],
	[14, 13, 8, 10, 8, 15] => QQFieldElem[366//529, -133//529, -330//529, -112//529, -944//529, -700//529, -151//529, -635//529, -137//529, 190//529],
	[14, 13, 8, 10, 20, 14] => QQFieldElem[1, -1, 2, 2, 5, 6, 7, 6, 4, 3],
	[14, 13, 8, 10, 10, 15] => QQFieldElem[338//529, 305//529, 363//529, 758//529, 721//529, 770//529, 748//529, 434//529, 521//529, 320//529],
	[14, 13, 8, 10, 18, 15] => QQFieldElem[-265//529, -200//529, -186//529, 110//529, 247//529, 423//529, 290//529, 123//529, 144//529, 59//529],
	[14, 13, 8, 10, 10, 4] => QQFieldElem[-2, -1, -1, -2, -1, -1, -2, -1, -1, -2],
	[14, 13, 8, 10, 18, 5] => QQFieldElem[-1, 0, -1, 0, 0, 1, 1, 0, 0, -1],
	[14, 13, 8, 10, 8, 5] => QQFieldElem[1, 1, 0, 0, -1, -1, 0, 0, 1, 1],
	[14, 13, 8, 10, 10, 5] => QQFieldElem[0, 0, 0, 1, 1, 1, 1, 0, 0, 0],
	[14, 13, 8, 10, 20, 4] => QQFieldElem[11, 1, 9, 4, 7, 5, 6, 7, 3, 10],
	[14, 13, 8, 10, 20, 15] => QQFieldElem[229//529, 83//529, 19//529, -654//529, -449//529, -649//529, -570//529, -260//529, -356//529, -43//529],
	[14, 13, 8, 10, 20, 5] => QQFieldElem[2, 0, 2, -1, 0, -1, -1, 1, 0, 2],
	[14, 13, 8, 10, 18, 14] => QQFieldElem[-1, 0, -1, 0, -1, -1, -2, -2, -1, -1],
	[14, 13, 8, 10, 8, 14] => QQFieldElem[1, 0, 1, 2, 1, 3, 3, 1, 2, 1],
	[14, 13, 8, 10, 10, 14] => QQFieldElem[0, 0, -1, -3, -4, -5, -5, -4, -3, -1])