Dict(
	[16, 21, 18, 23, 23, 16] => QQFieldElem[0, 0, 1, 0, 1, 0, 0, 1, 0, 1],
	[16, 21, 18, 23, 13, 21] => QQFieldElem[-1//11, 0, -30//11, -25//11, -18//11, 2//11, 2//11, -18//11, -25//11, -30//11],
	[16, 21, 18, 23, 8, 16] => QQFieldElem[4, 0, -7, -9, -4, 3, 3, -4, -9, -7],
	[16, 21, 18, 23, 18, 16] => QQFieldElem[-1, 0, 1, 0, -1, -2, -2, -1, 0, 1],
	[16, 21, 18, 23, 23, 6] => QQFieldElem[-8, 0, -7, -1, -6, -3, -3, -6, -1, -7],
	[16, 21, 18, 23, 23, 11] => QQFieldElem[3, 0, 2, 0, 2, 1, 1, 2, 0, 2],
	[16, 21, 18, 23, 13, 16] => QQFieldElem[-2, 0, -1, 1, -1, -1, -1, -1, 1, -1],
	[16, 21, 18, 23, 18, 6] => QQFieldElem[-2, 0, -1, 0, -1, 0, 0, -1, 0, -1],
	[16, 21, 18, 23, 8, 6] => QQFieldElem[2, 0, 1, -1, 1, 1, 1, 1, -1, 1],
	[16, 21, 18, 23, 18, 11] => QQFieldElem[0, 0, 1, 0, 0, 1, 1, 0, 0, 1],
	[16, 21, 18, 23, 8, 11] => QQFieldElem[-1, 0, 1, 2, 1, -1, -1, 1, 2, 1],
	[16, 21, 18, 23, 13, 6] => QQFieldElem[31, 0, 29, 5, 22, 13, 13, 22, 5, 29],
	[16, 21, 18, 23, 13, 11] => QQFieldElem[-6, 0, -10, -5, -7, -2, -2, -7, -5, -10],
	[16, 21, 18, 23, 23, 21] => QQFieldElem[2//11, 0, 5//11, -5//11, 3//11, 7//11, 7//11, 3//11, -5//11, 5//11],
	[16, 21, 18, 23, 18, 21] => QQFieldElem[5//11, 0, -4//11, -7//11, -9//11, -10//11, -10//11, -9//11, -7//11, -4//11],
	[16, 21, 18, 23, 8, 21] => QQFieldElem[-15//11, 0, 23//11, 32//11, 16//11, -14//11, -14//11, 16//11, 32//11, 23//11])