Dict(
	[17, 10, 15, 12, 18, 25] => QQFieldElem[2, 1, 4, 2, 2, 1, -1, -1, -1, -1],
	[17, 10, 15, 12, 16, 24] => QQFieldElem[-9, 0, -5, -2, -4, -6, -2, -6, 1, -8],
	[17, 10, 15, 12, 8, 25] => QQFieldElem[-1, -2, -1, 0, 2, 4, 5, 5, 4, 2],
	[17, 10, 15, 12, 18, 15] => QQFieldElem[663//67, -18//67, 673//67, 36//67, 509//67, 209//67, 331//67, 427//67, 128//67, 577//67],
	[17, 10, 15, 12, 8, 15] => QQFieldElem[-298//67, 9//67, -303//67, -18//67, -221//67, -71//67, -132//67, -180//67, -64//67, -255//67],
	[17, 10, 15, 12, 6, 24] => QQFieldElem[-1, -1, -3, -2, -1, 0, 0, -3, -2, -3],
	[17, 10, 15, 12, 16, 14] => QQFieldElem[-1, 1, 1, 1, 0, -1, 0, 1, 2, 0],
	[17, 10, 15, 12, 16, 25] => QQFieldElem[0, 1, -2, 1, 1, -1, 1, -1, -1, 2],
	[17, 10, 15, 12, 6, 14] => QQFieldElem[0, -2, -4, -5, -4, -3, -3, -3, -3, -1],
	[17, 10, 15, 12, 18, 24] => QQFieldElem[11, 0, 9, 4, 7, 7, 3, 9, 1, 12],
	[17, 10, 15, 12, 8, 24] => QQFieldElem[3, 1, 3, 1, 1, 1, 1, 3, 1, 3],
	[17, 10, 15, 12, 16, 15] => QQFieldElem[-179//67, 47//67, -86//67, 107//67, -97//67, -73//67, -64//67, -69//67, 105//67, -81//67],
	[17, 10, 15, 12, 6, 25] => QQFieldElem[0, 1, 2, -1, -2, -2, -3, -1, -1, -2],
	[17, 10, 15, 12, 18, 14] => QQFieldElem[1, -1, 0, 0, 0, -1, -2, -1, -1, 1],
	[17, 10, 15, 12, 8, 14] => QQFieldElem[0, 2, 3, 4, 4, 4, 4, 3, 2, 0],
	[17, 10, 15, 12, 6, 15] => QQFieldElem[2, 0, 0, -1, 0, 1, 1, 0, -1, 0])