Dict(
	[18, 18, 12, 14, 24, 23] => QQFieldElem[-2, -7, 0, 1, 5, -2, -4, -4, 0, 4],
	[18, 18, 12, 14, 7, 3] => QQFieldElem[1, 2, 2, 1, 0, 0, 1, 1, 1, 0],
	[18, 18, 12, 14, 22, 25] => QQFieldElem[-174//23, -361//23, -338//23, -136//23, 10//23, -74//23, -282//23, -379//23, -250//23, -40//23],
	[18, 18, 12, 14, 19, 25] => QQFieldElem[-122//23, -204//23, -132//23, -22//23, 14//23, -55//23, -179//23, -183//23, -72//23, 9//23],
	[18, 18, 12, 14, 17, 3] => QQFieldElem[-36, -46, -19, 14, 14, -19, -46, -36, 0, 19],
	[18, 18, 12, 14, 7, 25] => QQFieldElem[2//23, -26//23, -30//23, -35//23, -26//23, -15//23, -36//23, -27//23, -12//23, -21//23],
	[18, 18, 12, 14, 9, 5] => QQFieldElem[-1, -1, -1, -1, 0, 1, 2, 3, 2, 1],
	[18, 18, 12, 14, 17, 25] => QQFieldElem[204//23, 376//23, 312//23, 100//23, -14//23, 88//23, 296//23, 377//23, 223//23, 11//23],
	[18, 18, 12, 14, 22, 13] => QQFieldElem[-6, -1, 1, 6, 0, -3, -5, 0, 5, 3],
	[18, 18, 12, 14, 22, 15] => QQFieldElem[-390//199, -385//199, 41//199, 357//199, 256//199, -230//199, -484//199, -195//199, 309//199, 425//199],
	[18, 18, 12, 14, 24, 3] => QQFieldElem[-20, -18, -7, 9, 5, -11, -20, -15, 5, 7],
	[18, 18, 12, 14, 19, 13] => QQFieldElem[-4, 1, 4, 5, 0, -2, -2, 2, 6, 1],
	[18, 18, 12, 14, 19, 15] => QQFieldElem[-416//199, -278//199, 256//199, 142//199, 21//199, -179//199, -503//199, -9//199, 250//199, -11//199],
	[18, 18, 12, 14, 7, 13] => QQFieldElem[-1, -2, -4, -4, -4, -4, -2, -1, 0, 1],
	[18, 18, 12, 14, 7, 15] => QQFieldElem[-1995//2189, -3814//2189, -3334//2189, -4427//2189, -2946//2189, -1498//2189, -1986//2189, 694//2189, 976//2189, -788//2189],
	[18, 18, 12, 14, 24, 25] => QQFieldElem[95//23, 148//23, 128//23, 26//23, 1//23, 55//23, 137//23, 151//23, 3, -8//23],
	[18, 18, 12, 14, 9, 23] => QQFieldElem[0, -2, -3, -1, -1, -1, -1, -3, -2, 0],
	[18, 18, 12, 14, 17, 13] => QQFieldElem[4, 0, -6, -8, -3, 3, 3, -3, -8, -6],
	[18, 18, 12, 14, 17, 15] => QQFieldElem[4936//2189, 4240//2189, -2165//2189, -6392//2189, -3238//2189, 3161//2189, 5842//2189, 1274//2189, -5362//2189, -5629//2189],
	[18, 18, 12, 14, 22, 5] => QQFieldElem[-4, -7, -3, 1, 2, -2, -6, -5, -1, 3],
	[18, 18, 12, 14, 19, 5] => QQFieldElem[-5, -3, -2, 1, 0, -4, -4, -5, 1, -1],
	[18, 18, 12, 14, 24, 13] => QQFieldElem[10, 0, 7, -1, 8, 5, 6, 3, -2, 4],
	[18, 18, 12, 14, 24, 15] => QQFieldElem[3926//2189, 2748//2189, 2758//2189, 227//2189, 1854//2189, 2249//2189, 1874//2189, -624//2189, -3628//2189, -2023//2189],
	[18, 18, 12, 14, 9, 3] => QQFieldElem[-2, -5, -5, -2, 0, -1, -4, -6, -4, -1],
	[18, 18, 12, 14, 7, 5] => QQFieldElem[-1, -2, -2, -1, 0, 1, 2, 2, 2, 1],
	[18, 18, 12, 14, 17, 5] => QQFieldElem[5, 7, 3, -2, -2, 3, 7, 5, 0, -3],
	[18, 18, 12, 14, 22, 23] => QQFieldElem[8, 15, 10, 2, -3, 4, 12, 14, 6, -2],
	[18, 18, 12, 14, 9, 25] => QQFieldElem[8//23, 48//23, 28//23, 27//23, 6//23, -28//23, 19//23, 42//23, 36//23, 41//23],
	[18, 18, 12, 14, 19, 23] => QQFieldElem[5, 8, 3, -3, -3, 3, 7, 6, 0, -4],
	[18, 18, 12, 14, 24, 5] => QQFieldElem[8, 4, 6, 1, 2, 3, 2, 4, -2, 3],
	[18, 18, 12, 14, 7, 23] => QQFieldElem[1, 1, 0, 0, -1, -1, 0, 0, 1, 1],
	[18, 18, 12, 14, 17, 23] => QQFieldElem[-9, -14, -9, 0, 3, -4, -13, -13, -4, 3],
	[18, 18, 12, 14, 9, 13] => QQFieldElem[0, 0, -2, -2, -2, -2, 0, 0, 0, 1],
	[18, 18, 12, 14, 9, 15] => QQFieldElem[1035//2189, 662//2189, -2780//2189, -205//2189, -710//2189, -951//2189, 3351//2189, 2010//2189, 2341//2189, 3717//2189],
	[18, 18, 12, 14, 22, 3] => QQFieldElem[34, 46, 26, -6, -10, 17, 44, 40, 8, -12],
	[18, 18, 12, 14, 19, 3] => QQFieldElem[24, 23, 3, -16, -10, 14, 26, 16, -10, -15])