Dict(
	[18, 17, 22, 8, 23, 19] => QQFieldElem[4, -2, 6, -2, 6, 0, 4, 2, 2, 3],
	[18, 17, 22, 8, 23, 22] => QQFieldElem[12, 0, 10, 2, 7, 6, 4, 10, 1, 12],
	[18, 17, 22, 8, 21, 24] => QQFieldElem[354//1541, 25//1541, 309//1541, 106//1541, -145//1541, -926//1541, -753//1541, -448//1541, -997//1541, -317//1541],
	[18, 17, 22, 8, 21, 17] => QQFieldElem[1, 0, 0, 0, 0, 1, 0, 1, 0, 1],
	[18, 17, 22, 8, 21, 19] => QQFieldElem[1, 0, 1, -1, 0, -1, -1, 0, -1, 1],
	[18, 17, 22, 8, 21, 22] => QQFieldElem[-2, 0, -1, -1, 0, -2, 0, -3, 0, -3],
	[18, 17, 22, 8, 13, 24] => QQFieldElem[-419//1541, 27//1541, -1084//1541, -317//1541, -773//1541, 356//1541, 173//1541, -114//1541, -522//1541, -404//1541],
	[18, 17, 22, 8, 13, 17] => QQFieldElem[3, 0, 3, 1, 2, 1, 1, 3, 1, 3],
	[18, 17, 22, 8, 13, 19] => QQFieldElem[-3, 1, -4, 1, -4, 0, -3, -1, -2, -2],
	[18, 17, 22, 8, 13, 22] => QQFieldElem[-6, 0, -5, -1, -4, -3, -2, -4, 0, -5],
	[18, 17, 22, 8, 11, 24] => QQFieldElem[274//1541, 89//1541, 422//1541, 439//1541, -208//1541, 32//1541, -400//1541, -547//1541, 334//1541, -19//1541],
	[18, 17, 22, 8, 11, 17] => QQFieldElem[0, 0, -1, -1, 0, 0, 0, -1, -1, -1],
	[18, 17, 22, 8, 11, 19] => QQFieldElem[0, 0, 0, 1, 0, 1, 1, 0, 1, 0],
	[18, 17, 22, 8, 11, 22] => QQFieldElem[1, 0, 0, 0, 0, 1, 0, 0, -1, 0],
	[18, 17, 22, 8, 23, 24] => QQFieldElem[492//1541, -1010//1541, 769//1541, -584//1541, 1235//1541, -190//1541, 834//1541, 840//1541, 521//1541, 787//1541],
	[18, 17, 22, 8, 23, 17] => QQFieldElem[-4, 0, -4, -1, -3, -2, -1, -4, -1, -5])