Dict(
	[20, 16, 20, 16, 25, 20] => QQFieldElem[13, 4, 16, 12, 17, 17, 12, 16, 4, 13],
	[20, 16, 20, 16, 20, 25] => QQFieldElem[-23, -40, -54, -30, -9, -9, -30, -54, -40, -23],
	[20, 16, 20, 16, 15, 15] => QQFieldElem[3, 3, 5, -1, 2, -1, 5, 3, 3, 0],
	[20, 16, 20, 16, 5, 25] => QQFieldElem[-9, 15, 41, 41, 15, -9, 0, 30, 45, 30],
	[20, 16, 20, 16, 20, 15] => QQFieldElem[-19, -5, -32, -5, -19, 0, -18, -17, -17, -18],
	[20, 16, 20, 16, 15, 5] => QQFieldElem[-69, 0, -63, -11, -48, -29, -29, -48, -11, -63],
	[20, 16, 20, 16, 15, 20] => QQFieldElem[3, 3, 6, 3, 3, 0, -2, -3, -3, -2],
	[20, 16, 20, 16, 5, 15] => QQFieldElem[-5, 0, 9, 11, 4, -3, -3, 4, 11, 9],
	[20, 16, 20, 16, 20, 5] => QQFieldElem[210, 37, 160, 94, 94, 160, 37, 210, 0, 226],
	[20, 16, 20, 16, 25, 25] => QQFieldElem[6, -2, 5, 5, 5, 5, -2, 6, 0, 11],
	[20, 16, 20, 16, 20, 20] => QQFieldElem[-12, 0, -12, -3, -9, -5, -5, -9, -3, -12],
	[20, 16, 20, 16, 5, 5] => QQFieldElem[-1, -2, -2, -1, 0, -1, -1, -3, -1, -1],
	[20, 16, 20, 16, 5, 20] => QQFieldElem[-4, -9, -14, -16, -16, -14, -9, -4, 0, 2],
	[20, 16, 20, 16, 25, 15] => QQFieldElem[18, -3, 18, 0, 16, 4, 9, 9, 4, 16],
	[20, 16, 20, 16, 15, 25] => QQFieldElem[8, 9, 8, 0, -2, 4, 9, 9, 4, -2],
	[20, 16, 20, 16, 25, 5] => QQFieldElem[-123, -35, -81, -81, -35, -123, 0, -148, 13, -148])