Dict(
	[22, 22, 12, 22, 23, 21] => QQFieldElem[23, 1, 20, 3, 16, 9, 11, 15, 3, 20],
	[22, 22, 12, 22, 23, 18] => QQFieldElem[-1, 0, 1, -2, 2, 0, -2, 3, -3, 2],
	[22, 22, 12, 22, 16, 11] => QQFieldElem[-1, -3, -3, -3, -1, 0, -2, -3, -3, -2],
	[22, 22, 12, 22, 18, 13] => QQFieldElem[-8, -2, -6, -4, -4, -6, -2, -8, 0, -9],
	[22, 22, 12, 22, 18, 21] => QQFieldElem[-17, 0, -16, -3, -12, -7, -7, -12, -3, -16],
	[22, 22, 12, 22, 11, 23] => QQFieldElem[-295//737, -414//737, -467//737, -311//737, -353//737, -285//737, -360//737, -28//737, -4//737, -464//737],
	[22, 22, 12, 22, 18, 18] => QQFieldElem[-2, 0, -2, -1, -1, -2, 0, -2, 0, -2],
	[22, 22, 12, 22, 21, 13] => QQFieldElem[0, 0, 1, -1, 1, 0, 0, 1, -1, 1],
	[22, 22, 12, 22, 23, 16] => QQFieldElem[20, -1, 20, 3, 15, 8, 8, 14, 4, 19],
	[22, 22, 12, 22, 21, 21] => QQFieldElem[-2, -1, -2, -1, -2, 0, -2, -1, -1, -2],
	[22, 22, 12, 22, 11, 11] => QQFieldElem[-1, 0, 0, 0, -1, 0, -1, 0, 0, -1],
	[22, 22, 12, 22, 21, 18] => QQFieldElem[4, 0, 1, 3, 0, 2, 2, 0, 3, 1],
	[22, 22, 12, 22, 13, 13] => QQFieldElem[1, 0, 1, 0, 0, 1, 0, 1, 0, 0],
	[22, 22, 12, 22, 13, 21] => QQFieldElem[1, 0, 2, 1, 1, 0, 0, 1, 1, 2],
	[22, 22, 12, 22, 18, 16] => QQFieldElem[-17, 0, -16, -3, -12, -7, -7, -12, -3, -16],
	[22, 22, 12, 22, 13, 18] => QQFieldElem[0, -1, 0, -1, -1, 0, -1, 0, 0, -1],
	[22, 22, 12, 22, 23, 23] => QQFieldElem[127//67, 49//67, 70//67, 103//67, 107//67, 75//67, 63//67, 92//67, -6//67, 175//67],
	[22, 22, 12, 22, 21, 16] => QQFieldElem[-1, 1, -1, 1, -1, 0, 0, 0, 0, 0],
	[22, 22, 12, 22, 23, 11] => QQFieldElem[-4, 2, -9, -5, -7, -1, 0, -5, -5, -10],
	[22, 22, 12, 22, 16, 13] => QQFieldElem[-3, 0, -1, -3, 1, -2, -2, 1, -3, -1],
	[22, 22, 12, 22, 18, 23] => QQFieldElem[-1070//737, -215//737, -757//737, -441//737, -356//737, -634//737, -219//737, -926//737, -27//737, -921//737],
	[22, 22, 12, 22, 16, 21] => QQFieldElem[0, 0, -1, 0, 0, 0, 0, -1, -1, 0],
	[22, 22, 12, 22, 13, 16] => QQFieldElem[2, 0, 1, 0, 1, 1, 1, 1, 0, 1],
	[22, 22, 12, 22, 16, 18] => QQFieldElem[3, 0, 1, 3, 0, 2, 2, 0, 3, 1],
	[22, 22, 12, 22, 18, 11] => QQFieldElem[7, 0, 5, 0, 4, 3, 3, 4, 0, 5],
	[22, 22, 12, 22, 11, 13] => QQFieldElem[-5, 0, -3, -3, -1, -3, -3, -1, -3, -3],
	[22, 22, 12, 22, 21, 23] => QQFieldElem[-153//737, -537//737, 190//737, -601//737, -303//737, 127//737, -499//737, -47//737, -112//737, -463//737],
	[22, 22, 12, 22, 11, 21] => QQFieldElem[1, -1, 1, -1, 1, 0, 1, 1, 1, 1],
	[22, 22, 12, 22, 11, 18] => QQFieldElem[-5, 0, -2, -4, 1, -3, -3, 1, -4, -2],
	[22, 22, 12, 22, 13, 23] => QQFieldElem[364//737, 266//737, 179//737, 4//737, -204//737, -148//737, 7//737, 107//737, -90//737, -122//737],
	[22, 22, 12, 22, 16, 16] => QQFieldElem[0, 0, -1, 0, 0, 0, 0, -1, -1, 0],
	[22, 22, 12, 22, 21, 11] => QQFieldElem[0, -2, -2, -2, 0, 0, -1, -2, -2, -1],
	[22, 22, 12, 22, 13, 11] => QQFieldElem[-3, 0, 4, 6, 2, -2, -2, 2, 6, 4],
	[22, 22, 12, 22, 11, 16] => QQFieldElem[1, -1, 2, -1, 1, 0, 0, 0, 0, 0],
	[22, 22, 12, 22, 23, 13] => QQFieldElem[10, 1, 7, 5, 4, 7, 2, 8, 1, 10],
	[22, 22, 12, 22, 16, 23] => QQFieldElem[221//737, 530//737, 135//737, 213//737, 192//737, 226//737, 557//737, -14//737, -2//737, 505//737])