Dict(
	[22, 16, 23, 17, 13, 22] => QQFieldElem[-58//253, -41//253, 117//253, -57//253, 86//253, -15//253, -8//253, 30//253, -6//23, 1//253],
	[22, 16, 23, 17, 18, 7] => QQFieldElem[38, -22, 55, -33, 59, -29, 48, -12, 26, 13],
	[22, 16, 23, 17, 8, 7] => QQFieldElem[0, -2, 3, -5, 4, -6, 6, -5, 4, -4],
	[22, 16, 23, 17, 13, 7] => QQFieldElem[0, 3, -4, 6, -6, 5, -4, 3, -2, 2],
	[22, 16, 23, 17, 23, 12] => QQFieldElem[33, -5, 34, -4, 30, 4, 21, 14, 9, 25],
	[22, 16, 23, 17, 23, 17] => QQFieldElem[12, -1, 11, 1, 10, 4, 6, 7, 2, 11],
	[22, 16, 23, 17, 23, 22] => QQFieldElem[90//11, 0, 71//11, 6//11, 58//11, 40//11, 40//11, 58//11, 6//11, 71//11],
	[22, 16, 23, 17, 8, 12] => QQFieldElem[1, 1, -2, -1, -2, 1, 0, 0, -2, -1],
	[22, 16, 23, 17, 18, 12] => QQFieldElem[-19, 5, -22, 6, -21, 3, -16, -4, -8, -12],
	[22, 16, 23, 17, 18, 17] => QQFieldElem[-8, 1, -7, 2, -6, -2, -5, -3, -1, -4],
	[22, 16, 23, 17, 8, 17] => QQFieldElem[-3, -10, -13, -9, -3, -1, -7, -12, -11, -5],
	[22, 16, 23, 17, 18, 22] => QQFieldElem[-1228//253, -25//253, -1275//253, -83//253, -959//253, -339//253, -742//253, -771//253, -360//253, -994//253],
	[22, 16, 23, 17, 8, 22] => QQFieldElem[724//253, 59//23, -159//253, -655//253, -443//253, 422//253, 774//253, 283//253, -457//253, -643//253],
	[22, 16, 23, 17, 13, 12] => QQFieldElem[0, -2, 1, -3, 0, -2, -1, -1, 0, -1],
	[22, 16, 23, 17, 23, 7] => QQFieldElem[-74, 22, -88, 27, -84, 14, -63, -13, -32, -46],
	[22, 16, 23, 17, 13, 17] => QQFieldElem[1, -5, 3, -1, -3, 3, -3, -2, 2, -5])