Dict(
	[23, 7, 14, 23, 10, 17] => QQFieldElem[18, -3, 18, -2, 16, 2, 10, 8, 5, 13],
	[23, 7, 14, 23, 20, 24] => QQFieldElem[-274//253, -86//253, -745//253, -1074//253, -1755//253, -1875//253, -1885//253, -1675//253, -1025//253, -760//253],
	[23, 7, 14, 23, 20, 17] => QQFieldElem[-26, 3, -26, 1, -21, -6, -13, -14, -6, -21],
	[23, 7, 14, 23, 20, 19] => QQFieldElem[-5, 2, -8, 0, -10, -4, -8, -6, -4, -5],
	[23, 7, 14, 23, 20, 22] => QQFieldElem[-13, -17, -25, -23, -20, -12, -2, 2, 8, 2],
	[23, 7, 14, 23, 18, 24] => QQFieldElem[-364//253, -563//253, -179//253, 359//253, 446//253, 643//253, 1060//253, 905//253, 365//253, 67//253],
	[23, 7, 14, 23, 8, 24] => QQFieldElem[269//253, 186//253, 158//253, 240//253, -217//253, -487//253, -383//253, -543//253, -472//253, -192//253],
	[23, 7, 14, 23, 10, 24] => QQFieldElem[-116//253, -210//253, 246//253, 284//253, 751//253, 1064//253, 1069//253, 964//253, 639//253, 380//253],
	[23, 7, 14, 23, 8, 17] => QQFieldElem[-3, -1, -2, -1, -2, -1, -2, -1, -1, -3],
	[23, 7, 14, 23, 18, 17] => QQFieldElem[5, 1, 4, 1, 3, 2, 2, 3, 1, 5],
	[23, 7, 14, 23, 18, 19] => QQFieldElem[-2, -1, -1, 0, 1, 2, 2, 2, 1, 0],
	[23, 7, 14, 23, 8, 19] => QQFieldElem[2, 1, 1, 1, 0, 0, 0, -1, 0, 0],
	[23, 7, 14, 23, 18, 22] => QQFieldElem[10, 20, 28, 31, 29, 22, 11, 2, -4, -4],
	[23, 7, 14, 23, 8, 22] => QQFieldElem[-4, -10, -16, -20, -21, -18, -13, -7, -1, 1],
	[23, 7, 14, 23, 10, 22] => QQFieldElem[7, 11, 17, 17, 16, 12, 6, 1, -3, -1],
	[23, 7, 14, 23, 10, 19] => QQFieldElem[3, -2, 5, -1, 6, 1, 5, 3, 3, 3])