Dict(
	[23, 7, 12, 23, 16, 24] => QQFieldElem[-55, -45, 26, 136, 250, 331, 355, 313, 218, 102],
	[23, 7, 12, 23, 16, 17] => QQFieldElem[0, -2, -6, -9, -13, -13, -11, -9, -4, -2],
	[23, 7, 12, 23, 16, 19] => QQFieldElem[-1, 3, -2, -3, -3, -7, -6, -5, -5, -1],
	[23, 7, 12, 23, 16, 22] => QQFieldElem[24//11, 57//11, 13, 216//11, 276//11, 290//11, 258//11, 202//11, 111//11, 51//11],
	[23, 7, 12, 23, 6, 24] => QQFieldElem[26, 31, 5, -37, -82, -122, -136, -124, -92, -43],
	[23, 7, 12, 23, 6, 17] => QQFieldElem[-1, 0, 1, 1, 4, 4, 3, 3, 0, 0],
	[23, 7, 12, 23, 6, 19] => QQFieldElem[3, -2, 2, 2, 0, 5, 2, 1, 5, 0],
	[23, 7, 12, 23, 6, 22] => QQFieldElem[2//11, -13//11, -45//11, -72//11, -105//11, -111//11, -101//11, -86//11, -4, -19//11],
	[23, 7, 12, 23, 18, 24] => QQFieldElem[23, 8, -39, -104, -165, -204, -208, -176, -118, -52],
	[23, 7, 12, 23, 8, 24] => QQFieldElem[-5, -1, 11, 28, 43, 53, 54, 45, 30, 13],
	[23, 7, 12, 23, 18, 17] => QQFieldElem[3, 2, 7, 8, 11, 11, 9, 7, 3, 3],
	[23, 7, 12, 23, 8, 17] => QQFieldElem[-2, 0, -2, -1, -3, -3, -2, -2, 0, -1],
	[23, 7, 12, 23, 18, 19] => QQFieldElem[-4, 0, -3, 2, 0, 2, 2, 1, 1, -2],
	[23, 7, 12, 23, 8, 19] => QQFieldElem[2, -1, 2, -1, 1, -1, 0, 1, -1, 1],
	[23, 7, 12, 23, 8, 22] => QQFieldElem[2, 13//11, 50//11, 45//11, 64//11, 63//11, 53//11, 45//11, 17//11, 24//11],
	[23, 7, 12, 23, 18, 22] => QQFieldElem[-59//11, -57//11, -159//11, -178//11, -235//11, -21, -199//11, -161//11, -73//11, -67//11])