Dict(
	[23, 23, 21, 21, 23, 16] => QQFieldElem[1, 0, 2, 2, 3, 3, 3, 3, 2, 2],
	[23, 23, 21, 21, 3, 21] => QQFieldElem[2, 0, -2, 0, 1, -2, -2, 1, 0, -2],
	[23, 23, 21, 21, 18, 16] => QQFieldElem[-6, 0, 19, 43, 63, 76, 76, 63, 43, 19],
	[23, 23, 21, 21, 8, 16] => QQFieldElem[-1, 0, 3, 7, 11, 13, 13, 11, 7, 3],
	[23, 23, 21, 21, 13, 21] => QQFieldElem[1, 0, -1, -2, -1, -1, -1, -1, -2, -1],
	[23, 23, 21, 21, 23, 1] => QQFieldElem[-2, 0, -1, 1, -1, -1, -1, -1, 1, -1],
	[23, 23, 21, 21, 23, 6] => QQFieldElem[-15, 0, -15, -1, -12, -6, -6, -12, -1, -15],
	[23, 23, 21, 21, 23, 11] => QQFieldElem[0, 0, 2, -3, 3, -1, -1, 3, -3, 2],
	[23, 23, 21, 21, 3, 16] => QQFieldElem[0, 0, 2, 5, 7, 9, 9, 7, 5, 2],
	[23, 23, 21, 21, 18, 1] => QQFieldElem[-1, 0, 2, 3, 1, 0, 0, 1, 3, 2],
	[23, 23, 21, 21, 8, 1] => QQFieldElem[-1, 0, -1, -1, -1, 0, 0, -1, -1, -1],
	[23, 23, 21, 21, 13, 16] => QQFieldElem[-1, 0, 8, 16, 22, 26, 26, 22, 16, 8],
	[23, 23, 21, 21, 18, 6] => QQFieldElem[-1, 0, -2, 0, -2, -1, -1, -2, 0, -2],
	[23, 23, 21, 21, 8, 6] => QQFieldElem[-3, 0, -3, 0, -3, -1, -1, -3, 0, -3],
	[23, 23, 21, 21, 18, 11] => QQFieldElem[-9, 0, -1, -5, 6, -1, -1, 6, -5, -1],
	[23, 23, 21, 21, 8, 11] => QQFieldElem[2, 0, 1, 2, 1, 2, 2, 1, 2, 1],
	[23, 23, 21, 21, 3, 1] => QQFieldElem[0, 0, -2, -2, -1, 0, 0, -1, -2, -2],
	[23, 23, 21, 21, 13, 1] => QQFieldElem[-5, 0, 1, 4, 0, -3, -3, 0, 4, 1],
	[23, 23, 21, 21, 3, 6] => QQFieldElem[0, 0, -1, 1, -1, 0, 0, -1, 1, -1],
	[23, 23, 21, 21, 3, 11] => QQFieldElem[4, 0, 1, 3, -1, 2, 2, -1, 3, 1],
	[23, 23, 21, 21, 13, 6] => QQFieldElem[-17, 0, -16, -2, -13, -7, -7, -13, -2, -16],
	[23, 23, 21, 21, 13, 11] => QQFieldElem[9, 0, 3, 3, -1, 3, 3, -1, 3, 3],
	[23, 23, 21, 21, 23, 21] => QQFieldElem[0, 0, 1, -1, -1, 0, 0, -1, -1, 1],
	[23, 23, 21, 21, 18, 21] => QQFieldElem[0, 0, 1, 3, 4, 3, 3, 4, 3, 1],
	[23, 23, 21, 21, 8, 21] => QQFieldElem[-5, 0, 4, -2, -4, 3, 3, -4, -2, 4])