Dict(
	[23, 18, 16, 23, 18, 13] => QQFieldElem[-19, -3, -15, -7, -10, -13, -5, -17, -1, -20],
	[23, 18, 16, 23, 18, 18] => QQFieldElem[-4, 1, -5, -1, -2, -2, -2, -3, 1, -5],
	[23, 18, 16, 23, 3, 13] => QQFieldElem[-2, -2, 1, -2, -1, 1, -3, -1, 1, -1],
	[23, 18, 16, 23, 13, 13] => QQFieldElem[5, 0, 2, 4, 0, 3, 2, 2, 2, 3],
	[23, 18, 16, 23, 3, 18] => QQFieldElem[0, -1, -4, -6, -5, -4, -2, 2, 3, 1],
	[23, 18, 16, 23, 23, 8] => QQFieldElem[-9, -3, -8, -8, -3, -9, 0, -13, 0, -13],
	[23, 18, 16, 23, 13, 18] => QQFieldElem[0, 0, 1, 1, 1, 1, 1, 1, 0, 1],
	[23, 18, 16, 23, 23, 23] => QQFieldElem[91//23, -9//23, 82//23, 15//23, 51//23, 35//23, 41//23, 47//23, 31//23, 67//23],
	[23, 18, 16, 23, 18, 8] => QQFieldElem[10, 2, 5, 8, 0, 10, -1, 14, -4, 11],
	[23, 18, 16, 23, 18, 23] => QQFieldElem[-77//23, 0, -59//23, -7//23, -50//23, -38//23, -38//23, -50//23, -7//23, -59//23],
	[23, 18, 16, 23, 3, 8] => QQFieldElem[5, 10, 7, 1, 1, 5, 7, 7, 6, 2],
	[23, 18, 16, 23, 3, 23] => QQFieldElem[-327//253, -203//253, 86//253, 155//253, 4//253, -488//253, -34//11, -559//253, -215//253, 85//253],
	[23, 18, 16, 23, 13, 8] => QQFieldElem[-1, 1, 1, -1, 2, -1, 1, -2, 3, 0],
	[23, 18, 16, 23, 13, 23] => QQFieldElem[96//253, 181//253, 112//253, 142//253, 7//11, 15//253, 155//253, 152//253, 17//253, 245//253],
	[23, 18, 16, 23, 23, 13] => QQFieldElem[13, -3, 16, -2, 9, 9, -2, 16, -3, 13],
	[23, 18, 16, 23, 23, 18] => QQFieldElem[7, 0, 5, 1, 4, 3, 3, 4, 1, 5])