Dict(
	[25, 25, 4, 4, 22, 1] => QQFieldElem[0, 0, 0, 0, 1, 0, 0, 1, 0, 0],
	[25, 25, 4, 4, 25, 1] => QQFieldElem[-7, 0, -5, -2, -6, -3, -3, -6, -2, -5],
	[25, 25, 4, 4, 23, 1] => QQFieldElem[-9, 0, -8, -2, -6, -4, -4, -6, -2, -8],
	[25, 25, 4, 4, 24, 5] => QQFieldElem[0, 0, -2, -1, 2, -2, -2, 2, -1, -2],
	[25, 25, 4, 4, 22, 3] => QQFieldElem[1, 0, 1, 3, 3, 4, 4, 3, 3, 1],
	[25, 25, 4, 4, 25, 3] => QQFieldElem[-3, 0, -3, -3, -6, -5, -5, -6, -3, -3],
	[25, 25, 4, 4, 23, 3] => QQFieldElem[-2, 0, -3, -1, -4, -3, -3, -4, -1, -3],
	[25, 25, 4, 4, 24, 1] => QQFieldElem[1, 0, 0, 0, 0, 0, 0, 0, 0, 0],
	[25, 25, 4, 4, 22, 4] => QQFieldElem[2, 0, -1, 0, 0, 1, 1, 0, 0, -1],
	[25, 25, 4, 4, 24, 3] => QQFieldElem[0, 0, 1, 2, 3, 4, 4, 3, 2, 1],
	[25, 25, 4, 4, 25, 4] => QQFieldElem[-1, 0, -2, 0, -1, -2, -2, -1, 0, -2],
	[25, 25, 4, 4, 23, 4] => QQFieldElem[-2, 0, 1, 3, 0, -1, -1, 0, 3, 1],
	[25, 25, 4, 4, 22, 5] => QQFieldElem[-4, 0, -4, -5, 3, -6, -6, 3, -5, -4],
	[25, 25, 4, 4, 25, 5] => QQFieldElem[4, 0, -5, 3, 5, -2, -2, 5, 3, -5],
	[25, 25, 4, 4, 23, 5] => QQFieldElem[-7, 0, -3, -6, 0, -5, -5, 0, -6, -3],
	[25, 25, 4, 4, 24, 4] => QQFieldElem[-2, 0, 3, 3, 1, -1, -1, 1, 3, 3])