Dict(
	[4, 10, 10, 15, 15, 8] => QQFieldElem[9, -1, 9, -1, 8, 1, 6, 4, 2, 7],
	[4, 10, 10, 15, 13, 8] => QQFieldElem[0, 0, 1, 1, 1, 2, 0, 0, 0, -1],
	[4, 10, 10, 15, 14, 8] => QQFieldElem[-5, 2, -6, 2, -5, 1, -4, -1, -2, -3],
	[4, 10, 10, 15, 12, 9] => QQFieldElem[0, 2, 3, 2, 1, -1, 1, 3, 3, 2],
	[4, 10, 10, 15, 15, 9] => QQFieldElem[4, 0, 4, 1, 3, 2, 2, 2, 1, 3],
	[4, 10, 10, 15, 13, 9] => QQFieldElem[-2, -2, -3, -3, -2, -2, -1, 0, 0, 1],
	[4, 10, 10, 15, 14, 9] => QQFieldElem[-3, 1, -2, 0, -1, -1, -2, -1, -2, -2],
	[4, 10, 10, 15, 12, 7] => QQFieldElem[0, 1, -3, 4, -3, 5, -4, 3, -3, 3],
	[4, 10, 10, 15, 15, 7] => QQFieldElem[-19, 5, -22, 6, -21, 3, -16, -4, -8, -12],
	[4, 10, 10, 15, 13, 7] => QQFieldElem[-1, -1, 1, -1, 1, 0, 0, 0, 0, -1],
	[4, 10, 10, 15, 14, 7] => QQFieldElem[9, -6, 14, -9, 14, -7, 11, -3, 6, 3],
	[4, 10, 10, 15, 12, 10] => QQFieldElem[27//11, 18//11, -10//11, -29//11, -1, 17//11, 28//11, 6//11, -21//11, -25//11],
	[4, 10, 10, 15, 15, 10] => QQFieldElem[26//11, 0, 21//11, 1//11, 17//11, 14//11, 14//11, 17//11, 1//11, 21//11],
	[4, 10, 10, 15, 13, 10] => QQFieldElem[4//11, -2//11, -8//11, -4//11, -2//11, -3//11, -8//11, -7//11, -1//11, -2//11],
	[4, 10, 10, 15, 14, 10] => QQFieldElem[-20//11, -2//11, -18//11, -8//11, -2, -1, -14//11, -15//11, -9//11, -13//11],
	[4, 10, 10, 15, 12, 8] => QQFieldElem[4, 3, 0, -4, -1, 1, 5, 1, -2, -3])