Dict(
	[5, 5, 4, 4, 2, 4] => QQFieldElem[-4, 0, 6, 8, 3, -3, -3, 3, 8, 6],
	[5, 5, 4, 4, 3, 4] => QQFieldElem[1, 0, 13, 11, 8, -1, -1, 8, 11, 13],
	[5, 5, 4, 4, 5, 3] => QQFieldElem[2, 0, 1, 0, 2, 0, 0, 2, 0, 1],
	[5, 5, 4, 4, 4, 4] => QQFieldElem[4, 0, -8, -10, -4, 3, 3, -4, -10, -8],
	[5, 5, 4, 4, 2, 5] => QQFieldElem[1, 0, 1, 0, 1, 0, 0, 1, 0, 1],
	[5, 5, 4, 4, 3, 5] => QQFieldElem[-23, 0, -21, -4, -16, -10, -10, -16, -4, -21],
	[5, 5, 4, 4, 4, 5] => QQFieldElem[1, 0, 1, 0, 0, 1, 1, 0, 0, 1],
	[5, 5, 4, 4, 5, 4] => QQFieldElem[2, 0, 4, 2, 3, 1, 1, 3, 2, 4],
	[5, 5, 4, 4, 2, 1] => QQFieldElem[0, 0, 1, 2, 2, 2, 2, 2, 2, 1],
	[5, 5, 4, 4, 3, 1] => QQFieldElem[0, 0, 0, 0, -1, -1, -1, -1, 0, 0],
	[5, 5, 4, 4, 4, 1] => QQFieldElem[1, 0, -1, -2, -3, -2, -2, -3, -2, -1],
	[5, 5, 4, 4, 5, 5] => QQFieldElem[-14, 0, -12, -2, -10, -5, -5, -10, -2, -12],
	[5, 5, 4, 4, 2, 3] => QQFieldElem[0, 0, 0, 1, 0, 0, 0, 0, 1, 0],
	[5, 5, 4, 4, 3, 3] => QQFieldElem[5, 0, 4, 1, 3, 2, 2, 3, 1, 4],
	[5, 5, 4, 4, 4, 3] => QQFieldElem[0, 0, -1, -1, 0, 0, 0, 0, -1, -1],
	[5, 5, 4, 4, 5, 1] => QQFieldElem[1, 0, -1, -1, -2, -3, -3, -2, -1, -1])