Dict(
	[7, 8, 17, 18, 24, 14] => QQFieldElem[-34//23, 3//23, -36//23, -4//23, -31//23, -7//23, -16//23, -18//23, -16//23, -27//23],
	[7, 8, 17, 18, 22, 4] => QQFieldElem[0, 0, 1, 2, 3, 3, 3, 3, 2, 1],
	[7, 8, 17, 18, 12, 14] => QQFieldElem[-24//23, -9//23, 13//23, -15//23, -29//23, -1//23, 7//23, -18//23, -1, 4//23],
	[7, 8, 17, 18, 22, 2] => QQFieldElem[0, 0, 0, 1, 1, 2, 2, 1, 1, 0],
	[7, 8, 17, 18, 14, 14] => QQFieldElem[-26//23, -25//23, -6//23, -22//23, -11//23, -16//23, -39//23, -18//23, -17//23, -16//23],
	[7, 8, 17, 18, 24, 4] => QQFieldElem[-4, 0, -4, -1, -3, -2, -2, -3, -1, -4],
	[7, 8, 17, 18, 22, 12] => QQFieldElem[0, 0, -1, 0, 0, 0, 0, -1, -1, 0],
	[7, 8, 17, 18, 12, 4] => QQFieldElem[-1, 0, 0, -1, -1, 0, 0, -1, 0, 0],
	[7, 8, 17, 18, 24, 2] => QQFieldElem[-14, 0, -13, -2, -10, -6, -6, -10, -2, -13],
	[7, 8, 17, 18, 12, 2] => QQFieldElem[1, 1, 0, 1, 1, 0, 1, 1, 0, 2],
	[7, 8, 17, 18, 14, 4] => QQFieldElem[-1, -2, -1, -2, -2, -1, -2, -1, 0, -1],
	[7, 8, 17, 18, 14, 2] => QQFieldElem[0, 1, -1, 0, 0, -1, 1, 0, 0, 1],
	[7, 8, 17, 18, 22, 14] => QQFieldElem[-4//23, 1//23, 13//23, 9//23, 2//23, -3//23, -1//23, -4//23, -4//23, 4//23],
	[7, 8, 17, 18, 24, 12] => QQFieldElem[-7, 2, -8, 2, -7, 0, -5, -2, -2, -5],
	[7, 8, 17, 18, 12, 12] => QQFieldElem[-2, 0, 0, -1, 0, -1, -1, 0, -1, 0],
	[7, 8, 17, 18, 14, 12] => QQFieldElem[-1, 0, -1, -2, 0, -1, -1, 0, -2, -1])