Dict(
	[7, 10, 9, 9, 5, 5] => QQFieldElem[-1, 0, -1, -1, 0, -1, 0, 0, 0, 0],
	[7, 10, 9, 9, 3, 14] => QQFieldElem[4, 0, 1, 4, 0, 3, 3, 0, 4, 1],
	[7, 10, 9, 9, 15, 14] => QQFieldElem[4, -1, 3, 0, 1, 0, 2, -1, 2, 1],
	[7, 10, 9, 9, 13, 14] => QQFieldElem[0, 1, -1, 2, -1, 1, 0, 0, 0, 0],
	[7, 10, 9, 9, 3, 4] => QQFieldElem[2, -1, 1, 1, -1, 2, 0, -1, 2, -1],
	[7, 10, 9, 9, 3, 15] => QQFieldElem[1754//1541, -1095//1541, 643//1541, 1213//1541, -1354//1541, 801//1541, 4//1541, -1027//1541, 1137//1541, -909//1541],
	[7, 10, 9, 9, 15, 15] => QQFieldElem[1297//1541, -113//1541, 884//1541, 14//1541, 39//1541, -6//1541, 75//1541, -379//1541, 130//1541, -478//1541],
	[7, 10, 9, 9, 15, 4] => QQFieldElem[-3, -1, -1, 1, -2, -1, -2, -2, 2, -2],
	[7, 10, 9, 9, 13, 4] => QQFieldElem[2, 0, 2, 1, 1, 1, 1, 1, 1, 2],
	[7, 10, 9, 9, 13, 15] => QQFieldElem[364//1541, 17//1541, -283//1541, 257//1541, -715//1541, 110//1541, 166//1541, -243//1541, 185//1541, 31//1541],
	[7, 10, 9, 9, 5, 14] => QQFieldElem[-2, 0, 0, -2, 1, -1, -1, 1, -2, 0],
	[7, 10, 9, 9, 3, 5] => QQFieldElem[2, 0, 2, 2, 0, 2, 0, -1, 1, -1],
	[7, 10, 9, 9, 15, 5] => QQFieldElem[6, 0, 6, 2, 4, 3, 2, 4, 1, 5],
	[7, 10, 9, 9, 13, 5] => QQFieldElem[-2, 0, -2, 0, -2, -1, -1, -2, 0, -2],
	[7, 10, 9, 9, 5, 4] => QQFieldElem[-1, 1, 0, 0, 1, -1, 0, 1, -1, 1],
	[7, 10, 9, 9, 5, 15] => QQFieldElem[-652//1541, -403//1541, -543//1541, -291//1541, 180//1541, -976//1541, -128//1541, 503//1541, -941//1541, -191//1541])