Dict(
	[7, 13, 22, 18, 22, 9] => QQFieldElem[0, 0, 0, 0, 1, 2, 2, 1, 0, 0],
	[7, 13, 22, 18, 24, 17] => QQFieldElem[1, -4, -6, -7, -1, 1, -1, -5, -7, -4],
	[7, 13, 22, 18, 22, 7] => QQFieldElem[-1, 0, 0, 0, 0, -1, -1, 0, 0, 0],
	[7, 13, 22, 18, 12, 17] => QQFieldElem[1, 0, -3, -5, -4, -3, -3, -4, -5, -3],
	[7, 13, 22, 18, 24, 19] => QQFieldElem[-63//23, -64//23, 24//23, 67//23, 37//23, -32//23, -67//23, -15//23, 60//23, 64//23],
	[7, 13, 22, 18, 12, 19] => QQFieldElem[-9//23, -18//23, -24//23, -43//23, -75//23, -108//23, -125//23, -109//23, -64//23, -18//23],
	[7, 13, 22, 18, 14, 17] => QQFieldElem[-1, 0, 3, 4, 1, -1, -1, 1, 4, 3],
	[7, 13, 22, 18, 24, 9] => QQFieldElem[-2, -3, 0, 1, -1, -4, -5, -2, 2, 3],
	[7, 13, 22, 18, 14, 19] => QQFieldElem[59//23, 72//23, 27//23, -12//23, -22//23, 18//23, 63//23, 45//23, 3//23, -20//23],
	[7, 13, 22, 18, 12, 9] => QQFieldElem[3, 8, 13, 16, 16, 13, 8, 3, 0, -1],
	[7, 13, 22, 18, 14, 9] => QQFieldElem[2, 3, 2, 1, 1, 2, 3, 2, 0, -1],
	[7, 13, 22, 18, 24, 7] => QQFieldElem[5, 1, 3, 0, 2, 3, 3, 3, 0, 2],
	[7, 13, 22, 18, 12, 7] => QQFieldElem[0, -1, -2, -3, -3, -2, -1, 0, 0, 0],
	[7, 13, 22, 18, 14, 7] => QQFieldElem[-1, -1, -1, 0, 0, -1, -1, -1, 0, 0],
	[7, 13, 22, 18, 22, 17] => QQFieldElem[1, 3, 3, 3, 1, 0, 2, 3, 3, 2],
	[7, 13, 22, 18, 22, 19] => QQFieldElem[16//23, 9//23, -11//23, -13//23, 3//23, 8//23, 5//23, -3//23, -14//23, -14//23])