Dict(
	[8, 22, 18, 12, 17, 22] => QQFieldElem[-3, -9, -18, -26, -31, -31, -26, -18, -9, -3],
	[8, 22, 18, 12, 9, 24] => QQFieldElem[39310//39601, 49272//39601, 28038//39601, -5220//39601, -35110//39601, -64626//39601, -90479//39601, -111904//39601, -101608//39601, -61334//39601],
	[8, 22, 18, 12, 9, 17] => QQFieldElem[3, 7, 10, 6, 2, 1, 5, 9, 8, 4],
	[8, 22, 18, 12, 9, 19] => QQFieldElem[-1, 1, -1, -1, -2, -3, -3, -5, -3, -4],
	[8, 22, 18, 12, 9, 22] => QQFieldElem[1, 2, 0, -1, -2, -3, -4, -6, -5, -4],
	[8, 22, 18, 12, 19, 24] => QQFieldElem[37595//39601, 136751//39601, 278605//39601, 421673//39601, 502088//39601, 515133//39601, 446057//39601, 326262//39601, 176778//39601, 68466//39601],
	[8, 22, 18, 12, 19, 17] => QQFieldElem[-3, -4, -6, -3, -1, 0, -2, -4, -3, -2],
	[8, 22, 18, 12, 7, 24] => QQFieldElem[-17149//39601, 7073//39601, 55619//39601, 114109//39601, 167495//39601, 196516//39601, 190732//39601, 159707//39601, 113251//39601, 51936//39601],
	[8, 22, 18, 12, 19, 19] => QQFieldElem[4, 6, 14, 19, 23, 24, 20, 17, 8, 6],
	[8, 22, 18, 12, 19, 22] => QQFieldElem[4, 6, 14, 19, 23, 24, 20, 17, 8, 6],
	[8, 22, 18, 12, 7, 17] => QQFieldElem[-1, -4, -6, -4, -1, 0, -2, -5, -5, -2],
	[8, 22, 18, 12, 17, 24] => QQFieldElem[-54865//39601, -197374//39601, -378305//39601, -546524//39601, -643818//39601, -636985//39601, -533955//39601, -361147//39601, -182801//39601, -43394//39601],
	[8, 22, 18, 12, 7, 19] => QQFieldElem[-1, 0, 1, 3, 4, 5, 5, 4, 3, 1],
	[8, 22, 18, 12, 7, 22] => QQFieldElem[-1, 0, 3, 6, 8, 9, 9, 8, 6, 3],
	[8, 22, 18, 12, 17, 17] => QQFieldElem[-1, -2, -1, 0, 0, -2, -4, -4, -2, 0],
	[8, 22, 18, 12, 17, 19] => QQFieldElem[-1, -8, -15, -23, -27, -27, -23, -15, -8, -1])