Dict(
	[8, 10, 7, 10, 14, 15] => QQFieldElem[649//5963, 1196//5963, 1069//5963, 2919//5963, 996//5963, 3372//5963, 1534//5963, 2484//5963, 1980//5963, 1105//5963],
	[8, 10, 7, 10, 15, 5] => QQFieldElem[6, 1, 4, 1, 2, 1, 1, 2, 0, 5],
	[8, 10, 7, 10, 4, 5] => QQFieldElem[1, 1, 0, -3, -2, 1, 1, 1, -2, -3],
	[8, 10, 7, 10, 14, 5] => QQFieldElem[-2, 0, -2, 0, -1, 0, 0, -1, 0, -2],
	[8, 10, 7, 10, 5, 4] => QQFieldElem[-1, -1, 0, 1, 2, 4, 3, 4, 2, 1],
	[8, 10, 7, 10, 5, 15] => QQFieldElem[-2738//5963, -369//5963, 1839//5963, -4266//5963, 291//5963, 1991//5963, -2677//5963, 151//5963, -571//5963, -665//5963],
	[8, 10, 7, 10, 5, 5] => QQFieldElem[-1, -1, 0, -1, 0, 0, 0, 0, 0, -1],
	[8, 10, 7, 10, 15, 14] => QQFieldElem[4, -1, 2, 2, -2, 1, 1, -2, 4, 0],
	[8, 10, 7, 10, 4, 14] => QQFieldElem[4, 0, 3, 5, -2, 4, 4, -2, 5, 3],
	[8, 10, 7, 10, 14, 14] => QQFieldElem[0, 1, 0, 1, 1, 1, 1, 1, 0, 1],
	[8, 10, 7, 10, 5, 14] => QQFieldElem[-3, 0, -1, -3, 1, -2, -2, 1, -3, -1],
	[8, 10, 7, 10, 15, 15] => QQFieldElem[5279//5963, 1110//5963, 1740//5963, 1343//5963, -1748//5963, -4050//5963, 2720//5963, -4575//5963, 2057//5963, 2970//5963],
	[8, 10, 7, 10, 15, 4] => QQFieldElem[-5, 1, -8, -6, -13, -14, -13, -15, -7, -9],
	[8, 10, 7, 10, 4, 4] => QQFieldElem[1, 1, 0, 1, 1, 0, 1, 0, 1, 1],
	[8, 10, 7, 10, 4, 15] => QQFieldElem[-4441//5963, -1633//5963, -2721//5963, -11898//5963, -2736//5963, 2735//5963, -5076//5963, -4309//5963, -6373//5963, -5981//5963],
	[8, 10, 7, 10, 14, 4] => QQFieldElem[3, 0, 5, 4, 8, 8, 8, 8, 4, 5])