Dict(
	[8, 18, 22, 17, 22, 13] => QQFieldElem[0, 0, -1, -2, -2, -3, -3, -2, -2, -1],
	[8, 18, 22, 17, 14, 11] => QQFieldElem[0, 0, 1, -1, 1, 0, 0, 1, -1, 1],
	[8, 18, 22, 17, 22, 21] => QQFieldElem[1, 0, 1, 0, -1, 1, 0, 0, 1, -1],
	[8, 18, 22, 17, 24, 13] => QQFieldElem[1, 1, 3, 4, 4, 4, 4, 4, 3, 2],
	[8, 18, 22, 17, 24, 21] => QQFieldElem[-1, 0, 0, 0, 2, -1, 0, 1, -1, 2],
	[8, 18, 22, 17, 12, 13] => QQFieldElem[3, 0, -4, -5, -2, 2, 2, -2, -5, -4],
	[8, 18, 22, 17, 12, 21] => QQFieldElem[11, 18, 11, 0, -3, 5, 16, 16, 5, -3],
	[8, 18, 22, 17, 22, 23] => QQFieldElem[-21//23, -1//23, 1//23, -21//23, -7//23, -17//23, -16//23, 1//23, -1, -13//23],
	[8, 18, 22, 17, 14, 13] => QQFieldElem[-1, -2, -2, -1, 0, 0, -1, -2, -2, -1],
	[8, 18, 22, 17, 14, 21] => QQFieldElem[1, 0, -1, -1, -1, 0, 0, -1, -1, -1],
	[8, 18, 22, 17, 22, 11] => QQFieldElem[0, 2, 0, 0, 2, -1, 1, 1, -1, 2],
	[8, 18, 22, 17, 24, 23] => QQFieldElem[-1//23, -21//23, -6//23, 21//23, 12//23, 7//23, 0, -14//23, 9//23, 24//23],
	[8, 18, 22, 17, 12, 23] => QQFieldElem[85//23, 141//23, 121//23, 47//23, -9//23, 37//23, 120//23, 139//23, 89//23, 9//23],
	[8, 18, 22, 17, 24, 11] => QQFieldElem[-6, -2, -6, 0, -7, -1, -3, -6, 1, -8],
	[8, 18, 22, 17, 12, 11] => QQFieldElem[4, 0, 4, 0, 1, 2, 2, 2, 2, 1],
	[8, 18, 22, 17, 14, 23] => QQFieldElem[15//23, 7//23, -15//23, -33//23, -24//23, -4//23, 2//23, -8//23, -28//23, -28//23])