Dict(
	[9, 12, 13, 18, 12, 8] => QQFieldElem[0, 1, 1, 1, 0, 0, -1, -1, -1, -1],
	[9, 12, 13, 18, 14, 8] => QQFieldElem[8, 0, 7, 1, 5, 3, 3, 5, 1, 7],
	[9, 12, 13, 18, 22, 10] => QQFieldElem[-2, -3, -1, 1, 1, -1, -3, -2, 0, 2],
	[9, 12, 13, 18, 22, 18] => QQFieldElem[3, 6, 1, -3, -3, 1, 6, 3, 0, -5],
	[9, 12, 13, 18, 22, 20] => QQFieldElem[-114//23, -8, -124//23, -7//23, 30//23, -55//23, -164//23, -165//23, -66//23, 30//23],
	[9, 12, 13, 18, 24, 10] => QQFieldElem[4, 3, 4, 3, 2, 4, 2, 5, 0, 3],
	[9, 12, 13, 18, 24, 18] => QQFieldElem[4, -2, 2, 4, 3, 5, -3, 4, -2, 8],
	[9, 12, 13, 18, 22, 8] => QQFieldElem[17, 0, 16, 3, 12, 7, 7, 12, 3, 16],
	[9, 12, 13, 18, 12, 10] => QQFieldElem[0, 0, 0, -1, -3, -4, -4, -3, -1, 0],
	[9, 12, 13, 18, 12, 18] => QQFieldElem[1, 0, -2, -3, -2, 0, 0, -2, -3, -2],
	[9, 12, 13, 18, 14, 10] => QQFieldElem[0, 0, -1, -2, -2, -1, 0, 0, 0, -1],
	[9, 12, 13, 18, 14, 18] => QQFieldElem[-2, -3, -1, 1, 1, -1, -3, -2, 0, 2],
	[9, 12, 13, 18, 24, 20] => QQFieldElem[55//23, 87//23, 83//23, 40//23, 4//23, 39//23, 61//23, 101//23, 43//23, 20//23],
	[9, 12, 13, 18, 12, 20] => QQFieldElem[-36//23, -18//23, 22//23, 34//23, 14//23, -26//23, -49//23, -16//23, 37//23, 44//23],
	[9, 12, 13, 18, 24, 8] => QQFieldElem[-63, -4, -54, -17, -38, -34, -20, -51, -6, -62],
	[9, 12, 13, 18, 14, 20] => QQFieldElem[44//23, 70//23, 45//23, -2//23, -16//23, 17//23, 62//23, 68//23, 1, -10//23])