Dict(
	[9, 14, 7, 14, 18, 8] => QQFieldElem[3, 0, 3, 0, 3, 0, 2, 1, 1, 2],
	[9, 14, 7, 14, 8, 8] => QQFieldElem[-1, 0, 2, 3, 1, -1, -1, 1, 3, 2],
	[9, 14, 7, 14, 20, 10] => QQFieldElem[0, -4, -4, -3, 0, 1, -2, -3, -4, 0],
	[9, 14, 7, 14, 20, 18] => QQFieldElem[2, 1, 0, -2, -2, -2, -1, -2, -2, -1],
	[9, 14, 7, 14, 10, 8] => QQFieldElem[1, -1, 0, -1, -1, 0, -1, 1, 0, 1],
	[9, 14, 7, 14, 20, 20] => QQFieldElem[-1//23, -35//23, -44//23, -42//23, -12//23, 5//23, -5//23, -20//23, -27//23, -15//23],
	[9, 14, 7, 14, 20, 8] => QQFieldElem[-10, 1, -9, 0, -6, -3, -4, -6, -2, -9],
	[9, 14, 7, 14, 18, 10] => QQFieldElem[-1, 0, 2, 3, 1, -1, -1, 1, 3, 2],
	[9, 14, 7, 14, 18, 18] => QQFieldElem[-1, -2, -2, -1, -1, -1, -2, -2, -1, 0],
	[9, 14, 7, 14, 8, 18] => QQFieldElem[-8, -37, -53, -37, -8, 0, -22, -48, -48, -22],
	[9, 14, 7, 14, 10, 10] => QQFieldElem[1, 2, 2, 1, 0, 0, 1, 1, 1, 0],
	[9, 14, 7, 14, 10, 18] => QQFieldElem[0, 0, 1, 2, 3, 3, 3, 3, 2, 1],
	[9, 14, 7, 14, 8, 10] => QQFieldElem[-136, -175, -71, 54, 54, -71, -175, -136, 0, 74],
	[9, 14, 7, 14, 18, 20] => QQFieldElem[-11//23, -9//23, 6//23, 22//23, 6//23, -10//23, -13//23, -9//23, 14//23, 21//23],
	[9, 14, 7, 14, 8, 20] => QQFieldElem[-526//23, -898//23, -668//23, -100//23, 128//23, -252//23, -783//23, -844//23, -377//23, 76//23],
	[9, 14, 7, 14, 10, 20] => QQFieldElem[8//23, 19//23, 1, 13//23, 4//23, 2//23, -2//23, -5//23, -3//23, 3//23])