Dict(
	[9, 9, 13, 13, 19, 1] => QQFieldElem[-3, 0, 7, 9, 4, -3, -3, 4, 9, 7],
	[9, 9, 13, 13, 10, 5] => QQFieldElem[1, 0, -1, -1, -1, 0, 0, -1, -1, -1],
	[9, 9, 13, 13, 7, 1] => QQFieldElem[0, 0, 1, 1, 1, 0, 0, 1, 1, 1],
	[9, 9, 13, 13, 19, 11] => QQFieldElem[0, 0, -2, -2, -1, 1, 1, -1, -2, -2],
	[9, 9, 13, 13, 20, 13] => QQFieldElem[9//199, 0, 165//199, 168//199, 144//199, 8//199, 8//199, 144//199, 168//199, 165//199],
	[9, 9, 13, 13, 20, 15] => QQFieldElem[-18//23, 0, 55//23, 67//23, 29//23, -10//23, -10//23, 29//23, 67//23, 55//23],
	[9, 9, 13, 13, 17, 1] => QQFieldElem[-2, 0, 3, 4, 2, -1, -1, 2, 4, 3],
	[9, 9, 13, 13, 7, 11] => QQFieldElem[0, 0, 0, -1, 0, -1, -1, 0, -1, 0],
	[9, 9, 13, 13, 9, 13] => QQFieldElem[382//199, 0, 171//199, 431//199, -57//199, 229//199, 229//199, -57//199, 431//199, 171//199],
	[9, 9, 13, 13, 9, 15] => QQFieldElem[-45//23, 0, 11//23, -5//23, 15//23, -25//23, -25//23, 15//23, -5//23, 11//23],
	[9, 9, 13, 13, 10, 1] => QQFieldElem[1, 0, -1, -1, 0, 1, 1, 0, -1, -1],
	[9, 9, 13, 13, 19, 3] => QQFieldElem[1, 0, -2, -2, -1, 1, 1, -1, -2, -2],
	[9, 9, 13, 13, 17, 11] => QQFieldElem[0, 0, -1, -2, -1, -1, -1, -1, -2, -1],
	[9, 9, 13, 13, 7, 3] => QQFieldElem[4, 0, 1, 3, -1, 2, 2, -1, 3, 1],
	[9, 9, 13, 13, 10, 11] => QQFieldElem[1, 0, 0, 0, -1, -1, -1, -1, 0, 0],
	[9, 9, 13, 13, 20, 5] => QQFieldElem[3, 0, -3, -5, -1, 2, 2, -1, -5, -3],
	[9, 9, 13, 13, 17, 3] => QQFieldElem[6, 0, 1, 4, -2, 3, 3, -2, 4, 1],
	[9, 9, 13, 13, 9, 5] => QQFieldElem[4, 0, -5, -6, -3, 3, 3, -3, -6, -5],
	[9, 9, 13, 13, 10, 3] => QQFieldElem[0, 0, 0, 0, -1, -1, -1, -1, 0, 0],
	[9, 9, 13, 13, 19, 13] => QQFieldElem[82//199, 0, -155//199, -194//199, -81//199, 95//199, 95//199, -81//199, -194//199, -155//199],
	[9, 9, 13, 13, 19, 15] => QQFieldElem[38//23, 0, -65//23, -75//23, -28//23, 16//23, 16//23, -28//23, -75//23, -65//23],
	[9, 9, 13, 13, 20, 1] => QQFieldElem[1, 0, -7, -7, -4, 1, 1, -4, -7, -7],
	[9, 9, 13, 13, 7, 13] => QQFieldElem[281//199, 0, 44//199, 204//199, -81//199, 95//199, 95//199, -81//199, 204//199, 44//199],
	[9, 9, 13, 13, 9, 1] => QQFieldElem[4, 0, -8, -10, -4, 3, 3, -4, -10, -8],
	[9, 9, 13, 13, 7, 15] => QQFieldElem[-29//23, 0, -20//23, -39//23, 2//23, -34//23, -34//23, 2//23, -39//23, -20//23],
	[9, 9, 13, 13, 20, 11] => QQFieldElem[2, 0, 4, 2, 3, 1, 1, 3, 2, 4],
	[9, 9, 13, 13, 17, 13] => QQFieldElem[228//199, 0, 1//199, 77//199, -133//199, 70//199, 70//199, -133//199, 77//199, 1//199],
	[9, 9, 13, 13, 17, 15] => QQFieldElem[-5//23, 0, -55//23, -90//23, -29//23, -13//23, -13//23, -29//23, -90//23, -55//23],
	[9, 9, 13, 13, 9, 11] => QQFieldElem[-1, 0, 0, 0, 0, -1, -1, 0, 0, 0],
	[9, 9, 13, 13, 10, 13] => QQFieldElem[4//199, 0, 7//199, -58//199, -135//199, -107//199, -107//199, -135//199, -58//199, 7//199],
	[9, 9, 13, 13, 19, 5] => QQFieldElem[-3, 0, 5, 6, 2, -2, -2, 2, 6, 5],
	[9, 9, 13, 13, 20, 3] => QQFieldElem[2, 0, 4, 2, 3, 1, 1, 3, 2, 4],
	[9, 9, 13, 13, 10, 15] => QQFieldElem[-11//23, 0, -6//23, -14//23, -4//23, -24//23, -24//23, -4//23, -14//23, -6//23],
	[9, 9, 13, 13, 7, 5] => QQFieldElem[1, 0, 1, 2, 0, 0, 0, 0, 2, 1],
	[9, 9, 13, 13, 9, 3] => QQFieldElem[5, 0, 4, 8, 0, 3, 3, 0, 8, 4],
	[9, 9, 13, 13, 17, 5] => QQFieldElem[0, 0, 4, 6, 1, -1, -1, 1, 6, 4])