Dict(
	[9, 7, 9, 10, 5, 5] => QQFieldElem[0, 2, 0, 0, 2, -1, 1, 1, -1, 2],
	[9, 7, 9, 10, 3, 3] => QQFieldElem[1, 1, 1, 0, -2, 1, 1, 1, 1, -2],
	[9, 7, 9, 10, 15, 3] => QQFieldElem[0, 2, 1, -1, 4, -2, 1, 3, -3, 4],
	[9, 7, 9, 10, 13, 3] => QQFieldElem[1, 0, 0, 1, -1, 1, 1, -1, 1, 0],
	[9, 7, 9, 10, 3, 13] => QQFieldElem[-4, 0, -2, -2, -1, -2, -2, -1, -2, -2],
	[9, 7, 9, 10, 3, 15] => QQFieldElem[-1049//1541, -228//1541, -565//1541, -147//1541, -7//1541, -926//1541, -408//1541, -264//1541, -813//1541, 28//1541],
	[9, 7, 9, 10, 15, 15] => QQFieldElem[1648//1541, -1553//1541, 538//1541, 2101//1541, -2028//1541, 2060//1541, 1114//1541, -1636//1541, 2877//1541, -1134//1541],
	[9, 7, 9, 10, 5, 3] => QQFieldElem[1, -2, 1, 0, -2, 2, -1, -1, 2, -2],
	[9, 7, 9, 10, 13, 13] => QQFieldElem[-2, -2, 0, -3, -1, -1, -3, 0, -2, -2],
	[9, 7, 9, 10, 13, 15] => QQFieldElem[-771//1541, -432//1541, -665//1541, -1414//1541, -581//1541, -1349//1541, -1503//1541, -338//1541, -1216//1541, -758//1541],
	[9, 7, 9, 10, 15, 13] => QQFieldElem[4, 1, -2, 5, -4, 0, 3, -5, 5, 0],
	[9, 7, 9, 10, 3, 5] => QQFieldElem[1, 1, 1, 0, 1, 0, 1, 1, 0, 1],
	[9, 7, 9, 10, 15, 5] => QQFieldElem[-6, -2, -6, 0, -7, -1, -3, -6, 1, -8],
	[9, 7, 9, 10, 13, 5] => QQFieldElem[0, 0, 0, -1, 0, -1, -1, 0, -1, 0],
	[9, 7, 9, 10, 5, 13] => QQFieldElem[-5, 0, -2, -4, 1, -3, -3, 1, -4, -2],
	[9, 7, 9, 10, 5, 15] => QQFieldElem[-2229//1541, 394//1541, -1227//1541, -922//1541, 323//1541, -2401//1541, -106//1541, 294//1541, -2772//1541, 249//1541])