Dict(
	[10, 7, 9, 9, 5, 5] => QQFieldElem[0, 0, -1, -1, 0, 0, 0, 2, 0, 2],
	[10, 7, 9, 9, 3, 14] => QQFieldElem[4, 0, 1, 4, 0, 3, 3, 0, 4, 1],
	[10, 7, 9, 9, 15, 14] => QQFieldElem[-2, 1, -5, 3, -8, 1, -5, -3, -1, -3],
	[10, 7, 9, 9, 13, 14] => QQFieldElem[4, 0, 4, 1, 4, 0, 4, 0, 2, 2],
	[10, 7, 9, 9, 3, 4] => QQFieldElem[2, -1, 1, 1, -1, 2, 0, -1, 2, -1],
	[10, 7, 9, 9, 5, 14] => QQFieldElem[-5, 0, -2, -3, 0, -2, -2, 0, -3, -2],
	[10, 7, 9, 9, 3, 15] => QQFieldElem[1754//1541, -1095//1541, 643//1541, 1213//1541, -1354//1541, 801//1541, 4//1541, -1027//1541, 1137//1541, -909//1541],
	[10, 7, 9, 9, 15, 15] => QQFieldElem[4//1541, 305//1541, -545//1541, 985//1541, -1769//1541, -202//1541, -2098//1541, -1459//1541, -760//1541, -1710//1541],
	[10, 7, 9, 9, 13, 4] => QQFieldElem[-3, 0, -3, 0, -3, -1, -1, -3, 0, -3],
	[10, 7, 9, 9, 13, 15] => QQFieldElem[954//1541, -455//1541, 232//1541, -80//1541, -443//1541, -406//1541, 452//1541, -476//1541, 578//1541, 530//1541],
	[10, 7, 9, 9, 15, 4] => QQFieldElem[7, -1, 6, 1, 3, 4, 2, 4, 2, 5],
	[10, 7, 9, 9, 3, 5] => QQFieldElem[2, 0, 2, 2, 0, 2, 0, -1, 1, -1],
	[10, 7, 9, 9, 15, 5] => QQFieldElem[-12, 0, -10, -1, -8, -5, -5, -10, -2, -13],
	[10, 7, 9, 9, 13, 5] => QQFieldElem[6, 0, 5, 1, 3, 2, 2, 3, 1, 5],
	[10, 7, 9, 9, 5, 4] => QQFieldElem[-2, 1, -1, -1, 1, -2, 0, 0, -2, 0],
	[10, 7, 9, 9, 5, 15] => QQFieldElem[-1404//1541, -726//1541, -1330//1541, -551//1541, -104//1541, -1525//1541, -200//1541, 497//1541, -1374//1541, -780//1541])