Dict(
	[10, 8, 8, 8, 5, 5] => QQFieldElem[2, 0, 2, 1, 1, 2, 0, 2, 0, 2],
	[10, 8, 8, 8, 3, 3] => QQFieldElem[0, -1, 0, 1, 1, 0, -1, 0, 0, 2],
	[10, 8, 8, 8, 15, 3] => QQFieldElem[2, -1, 3, 0, 1, 1, 0, 2, 1, 2],
	[10, 8, 8, 8, 13, 3] => QQFieldElem[0, 0, -1, -1, -1, 0, 0, -1, -1, -1],
	[10, 8, 8, 8, 3, 13] => QQFieldElem[10, 0, 10, 1, 8, 4, 4, 8, 1, 10],
	[10, 8, 8, 8, 15, 13] => QQFieldElem[-9, 2, -12, 5, -12, 2, -6, -5, -1, -8],
	[10, 8, 8, 8, 15, 15] => QQFieldElem[-125//67, 33//67, -171//67, 22//67, -111//67, -19//67, -64//67, -50//67, -35//67, -62//67],
	[10, 8, 8, 8, 3, 15] => QQFieldElem[400//737, 283//737, 507//737, 412//737, 449//737, 101//737, 446//737, 428//737, 179//737, 788//737],
	[10, 8, 8, 8, 13, 13] => QQFieldElem[2, 0, 2, 0, 2, 0, 2, 1, 1, 2],
	[10, 8, 8, 8, 5, 3] => QQFieldElem[0, 1, 0, 1, 1, 0, 1, 0, 0, 1],
	[10, 8, 8, 8, 13, 15] => QQFieldElem[136//737, 52//737, 364//737, 258//737, 20//737, 167//737, 358//737, 175//737, 223//737, 150//737],
	[10, 8, 8, 8, 3, 5] => QQFieldElem[-4, -1, -3, -1, -1, -3, -1, -4, 0, -3],
	[10, 8, 8, 8, 15, 5] => QQFieldElem[-31, 0, -28, -5, -21, -14, -12, -22, -4, -28],
	[10, 8, 8, 8, 13, 5] => QQFieldElem[2, 0, 1, 0, 1, 1, 1, 1, 0, 1],
	[10, 8, 8, 8, 5, 13] => QQFieldElem[-5, 0, -3, -3, -1, -3, -3, -1, -3, -3],
	[10, 8, 8, 8, 5, 15] => QQFieldElem[-502//737, -322//737, -43//737, -237//737, -464//737, -42//737, -346//737, -375//737, -162//737, -532//737])