Dict(
	[10, 15, 15, 10, 1, 8] => QQFieldElem[-25//23, 0, 10//23, 2//23, 6//23, -16//23, -16//23, 6//23, 2//23, 10//23],
	[10, 15, 15, 10, 1, 17] => QQFieldElem[6, 0, 1, 5, 0, 3, 3, 0, 5, 1],
	[10, 15, 15, 10, 5, 7] => QQFieldElem[-11, 0, -9, -1, -8, -4, -4, -8, -1, -9],
	[10, 15, 15, 10, 11, 7] => QQFieldElem[0, 0, 0, 0, 1, 3, 3, 1, 0, 0],
	[10, 15, 15, 10, 2, 8] => QQFieldElem[-28//23, 0, 2//23, 5//23, -31//23, -63//23, -63//23, -31//23, 5//23, 2//23],
	[10, 15, 15, 10, 2, 17] => QQFieldElem[5, 0, 2, 1, -1, 0, 0, -1, 1, 2],
	[10, 15, 15, 10, 5, 10] => QQFieldElem[-23, 0, -20, -3, -16, -10, -10, -16, -3, -20],
	[10, 15, 15, 10, 5, 18] => QQFieldElem[24, 0, 11, 17, 1, 14, 14, 1, 17, 11],
	[10, 15, 15, 10, 11, 10] => QQFieldElem[3, 0, -7, -15, -22, -26, -26, -22, -15, -7],
	[10, 15, 15, 10, 11, 18] => QQFieldElem[-4, 0, -2, -6, -3, -7, -7, -3, -6, -2],
	[10, 15, 15, 10, 3, 6] => QQFieldElem[3, 0, -6, -16, -24, -30, -30, -24, -16, -6],
	[10, 15, 15, 10, 4, 6] => QQFieldElem[26, 0, 24, 5, 19, 12, 12, 19, 5, 24],
	[10, 15, 15, 10, 13, 6] => QQFieldElem[84, 0, 77, 13, 59, 35, 35, 59, 13, 77],
	[10, 15, 15, 10, 14, 6] => QQFieldElem[-230, 0, -212, -37, -163, -98, -98, -163, -37, -212],
	[10, 15, 15, 10, 5, 16] => QQFieldElem[-7, 0, -4, -2, -6, -1, -1, -6, -2, -4],
	[10, 15, 15, 10, 5, 20] => QQFieldElem[27//23, 0, 18//23, -8//23, 2//23, -4//23, -4//23, 2//23, -8//23, 18//23],
	[10, 15, 15, 10, 11, 16] => QQFieldElem[2, 0, -3, -3, -1, 0, 0, -1, -3, -3],
	[10, 15, 15, 10, 11, 20] => QQFieldElem[655//253, 0, -1756//253, -4162//253, -6492//253, -7877//253, -7877//253, -6492//253, -4162//253, -1756//253],
	[10, 15, 15, 10, 12, 7] => QQFieldElem[-2, 0, -2, -1, -2, -1, -1, -2, -1, -2],
	[10, 15, 15, 10, 15, 7] => QQFieldElem[57, 0, 53, 9, 40, 24, 24, 40, 9, 53],
	[10, 15, 15, 10, 5, 19] => QQFieldElem[2, 0, 1, -1, 0, -1, -1, 0, -1, 1],
	[10, 15, 15, 10, 11, 19] => QQFieldElem[19, 0, -51, -117, -177, -213, -213, -177, -117, -51],
	[10, 15, 15, 10, 5, 9] => QQFieldElem[91, 0, 84, 14, 64, 38, 38, 64, 14, 84],
	[10, 15, 15, 10, 11, 9] => QQFieldElem[4//11, 0, -12//11, -21//11, -27//11, -41//11, -41//11, -27//11, -21//11, -12//11],
	[10, 15, 15, 10, 12, 10] => QQFieldElem[-1, 0, -2, -1, -2, -2, -2, -2, -1, -2],
	[10, 15, 15, 10, 12, 18] => QQFieldElem[0, 0, -1, 0, -1, -1, -1, -1, 0, -1],
	[10, 15, 15, 10, 15, 10] => QQFieldElem[119, 0, 110, 19, 84, 50, 50, 84, 19, 110],
	[10, 15, 15, 10, 15, 18] => QQFieldElem[40, 0, 36, 7, 27, 17, 17, 27, 7, 36],
	[10, 15, 15, 10, 1, 6] => QQFieldElem[1, 0, 1, 2, 2, 3, 3, 2, 2, 1],
	[10, 15, 15, 10, 12, 16] => QQFieldElem[3, 0, 2, 2, 3, 0, 0, 3, 2, 2],
	[10, 15, 15, 10, 12, 20] => QQFieldElem[-4//253, 0, -87//253, -199//253, -347//253, -410//253, -410//253, -347//253, -199//253, -87//253],
	[10, 15, 15, 10, 15, 16] => QQFieldElem[-35, 0, -34, -6, -25, -15, -15, -25, -6, -34],
	[10, 15, 15, 10, 15, 20] => QQFieldElem[1778//253, 0, 1607//253, 285//253, 1303//253, 844//253, 844//253, 1303//253, 285//253, 1607//253],
	[10, 15, 15, 10, 2, 6] => QQFieldElem[1, 0, 11, 18, 28, 32, 32, 28, 18, 11],
	[10, 15, 15, 10, 12, 19] => QQFieldElem[-3, 0, 7, 16, 24, 29, 29, 24, 16, 7],
	[10, 15, 15, 10, 15, 19] => QQFieldElem[12, 0, 11, 2, 9, 6, 6, 9, 2, 11],
	[10, 15, 15, 10, 12, 9] => QQFieldElem[74//11, 0, 75//11, 13//11, 56//11, 39//11, 39//11, 56//11, 13//11, 75//11],
	[10, 15, 15, 10, 15, 9] => QQFieldElem[-5325//11, 0, -4892//11, -828//11, -3736//11, -2220//11, -2220//11, -3736//11, -828//11, -4892//11],
	[10, 15, 15, 10, 5, 8] => QQFieldElem[339//23, 0, 375//23, 121//23, 271//23, 136//23, 136//23, 271//23, 121//23, 375//23],
	[10, 15, 15, 10, 3, 7] => QQFieldElem[1, 0, -2, -5, -8, -11, -11, -8, -5, -2],
	[10, 15, 15, 10, 5, 17] => QQFieldElem[-29, 0, -31, -1, -24, -12, -12, -24, -1, -31],
	[10, 15, 15, 10, 11, 8] => QQFieldElem[18//23, 0, -44//23, -64//23, -31//23, 6//23, 6//23, -31//23, -64//23, -44//23],
	[10, 15, 15, 10, 4, 7] => QQFieldElem[9, 0, 7, 1, 6, 3, 3, 6, 1, 7],
	[10, 15, 15, 10, 13, 7] => QQFieldElem[24, 0, 20, 4, 17, 9, 9, 17, 4, 20],
	[10, 15, 15, 10, 14, 7] => QQFieldElem[-75, 0, -69, -11, -52, -31, -31, -52, -11, -69],
	[10, 15, 15, 10, 11, 17] => QQFieldElem[0, 0, 1, 1, 0, 1, 1, 0, 1, 1],
	[10, 15, 15, 10, 3, 10] => QQFieldElem[-5, 0, 13, 27, 38, 43, 43, 38, 27, 13],
	[10, 15, 15, 10, 3, 18] => QQFieldElem[12, 0, 11, 29, 22, 39, 39, 22, 29, 11],
	[10, 15, 15, 10, 4, 10] => QQFieldElem[15, 0, 13, 1, 9, 5, 5, 9, 1, 13],
	[10, 15, 15, 10, 13, 10] => QQFieldElem[29, 0, 26, 4, 20, 12, 12, 20, 4, 26],
	[10, 15, 15, 10, 14, 10] => QQFieldElem[-133, 0, -121, -19, -91, -53, -53, -91, -19, -121],
	[10, 15, 15, 10, 4, 18] => QQFieldElem[-21, 0, -9, -16, -1, -13, -13, -1, -16, -9],
	[10, 15, 15, 10, 14, 18] => QQFieldElem[-43, 0, -42, -3, -33, -16, -16, -33, -3, -42],
	[10, 15, 15, 10, 13, 18] => QQFieldElem[13, 0, 12, 3, 8, 6, 6, 8, 3, 12],
	[10, 15, 15, 10, 3, 16] => QQFieldElem[0, 0, 0, -1, 0, 3, 3, 0, -1, 0],
	[10, 15, 15, 10, 3, 20] => QQFieldElem[-1519//253, 0, 3963//253, 9248//253, 14271//253, 17228//253, 17228//253, 14271//253, 9248//253, 3963//253],
	[10, 15, 15, 10, 4, 16] => QQFieldElem[2, 0, 6, -1, 1, 3, 3, 1, -1, 6],
	[10, 15, 15, 10, 13, 16] => QQFieldElem[-17, 0, -18, -1, -11, -9, -9, -11, -1, -18],
	[10, 15, 15, 10, 14, 16] => QQFieldElem[52, 0, 47, 9, 37, 21, 21, 37, 9, 47],
	[10, 15, 15, 10, 4, 20] => QQFieldElem[-164//253, 0, -278//253, -316//253, -565//253, -618//253, -618//253, -565//253, -316//253, -278//253],
	[10, 15, 15, 10, 14, 20] => QQFieldElem[-1999//253, 0, -1670//253, 42//253, -804//253, -94//253, -94//253, -804//253, 42//253, -1670//253],
	[10, 15, 15, 10, 13, 20] => QQFieldElem[395//253, 0, 432//253, 107//253, 301//253, 134//253, 134//253, 301//253, 107//253, 432//253],
	[10, 15, 15, 10, 12, 17] => QQFieldElem[7, 0, 7, 1, 5, 3, 3, 5, 1, 7],
	[10, 15, 15, 10, 12, 8] => QQFieldElem[45//23, 0, 28//23, 1//23, 26//23, 15//23, 15//23, 26//23, 1//23, 28//23],
	[10, 15, 15, 10, 15, 17] => QQFieldElem[-219, 0, -201, -34, -154, -91, -91, -154, -34, -201],
	[10, 15, 15, 10, 15, 8] => QQFieldElem[-1893//23, 0, -1713//23, -269//23, -1313//23, -792//23, -792//23, -1313//23, -269//23, -1713//23],
	[10, 15, 15, 10, 1, 7] => QQFieldElem[0, 0, 1, 1, 0, 1, 1, 0, 1, 1],
	[10, 15, 15, 10, 3, 19] => QQFieldElem[-87, 0, 236, 546, 830, 1000, 1000, 830, 546, 236],
	[10, 15, 15, 10, 4, 19] => QQFieldElem[-4, 0, 7, 18, 26, 33, 33, 26, 18, 7],
	[10, 15, 15, 10, 13, 19] => QQFieldElem[3, 0, 3, 0, 1, 0, 0, 1, 0, 3],
	[10, 15, 15, 10, 14, 19] => QQFieldElem[-10, 0, -23, -26, -46, -50, -50, -46, -26, -23],
	[10, 15, 15, 10, 3, 9] => QQFieldElem[-2, 0, 2, 7, 9, 12, 12, 9, 7, 2],
	[10, 15, 15, 10, 4, 9] => QQFieldElem[-674//11, 0, -629//11, -97//11, -472//11, -280//11, -280//11, -472//11, -97//11, -629//11],
	[10, 15, 15, 10, 13, 9] => QQFieldElem[-128, 0, -117, -20, -90, -53, -53, -90, -20, -117],
	[10, 15, 15, 10, 14, 9] => QQFieldElem[6112//11, 0, 5611//11, 945//11, 4284//11, 2538//11, 2538//11, 4284//11, 945//11, 5611//11],
	[10, 15, 15, 10, 2, 7] => QQFieldElem[1, 0, 0, -3, -7, -10, -10, -7, -3, 0],
	[10, 15, 15, 10, 1, 10] => QQFieldElem[1, 0, -1, -2, -4, -5, -5, -4, -2, -1],
	[10, 15, 15, 10, 1, 18] => QQFieldElem[-30, 0, -10, -28, 5, -21, -21, 5, -28, -10],
	[10, 15, 15, 10, 5, 6] => QQFieldElem[-31, 0, -28, -5, -21, -13, -13, -21, -5, -28],
	[10, 15, 15, 10, 11, 6] => QQFieldElem[-1, 0, 3, 7, 10, 12, 12, 10, 7, 3],
	[10, 15, 15, 10, 1, 16] => QQFieldElem[-2, 0, 1, -1, -1, 0, 0, -1, -1, 1],
	[10, 15, 15, 10, 2, 10] => QQFieldElem[3, 0, -7, -18, -28, -35, -35, -28, -18, -7],
	[10, 15, 15, 10, 1, 20] => QQFieldElem[343//253, 0, -446//253, -962//253, -1680//253, -1907//253, -1907//253, -1680//253, -962//253, -446//253],
	[10, 15, 15, 10, 2, 18] => QQFieldElem[-6, 0, -9, -22, -21, -32, -32, -21, -22, -9],
	[10, 15, 15, 10, 1, 19] => QQFieldElem[3, 0, -13, -31, -45, -55, -55, -45, -31, -13],
	[10, 15, 15, 10, 2, 16] => QQFieldElem[1, 0, -1, -3, -2, -1, -1, -2, -3, -1],
	[10, 15, 15, 10, 2, 20] => QQFieldElem[1149//253, 0, -3282//253, -7542//253, -11328//253, -13661//253, -13661//253, -11328//253, -7542//253, -3282//253],
	[10, 15, 15, 10, 1, 9] => QQFieldElem[-8//11, 0, -9//11, -13//11, -1//11, -17//11, -17//11, -1//11, -13//11, -9//11],
	[10, 15, 15, 10, 2, 19] => QQFieldElem[-87, 0, 234, 541, 823, 991, 991, 823, 541, 234],
	[10, 15, 15, 10, 3, 8] => QQFieldElem[-6, 0, 11, 15, 7, -2, -2, 7, 15, 11],
	[10, 15, 15, 10, 3, 17] => QQFieldElem[-1, 0, 0, -3, -2, -3, -3, -2, -3, 0],
	[10, 15, 15, 10, 4, 8] => QQFieldElem[-252//23, 0, -258//23, -70//23, -187//23, -107//23, -107//23, -187//23, -70//23, -258//23],
	[10, 15, 15, 10, 4, 17] => QQFieldElem[25, 0, 25, 3, 18, 11, 11, 18, 3, 25],
	[10, 15, 15, 10, 14, 8] => QQFieldElem[2290//23, 0, 2120//23, 378//23, 1617//23, 955//23, 955//23, 1617//23, 378//23, 2120//23],
	[10, 15, 15, 10, 14, 17] => QQFieldElem[288, 0, 264, 45, 202, 120, 120, 202, 45, 264],
	[10, 15, 15, 10, 13, 17] => QQFieldElem[-86, 0, -81, -13, -60, -37, -37, -60, -13, -81],
	[10, 15, 15, 10, 13, 8] => QQFieldElem[-25, 0, -25, -6, -19, -10, -10, -19, -6, -25],
	[10, 15, 15, 10, 2, 9] => QQFieldElem[-39//11, 0, 7//11, 70//11, 90//11, 122//11, 122//11, 90//11, 70//11, 7//11],
	[10, 15, 15, 10, 12, 6] => QQFieldElem[-10, 0, -9, -1, -6, -3, -3, -6, -1, -9],
	[10, 15, 15, 10, 15, 6] => QQFieldElem[161, 0, 148, 25, 113, 67, 67, 113, 25, 148])