Dict(
	[12, 7, 17, 22, 21, 18] => QQFieldElem[-38//67, 0, -53//67, -54//67, 49//67, -75//67, -75//67, 49//67, -54//67, -53//67],
	[12, 7, 17, 22, 23, 8] => QQFieldElem[8, 0, 7, 1, 6, 3, 3, 6, 1, 7],
	[12, 7, 17, 22, 13, 18] => QQFieldElem[33//67, 0, 9//67, 61//67, 65//67, 81//67, 81//67, 65//67, 61//67, 9//67],
	[12, 7, 17, 22, 23, 6] => QQFieldElem[1, 0, 1, 0, 1, 0, 0, 1, 0, 1],
	[12, 7, 17, 22, 21, 16] => QQFieldElem[-2, 0, -1, -2, 0, -2, -2, 0, -2, -1],
	[12, 7, 17, 22, 13, 16] => QQFieldElem[0, 0, 1, 2, 2, 3, 3, 2, 2, 1],
	[12, 7, 17, 22, 21, 8] => QQFieldElem[-4, 0, -1, -4, 0, -3, -3, 0, -4, -1],
	[12, 7, 17, 22, 13, 8] => QQFieldElem[0, 0, 1, 3, 4, 5, 5, 4, 3, 1],
	[12, 7, 17, 22, 21, 6] => QQFieldElem[-5, 0, 2, 4, 12, 11, 11, 12, 4, 2],
	[12, 7, 17, 22, 11, 18] => QQFieldElem[-33//67, 0, 58//67, 6//67, -65//67, 53//67, 53//67, -65//67, 6//67, 58//67],
	[12, 7, 17, 22, 13, 6] => QQFieldElem[3, 0, -7, -16, -25, -30, -30, -25, -16, -7],
	[12, 7, 17, 22, 11, 16] => QQFieldElem[1, 0, 1, 1, 0, 1, 1, 0, 1, 1],
	[12, 7, 17, 22, 23, 18] => QQFieldElem[60//67, 0, 126//67, -17//67, 39//67, 62//67, 62//67, 39//67, -17//67, 126//67],
	[12, 7, 17, 22, 11, 8] => QQFieldElem[-2, 0, -1, 0, -2, 0, 0, -2, 0, -1],
	[12, 7, 17, 22, 11, 6] => QQFieldElem[1, 0, 0, 0, -1, -1, -1, -1, 0, 0],
	[12, 7, 17, 22, 23, 16] => QQFieldElem[18, 0, 16, 3, 13, 7, 7, 13, 3, 16])