Dict(
	[12, 18, 18, 17, 18, 17] => QQFieldElem[26, 0, 24, 5, 18, 12, 11, 19, 4, 24],
	[12, 18, 18, 17, 18, 19] => QQFieldElem[-1, 1, -1, 0, -2, -2, -2, -2, -1, -1],
	[12, 18, 18, 17, 18, 22] => QQFieldElem[-10, 1, -9, -2, -8, -5, -4, -7, -1, -10],
	[12, 18, 18, 17, 21, 24] => QQFieldElem[-32//253, -163//253, -217//253, -359//253, -292//253, -247//253, -213//253, -58//253, 31//253, 87//253],
	[12, 18, 18, 17, 21, 17] => QQFieldElem[8, 0, 6, 1, 3, 3, 1, 6, 0, 8],
	[12, 18, 18, 17, 21, 19] => QQFieldElem[0, 0, 2, 4, 6, 7, 7, 6, 4, 2],
	[12, 18, 18, 17, 21, 22] => QQFieldElem[-4, -1, -4, -2, -3, -3, -2, -4, -1, -4],
	[12, 18, 18, 17, 16, 24] => QQFieldElem[51//253, 157//253, 164//253, 248//253, 244//253, 196//253, 126//253, 45//253, 85//253, 59//253],
	[12, 18, 18, 17, 16, 17] => QQFieldElem[-3, 0, -3, -1, -2, -2, -1, -3, 0, -3],
	[12, 18, 18, 17, 16, 19] => QQFieldElem[-1, 0, 0, 0, 1, 1, 1, 1, 0, 0],
	[12, 18, 18, 17, 16, 22] => QQFieldElem[1, -1, 0, 0, 1, 1, 0, 0, -1, 1],
	[12, 18, 18, 17, 23, 24] => QQFieldElem[324//253, 164//253, 521//253, 251//253, 553//253, 382//253, 354//253, 271//253, 34//253, 226//253],
	[12, 18, 18, 17, 23, 17] => QQFieldElem[-40, 0, -35, -6, -25, -16, -14, -28, -5, -37],
	[12, 18, 18, 17, 23, 19] => QQFieldElem[3, 0, 1, -3, -3, -5, -5, -4, -3, 0],
	[12, 18, 18, 17, 23, 22] => QQFieldElem[18, 1, 17, 4, 13, 9, 8, 14, 3, 17],
	[12, 18, 18, 17, 18, 24] => QQFieldElem[-13//23, -8//23, -40//23, -33//23, -41//23, -22//23, -24//23, -25//23, -14//23, -20//23])