Dict(
	[12, 17, 17, 17, 16, 23] => QQFieldElem[445//253, 472//253, 37//253, 383//253, 234//253, 217//253, 519//253, 95//253, 320//253, 490//253],
	[12, 17, 17, 17, 23, 21] => QQFieldElem[12, 1, 10, 3, 8, 5, 6, 8, 2, 11],
	[12, 17, 17, 17, 23, 18] => QQFieldElem[-1, -1, 0, -3, 0, -2, -2, 0, -2, 0],
	[12, 17, 17, 17, 18, 21] => QQFieldElem[-5, 0, -5, -1, -4, -2, -2, -4, -1, -5],
	[12, 17, 17, 17, 18, 18] => QQFieldElem[-1, 1, -1, 0, 0, -1, 0, 0, -1, 0],
	[12, 17, 17, 17, 23, 16] => QQFieldElem[-22, 0, -21, -4, -16, -10, -9, -16, -3, -20],
	[12, 17, 17, 17, 21, 21] => QQFieldElem[-2, -1, -1, -2, -1, -1, -2, -1, -1, -2],
	[12, 17, 17, 17, 21, 18] => QQFieldElem[2, 0, 1, 2, 0, 2, 2, 0, 2, 1],
	[12, 17, 17, 17, 18, 16] => QQFieldElem[12, 0, 11, 2, 8, 5, 5, 8, 2, 11],
	[12, 17, 17, 17, 23, 23] => QQFieldElem[37//23, 21//23, 13//23, 32//23, 30//23, 6//23, 40//23, 11//23, 8//23, 41//23],
	[12, 17, 17, 17, 21, 16] => QQFieldElem[1, 0, 2, 1, 2, 2, 1, 2, 0, 1],
	[12, 17, 17, 17, 18, 23] => QQFieldElem[-62//253, -47//253, -120//253, 16//253, -123//253, -20//253, -49//253, -144//253, -19//253, -37//253],
	[12, 17, 17, 17, 16, 21] => QQFieldElem[1, 0, -1, 1, 0, 0, 1, -1, 0, 1],
	[12, 17, 17, 17, 16, 18] => QQFieldElem[-8, 0, -2, -7, 1, -5, -5, 1, -7, -2],
	[12, 17, 17, 17, 21, 23] => QQFieldElem[-321//253, -378//253, -50//253, -415//253, -241//253, -177//253, -421//253, -60//253, -282//253, -416//253],
	[12, 17, 17, 17, 16, 16] => QQFieldElem[2, 1, 0, 2, 0, 0, 2, 0, 1, 2])