Dict(
	[12, 13, 18, 7, 8, 22] => QQFieldElem[0, 0, 0, 1, 1, 1, 1, 1, 1, 0],
	[12, 13, 18, 7, 18, 14] => QQFieldElem[-2, 1, -1, 1, 2, 1, 3, 1, 1, 0],
	[12, 13, 18, 7, 8, 14] => QQFieldElem[0, -1, 0, -1, -1, 0, -1, 0, 0, 0],
	[12, 13, 18, 7, 16, 12] => QQFieldElem[-3, -5, -6, -5, -3, 0, 3, 4, 4, 3],
	[12, 13, 18, 7, 16, 24] => QQFieldElem[23, 0, -67, -155, -233, -282, -282, -233, -155, -67],
	[12, 13, 18, 7, 16, 22] => QQFieldElem[-2, -4, -4, -4, -2, 0, 2, 3, 3, 2],
	[12, 13, 18, 7, 6, 12] => QQFieldElem[-1, -9, -14, -9, -1, 0, -6, -12, -12, -6],
	[12, 13, 18, 7, 6, 24] => QQFieldElem[1, 0, 0, 2, 4, 6, 6, 4, 2, 0],
	[12, 13, 18, 7, 16, 14] => QQFieldElem[1, 0, -1, -1, -3, -3, -3, -3, -1, -1],
	[12, 13, 18, 7, 6, 22] => QQFieldElem[-3, -8, -10, -8, -3, 0, -4, -11, -11, -4],
	[12, 13, 18, 7, 6, 14] => QQFieldElem[0, 0, 0, -1, -1, 1, 1, -1, -1, 0],
	[12, 13, 18, 7, 18, 12] => QQFieldElem[2, 5, 6, 4, 3, 0, -3, -4, -5, -3],
	[12, 13, 18, 7, 18, 24] => QQFieldElem[-20, -5, 47, 111, 171, 211, 210, 176, 118, 49],
	[12, 13, 18, 7, 8, 24] => QQFieldElem[-9, -21, -30, -37, -37, -30, -21, -9, 0, 2],
	[12, 13, 18, 7, 8, 12] => QQFieldElem[0, 0, 1, 2, 2, 3, 3, 2, 2, 1],
	[12, 13, 18, 7, 18, 22] => QQFieldElem[1, 4, 3, 4, 1, 0, -2, -4, -3, -3])