Dict(
	[13, 12, 9, 8, 18, 12] => QQFieldElem[-1, -1, -1, -1, -1, 0, 1, 1, 1, 1],
	[13, 12, 9, 8, 8, 12] => QQFieldElem[0, 0, 0, 1, -1, 1, 1, -1, 1, 0],
	[13, 12, 9, 8, 20, 4] => QQFieldElem[1, 0, 3, 2, 2, 0, 0, 2, 2, 3],
	[13, 12, 9, 8, 10, 12] => QQFieldElem[0, 0, -1, -1, 0, -2, -2, 0, -1, -1],
	[13, 12, 9, 8, 20, 2] => QQFieldElem[4, 0, 2, -1, 2, 2, 2, 2, -1, 2],
	[13, 12, 9, 8, 18, 14] => QQFieldElem[-12//23, 3//23, 18//23, -2//23, -19//23, 5//23, 27//23, 7//23, -8//23, 4//23],
	[13, 12, 9, 8, 8, 14] => QQFieldElem[-10//23, -5//23, 18//23, 3//23, -22//23, 12//23, 21//23, -20//23, -8//23, 20//23],
	[13, 12, 9, 8, 10, 14] => QQFieldElem[-1//23, -2//23, 7//23, 2//23, -18//23, 2//23, 11//23, -11//23, 2//23, 13//23],
	[13, 12, 9, 8, 20, 12] => QQFieldElem[1, -1, 0, -1, 1, 0, 0, -1, -1, 0],
	[13, 12, 9, 8, 18, 4] => QQFieldElem[1, 0, -1, 0, 1, 0, 0, 1, 0, -1],
	[13, 12, 9, 8, 8, 4] => QQFieldElem[-1, 1, 0, 0, 0, 0, 1, -1, 0, 1],
	[13, 12, 9, 8, 20, 14] => QQFieldElem[-28//23, -60//23, -37//23, -10//23, 12//23, -17//23, -47//23, -56//23, -27//23, 10//23],
	[13, 12, 9, 8, 10, 4] => QQFieldElem[0, 1, 0, 0, 0, 0, 1, 0, 0, 1],
	[13, 12, 9, 8, 8, 2] => QQFieldElem[2, -1, 2, 0, 0, 2, -1, 2, 0, 1],
	[13, 12, 9, 8, 18, 2] => QQFieldElem[0, 0, 0, 0, -1, -1, -1, -1, 0, 0],
	[13, 12, 9, 8, 10, 2] => QQFieldElem[0, 1, 0, 1, 1, 0, 1, 0, 0, 1])