Dict(
	[14, 13, 18, 7, 18, 14] => QQFieldElem[1, 0, -1, -1, 0, 1, 1, 0, -1, -1],
	[14, 13, 18, 7, 8, 14] => QQFieldElem[-178, -229, -93, 71, 71, -93, -229, -178, 0, 97],
	[14, 13, 18, 7, 10, 14] => QQFieldElem[-2, -4, -4, -2, 0, -1, -3, -5, -3, -1],
	[14, 13, 18, 7, 20, 12] => QQFieldElem[-11, -1, -10, -3, -7, -5, -4, -7, -1, -10],
	[14, 13, 18, 7, 20, 24] => QQFieldElem[0, 0, 1, 1, 0, -1, -1, 0, 1, 1],
	[14, 13, 18, 7, 20, 22] => QQFieldElem[0, 0, 2, 3, 4, 2, 1, 0, 0, 1],
	[14, 13, 18, 7, 20, 14] => QQFieldElem[1, 2, 5, 4, 1, 0, 0, 4, 4, 4],
	[14, 13, 18, 7, 18, 12] => QQFieldElem[2, 1, 2, 1, 2, 0, 1, 0, 0, 1],
	[14, 13, 18, 7, 18, 24] => QQFieldElem[8//23, 7//23, 1//23, 0, 4//23, 19//23, 27//23, 12//23, 2//23, 0],
	[14, 13, 18, 7, 8, 24] => QQFieldElem[-1718//23, -2891//23, -2137//23, -328//23, 406//23, -798//23, -2514//23, -2739//23, -1226//23, 264//23],
	[14, 13, 18, 7, 10, 12] => QQFieldElem[3, 0, 2, 1, 1, 2, 0, 3, 0, 3],
	[14, 13, 18, 7, 10, 24] => QQFieldElem[-12//23, -32//23, -39//23, -30//23, -6//23, 1//23, -24//23, -2, -41//23, -14//23],
	[14, 13, 18, 7, 8, 12] => QQFieldElem[-1, 0, 2, 3, 1, -1, -1, 1, 3, 2],
	[14, 13, 18, 7, 18, 22] => QQFieldElem[0, -1, -2, -3, -4, -3, -2, -1, 0, 0],
	[14, 13, 18, 7, 8, 22] => QQFieldElem[-20, -91, -130, -91, -20, 0, -54, -119, -119, -54],
	[14, 13, 18, 7, 10, 22] => QQFieldElem[1, 0, -1, -1, 0, 1, 1, 0, -1, -1])