Dict(
	[14, 10, 10, 13, 12, 10] => QQFieldElem[3, 0, 3, 1, 2, 1, 1, 2, 1, 3],
	[14, 10, 10, 13, 12, 18] => QQFieldElem[-15, 0, -15, 0, -14, -3, -9, -9, -3, -14],
	[14, 10, 10, 13, 15, 10] => QQFieldElem[39, 0, 35, 7, 27, 18, 15, 28, 5, 37],
	[14, 10, 10, 13, 15, 18] => QQFieldElem[-90, 6, -88, -3, -72, -25, -46, -52, -20, -76],
	[14, 10, 10, 13, 4, 10] => QQFieldElem[4, 1, 4, 2, 3, 3, 2, 4, 1, 4],
	[14, 10, 10, 13, 4, 18] => QQFieldElem[9, 0, 9, 1, 7, 4, 4, 7, 1, 9],
	[14, 10, 10, 13, 14, 10] => QQFieldElem[-32, -1, -30, -7, -23, -15, -14, -24, -6, -30],
	[14, 10, 10, 13, 14, 18] => QQFieldElem[94, -8, 93, 2, 75, 25, 49, 52, 22, 78],
	[14, 10, 10, 13, 2, 20] => QQFieldElem[1537//253, 3789//253, 6019//253, 7479//253, 7542//253, 6274//253, 4214//253, 2011//253, 369//253, -360//253],
	[14, 10, 10, 13, 12, 20] => QQFieldElem[160//253, 56//253, 73//253, 24//253, -58//253, -30//253, 53//253, 37//253, 98//253, 71//253],
	[14, 10, 10, 13, 15, 20] => QQFieldElem[585//253, 15//253, 765//253, 151//253, 626//253, 254//253, 344//253, 412//253, 216//253, 647//253],
	[14, 10, 10, 13, 2, 8] => QQFieldElem[-1, -3, -4, -4, -4, -4, -4, -4, -3, -1],
	[14, 10, 10, 13, 4, 20] => QQFieldElem[32//253, 163//253, 217//253, 359//253, 292//253, 247//253, 213//253, 58//253, -31//253, -87//253],
	[14, 10, 10, 13, 14, 20] => QQFieldElem[-721//253, -265//253, -865//253, -475//253, -855//253, -608//253, -680//253, -532//253, -274//253, -467//253],
	[14, 10, 10, 13, 12, 8] => QQFieldElem[3, 0, 2, 1, 2, 1, 1, 2, 1, 2],
	[14, 10, 10, 13, 2, 19] => QQFieldElem[-5, 0, 12, 28, 44, 53, 53, 44, 28, 12],
	[14, 10, 10, 13, 15, 8] => QQFieldElem[13, -1, 11, 3, 9, 5, 5, 10, 1, 11],
	[14, 10, 10, 13, 5, 18] => QQFieldElem[-17, 0, -15, -3, -12, -7, -7, -12, -3, -15],
	[14, 10, 10, 13, 12, 19] => QQFieldElem[0, 1, 0, 0, 1, -1, 0, 0, -1, 1],
	[14, 10, 10, 13, 4, 8] => QQFieldElem[2, 1, 2, 1, 2, 2, 1, 2, 1, 2],
	[14, 10, 10, 13, 15, 19] => QQFieldElem[5, -1, 4, -2, 0, -2, -2, -1, -1, 2],
	[14, 10, 10, 13, 14, 8] => QQFieldElem[-14, -1, -13, -3, -11, -7, -6, -11, -3, -13],
	[14, 10, 10, 13, 2, 9] => QQFieldElem[0, 1, 2, 3, 4, 4, 3, 2, 1, 0],
	[14, 10, 10, 13, 4, 19] => QQFieldElem[0, 0, -2, -4, -6, -7, -7, -6, -4, -2],
	[14, 10, 10, 13, 5, 10] => QQFieldElem[-8, 0, -6, -2, -5, -5, -2, -6, 0, -8],
	[14, 10, 10, 13, 14, 19] => QQFieldElem[-5, -1, -3, 3, 2, 6, 5, 4, 4, -1],
	[14, 10, 10, 13, 12, 9] => QQFieldElem[-14, 0, -12, -3, -9, -6, -6, -9, -3, -12],
	[14, 10, 10, 13, 15, 9] => QQFieldElem[-152, -3, -138, -28, -104, -69, -60, -112, -21, -143],
	[14, 10, 10, 13, 5, 20] => QQFieldElem[139//253, 36//253, 65//253, -93//253, 35//253, 53//253, 16//253, 78//253, 63//253, 136//253],
	[14, 10, 10, 13, 4, 9] => QQFieldElem[-15, -1, -13, -5, -9, -9, -5, -13, -1, -15],
	[14, 10, 10, 13, 14, 9] => QQFieldElem[129, 1, 118, 23, 89, 57, 53, 93, 19, 120],
	[14, 10, 10, 13, 5, 8] => QQFieldElem[-2, 1, -2, -1, -1, -1, -1, -2, 1, -2],
	[14, 10, 10, 13, 5, 19] => QQFieldElem[1, 0, 2, 3, 4, 5, 5, 4, 3, 2],
	[14, 10, 10, 13, 5, 9] => QQFieldElem[32, 3, 27, 10, 19, 19, 10, 27, 3, 32],
	[14, 10, 10, 13, 2, 10] => QQFieldElem[-1, -2, 1, 8, 14, 14, 8, 1, -2, -1],
	[14, 10, 10, 13, 2, 18] => QQFieldElem[1, 0, 0, 0, -1, -1, -1, -1, 0, 0])