Dict(
	[15, 15, 4, 4, 15, 1] => QQFieldElem[3, 0, 3, 1, 2, 1, 1, 2, 1, 3],
	[15, 15, 4, 4, 13, 1] => QQFieldElem[4, 0, 8, 5, 5, 1, 1, 5, 5, 8],
	[15, 15, 4, 4, 14, 1] => QQFieldElem[-2, 0, 5, 7, 2, -2, -2, 2, 7, 5],
	[15, 15, 4, 4, 12, 3] => QQFieldElem[0, 0, 0, 0, 1, 0, 0, 1, 0, 0],
	[15, 15, 4, 4, 15, 3] => QQFieldElem[-9, 0, -9, -1, -7, -4, -4, -7, -1, -9],
	[15, 15, 4, 4, 13, 3] => QQFieldElem[-14, 0, -13, -3, -10, -7, -7, -10, -3, -13],
	[15, 15, 4, 4, 14, 3] => QQFieldElem[1, 0, 1, 1, 1, 2, 2, 1, 1, 1],
	[15, 15, 4, 4, 12, 4] => QQFieldElem[-5, 0, -2, -5, 1, -4, -4, 1, -5, -2],
	[15, 15, 4, 4, 15, 4] => QQFieldElem[-10, 0, -5, -6, -1, -5, -5, -1, -6, -5],
	[15, 15, 4, 4, 13, 4] => QQFieldElem[-9, 0, -5, -5, -2, -5, -5, -2, -5, -5],
	[15, 15, 4, 4, 14, 4] => QQFieldElem[-6, 0, -1, -5, 1, -3, -3, 1, -5, -1],
	[15, 15, 4, 4, 12, 5] => QQFieldElem[6//11, 0, -6//11, 2//11, 7//11, -6//11, -6//11, 7//11, 2//11, -6//11],
	[15, 15, 4, 4, 15, 5] => QQFieldElem[-28//11, 0, -20//11, -4//11, -21//11, -7//11, -7//11, -21//11, -4//11, -20//11],
	[15, 15, 4, 4, 13, 5] => QQFieldElem[-27//11, 0, -26//11, -8//11, -19//11, -16//11, -16//11, -19//11, -8//11, -26//11],
	[15, 15, 4, 4, 14, 5] => QQFieldElem[17//11, 0, -7//11, 7//11, 9//11, -1//11, -1//11, 9//11, 7//11, -7//11],
	[15, 15, 4, 4, 12, 1] => QQFieldElem[1, 0, -2, -2, -1, 1, 1, -1, -2, -2])