Dict(
	[16, 23, 22, 19, 19, 13] => QQFieldElem[-6, 0, -6, 0, -5, 0, -5, -2, -3, -4],
	[16, 23, 22, 19, 19, 18] => QQFieldElem[-200//67, 16//67, -161//67, -2//67, -163//67, -32//67, -77//67, -82//67, -23//67, -143//67],
	[16, 23, 22, 19, 24, 13] => QQFieldElem[6, -6, 6, -3, 0, 2, 0, 1, 4, 1],
	[16, 23, 22, 19, 24, 18] => QQFieldElem[3, 0, 2, -1, 2, 1, 1, 2, -1, 2],
	[16, 23, 22, 19, 4, 13] => QQFieldElem[0, 0, 0, -2, -1, 1, 1, 1, -1, -2],
	[16, 23, 22, 19, 19, 8] => QQFieldElem[-28, -22, -5, -43, 13, -57, 21, -59, 16, -48],
	[16, 23, 22, 19, 14, 13] => QQFieldElem[-1, 3, -1, 0, 3, -3, 2, 1, -2, 3],
	[16, 23, 22, 19, 19, 23] => QQFieldElem[-2, 1, -1, 0, -1, 0, -1, -3, -2, -2],
	[16, 23, 22, 19, 4, 18] => QQFieldElem[-55//67, -76//67, 11//67, 110//67, 121//67, 18//67, -120//67, -113//67, -8//67, 26//67],
	[16, 23, 22, 19, 14, 18] => QQFieldElem[33//67, -8//67, 47//67, 68//67, 48//67, 16//67, 5//67, -26//67, 45//67, 38//67],
	[16, 23, 22, 19, 24, 8] => QQFieldElem[6, 19, -12, 34, -23, 41, -24, 38, -16, 25],
	[16, 23, 22, 19, 24, 23] => QQFieldElem[2, 0, 2, 1, 2, 3, 3, 3, 2, 4],
	[16, 23, 22, 19, 4, 8] => QQFieldElem[0, -1, -1, -1, -1, -1, -1, -1, -1, 0],
	[16, 23, 22, 19, 14, 8] => QQFieldElem[13, 3, 9, 8, 4, 13, 0, 15, -1, 15],
	[16, 23, 22, 19, 4, 23] => QQFieldElem[4, 4, 0, -1, 0, -1, 0, 4, 4, 0],
	[16, 23, 22, 19, 14, 23] => QQFieldElem[-2, -2, 0, -1, -1, -1, -1, -1, -2, -1])