Dict(
	[17, 10, 15, 12, 18, 25] => QQFieldElem[1, -1, -2, -2, -2, -2, 0, 1, 1, 3],
	[17, 10, 15, 12, 16, 24] => QQFieldElem[-9, 0, -8, 1, -6, -2, -6, -4, -2, -5],
	[17, 10, 15, 12, 8, 25] => QQFieldElem[1, 2, 4, 6, 7, 7, 6, 4, 2, 1],
	[17, 10, 15, 12, 18, 15] => QQFieldElem[681//67, 18//67, 595//67, 146//67, 445//67, 349//67, 227//67, 527//67, 54//67, 691//67],
	[17, 10, 15, 12, 8, 15] => QQFieldElem[-307//67, -9//67, -264//67, -73//67, -189//67, -141//67, -80//67, -230//67, -27//67, -312//67],
	[17, 10, 15, 12, 6, 24] => QQFieldElem[0, 1, -2, -1, -2, 1, 1, 0, -1, -2],
	[17, 10, 15, 12, 16, 14] => QQFieldElem[-2, -1, -1, 1, 0, -1, -2, -1, 0, 0],
	[17, 10, 15, 12, 16, 25] => QQFieldElem[-1, -1, 1, -2, -2, 0, -2, 0, 0, -3],
	[17, 10, 15, 12, 6, 14] => QQFieldElem[2, 2, 1, -1, -1, -1, -1, -2, -3, -2],
	[17, 10, 15, 12, 18, 24] => QQFieldElem[11, 0, 12, 1, 9, 3, 7, 7, 4, 9],
	[17, 10, 15, 12, 8, 24] => QQFieldElem[2, -1, 2, 0, 2, 0, 0, 0, 0, 2],
	[17, 10, 15, 12, 16, 15] => QQFieldElem[-226//67, -47//67, -128//67, 58//67, -116//67, -111//67, -120//67, -144//67, 60//67, -133//67],
	[17, 10, 15, 12, 6, 25] => QQFieldElem[-1, -1, -3, -2, -2, -4, -3, -3, -2, 1],
	[17, 10, 15, 12, 18, 14] => QQFieldElem[2, 1, 2, 0, 0, -1, 0, 1, 1, 1],
	[17, 10, 15, 12, 8, 14] => QQFieldElem[-2, -2, -2, 0, 1, 2, 2, 2, 2, 1],
	[17, 10, 15, 12, 6, 15] => QQFieldElem[2, 0, 0, -1, 0, 1, 1, 0, -1, 0])