Dict(
	[17, 18, 21, 22, 23, 2] => QQFieldElem[-31, 6, -33, 6, -31, 0, -21, -11, -11, -21],
	[17, 18, 21, 22, 18, 2] => QQFieldElem[15, -6, 20, -9, 20, -6, 15, 0, 8, 8],
	[17, 18, 21, 22, 8, 2] => QQFieldElem[0, 0, 0, 1, -1, 0, 1, 0, -1, 1],
	[17, 18, 21, 22, 23, 12] => QQFieldElem[7, -1, 7, 0, 6, 1, 4, 4, 1, 6],
	[17, 18, 21, 22, 13, 2] => QQFieldElem[1, 0, 0, 0, 1, 0, 0, 0, 1, 0],
	[17, 18, 21, 22, 23, 17] => QQFieldElem[3, 0, 2, 0, 1, 1, 1, 1, 0, 2],
	[17, 18, 21, 22, 18, 12] => QQFieldElem[-4, 1, -4, 1, -4, 0, -3, -1, -1, -3],
	[17, 18, 21, 22, 8, 12] => QQFieldElem[0, -2, -1, -1, -1, 0, -1, -1, -1, -2],
	[17, 18, 21, 22, 23, 22] => QQFieldElem[38//23, 11//23, 32//23, 8//23, 19//23, 13//23, 10//23, 20//23, 2//23, 39//23],
	[17, 18, 21, 22, 18, 17] => QQFieldElem[-1, 1, -1, 0, -1, 0, 0, 0, 0, -1],
	[17, 18, 21, 22, 8, 17] => QQFieldElem[0, -2, -1, 1, 1, 1, -1, -2, 0, 0],
	[17, 18, 21, 22, 18, 22] => QQFieldElem[-28//23, 4//23, -3//23, 5//23, -14//23, -12//23, -11//23, 1//23, 7//23, -13//23],
	[17, 18, 21, 22, 8, 22] => QQFieldElem[-3//23, -16//23, -11//23, -20//23, 10//23, 25//23, -2//23, -4//23, -28//23, -40//23],
	[17, 18, 21, 22, 13, 12] => QQFieldElem[0, 0, 0, 0, 0, 0, 0, 0, -1, -1],
	[17, 18, 21, 22, 13, 17] => QQFieldElem[1, 6, 9, 6, 1, 0, 4, 9, 9, 4],
	[17, 18, 21, 22, 13, 22] => QQFieldElem[-73//23, -121//23, -145//23, -134//23, -94//23, -51//23, 5//23, 56//23, 70//23, 54//23])