Dict(
	[18, 22, 18, 7, 14, 14] => QQFieldElem[0, 0, 1, 1, 0, 0, 0, 0, 1, 0],
	[18, 22, 18, 7, 22, 12] => QQFieldElem[1, 1, 1, 0, 2, -1, 1, 1, -1, 2],
	[18, 22, 18, 7, 22, 24] => QQFieldElem[-9//23, -16//23, -11//23, -10//23, -11//23, -14//23, -5//23, -5//23, -11//23, -2//23],
	[18, 22, 18, 7, 22, 22] => QQFieldElem[0, 0, 0, 1, 0, 0, 0, 0, 1, 1],
	[18, 22, 18, 7, 22, 14] => QQFieldElem[0, 0, 1, 2, 3, 3, 3, 3, 2, 1],
	[18, 22, 18, 7, 24, 12] => QQFieldElem[-10, 1, -10, -1, -6, -5, -2, -8, 0, -9],
	[18, 22, 18, 7, 24, 24] => QQFieldElem[10//23, 22//23, 28//23, 34//23, 21//23, 2//23, 20//23, 21//23, 19//23, 29//23],
	[18, 22, 18, 7, 12, 12] => QQFieldElem[1, 2, 2, 2, 0, 0, 2, 2, 2, 1],
	[18, 22, 18, 7, 12, 24] => QQFieldElem[56//23, 293//23, 433//23, 318//23, 79//23, -11//23, 153//23, 381//23, 405//23, 194//23],
	[18, 22, 18, 7, 24, 22] => QQFieldElem[3, 2, 4, 1, 1, 1, 3, 3, 2, 1],
	[18, 22, 18, 7, 14, 12] => QQFieldElem[3, -2, 3, 0, 0, 3, -2, 3, 0, 1],
	[18, 22, 18, 7, 14, 24] => QQFieldElem[-3//23, -20//23, -4//23, -9//23, -16//23, -6//23, -24//23, -19//23, -3//23, -15//23],
	[18, 22, 18, 7, 12, 22] => QQFieldElem[59, 91, 59, 0, -17, 28, 82, 82, 28, -17],
	[18, 22, 18, 7, 14, 22] => QQFieldElem[-1, 0, 0, 0, 0, -1, -1, 0, 0, 0],
	[18, 22, 18, 7, 24, 14] => QQFieldElem[2, 2, 1, -1, -2, -2, -1, 0, -1, 0],
	[18, 22, 18, 7, 12, 14] => QQFieldElem[29, 37, 15, -11, -11, 15, 37, 29, 0, -16])