Dict(
	[18, 22, 22, 8, 23, 17] => QQFieldElem[-4, 1, -6, -2, -5, -1, -1, -3, -2, -6],
	[18, 22, 22, 8, 23, 19] => QQFieldElem[7, 0, 6, 3, 4, 6, 2, 7, 1, 7],
	[18, 22, 22, 8, 23, 22] => QQFieldElem[15, 0, 14, 1, 11, 5, 7, 9, 2, 12],
	[18, 22, 22, 8, 21, 24] => QQFieldElem[50//737, -417//737, -433//737, -372//737, -190//737, -239//737, 86//737, 367//737, 263//737, 291//737],
	[18, 22, 22, 8, 21, 17] => QQFieldElem[1, -1, 0, -1, 1, 0, 0, -1, -1, 0],
	[18, 22, 22, 8, 21, 19] => QQFieldElem[1, 0, 1, -1, 0, -1, -1, 0, -1, 1],
	[18, 22, 22, 8, 21, 22] => QQFieldElem[-3, 0, -4, 0, -3, 0, -2, -1, -1, -2],
	[18, 22, 22, 8, 13, 24] => QQFieldElem[-586//737, -655//737, -1175//737, -1035//737, -1016//737, -766//737, -153//737, -233//737, 72//737, -492//737],
	[18, 22, 22, 8, 13, 17] => QQFieldElem[4, 3, 9, 5, 4, 1, 3, 7, 6, 6],
	[18, 22, 22, 8, 13, 19] => QQFieldElem[-5, -1, -4, -3, -3, -4, -2, -5, -1, -6],
	[18, 22, 22, 8, 13, 22] => QQFieldElem[-8, 0, -7, -1, -6, -3, -3, -4, 0, -6],
	[18, 22, 22, 8, 11, 24] => QQFieldElem[276//737, 882//737, 1059//737, 983//737, 720//737, 479//737, 62//737, -421//737, -376//737, -133//737],
	[18, 22, 22, 8, 11, 17] => QQFieldElem[-1, -3, -5, -3, -1, 0, -2, -4, -4, -2],
	[18, 22, 22, 8, 11, 19] => QQFieldElem[0, 0, 0, 1, 0, 1, 1, 0, 1, 0],
	[18, 22, 22, 8, 11, 22] => QQFieldElem[1, 0, 1, 0, 1, 0, 0, -1, -1, 0],
	[18, 22, 22, 8, 23, 24] => QQFieldElem[798//737, 243//737, 931//737, 519//737, 800//737, 696//737, -13//737, 433//737, -254//737, 753//737])