Dict(
	[18, 9, 18, 9, 14, 22] => QQFieldElem[-2, 0, 1, 2, 0, -1, -1, 0, 2, 1],
	[18, 9, 18, 9, 24, 14] => QQFieldElem[-3, -1, -4, -4, -3, -5, -3, -5, -2, -3],
	[18, 9, 18, 9, 22, 15] => QQFieldElem[-1, -2, -2, -1, 1, 1, -1, -2, -2, -1],
	[18, 9, 18, 9, 12, 14] => QQFieldElem[-1, -14, -21, -14, -1, 0, -16, -32, -32, -16],
	[18, 9, 18, 9, 15, 14] => QQFieldElem[-1, 0, 1, 1, 0, -1, 0, 0, 2, 0],
	[18, 9, 18, 9, 25, 15] => QQFieldElem[3, 4, 4, 3, 0, 3, 3, 7, 3, 3],
	[18, 9, 18, 9, 24, 25] => QQFieldElem[17//11, 10//11, 12//11, 23//11, 10//11, 17//11, 2, 3//11, 15//11, 3//11],
	[18, 9, 18, 9, 14, 14] => QQFieldElem[2, 2, 2, 0, 0, 2, 2, 2, 0, -1],
	[18, 9, 18, 9, 12, 25] => QQFieldElem[75//11, 188//11, 75//11, 0, 7//11, 8//11, 146//11, 146//11, 8//11, 7//11],
	[18, 9, 18, 9, 15, 25] => QQFieldElem[-25//11, -21//11, -21//11, -25//11, 0, -12//11, -28//11, -15//11, -28//11, -12//11],
	[18, 9, 18, 9, 14, 25] => QQFieldElem[-8//11, 5//11, 6//11, 6//11, 5//11, -8//11, 0, 7//11, 2//11, 7//11],
	[18, 9, 18, 9, 24, 15] => QQFieldElem[-1, -1, -2, -3, -3, -3, -1, -2, 0, -1],
	[18, 9, 18, 9, 22, 12] => QQFieldElem[-1, 1, -2, 2, -2, 2, -2, 1, -1, 0],
	[18, 9, 18, 9, 22, 24] => QQFieldElem[-2763//529, -4749//529, -3628//529, -631//529, 622//529, -1135//529, -3781//529, -4282//529, -1892//529, 487//529],
	[18, 9, 18, 9, 12, 15] => QQFieldElem[16, 26, 16, 0, -6, 1, 14, 14, 1, -6],
	[18, 9, 18, 9, 15, 15] => QQFieldElem[-2, -3, -3, -2, 0, -1, -2, -3, -2, -1],
	[18, 9, 18, 9, 25, 24] => QQFieldElem[3138//529, 4146//529, 2372//529, -327//529, -931//529, 1698//529, 3733//529, 3885//529, 687//529, -757//529],
	[18, 9, 18, 9, 25, 12] => QQFieldElem[-145, 12, -145, 0, -121, -35, -79, -79, -35, -121],
	[18, 9, 18, 9, 22, 22] => QQFieldElem[-1, -4, -5, -4, -1, 0, -2, -4, -4, -2],
	[18, 9, 18, 9, 14, 15] => QQFieldElem[0, 1, 2, 2, 1, 0, 0, 1, 1, 1],
	[18, 9, 18, 9, 25, 22] => QQFieldElem[8, 5, 11, 5, 4, 4, 5, 11, 5, 8],
	[18, 9, 18, 9, 22, 14] => QQFieldElem[-1, 0, 2, 3, 2, 1, 1, 2, 3, 2],
	[18, 9, 18, 9, 24, 12] => QQFieldElem[113, -18, 119, -13, 104, 11, 72, 49, 33, 86],
	[18, 9, 18, 9, 24, 24] => QQFieldElem[160//529, 441//529, -550//529, -1368//529, -682//529, -317//529, 43//529, -515//529, -1290//529, -1279//529],
	[18, 9, 18, 9, 25, 14] => QQFieldElem[4, 0, 0, 0, 0, 4, 0, 3, -3, 3],
	[18, 9, 18, 9, 12, 12] => QQFieldElem[1, 1, 0, -2, -2, -1, -1, -1, -2, -2],
	[18, 9, 18, 9, 12, 24] => QQFieldElem[20429//529, 17092//529, -5852//529, -22025//529, -12483//529, 11820//529, 22210//529, 6899//529, -16159//529, -20147//529],
	[18, 9, 18, 9, 15, 12] => QQFieldElem[31, -3, 31, 0, 26, 7, 17, 17, 7, 26],
	[18, 9, 18, 9, 15, 24] => QQFieldElem[-1539//529, -2354//529, -1223//529, 436//529, 536//529, -677//529, -2156//529, -2006//529, -387//529, 833//529],
	[18, 9, 18, 9, 22, 25] => QQFieldElem[-31//11, -36//11, -26//11, -45//11, -16//11, -16//11, -45//11, -26//11, -36//11, -31//11],
	[18, 9, 18, 9, 24, 22] => QQFieldElem[-5, 1, -4, -1, -4, -3, -2, -4, -1, -6],
	[18, 9, 18, 9, 14, 12] => QQFieldElem[-18, 4, -20, 4, -18, 0, -13, -6, -6, -13],
	[18, 9, 18, 9, 14, 24] => QQFieldElem[1052//529, 3336//529, 4451//529, 2855//529, 462//529, 283//529, 2121//529, 4086//529, 4082//529, 1549//529],
	[18, 9, 18, 9, 12, 22] => QQFieldElem[19, 36, 29, 7, -4, 7, 29, 36, 19, 0],
	[18, 9, 18, 9, 15, 22] => QQFieldElem[1, -2, -2, -1, 1, 1, -1, -2, -2, 1],
	[18, 9, 18, 9, 25, 25] => QQFieldElem[2, 3, 3, 2, 0, 1, 2, 3, 2, 1])