Dict(
	[22, 18, 8, 22, 11, 22] => QQFieldElem[1, 0, 0, -1, -1, 0, 0, 1, 0, 1],
	[22, 18, 8, 22, 23, 24] => QQFieldElem[555//737, -243//737, 510//737, -497//737, 190//737, -256//737, 453//737, 557//737, 276//737, 688//737],
	[22, 18, 8, 22, 23, 17] => QQFieldElem[-5, -1, -7, -3, -4, -2, -2, -6, -3, -7],
	[22, 18, 8, 22, 23, 19] => QQFieldElem[7, 0, 7, 1, 7, 2, 6, 4, 3, 6],
	[22, 18, 8, 22, 23, 22] => QQFieldElem[15, 0, 12, 2, 9, 7, 5, 11, 1, 14],
	[22, 18, 8, 22, 21, 24] => QQFieldElem[467//737, 417//737, 708//737, 680//737, 784//737, 503//737, 178//737, 227//737, 45//737, -16//737],
	[22, 18, 8, 22, 21, 17] => QQFieldElem[2, 1, 1, 0, 0, 1, 1, 2, 0, 1],
	[22, 18, 8, 22, 13, 24] => QQFieldElem[69//737, 655//737, 163//737, 727//737, 422//737, 502//737, -111//737, -361//737, -380//737, -520//737],
	[22, 18, 8, 22, 21, 22] => QQFieldElem[-3, 0, -2, -1, -1, -2, 0, -3, 0, -4],
	[22, 18, 8, 22, 21, 19] => QQFieldElem[1, 0, 1, -1, 0, -1, -1, 0, -1, 1],
	[22, 18, 8, 22, 13, 17] => QQFieldElem[1, -3, 3, 3, 4, 0, -2, 1, 2, 6],
	[22, 18, 8, 22, 13, 19] => QQFieldElem[-4, 1, -5, 0, -4, -1, -3, -2, -2, -3],
	[22, 18, 8, 22, 13, 22] => QQFieldElem[-8, 0, -6, 0, -4, -3, -3, -6, -1, -7],
	[22, 18, 8, 22, 11, 24] => QQFieldElem[-606//737, -882//737, -1015//737, -1258//737, -1303//737, -820//737, -403//737, -162//737, 101//737, 177//737],
	[22, 18, 8, 22, 11, 17] => QQFieldElem[2, 3, 1, -1, -1, 1, 3, 2, 0, -2],
	[22, 18, 8, 22, 11, 19] => QQFieldElem[0, 0, 0, 1, 0, 1, 1, 0, 1, 0])