Dict(
	[22, 7, 22, 7, 21, 23] => QQFieldElem[4651//7921, 14754//7921, -3043//7921, 12093//7921, 9168//7921, 292//7921, 16093//7921, 3907//7921, 2853//7921, 15697//7921],
	[22, 7, 22, 7, 16, 16] => QQFieldElem[-1, -1, 0, -2, -1, 0, -2, 0, -1, -2],
	[22, 7, 22, 7, 16, 23] => QQFieldElem[-579//7921, 13571//7921, 9119//7921, -1921//7921, 3411//7921, 13452//7921, 8525//7921, -3821//7921, 6108//7921, 15998//7921],
	[22, 7, 22, 7, 23, 21] => QQFieldElem[-6, -1, -6, -4, -9, -6, -9, -8, -4, -8],
	[22, 7, 22, 7, 23, 18] => QQFieldElem[5, 1, 0, 2, -2, -2, 2, -4, 3, 2],
	[22, 7, 22, 7, 18, 21] => QQFieldElem[2, 0, 2, 1, 3, 2, 2, 3, 1, 2],
	[22, 7, 22, 7, 18, 18] => QQFieldElem[0, -1, 1, 1, 0, 3, 0, 1, 1, -1],
	[22, 7, 22, 7, 23, 16] => QQFieldElem[-4, 3, -4, 5, 3, 4, 7, 3, 3, 1],
	[22, 7, 22, 7, 21, 21] => QQFieldElem[1, 1, 0, 2, 2, 1, 4, 1, 2, 2],
	[22, 7, 22, 7, 21, 18] => QQFieldElem[-5, 0, -2, -4, 1, -3, -3, 1, -4, -2],
	[22, 7, 22, 7, 18, 16] => QQFieldElem[4, 0, 2, 0, -1, -1, -1, -1, 0, 2],
	[22, 7, 22, 7, 23, 23] => QQFieldElem[-1871//7921, -15670//7921, -14//7921, -16851//7921, -20087//7921, -13209//7921, -20279//7921, -20624//7921, -1645//7921, -19401//7921],
	[22, 7, 22, 7, 21, 16] => QQFieldElem[-3, -3, 0, -5, -3, -3, -6, -3, -3, -5],
	[22, 7, 22, 7, 18, 23] => QQFieldElem[-1047//7921, 3445//7921, 1838//7921, 1205//7921, 5101//7921, 7375//7921, 887//7921, 5444//7921, 2098//7921, 2170//7921],
	[22, 7, 22, 7, 16, 21] => QQFieldElem[0, 0, 0, 0, -1, 0, 1, 0, -1, 0],
	[22, 7, 22, 7, 16, 18] => QQFieldElem[-2, 0, -1, -3, 0, -1, -1, 0, -3, -1])