Dict(
	[22, 15, 15, 22, 13, 24] => QQFieldElem[-80, 0, -74, -13, -57, -34, -34, -57, -13, -74],
	[22, 15, 15, 22, 11, 15] => QQFieldElem[-412//23, 0, -355//23, -48//23, -282//23, -168//23, -168//23, -282//23, -48//23, -355//23],
	[22, 15, 15, 22, 3, 19] => QQFieldElem[-8, 0, -7, -5, -8, -1, -1, -8, -5, -7],
	[22, 15, 15, 22, 21, 19] => QQFieldElem[75, 0, 71, 13, 54, 31, 31, 54, 13, 71],
	[22, 15, 15, 22, 1, 25] => QQFieldElem[1//11, 0, -3//11, 3//11, 7//11, -2//11, -2//11, 7//11, 3//11, -3//11],
	[22, 15, 15, 22, 23, 25] => QQFieldElem[60//11, 0, 51//11, 4//11, 35//11, 12//11, 12//11, 35//11, 4//11, 51//11],
	[22, 15, 15, 22, 13, 19] => QQFieldElem[90, 0, 79, 14, 63, 36, 36, 63, 14, 79],
	[22, 15, 15, 22, 21, 14] => QQFieldElem[-248, 0, -228, -38, -174, -103, -103, -174, -38, -228],
	[22, 15, 15, 22, 3, 14] => QQFieldElem[84, 0, 77, 13, 59, 35, 35, 59, 13, 77],
	[22, 15, 15, 22, 11, 20] => QQFieldElem[11, 0, 9, 4, 5, 6, 6, 5, 4, 9],
	[22, 15, 15, 22, 13, 14] => QQFieldElem[-394, 0, -362, -61, -276, -164, -164, -276, -61, -362],
	[22, 15, 15, 22, 1, 15] => QQFieldElem[67//23, 0, 79//23, 25//23, 52//23, 30//23, 30//23, 52//23, 25//23, 79//23],
	[22, 15, 15, 22, 23, 15] => QQFieldElem[-1268//23, 0, -1158//23, -181//23, -888//23, -530//23, -530//23, -888//23, -181//23, -1158//23],
	[22, 15, 15, 22, 21, 25] => QQFieldElem[-17//11, 0, -15//11, -7//11, -20//11, -10//11, -10//11, -20//11, -7//11, -15//11],
	[22, 15, 15, 22, 11, 24] => QQFieldElem[57, 0, 53, 10, 41, 25, 25, 41, 10, 53],
	[22, 15, 15, 22, 3, 25] => QQFieldElem[-6//11, 0, 7//11, -7//11, -9//11, 1//11, 1//11, -9//11, -7//11, 7//11],
	[22, 15, 15, 22, 13, 25] => QQFieldElem[-46//11, 0, -38//11, -17//11, -47//11, -29//11, -29//11, -47//11, -17//11, -38//11],
	[22, 15, 15, 22, 11, 19] => QQFieldElem[-61, 0, -58, -8, -42, -27, -27, -42, -8, -58],
	[22, 15, 15, 22, 1, 20] => QQFieldElem[5, 0, 1, 5, -1, 3, 3, -1, 5, 1],
	[22, 15, 15, 22, 23, 20] => QQFieldElem[52, 0, 38, 20, 22, 25, 25, 22, 20, 38],
	[22, 15, 15, 22, 3, 15] => QQFieldElem[-316//23, 0, -306//23, -52//23, -225//23, -136//23, -136//23, -225//23, -52//23, -306//23],
	[22, 15, 15, 22, 21, 15] => QQFieldElem[355//23, 0, 318//23, 36//23, 246//23, 149//23, 149//23, 246//23, 36//23, 318//23],
	[22, 15, 15, 22, 11, 14] => QQFieldElem[280, 0, 257, 43, 196, 116, 116, 196, 43, 257],
	[22, 15, 15, 22, 1, 24] => QQFieldElem[-3, 0, -3, -1, -2, -1, -1, -2, -1, -3],
	[22, 15, 15, 22, 13, 15] => QQFieldElem[1528//23, 0, 1399//23, 243//23, 1074//23, 632//23, 632//23, 1074//23, 243//23, 1399//23],
	[22, 15, 15, 22, 23, 24] => QQFieldElem[112, 0, 104, 18, 79, 46, 46, 79, 18, 104],
	[22, 15, 15, 22, 1, 19] => QQFieldElem[4, 0, 3, -2, 1, 3, 3, 1, -2, 3],
	[22, 15, 15, 22, 23, 19] => QQFieldElem[-102, 0, -89, -11, -69, -43, -43, -69, -11, -89],
	[22, 15, 15, 22, 11, 25] => QQFieldElem[19//11, 0, 9//11, 13//11, 23//11, 17//11, 17//11, 23//11, 13//11, 9//11],
	[22, 15, 15, 22, 21, 20] => QQFieldElem[-28, 0, -15, -18, -4, -16, -16, -4, -18, -15],
	[22, 15, 15, 22, 3, 20] => QQFieldElem[3, 0, 3, 1, 1, 2, 2, 1, 1, 3],
	[22, 15, 15, 22, 13, 20] => QQFieldElem[-30, 0, -29, -4, -22, -13, -13, -22, -4, -29],
	[22, 15, 15, 22, 1, 14] => QQFieldElem[-50, 0, -46, -8, -35, -21, -21, -35, -8, -46],
	[22, 15, 15, 22, 23, 14] => QQFieldElem[328, 0, 302, 51, 231, 137, 137, 231, 51, 302],
	[22, 15, 15, 22, 3, 24] => QQFieldElem[5, 0, 4, 0, 3, 2, 2, 3, 0, 4],
	[22, 15, 15, 22, 21, 24] => QQFieldElem[-85, 0, -78, -13, -60, -36, -36, -60, -13, -78])