Dict(
	[22, 18, 8, 12, 23, 17] => QQFieldElem[-15, 0, -14, -2, -12, -6, -6, -12, -2, -14],
	[22, 18, 8, 12, 23, 19] => QQFieldElem[-13//67, 0, -101//67, 45//67, -52//67, -38//67, -38//67, -52//67, 45//67, -101//67],
	[22, 18, 8, 12, 11, 7] => QQFieldElem[1, 0, -1, -3, -4, -5, -5, -4, -3, -1],
	[22, 18, 8, 12, 23, 9] => QQFieldElem[-5, 0, -6, 0, -7, -3, -3, -7, 0, -6],
	[22, 18, 8, 12, 21, 17] => QQFieldElem[1, 0, 2, 0, 1, 1, 1, 1, 0, 2],
	[22, 18, 8, 12, 21, 19] => QQFieldElem[-99//67, 0, 40//67, -49//67, -61//67, 25//67, 25//67, -61//67, -49//67, 40//67],
	[22, 18, 8, 12, 23, 7] => QQFieldElem[2, 0, 1, -2, 0, -2, -2, 0, -2, 1],
	[22, 18, 8, 12, 13, 17] => QQFieldElem[0, 0, 0, 0, 1, 0, 0, 1, 0, 0],
	[22, 18, 8, 12, 13, 19] => QQFieldElem[-53//67, 0, 16//67, -33//67, -11//67, 10//67, 10//67, -11//67, -33//67, 16//67],
	[22, 18, 8, 12, 21, 9] => QQFieldElem[-1, 0, -1, 0, 1, 0, 0, 1, 0, -1],
	[22, 18, 8, 12, 13, 9] => QQFieldElem[0, 0, 1, 0, 1, 1, 1, 1, 0, 1],
	[22, 18, 8, 12, 21, 7] => QQFieldElem[0, 0, 0, 1, 1, 1, 1, 1, 1, 0],
	[22, 18, 8, 12, 13, 7] => QQFieldElem[0, 0, 0, 1, 1, 1, 1, 1, 1, 0],
	[22, 18, 8, 12, 11, 17] => QQFieldElem[0, 0, -1, -1, -2, -2, -2, -2, -1, -1],
	[22, 18, 8, 12, 11, 19] => QQFieldElem[38//67, 0, -14//67, -13//67, -49//67, -59//67, -59//67, -49//67, -13//67, -14//67],
	[22, 18, 8, 12, 11, 9] => QQFieldElem[2, 0, 0, -2, -3, -4, -4, -3, -2, 0])