Dict(
	[24, 12, 7, 24, 16, 23] => QQFieldElem[353//23, 16//23, 286//23, 58//23, 168//23, 136//23, 64//23, 239//23, 4//23, 328//23],
	[24, 12, 7, 24, 6, 20] => QQFieldElem[0, 0, 2, -2, 2, -1, -1, 2, -2, 1],
	[24, 12, 7, 24, 18, 18] => QQFieldElem[7, 1, 5, 3, 4, 4, 4, 4, 2, 6],
	[24, 12, 7, 24, 8, 18] => QQFieldElem[-7, -1, -4, -4, -3, -3, -4, -3, -3, -6],
	[24, 12, 7, 24, 6, 23] => QQFieldElem[-159//23, -16//23, -126//23, -32//23, -71//23, -54//23, -28//23, -96//23, -1//23, -145//23],
	[24, 12, 7, 24, 16, 25] => QQFieldElem[-25, -33, -21, 7, 40, 68, 83, 81, 63, 33],
	[24, 12, 7, 24, 18, 20] => QQFieldElem[-25, 2, -23, -3, -16, -9, -12, -13, -7, -19],
	[24, 12, 7, 24, 8, 20] => QQFieldElem[22, -3, 19, 4, 12, 9, 10, 9, 8, 15],
	[24, 12, 7, 24, 18, 23] => QQFieldElem[-662//23, -16//23, -584//23, -130//23, -426//23, -310//23, -238//23, -497//23, -76//23, -626//23],
	[24, 12, 7, 24, 8, 23] => QQFieldElem[330//23, 16//23, 286//23, 81//23, 214//23, 159//23, 133//23, 239//23, 50//23, 305//23],
	[24, 12, 7, 24, 6, 25] => QQFieldElem[18, 25, 22, 9, -12, -30, -42, -45, -35, -19],
	[24, 12, 7, 24, 16, 18] => QQFieldElem[-3, -1, -3, -3, -5, -5, -5, -5, -2, -4],
	[24, 12, 7, 24, 16, 20] => QQFieldElem[-2, 1, -3, 1, -2, 0, 1, -1, 1, -2],
	[24, 12, 7, 24, 6, 18] => QQFieldElem[3, 1, 2, 3, 3, 3, 4, 3, 2, 4],
	[24, 12, 7, 24, 18, 25] => QQFieldElem[-1, 1, 1, 3, 5, 7, 8, 7, 4, 1],
	[24, 12, 7, 24, 8, 25] => QQFieldElem[-2, 1, 1, 2, 6, 3, 3, 3, -1, 1])