Dict(
	[24, 9, 12, 24, 18, 23] => QQFieldElem[-3, 2, 7, 9, 5, 1, 2, 5, 8, 4],
	[24, 9, 12, 24, 20, 18] => QQFieldElem[29, -3, 25, 1, 22, 10, 13, 16, 3, 25],
	[24, 9, 12, 24, 8, 23] => QQFieldElem[-1, -4, -5, -5, -4, -4, -5, -5, -4, -1],
	[24, 9, 12, 24, 10, 23] => QQFieldElem[-1, 2, 2, 2, 0, -1, 1, 2, 3, 0],
	[24, 9, 12, 24, 20, 20] => QQFieldElem[5, -2, 4, 1, 4, 2, 0, 3, 0, 7],
	[24, 9, 12, 24, 18, 25] => QQFieldElem[2249//253, 2067//253, -381//253, -2125//253, -1064//253, 1658//253, 2906//253, 1151//253, -1528//253, -2117//253],
	[24, 9, 12, 24, 8, 25] => QQFieldElem[-2//11, 29//11, 60//11, 47//11, 1//11, -23//11, -3//11, 39//11, 59//11, 35//11],
	[24, 9, 12, 24, 10, 25] => QQFieldElem[17//11, -10//11, -59//11, -64//11, -25//11, 14//11, 9//11, -40//11, -67//11, -50//11],
	[24, 9, 12, 24, 20, 23] => QQFieldElem[5, 1, 0, -2, 1, 4, 2, 1, -4, 0],
	[24, 9, 12, 24, 18, 18] => QQFieldElem[-10, 4, -6, 2, -8, -3, -3, -2, 2, -8],
	[24, 9, 12, 24, 8, 18] => QQFieldElem[8, 1, 8, 0, 5, 2, 5, 5, 2, 5],
	[24, 9, 12, 24, 10, 18] => QQFieldElem[-23, -1, -23, -2, -17, -7, -13, -15, -6, -19],
	[24, 9, 12, 24, 20, 25] => QQFieldElem[-1577//253, -1834//253, -89//253, 1260//253, 794//253, -970//253, -2063//253, -945//253, 756//253, 1566//253],
	[24, 9, 12, 24, 18, 20] => QQFieldElem[1, 3, 1, 0, 0, 2, 4, 3, 1, -1],
	[24, 9, 12, 24, 8, 20] => QQFieldElem[1, 0, -1, -2, -1, -1, -1, -1, -2, -1],
	[24, 9, 12, 24, 10, 20] => QQFieldElem[-6, -1, -4, 0, -3, -3, -3, -4, 0, -4])