Dict(
	[25, 4, 14, 25, 11, 25] => QQFieldElem[2//11, -18//11, -27//11, -3//11, -1//11, 1//11, -8//11, -28//11, -15//11, -2//11],
	[25, 4, 14, 25, 15, 24] => QQFieldElem[50, 0, 44, 6, 34, 21, 21, 34, 6, 44],
	[25, 4, 14, 25, 13, 24] => QQFieldElem[10, -1, 10, 1, 8, 2, 5, 6, 3, 8],
	[25, 4, 14, 25, 15, 23] => QQFieldElem[166, -16, 166, 0, 139, 39, 90, 90, 39, 139],
	[25, 4, 14, 25, 14, 24] => QQFieldElem[-53, 2, -50, -6, -39, -19, -24, -35, -9, -47],
	[25, 4, 14, 25, 15, 22] => QQFieldElem[37, -14, 46, -21, 46, -14, 37, 0, 18, 18],
	[25, 4, 14, 25, 13, 23] => QQFieldElem[37, -8, 41, -7, 37, 1, 25, 13, 13, 27],
	[25, 4, 14, 25, 14, 23] => QQFieldElem[-189, 22, -194, 10, -165, -33, -112, -93, -50, -151],
	[25, 4, 14, 25, 13, 22] => QQFieldElem[10, -9, 18, -13, 20, -14, 17, -8, 10, 1],
	[25, 4, 14, 25, 14, 22] => QQFieldElem[-45, 22, -62, 32, -64, 27, -51, 8, -27, -19],
	[25, 4, 14, 25, 11, 24] => QQFieldElem[-1, -1, -1, 0, 0, -1, -1, 0, -1, -1],
	[25, 4, 14, 25, 15, 25] => QQFieldElem[326//11, 25//11, 285//11, 72//11, 200//11, 163//11, 126//11, 254//11, 41//11, 301//11],
	[25, 4, 14, 25, 13, 25] => QQFieldElem[50//11, 12//11, 51//11, -20//11, 41//11, 14//11, 31//11, 48//11, -12//11, 38//11],
	[25, 4, 14, 25, 11, 23] => QQFieldElem[0, 2, 1, 2, -1, 1, 0, 2, 2, 0],
	[25, 4, 14, 25, 14, 25] => QQFieldElem[-30, -1, -27, -6, -21, -13, -12, -22, -4, -29],
	[25, 4, 14, 25, 11, 22] => QQFieldElem[0, 1, -1, 2, -1, 2, -2, 1, -1, 1])