Dict(
	[5, 9, 4, 10, 8, 8] => QQFieldElem[1, -1, 0, 0, -1, 1, 0, -1, 1, -1],
	[5, 9, 4, 10, 10, 8] => QQFieldElem[10, 1, 9, 3, 6, 6, 3, 9, 1, 10],
	[5, 9, 4, 10, 6, 7] => QQFieldElem[0, -1, -2, -3, -4, -4, -4, -3, -2, -1],
	[5, 9, 4, 10, 9, 10] => QQFieldElem[-2, 0, -3, -2, -3, -2, -2, -3, -2, -3],
	[5, 9, 4, 10, 8, 9] => QQFieldElem[0, 0, -1, -1, -1, -1, 0, 0, 0, 0],
	[5, 9, 4, 10, 10, 9] => QQFieldElem[9, 0, 8, 1, 6, 4, 4, 6, 1, 8],
	[5, 9, 4, 10, 6, 10] => QQFieldElem[0, -1, -2, -3, -3, -2, -1, 0, 0, 0],
	[5, 9, 4, 10, 8, 7] => QQFieldElem[-1, -1, 0, 0, 1, 1, 0, 1, 1, 0],
	[5, 9, 4, 10, 10, 7] => QQFieldElem[0, 0, 0, 0, 0, 0, 0, 1, 1, 1],
	[5, 9, 4, 10, 9, 8] => QQFieldElem[-7, -2, -5, -3, -3, -5, -2, -7, 0, -7],
	[5, 9, 4, 10, 9, 9] => QQFieldElem[-6, -1, -5, -2, -4, -4, -2, -5, -1, -6],
	[5, 9, 4, 10, 8, 10] => QQFieldElem[1, 2, 2, 2, 1, 1, 2, 2, 2, 1],
	[5, 9, 4, 10, 6, 8] => QQFieldElem[1, 0, 0, 1, 0, 1, 0, 0, 0, 1],
	[5, 9, 4, 10, 10, 10] => QQFieldElem[3, -1, 3, 0, 3, 1, 2, 2, 1, 3],
	[5, 9, 4, 10, 9, 7] => QQFieldElem[0, 0, 0, 0, 0, -1, -1, -1, -1, -1],
	[5, 9, 4, 10, 6, 9] => QQFieldElem[0, -1, -1, -1, -1, 0, 0, 1, 1, 1])