Dict(
	[7, 13, 22, 18, 22, 9] => QQFieldElem[0, 0, 0, 0, 1, 2, 2, 1, 0, 0],
	[7, 13, 22, 18, 24, 17] => QQFieldElem[5, 4, 0, -3, -1, 3, 5, 3, -3, -2],
	[7, 13, 22, 18, 22, 7] => QQFieldElem[-1, 0, 0, 0, 0, -1, -1, 0, 0, 0],
	[7, 13, 22, 18, 12, 17] => QQFieldElem[1, 0, -3, -5, -4, -3, -3, -4, -5, -3],
	[7, 13, 22, 18, 24, 19] => QQFieldElem[1//23, 64//23, 128//23, 124//23, 49//23, -3//23, 32//23, 101//23, 131//23, 88//23],
	[7, 13, 22, 18, 12, 19] => QQFieldElem[9//23, 18//23, 0, -2, -91//23, -107//23, -90//23, -57//23, -25//23, -6//23],
	[7, 13, 22, 18, 14, 17] => QQFieldElem[-1, 0, 3, 4, 1, -1, -1, 1, 4, 3],
	[7, 13, 22, 18, 24, 9] => QQFieldElem[1, 3, 6, 5, 1, -2, -1, 2, 4, 3],
	[7, 13, 22, 18, 14, 19] => QQFieldElem[-13//23, -72//23, -4, -3, -27//23, -9//23, -54//23, -94//23, -84//23, -45//23],
	[7, 13, 22, 18, 12, 9] => QQFieldElem[-5, -8, -9, -8, -5, 0, 5, 8, 8, 5],
	[7, 13, 22, 18, 14, 9] => QQFieldElem[-1, -3, -4, -3, -1, 0, -1, -2, -2, -1],
	[7, 13, 22, 18, 24, 7] => QQFieldElem[4, -1, 1, -1, 2, 2, 2, 1, -1, 2],
	[7, 13, 22, 18, 12, 7] => QQFieldElem[1, 1, 1, 1, 1, 0, -1, -2, -2, -1],
	[7, 13, 22, 18, 14, 7] => QQFieldElem[0, 1, 1, 1, 0, 0, 0, 1, 1, 0],
	[7, 13, 22, 18, 22, 17] => QQFieldElem[-2, -3, -1, 0, 0, -1, -3, -2, 0, 0],
	[7, 13, 22, 18, 22, 19] => QQFieldElem[7//23, -9//23, -1, -1, -12//23, -4//23, -1//23, -6//23, -22//23, -20//23])