Dict(
	[7, 22, 7, 22, 18, 23] => QQFieldElem[-2665//7921, -1372//7921, -1393//7921, 243//7921, -96//7921, -844//7921, 473//7921, 1977//7921, -2789//7921, -10//7921],
	[7, 22, 7, 22, 16, 21] => QQFieldElem[0, 0, 0, -1, 0, 1, 0, -1, 0, 0],
	[7, 22, 7, 22, 16, 18] => QQFieldElem[-2, 0, -1, -3, 0, -1, -1, 0, -3, -1],
	[7, 22, 7, 22, 21, 23] => QQFieldElem[-4987//7921, -10640//7921, 2776//7921, -8138//7921, -6564//7921, 1699//7921, -10234//7921, -2450//7921, -1584//7921, -10585//7921],
	[7, 22, 7, 22, 16, 16] => QQFieldElem[0, 1, -1, 0, 1, -1, 1, 0, -1, 1],
	[7, 22, 7, 22, 16, 23] => QQFieldElem[-14150//7921, -13571//7921, 2427//7921, -7463//7921, -17392//7921, -5046//7921, -119//7921, -10160//7921, -15492//7921, -4452//7921],
	[7, 22, 7, 22, 23, 21] => QQFieldElem[3, 1, 2, 1, 1, -1, 0, 1, 0, 4],
	[7, 22, 7, 22, 23, 18] => QQFieldElem[2, -2, 1, 1, -2, 0, -1, -3, 2, -1],
	[7, 22, 7, 22, 18, 21] => QQFieldElem[-1, 0, -1, 0, 0, 0, 0, 0, 0, -1],
	[7, 22, 7, 22, 18, 18] => QQFieldElem[1, 1, 0, 2, 1, 1, 2, 1, 1, 2],
	[7, 22, 7, 22, 23, 16] => QQFieldElem[1, -2, 3, 0, 2, 4, 1, 3, 1, 0],
	[7, 22, 7, 22, 21, 21] => QQFieldElem[0, -1, 1, 0, 0, 1, 0, 0, 1, -1],
	[7, 22, 7, 22, 21, 18] => QQFieldElem[-3, 0, -1, -3, 1, -2, -2, 1, -3, -1],
	[7, 22, 7, 22, 18, 16] => QQFieldElem[0, 0, -1, 0, -2, -1, -1, -2, 0, -1],
	[7, 22, 7, 22, 23, 23] => QQFieldElem[10777//7921, 10069//7921, 726//7921, 7402//7921, 2552//7921, -3967//7921, 10529//7921, -3049//7921, 3512//7921, 9507//7921],
	[7, 22, 7, 22, 21, 16] => QQFieldElem[0, 2, -1, 0, 1, -2, 1, 0, -1, 2])