Dict(
	[7, 12, 12, 17, 13, 6] => QQFieldElem[-1, 0, 1, 1, 1, 0, 0, 1, 1, 1],
	[7, 12, 12, 17, 11, 16] => QQFieldElem[1, 0, 1, 1, 1, 1, 0, 1, 0, 0],
	[7, 12, 12, 17, 23, 18] => QQFieldElem[-480//737, 250//737, -461//737, 390//737, -244//737, 321//737, -93//737, 76//737, 80//737, -356//737],
	[7, 12, 12, 17, 11, 8] => QQFieldElem[5, 0, 2, 3, 0, 2, 2, 0, 3, 2],
	[7, 12, 12, 17, 11, 6] => QQFieldElem[1, 2, 0, 2, 2, 0, 2, 1, 0, 2],
	[7, 12, 12, 17, 23, 16] => QQFieldElem[-13, 0, -12, -2, -9, -5, -5, -9, -2, -12],
	[7, 12, 12, 17, 21, 18] => QQFieldElem[118//737, -215//737, -31//737, -188//737, -26//737, 4//737, -318//737, 141//737, 226//737, -195//737],
	[7, 12, 12, 17, 23, 8] => QQFieldElem[-5, 1, -5, 1, -5, 0, -4, -2, -2, -4],
	[7, 12, 12, 17, 13, 18] => QQFieldElem[224//737, 129//737, 166//737, 555//737, 900//737, 882//737, 633//737, 505//737, 454//737, 117//737],
	[7, 12, 12, 17, 23, 6] => QQFieldElem[2, 0, 1, 0, 1, 1, 1, 1, 0, 1],
	[7, 12, 12, 17, 21, 16] => QQFieldElem[-1, -1, -1, -1, -1, -1, -1, -1, 0, -1],
	[7, 12, 12, 17, 13, 16] => QQFieldElem[0, 0, 1, 1, 1, 1, 1, 1, 1, 1],
	[7, 12, 12, 17, 21, 8] => QQFieldElem[-2, 0, 0, -2, 1, -1, -1, 1, -2, 0],
	[7, 12, 12, 17, 13, 8] => QQFieldElem[1, 2, 1, 2, 1, 0, 0, -1, -1, 0],
	[7, 12, 12, 17, 21, 6] => QQFieldElem[-1, -2, 0, -1, -1, 0, -2, -1, 0, -1],
	[7, 12, 12, 17, 11, 18] => QQFieldElem[904//737, 389//737, -225//737, 371//737, 1000//737, 243//737, -525//737, 643//737, 832//737, -607//737])