Dict(
	[7, 8, 13, 14, 18, 12] => QQFieldElem[0, 1, 2, 3, 3, 2, 1, 0, 0, 0],
	[7, 8, 13, 14, 8, 12] => QQFieldElem[0, 0, 0, 0, -1, 0, 0, -1, 0, 0],
	[7, 8, 13, 14, 20, 4] => QQFieldElem[-9, 0, -8, -1, -6, -4, -4, -6, -1, -8],
	[7, 8, 13, 14, 10, 12] => QQFieldElem[1, 0, 0, 0, -1, -1, -1, -1, 0, 0],
	[7, 8, 13, 14, 20, 2] => QQFieldElem[-14, 0, -13, -2, -10, -6, -6, -10, -2, -13],
	[7, 8, 13, 14, 18, 14] => QQFieldElem[-14//23, -17//23, -7//23, 3//23, 12//23, 11//23, -5//23, -11//23, 1//23, 10//23],
	[7, 8, 13, 14, 8, 14] => QQFieldElem[-21//23, 13//23, 22//23, -18//23, -10//23, 20//23, 8//23, -17//23, -6//23, 21//23],
	[7, 8, 13, 14, 10, 14] => QQFieldElem[10//23, 8//23, 12//23, 15//23, 4//23, 7//23, 6//23, -6//23, 5//23, 8//23],
	[7, 8, 13, 14, 20, 12] => QQFieldElem[-6, -1, -5, -3, -3, -5, -1, -6, 0, -7],
	[7, 8, 13, 14, 18, 4] => QQFieldElem[1, 0, -1, -1, 0, 1, 1, 0, -1, -1],
	[7, 8, 13, 14, 8, 4] => QQFieldElem[-1, 0, 1, 0, -1, 0, 0, 0, 0, 0],
	[7, 8, 13, 14, 10, 4] => QQFieldElem[0, 0, -1, 0, 0, 0, 0, -1, -1, 0],
	[7, 8, 13, 14, 8, 2] => QQFieldElem[0, -1, 1, -1, 0, 0, -1, 0, 0, -1],
	[7, 8, 13, 14, 18, 2] => QQFieldElem[0, 0, 0, 1, 1, 2, 2, 1, 1, 0],
	[7, 8, 13, 14, 10, 2] => QQFieldElem[-1, -1, 0, -1, -1, 0, -2, -1, -1, -2],
	[7, 8, 13, 14, 20, 14] => QQFieldElem[-47//23, 3//23, -33//23, -20//23, -27//23, -29//23, -6//23, -43//23, 1//23, -48//23])