Dict(
	[7, 20, 20, 18, 14, 25] => QQFieldElem[-831//253, 582//253, 2611//253, 2924//253, 1114//253, -619//253, -416//253, 1514//253, 2916//253, 2030//253],
	[7, 20, 20, 18, 24, 15] => QQFieldElem[-1, -1, 8, 7, 5, -2, -1, 4, 8, 8],
	[7, 20, 20, 18, 22, 24] => QQFieldElem[-8, -7, -7, -2, -1, -5, -6, -10, -2, -4],
	[7, 20, 20, 18, 12, 15] => QQFieldElem[-2, -7, -8, -5, -1, -2, -6, -9, -7, -2],
	[7, 20, 20, 18, 14, 15] => QQFieldElem[7, 8, -1, -6, -4, 6, 10, 5, -4, -7],
	[7, 20, 20, 18, 22, 14] => QQFieldElem[-17, 1, -13, -3, -9, -11, -3, -13, 1, -16],
	[7, 20, 20, 18, 24, 24] => QQFieldElem[5, 2, 8, 6, 4, 3, 1, 8, 4, 9],
	[7, 20, 20, 18, 12, 24] => QQFieldElem[2, 4, 4, 1, 0, 1, 3, 5, 3, 1],
	[7, 20, 20, 18, 22, 25] => QQFieldElem[-1701//253, -1873//253, -648//253, 896//253, 702//253, -867//253, -1985//253, -1486//253, 201//253, 964//253],
	[7, 20, 20, 18, 14, 24] => QQFieldElem[3, 2, -2, -3, -2, 2, 3, -1, -3, -4],
	[7, 20, 20, 18, 24, 14] => QQFieldElem[24, 2, 21, 5, 14, 13, 8, 20, 2, 22],
	[7, 20, 20, 18, 22, 15] => QQFieldElem[5, 11, 8, 3, -2, 2, 8, 10, 6, -1],
	[7, 20, 20, 18, 12, 14] => QQFieldElem[6, 0, 4, 0, 4, 3, 2, 4, -1, 5],
	[7, 20, 20, 18, 24, 25] => QQFieldElem[5//11, -67//11, -106//11, -90//11, -19//11, 8//11, -31//11, -92//11, -109//11, -49//11],
	[7, 20, 20, 18, 14, 14] => QQFieldElem[-10, -3, -10, -2, -7, -4, -6, -9, -2, -9],
	[7, 20, 20, 18, 12, 25] => QQFieldElem[1077//253, 1604//253, 1097//253, 73//253, -324//253, 478//253, 1500//253, 1620//253, 783//253, -153//253])