Dict(
	[8, 12, 17, 13, 6, 17] => QQFieldElem[2, 0, 0, -2, -1, -1, -1, -1, -2, 0],
	[8, 12, 17, 13, 6, 19] => QQFieldElem[0, 0, -1, -2, -1, -1, -1, -1, -2, -1],
	[8, 12, 17, 13, 16, 7] => QQFieldElem[4, 0, -11, -25, -38, -46, -46, -38, -25, -11],
	[8, 12, 17, 13, 6, 9] => QQFieldElem[4, 0, 4, 1, 4, 3, 3, 4, 1, 4],
	[8, 12, 17, 13, 18, 17] => QQFieldElem[-30, 0, -30, -8, -25, -16, -16, -25, -8, -30],
	[8, 12, 17, 13, 8, 17] => QQFieldElem[-1, 0, 0, 1, 1, 1, 1, 1, 1, 0],
	[8, 12, 17, 13, 6, 7] => QQFieldElem[-5, 0, 14, 32, 49, 59, 59, 49, 32, 14],
	[8, 12, 17, 13, 8, 19] => QQFieldElem[-1, 0, 1, 1, 1, 0, 0, 1, 1, 1],
	[8, 12, 17, 13, 18, 19] => QQFieldElem[5, 0, 0, -4, 0, 1, 1, 0, -4, 0],
	[8, 12, 17, 13, 18, 9] => QQFieldElem[-19, 0, -18, -2, -13, -6, -6, -13, -2, -18],
	[8, 12, 17, 13, 8, 9] => QQFieldElem[2, 0, 2, 0, 1, 0, 0, 1, 0, 2],
	[8, 12, 17, 13, 18, 7] => QQFieldElem[-7, 0, 23, 52, 79, 95, 95, 79, 52, 23],
	[8, 12, 17, 13, 8, 7] => QQFieldElem[4, 0, -11, -25, -38, -46, -46, -38, -25, -11],
	[8, 12, 17, 13, 16, 17] => QQFieldElem[3, 0, 4, 2, 4, 3, 3, 4, 2, 4],
	[8, 12, 17, 13, 16, 19] => QQFieldElem[0, 0, 1, 1, 1, 1, 1, 1, 1, 1],
	[8, 12, 17, 13, 16, 9] => QQFieldElem[-2, 0, -2, -1, -2, -2, -2, -2, -1, -2])