Dict(
	[8, 22, 18, 14, 9, 24] => QQFieldElem[5//11, 10//11, 4//11, 9//11, 14//11, 19//11, 13//11, 7//11, 1//11, -5//11],
	[8, 22, 18, 14, 9, 17] => QQFieldElem[-1, 1, 1, 3, 2, 1, 0, -1, 0, -1],
	[8, 22, 18, 14, 9, 19] => QQFieldElem[-6, 1, -7, 1, -5, 1, -3, -2, -2, -5],
	[8, 22, 18, 14, 9, 22] => QQFieldElem[-1, 2, 0, 1, 0, 1, 1, -1, -1, -3],
	[8, 22, 18, 14, 19, 24] => QQFieldElem[1030//2189, -1361//2189, -144//2189, -3239//2189, -2462//2189, -3643//2189, -2217//2189, -1077//2189, -663//2189, 939//2189],
	[8, 22, 18, 14, 19, 17] => QQFieldElem[1, -3, -3, -5, -4, -3, -2, 0, 0, 2],
	[8, 22, 18, 14, 7, 24] => QQFieldElem[-931//2189, -1488//2189, -1264//2189, -1920//2189, -3126//2189, -3034//2189, -2678//2189, -2157//2189, -712//2189, 216//2189],
	[8, 22, 18, 14, 19, 19] => QQFieldElem[10, -1, 10, -2, 7, -1, 4, 3, 2, 7],
	[8, 22, 18, 14, 7, 17] => QQFieldElem[0, -1, -2, -3, -3, -2, -1, 0, 0, 0],
	[8, 22, 18, 14, 19, 22] => QQFieldElem[6, -1, 4, -1, 2, 1, 1, 5, 1, 7],
	[8, 22, 18, 14, 17, 24] => QQFieldElem[-63//2189, 1216//2189, 1692//2189, 2487//2189, 3755//2189, 2856//2189, 2518//2189, 2257//2189, 676//2189, 459//2189],
	[8, 22, 18, 14, 7, 19] => QQFieldElem[0, 0, 0, 0, -1, -1, -1, -1, 0, 0],
	[8, 22, 18, 14, 7, 22] => QQFieldElem[-1, -2, -2, -2, -2, -2, -2, -1, 0, 1],
	[8, 22, 18, 14, 17, 17] => QQFieldElem[1, 3, 4, 5, 5, 4, 3, 1, 0, -1],
	[8, 22, 18, 14, 17, 19] => QQFieldElem[0, 0, 1, 1, 2, 2, 2, 2, 1, 1],
	[8, 22, 18, 14, 17, 22] => QQFieldElem[-1, 1, 1, 2, 2, 1, 1, -1, 0, -2])