Dict(
	[8, 17, 7, 18, 11, 22] => QQFieldElem[16, 37, 37, 16, 0, 7, 28, 39, 28, 7],
	[8, 17, 7, 18, 23, 12] => QQFieldElem[45, 81, 91, 74, 38, -11, -53, -75, -74, -45],
	[8, 17, 7, 18, 11, 14] => QQFieldElem[-2, 0, 2, 2, 1, -1, -1, 1, 2, 2],
	[8, 17, 7, 18, 23, 24] => QQFieldElem[1936//4489, -1187//4489, 1808//4489, 2581//4489, 868//4489, 2196//4489, 3504//4489, 2034//4489, 4345//4489, 1686//4489],
	[8, 17, 7, 18, 23, 22] => QQFieldElem[3, 0, 2, 1, 1, 2, 2, 3, 2, 3],
	[8, 17, 7, 18, 21, 12] => QQFieldElem[-51, -81, -81, -51, 0, 55, 97, 113, 97, 55],
	[8, 17, 7, 18, 21, 24] => QQFieldElem[2103//4489, 1078//4489, 109//4489, -264//4489, -1348//4489, -1983//4489, -2649//4489, -2683//4489, -1121//4489, -529//4489],
	[8, 17, 7, 18, 23, 14] => QQFieldElem[2, -1, 2, 1, 2, 2, 3, 1, 3, 1],
	[8, 17, 7, 18, 13, 12] => QQFieldElem[7, 0, -14, -32, -51, -60, -60, -51, -32, -14],
	[8, 17, 7, 18, 13, 24] => QQFieldElem[543//4489, 2795//4489, 470//4489, -1509//4489, 1477//4489, 551//4489, 315//4489, 1651//4489, 479//4489, 190//4489],
	[8, 17, 7, 18, 21, 22] => QQFieldElem[0, 0, 0, 0, 0, -1, -1, -2, -1, -1],
	[8, 17, 7, 18, 13, 22] => QQFieldElem[0, 0, 0, -1, 0, 0, 0, 0, -1, 0],
	[8, 17, 7, 18, 21, 14] => QQFieldElem[1, 0, 0, -1, -2, -2, -2, -2, -1, 0],
	[8, 17, 7, 18, 13, 14] => QQFieldElem[-1, 1, 0, 0, 1, 0, 0, 1, -1, 0],
	[8, 17, 7, 18, 11, 12] => QQFieldElem[5, 9, 9, 5, 0, -1, 1, 2, 1, -1],
	[8, 17, 7, 18, 11, 24] => QQFieldElem[-11889//4489, 1699//4489, 22546//4489, 15158//4489, -6397//4489, -8468//4489, 5082//4489, 10775//4489, 10122//4489, 10547//4489])