Dict(
	[8, 22, 22, 13, 16, 24] => QQFieldElem[-2, 0, 6, 13, 20, 24, 24, 20, 13, 6],
	[8, 22, 22, 13, 16, 17] => QQFieldElem[3, 9, 17, 24, 29, 29, 24, 17, 9, 3],
	[8, 22, 22, 13, 16, 19] => QQFieldElem[-4, 0, -3, 1, -1, 1, 1, -1, 1, -3],
	[8, 22, 22, 13, 16, 22] => QQFieldElem[6, -1, 2, -3, -2, -2, -3, 2, -1, 6],
	[8, 22, 22, 13, 6, 24] => QQFieldElem[1, 0, -4, -9, -13, -16, -16, -13, -9, -4],
	[8, 22, 22, 13, 6, 17] => QQFieldElem[-1, -4, -9, -13, -15, -15, -13, -9, -4, -1],
	[8, 22, 22, 13, 6, 19] => QQFieldElem[1, 0, 1, -1, 0, -1, -1, 0, -1, 1],
	[8, 22, 22, 13, 6, 22] => QQFieldElem[-1, 1, 1, 3, 3, 3, 3, 1, 1, -1],
	[8, 22, 22, 13, 18, 24] => QQFieldElem[2, -1, -4, -10, -13, -16, -15, -12, -8, -2],
	[8, 22, 22, 13, 8, 24] => QQFieldElem[0, 2, 4, 7, 8, 9, 8, 6, 4, 1],
	[8, 22, 22, 13, 18, 17] => QQFieldElem[-5, -9, -17, -22, -26, -25, -20, -14, -7, -3],
	[8, 22, 22, 13, 8, 17] => QQFieldElem[3, 4, 8, 10, 11, 9, 7, 5, 1, 0],
	[8, 22, 22, 13, 18, 19] => QQFieldElem[-17, 0, -17, -2, -16, -6, -11, -12, -4, -16],
	[8, 22, 22, 13, 18, 22] => QQFieldElem[-23, 1, -18, 0, -11, -6, -5, -15, -2, -22],
	[8, 22, 22, 13, 8, 22] => QQFieldElem[9, -1, 7, -1, 4, 2, 2, 6, 1, 9],
	[8, 22, 22, 13, 8, 19] => QQFieldElem[12, -1, 12, 1, 10, 4, 7, 7, 3, 10])