Dict(
	[9, 10, 18, 17, 15, 14] => QQFieldElem[-40//23, 0, -26//23, -53//23, 21//23, 11//23, 11//23, 21//23, -53//23, -26//23],
	[9, 10, 18, 17, 25, 4] => QQFieldElem[-1, 0, 0, -1, 0, -1, -1, 0, -1, 0],
	[9, 10, 18, 17, 23, 4] => QQFieldElem[-3, 0, 3, 8, 17, 20, 20, 17, 8, 3],
	[9, 10, 18, 17, 13, 14] => QQFieldElem[-44//23, 0, -1//23, -10//23, 30//23, -27//23, -27//23, 30//23, -10//23, -1//23],
	[9, 10, 18, 17, 25, 2] => QQFieldElem[1, 0, 1, 0, 1, 0, 0, 1, 0, 1],
	[9, 10, 18, 17, 23, 2] => QQFieldElem[0, 0, 0, 1, 3, 4, 4, 3, 1, 0],
	[9, 10, 18, 17, 15, 4] => QQFieldElem[8, 0, 1, 4, -5, 1, 1, -5, 4, 1],
	[9, 10, 18, 17, 25, 12] => QQFieldElem[-1, 0, 0, -1, 0, -1, -1, 0, -1, 0],
	[9, 10, 18, 17, 23, 12] => QQFieldElem[-1, 0, 1, 3, 7, 9, 9, 7, 3, 1],
	[9, 10, 18, 17, 13, 4] => QQFieldElem[7, 0, 2, 6, -2, 3, 3, -2, 6, 2],
	[9, 10, 18, 17, 15, 2] => QQFieldElem[3, 0, 0, 1, -2, 0, 0, -2, 1, 0],
	[9, 10, 18, 17, 13, 2] => QQFieldElem[1, 0, 0, 1, 0, 0, 0, 0, 1, 0],
	[9, 10, 18, 17, 25, 14] => QQFieldElem[11//23, 0, 6//23, 14//23, 4//23, 1//23, 1//23, 4//23, 14//23, 6//23],
	[9, 10, 18, 17, 23, 14] => QQFieldElem[26//23, 0, -13//23, 8//23, 45//23, 109//23, 109//23, 45//23, 8//23, -13//23],
	[9, 10, 18, 17, 15, 12] => QQFieldElem[6, 0, 3, 9, 5, 12, 12, 5, 9, 3],
	[9, 10, 18, 17, 13, 12] => QQFieldElem[2, 0, 1, 3, 1, 2, 2, 1, 3, 1])