Dict(
	[9, 8, 10, 10, 4, 12] => QQFieldElem[-2, 0, -1, -1, -1, -1, -1, -1, -1, -1],
	[9, 8, 10, 10, 13, 12] => QQFieldElem[0, -1, 0, 0, 0, 1, 1, 1, 1, 0],
	[9, 8, 10, 10, 14, 12] => QQFieldElem[-17, 2, -17, 0, -14, -4, -9, -9, -4, -14],
	[9, 8, 10, 10, 5, 14] => QQFieldElem[-6, 0, -1, -6, 2, -4, -4, 2, -6, -1],
	[9, 8, 10, 10, 3, 2] => QQFieldElem[2, 1, 0, 2, 1, 1, 2, 0, 1, 2],
	[9, 8, 10, 10, 4, 2] => QQFieldElem[0, 1, 3, 4, 5, 5, 4, 3, 1, 0],
	[9, 8, 10, 10, 13, 2] => QQFieldElem[1, 0, -2, -5, -8, -9, -9, -8, -5, -2],
	[9, 8, 10, 10, 14, 2] => QQFieldElem[-4, 0, -4, -1, -3, -2, -2, -3, -1, -4],
	[9, 8, 10, 10, 5, 15] => QQFieldElem[2597//1541, 1259//1541, 1711//1541, 2224//1541, 1180//1541, 1277//1541, 2161//1541, 1146//1541, 1968//1541, 2485//1541],
	[9, 8, 10, 10, 5, 5] => QQFieldElem[-3, 0, -4, 0, -2, -2, 0, -4, 0, -3],
	[9, 8, 10, 10, 15, 14] => QQFieldElem[15, 1, 10, 7, 6, 6, 10, 4, 8, 10],
	[9, 8, 10, 10, 15, 15] => QQFieldElem[283//67, -12//67, 318//67, -75//67, 217//67, 80//67, 139//67, 207//67, 31//67, 187//67],
	[9, 8, 10, 10, 15, 5] => QQFieldElem[60, 0, 55, 8, 41, 26, 24, 43, 8, 54],
	[9, 8, 10, 10, 5, 4] => QQFieldElem[9, 1, 7, 3, 5, 5, 3, 7, 1, 9],
	[9, 8, 10, 10, 3, 14] => QQFieldElem[9, 0, 3, 9, -2, 6, 6, -2, 9, 3],
	[9, 8, 10, 10, 4, 14] => QQFieldElem[0, 0, 0, 0, -1, 0, 0, -1, 0, 0],
	[9, 8, 10, 10, 13, 14] => QQFieldElem[0, -2, 0, 0, 0, 3, 2, 2, 3, 0],
	[9, 8, 10, 10, 14, 14] => QQFieldElem[-5, 0, -5, 0, -4, -1, -3, -3, -1, -4],
	[9, 8, 10, 10, 5, 12] => QQFieldElem[6, 0, 4, 3, 2, 3, 3, 2, 3, 4],
	[9, 8, 10, 10, 3, 15] => QQFieldElem[981//1541, 850//1541, 657//1541, 1996//1541, 28//1541, 140//1541, 1399//1541, 513//1541, 1478//1541, 947//1541],
	[9, 8, 10, 10, 15, 4] => QQFieldElem[-124, -1, -113, -21, -86, -53, -51, -88, -19, -115],
	[9, 8, 10, 10, 4, 15] => QQFieldElem[-1452//1541, -768//1541, -619//1541, -1517//1541, -852//1541, -1178//1541, -1623//1541, -420//1541, -1165//1541, -1298//1541],
	[9, 8, 10, 10, 13, 15] => QQFieldElem[-376//1541, -530//1541, 243//1541, 1076//1541, 1868//1541, 3176//1541, 3515//1541, 2744//1541, 1961//1541, 878//1541],
	[9, 8, 10, 10, 14, 15] => QQFieldElem[-4426//1541, 499//1541, -4279//1541, -449//1541, -3323//1541, -1205//1541, -2190//1541, -2159//1541, -1384//1541, -3583//1541],
	[9, 8, 10, 10, 3, 5] => QQFieldElem[2, 0, 0, 1, 1, 1, 1, 0, 0, 2],
	[9, 8, 10, 10, 4, 5] => QQFieldElem[0, -1, 0, -2, -1, -1, -2, 0, -1, 0],
	[9, 8, 10, 10, 13, 5] => QQFieldElem[0, 0, 1, 2, 3, 4, 4, 3, 2, 1],
	[9, 8, 10, 10, 14, 5] => QQFieldElem[-36, 0, -33, -6, -25, -15, -15, -25, -6, -33],
	[9, 8, 10, 10, 15, 12] => QQFieldElem[23, -2, 25, -2, 21, 5, 12, 15, 4, 20],
	[9, 8, 10, 10, 5, 2] => QQFieldElem[1, 1, 0, 2, 1, 1, 2, 0, 1, 1],
	[9, 8, 10, 10, 3, 4] => QQFieldElem[-4, -1, -3, -2, -2, -2, -2, -3, -1, -4],
	[9, 8, 10, 10, 15, 2] => QQFieldElem[5, -1, 5, -1, 3, 2, 1, 4, 0, 4],
	[9, 8, 10, 10, 4, 4] => QQFieldElem[-2, 1, 0, 2, 2, 2, 2, 0, 1, -2],
	[9, 8, 10, 10, 14, 4] => QQFieldElem[77, 0, 71, 12, 54, 32, 32, 54, 12, 71],
	[9, 8, 10, 10, 13, 4] => QQFieldElem[0, 0, -2, -4, -6, -7, -7, -6, -4, -2],
	[9, 8, 10, 10, 3, 12] => QQFieldElem[1, 0, -1, 3, -2, 1, 1, -2, 3, -1])