Dict(
	[9, 12, 9, 12, 18, 10] => QQFieldElem[3, 4, 4, 1, 0, 1, 4, 4, 3, 0],
	[9, 12, 9, 12, 18, 18] => QQFieldElem[-1, -1, 0, 2, 1, 0, -1, 0, 1, 2],
	[9, 12, 9, 12, 8, 18] => QQFieldElem[-1, -1, -1, -1, -1, 0, 1, 1, 1, 1],
	[9, 12, 9, 12, 10, 10] => QQFieldElem[-1, -2, -3, -2, -1, 0, -2, -3, -3, -2],
	[9, 12, 9, 12, 10, 18] => QQFieldElem[1, 1, 2, 1, 2, 1, 2, 1, 1, 0],
	[9, 12, 9, 12, 8, 10] => QQFieldElem[1, 0, 0, 0, -1, 1, 1, -1, 0, 0],
	[9, 12, 9, 12, 18, 20] => QQFieldElem[467//529, 2623//529, 4133//529, 3210//529, 768//529, -165//529, 1512//529, 3587//529, 4023//529, 1967//529],
	[9, 12, 9, 12, 8, 20] => QQFieldElem[-132//529, -354//529, -6//529, -94//529, -771//529, -539//529, 284//529, 9//529, -718//529, -522//529],
	[9, 12, 9, 12, 10, 20] => QQFieldElem[521//529, 219//529, -337//529, -695//529, -191//529, 320//529, 434//529, -288//529, -829//529, -753//529],
	[9, 12, 9, 12, 18, 8] => QQFieldElem[-3, -4, -8, -4, -3, 0, -4, -6, -6, -4],
	[9, 12, 9, 12, 8, 8] => QQFieldElem[-1, -2, -1, -1, -1, -1, -2, -1, 0, 0],
	[9, 12, 9, 12, 20, 10] => QQFieldElem[0, -1, 2, -1, 3, -3, 2, -1, 2, 1],
	[9, 12, 9, 12, 20, 18] => QQFieldElem[-2, -2, -2, -4, -1, -4, -1, -4, -1, -3],
	[9, 12, 9, 12, 10, 8] => QQFieldElem[-3, 0, 0, 2, 0, -1, -1, 0, 2, 0],
	[9, 12, 9, 12, 20, 20] => QQFieldElem[-1168//529, -1353//529, -1063//529, -431//529, 151//529, -890//529, -1174//529, -1315//529, -422//529, 94//529],
	[9, 12, 9, 12, 20, 8] => QQFieldElem[11, -1, 12, -3, 10, -1, 9, 3, 4, 6])