Dict(
	[13, 16, 16, 13, 9, 8] => QQFieldElem[-1, -1, 0, 1],
	[13, 16, 16, 13, 1, 4] => QQFieldElem[1, 0, -1, -1],
	[13, 16, 16, 13, 10, 4] => QQFieldElem[3, 3, 0, -2],
	[13, 16, 16, 13, 1, 5] => QQFieldElem[1, 0, 1, 1],
	[13, 16, 16, 13, 1, 16] => QQFieldElem[4//5, 0, 3//5, 3//5],
	[13, 16, 16, 13, 13, 4] => QQFieldElem[-7, -7, 0, 4],
	[13, 16, 16, 13, 10, 5] => QQFieldElem[-1, -1, 0, 1],
	[13, 16, 16, 13, 1, 8] => QQFieldElem[1, 0, 1, 1],
	[13, 16, 16, 13, 10, 16] => QQFieldElem[-1//5, -1//5, 0, 2//5],
	[13, 16, 16, 13, 10, 8] => QQFieldElem[-1, -1, 0, 0],
	[13, 16, 16, 13, 13, 5] => QQFieldElem[3, 3, 0, -1],
	[13, 16, 16, 13, 9, 4] => QQFieldElem[3, 3, 0, -2],
	[13, 16, 16, 13, 13, 16] => QQFieldElem[1, 1, 0, -1],
	[13, 16, 16, 13, 13, 8] => QQFieldElem[3, 3, 0, -1],
	[13, 16, 16, 13, 9, 5] => QQFieldElem[-1, -1, 0, 0],
	[13, 16, 16, 13, 9, 16] => QQFieldElem[-1//5, -1//5, 0, 2//5])