Dict(
	[15, 23, 23, 15, 25, 19] => QQFieldElem[0, 0, 7//96, 0, 0, 0, 7//96, 0],
	[15, 23, 23, 15, 1, 19] => QQFieldElem[0, 0, 1//32, 0, 0, 0, 1//32, 0],
	[15, 23, 23, 15, 25, 14] => QQFieldElem[0, 0, -7//96, 0, 0, 0, -7//96, 0],
	[15, 23, 23, 15, 1, 14] => QQFieldElem[0, 0, 1//32, 0, 0, 0, 1//32, 0],
	[15, 23, 23, 15, 5, 13] => QQFieldElem[0, 0, 0, 0, 0, 0, -3//128, 0],
	[15, 23, 23, 15, 5, 18] => QQFieldElem[0, 0, 1//32, 0, 0, 0, 1//32, 0],
	[15, 23, 23, 15, 21, 19] => QQFieldElem[0, 0, -1//32, 0, 0, 0, -1//32, 0],
	[15, 23, 23, 15, 21, 14] => QQFieldElem[0, 0, 1//32, 0, 0, 0, 1//32, 0],
	[15, 23, 23, 15, 25, 13] => QQFieldElem[0, 0, 0, 0, 0, 0, -7//128, 0],
	[15, 23, 23, 15, 1, 13] => QQFieldElem[0, 0, 0, 0, 0, 0, -3//128, 0],
	[15, 23, 23, 15, 25, 18] => QQFieldElem[0, 0, -7//96, 0, 0, 0, -7//96, 0],
	[15, 23, 23, 15, 1, 18] => QQFieldElem[0, 0, 1//32, 0, 0, 0, 1//32, 0],
	[15, 23, 23, 15, 5, 19] => QQFieldElem[0, 0, -1//32, 0, 0, 0, -1//32, 0],
	[15, 23, 23, 15, 21, 13] => QQFieldElem[0, 0, 0, 0, 0, 0, -3//128, 0],
	[15, 23, 23, 15, 5, 14] => QQFieldElem[0, 0, -1//32, 0, 0, 0, -1//32, 0],
	[15, 23, 23, 15, 21, 18] => QQFieldElem[0, 0, -1//32, 0, 0, 0, -1//32, 0])