Dict(
	[19, 15, 25, 24, 16, 23] => QQFieldElem[-3//4, 0, 0, 0, 1//4, 0, 0, 0],
	[19, 15, 25, 24, 11, 24] => QQFieldElem[-2//7, 0, 0, 0, -1//7, 0, 0, 0],
	[19, 15, 25, 24, 20, 9] => QQFieldElem[1//2, 0, 0, 0, 0, 0, 0, 0],
	[19, 15, 25, 24, 11, 8] => QQFieldElem[0, 0, 0, 0, 1//9, 0, 0, 0],
	[19, 15, 25, 24, 16, 9] => QQFieldElem[-5//6, 0, 0, 0, 2//3, 0, 0, 0],
	[19, 15, 25, 24, 11, 23] => QQFieldElem[1//2, 0, 0, 0, 0, 0, 0, 0],
	[19, 15, 25, 24, 11, 9] => QQFieldElem[-2//3, 0, 0, 0, 1//3, 0, 0, 0],
	[19, 15, 25, 24, 15, 24] => QQFieldElem[15//14, 0, 0, 0, -3//14, 0, 0, 0],
	[19, 15, 25, 24, 15, 8] => QQFieldElem[1//6, 0, 0, 0, 1//6, 0, 0, 0],
	[19, 15, 25, 24, 15, 23] => QQFieldElem[3//2, 0, 0, 0, -3//4, 0, 0, 0],
	[19, 15, 25, 24, 20, 24] => QQFieldElem[-1//14, 0, 0, 0, -2//7, 0, 0, 0],
	[19, 15, 25, 24, 15, 9] => QQFieldElem[3//2, 0, 0, 0, -3//2, 0, 0, 0],
	[19, 15, 25, 24, 20, 8] => QQFieldElem[-1//18, 0, 0, 0, 1//9, 0, 0, 0],
	[19, 15, 25, 24, 16, 24] => QQFieldElem[1//2, 0, 0, 0, 0, 0, 0, 0],
	[19, 15, 25, 24, 16, 8] => QQFieldElem[1//18, 0, 0, 0, 1//9, 0, 0, 0],
	[19, 15, 25, 24, 20, 23] => QQFieldElem[-1//4, 0, 0, 0, -1//4, 0, 0, 0])