Dict(
	[15, 25, 23, 13, 24, 11] => QQFieldElem[0, -2//3, 0, 0, 0, 10//3, 0, 0],
	[15, 25, 23, 13, 3, 11] => QQFieldElem[0, 0, 0, 0, 0, 6, 0, 0],
	[15, 25, 23, 13, 4, 11] => QQFieldElem[0, -2, 0, 0, 0, 2, 0, 0],
	[15, 25, 23, 13, 23, 15] => QQFieldElem[-4, 0, 0, 0, 4, 0, 0, 0],
	[15, 25, 23, 13, 24, 15] => QQFieldElem[4, 0, 0, 0, -6, 0, 0, 0],
	[15, 25, 23, 13, 23, 16] => QQFieldElem[8//3, 0, 0, 0, -16//3, 0, 0, 0],
	[15, 25, 23, 13, 23, 20] => QQFieldElem[24//7, 0, 0, 0, -16//7, 0, 0, 0],
	[15, 25, 23, 13, 3, 15] => QQFieldElem[-6, 0, 0, 0, 12, 0, 0, 0],
	[15, 25, 23, 13, 4, 15] => QQFieldElem[4, 0, 0, 0, -2, 0, 0, 0],
	[15, 25, 23, 13, 24, 16] => QQFieldElem[4//3, 0, 0, 0, -20//3, 0, 0, 0],
	[15, 25, 23, 13, 24, 20] => QQFieldElem[-4, 0, 0, 0, 4, 0, 0, 0],
	[15, 25, 23, 13, 23, 11] => QQFieldElem[0, -4//3, 0, 0, 0, 8//3, 0, 0],
	[15, 25, 23, 13, 3, 16] => QQFieldElem[0, 0, 0, 0, 12, 0, 0, 0],
	[15, 25, 23, 13, 3, 20] => QQFieldElem[-48//7, 0, 0, 0, 60//7, 0, 0, 0],
	[15, 25, 23, 13, 4, 16] => QQFieldElem[-4, 0, 0, 0, 4, 0, 0, 0],
	[15, 25, 23, 13, 4, 20] => QQFieldElem[20//7, 0, 0, 0, -4//7, 0, 0, 0])