Dict(
	[20, 14, 13, 20, 5, 24] => QQFieldElem[-3, 0, 0, 0, -3, 0, 0, 0],
	[20, 14, 13, 20, 5, 8] => QQFieldElem[0, 0, 0, 1, 0, 0, 0, 1],
	[20, 14, 13, 20, 5, 23] => QQFieldElem[-3, 0, 0, 0, 3, 0, 0, 0],
	[20, 14, 13, 20, 5, 9] => QQFieldElem[3//2, 0, 0, 0, 3//2, 0, 0, 0],
	[20, 14, 13, 20, 22, 24] => QQFieldElem[5//3, 0, 0, 0, -4//3, 0, 0, 0],
	[20, 14, 13, 20, 22, 8] => QQFieldElem[0, 0, 0, -10//9, 0, 0, 0, 8//9],
	[20, 14, 13, 20, 25, 24] => QQFieldElem[1, 0, 0, 0, 0, 0, 0, 0],
	[20, 14, 13, 20, 22, 23] => QQFieldElem[1//3, 0, 0, 0, 2//3, 0, 0, 0],
	[20, 14, 13, 20, 25, 8] => QQFieldElem[0, 0, 0, 2//3, 0, 0, 0, 0],
	[20, 14, 13, 20, 25, 23] => QQFieldElem[1//3, 0, 0, 0, -2//3, 0, 0, 0],
	[20, 14, 13, 20, 22, 9] => QQFieldElem[5//3, 0, 0, 0, -4//3, 0, 0, 0],
	[20, 14, 13, 20, 25, 9] => QQFieldElem[1, 0, 0, 0, 0, 0, 0, 0],
	[20, 14, 13, 20, 2, 24] => QQFieldElem[4//3, 0, 0, 0, -8//3, 0, 0, 0],
	[20, 14, 13, 20, 2, 8] => QQFieldElem[0, 0, 0, 4//9, 0, 0, 0, -8//9],
	[20, 14, 13, 20, 2, 23] => QQFieldElem[4//3, 0, 0, 0, 0, 0, 0, 0],
	[20, 14, 13, 20, 2, 9] => QQFieldElem[-2//3, 0, 0, 0, 4//3, 0, 0, 0])