Dict(
	[24, 24, 24, 24, 5, 10] => QQFieldElem[0, 0, 1//144, 0, 0, 0, 1//144, 0],
	[24, 24, 24, 24, 21, 1] => QQFieldElem[0, 0, 0, 0, 0, 0, 1//32, 0],
	[24, 24, 24, 24, 25, 25] => QQFieldElem[0, 0, 0, 0, 0, 0, 0, 0],
	[24, 24, 24, 24, 21, 6] => QQFieldElem[0, 0, 0, 0, 0, 0, -1//32, 0],
	[24, 24, 24, 24, 1, 25] => QQFieldElem[0, 0, -4//3, 0, 0, 0, 4//3, 0],
	[24, 24, 24, 24, 6, 21] => QQFieldElem[0, 0, 0, 0, 0, -2//3, 0, 0],
	[24, 24, 24, 24, 6, 10] => QQFieldElem[0, 0, 0, 0, 0, 4//9, 0, 0],
	[24, 24, 24, 24, 5, 5] => QQFieldElem[0, 0, 1//48, 0, 0, 0, 1//48, 0],
	[24, 24, 24, 24, 10, 25] => QQFieldElem[0, 0, -1//16, 0, 0, 0, -1//16, 0],
	[24, 24, 24, 24, 25, 21] => QQFieldElem[0, 0, 0, 0, 0, 0, 0, 0],
	[24, 24, 24, 24, 25, 10] => QQFieldElem[0, 0, -1//72, 0, 0, 0, -1//72, 0],
	[24, 24, 24, 24, 6, 5] => QQFieldElem[0, 0, 0, 0, 0, 4//3, 0, 0],
	[24, 24, 24, 24, 1, 10] => QQFieldElem[0, 0, -4//9, 0, 0, 0, 4//9, 0],
	[24, 24, 24, 24, 1, 21] => QQFieldElem[0, 0, -2//3, 0, 0, 0, 2//3, 0],
	[24, 24, 24, 24, 21, 25] => QQFieldElem[0, 0, 0, 0, 0, 0, 0, 0],
	[24, 24, 24, 24, 5, 1] => QQFieldElem[0, 0, 0, 0, 0, 0, 1//64, 0],
	[24, 24, 24, 24, 5, 6] => QQFieldElem[0, 0, 0, 0, 0, 0, 1//64, 0],
	[24, 24, 24, 24, 25, 5] => QQFieldElem[0, 0, 1//24, 0, 0, 0, 1//24, 0],
	[24, 24, 24, 24, 10, 21] => QQFieldElem[0, 0, 1//16, 0, 0, 0, 1//16, 0],
	[24, 24, 24, 24, 1, 5] => QQFieldElem[0, 0, -4//3, 0, 0, 0, 4//3, 0],
	[24, 24, 24, 24, 10, 10] => QQFieldElem[0, 0, 1//48, 0, 0, 0, 1//48, 0],
	[24, 24, 24, 24, 6, 1] => QQFieldElem[0, 1//6, 0, 0, 0, -1//3, 0, 0],
	[24, 24, 24, 24, 21, 21] => QQFieldElem[0, 0, 0, 0, 0, 0, 0, 0],
	[24, 24, 24, 24, 6, 6] => QQFieldElem[0, 1//6, 0, 0, 0, -1//3, 0, 0],
	[24, 24, 24, 24, 21, 10] => QQFieldElem[0, 0, 1//36, 0, 0, 0, 1//36, 0],
	[24, 24, 24, 24, 10, 5] => QQFieldElem[0, 0, 1//16, 0, 0, 0, 1//16, 0],
	[24, 24, 24, 24, 25, 1] => QQFieldElem[0, 0, 0, 0, 0, 0, 1//32, 0],
	[24, 24, 24, 24, 1, 1] => QQFieldElem[0, 0, 1//3, 0, 0, 0, -1//6, 0],
	[24, 24, 24, 24, 5, 25] => QQFieldElem[0, 0, 1//48, 0, 0, 0, 1//48, 0],
	[24, 24, 24, 24, 25, 6] => QQFieldElem[0, 0, 0, 0, 0, 0, -1//32, 0],
	[24, 24, 24, 24, 21, 5] => QQFieldElem[0, 0, -1//12, 0, 0, 0, -1//12, 0],
	[24, 24, 24, 24, 1, 6] => QQFieldElem[0, 0, 1//3, 0, 0, 0, -1//6, 0],
	[24, 24, 24, 24, 6, 25] => QQFieldElem[0, 0, 0, 0, 0, -4//3, 0, 0],
	[24, 24, 24, 24, 10, 1] => QQFieldElem[0, 0, 0, 0, 0, 0, 3//64, 0],
	[24, 24, 24, 24, 10, 6] => QQFieldElem[0, 0, 0, 0, 0, 0, 3//64, 0],
	[24, 24, 24, 24, 5, 21] => QQFieldElem[0, 0, -1//48, 0, 0, 0, -1//48, 0])