Dict(
	[24, 14, 14, 24, 21, 16] => QQFieldElem[2, 0, 0, 0, 0, 0, 0, 0],
	[24, 14, 14, 24, 1, 11] => QQFieldElem[3//2, 0, 0, 0, -3//2, 0, 0, 0],
	[24, 14, 14, 24, 21, 20] => QQFieldElem[4, 0, 0, 0, 0, 0, 0, 0],
	[24, 14, 14, 24, 5, 15] => QQFieldElem[-1, 0, 0, 0, 0, 0, 0, 0],
	[24, 14, 14, 24, 21, 11] => QQFieldElem[2, 0, 0, 0, 0, 0, 0, 0],
	[24, 14, 14, 24, 5, 16] => QQFieldElem[-1, 0, 0, 0, 0, 0, 0, 0],
	[24, 14, 14, 24, 5, 20] => QQFieldElem[1, 0, 0, 0, 0, 0, 0, 0],
	[24, 14, 14, 24, 25, 15] => QQFieldElem[-1, 0, 0, 0, 0, 0, 0, 0],
	[24, 14, 14, 24, 1, 15] => QQFieldElem[3, 0, 0, 0, -3, 0, 0, 0],
	[24, 14, 14, 24, 5, 11] => QQFieldElem[1, 0, 0, 0, 0, 0, 0, 0],
	[24, 14, 14, 24, 25, 16] => QQFieldElem[1, 0, 0, 0, 0, 0, 0, 0],
	[24, 14, 14, 24, 25, 20] => QQFieldElem[-1, 0, 0, 0, 0, 0, 0, 0],
	[24, 14, 14, 24, 1, 16] => QQFieldElem[-3//2, 0, 0, 0, 3//2, 0, 0, 0],
	[24, 14, 14, 24, 21, 15] => QQFieldElem[4, 0, 0, 0, 0, 0, 0, 0],
	[24, 14, 14, 24, 1, 20] => QQFieldElem[-3, 0, 0, 0, 3, 0, 0, 0],
	[24, 14, 14, 24, 25, 11] => QQFieldElem[1, 0, 0, 0, 0, 0, 0, 0])