Dict(
	[10, 17, 17, 14, 17, 1, 1, 13, 1, 1] => QQFieldElem[1, -2, 2, -1],
	[10, 17, 17, 14, 7, 1, 1, 22, 1, 1] => QQFieldElem[0, -2, 2, -2],
	[10, 17, 17, 14, 20, 1, 1, 14, 1, 1] => QQFieldElem[18//5, 6//5, 9//5, 17//5],
	[10, 17, 17, 14, 5, 1, 1, 10, 1, 1] => QQFieldElem[20, 12, 4, 24],
	[10, 17, 17, 14, 20, 1, 1, 13, 1, 1] => QQFieldElem[-5, 2, -4, -1],
	[10, 17, 17, 14, 7, 1, 1, 10, 1, 1] => QQFieldElem[0, -4, 2, -4],
	[10, 17, 17, 14, 17, 1, 1, 22, 1, 1] => QQFieldElem[-2, -1, 0, -2],
	[10, 17, 17, 14, 5, 1, 1, 14, 1, 1] => QQFieldElem[4, 0, 2, 2],
	[10, 17, 17, 14, 20, 1, 1, 22, 1, 1] => QQFieldElem[3, 4, -1, 6],
	[10, 17, 17, 14, 17, 1, 1, 10, 1, 1] => QQFieldElem[-6, -4, -2, -8],
	[10, 17, 17, 14, 7, 1, 1, 14, 1, 1] => QQFieldElem[-7//5, -4//5, -1//5, -8//5],
	[10, 17, 17, 14, 5, 1, 1, 13, 1, 1] => QQFieldElem[-4, 8, -8, 4],
	[10, 17, 17, 14, 7, 1, 1, 13, 1, 1] => QQFieldElem[4, 0, 2, 2],
	[10, 17, 17, 14, 20, 1, 1, 10, 1, 1] => QQFieldElem[6, 8, -2, 12],
	[10, 17, 17, 14, 17, 1, 1, 14, 1, 1] => QQFieldElem[-1, 0, -1, -1],
	[10, 17, 17, 14, 5, 1, 1, 22, 1, 1] => QQFieldElem[8, 4, 0, 8])