Dict(
	[10, 15, 16, 22, 20, 1, 1, 19, 1, 2] => QQFieldElem[-3//5, 0, -1//5, -1//5],
	[10, 15, 16, 22, 12, 1, 1, 19, 1, 2] => QQFieldElem[2, 0, 2, 0],
	[10, 15, 16, 22, 17, 1, 1, 4, 1, 1] => QQFieldElem[-2//5, 2//5, -3//5, 3//5],
	[10, 15, 16, 22, 20, 1, 1, 4, 1, 1] => QQFieldElem[-2//5, -2//5, 0, -6//5],
	[10, 15, 16, 22, 12, 1, 1, 4, 1, 1] => QQFieldElem[4//5, 0, 3//5, 3//5],
	[10, 15, 16, 22, 17, 1, 1, 19, 1, 1] => QQFieldElem[4//5, 4//5, 0, 7//5],
	[10, 15, 16, 22, 19, 1, 1, 8, 1, 1] => QQFieldElem[-56//5, -32//5, -8//5, 16//5],
	[10, 15, 16, 22, 11, 1, 1, 8, 1, 1] => QQFieldElem[16//5, 0, -16//5, 0],
	[10, 15, 16, 22, 19, 1, 1, 18, 1, 1] => QQFieldElem[2, 0, -2, -2],
	[10, 15, 16, 22, 11, 1, 1, 18, 1, 1] => QQFieldElem[-2//5, 2//5, 2//5, -2//5],
	[10, 15, 16, 22, 20, 1, 1, 19, 1, 1] => QQFieldElem[2, 2, 0, 0],
	[10, 15, 16, 22, 12, 1, 1, 19, 1, 1] => QQFieldElem[4//5, -4//5, 6//5, -6//5],
	[10, 15, 16, 22, 19, 1, 1, 19, 1, 2] => QQFieldElem[8//5, 4//5, 3//5, 2],
	[10, 15, 16, 22, 11, 1, 1, 19, 1, 2] => QQFieldElem[-3//5, 0, -1//5, -1//5],
	[10, 15, 16, 22, 19, 1, 1, 4, 1, 1] => QQFieldElem[0, 0, 0, -2],
	[10, 15, 16, 22, 11, 1, 1, 4, 1, 1] => QQFieldElem[12//5, 0, 4//5, 4//5],
	[10, 15, 16, 22, 17, 1, 1, 8, 1, 1] => QQFieldElem[-12//5, -4//5, -4//5, 0],
	[10, 15, 16, 22, 17, 1, 1, 18, 1, 1] => QQFieldElem[4//5, -1//5, 1, 2//5],
	[10, 15, 16, 22, 17, 1, 1, 19, 1, 2] => QQFieldElem[0, -12//5, 4//5, -12//5],
	[10, 15, 16, 22, 19, 1, 1, 19, 1, 1] => QQFieldElem[0, -4//5, -2//5, -4//5],
	[10, 15, 16, 22, 12, 1, 1, 8, 1, 1] => QQFieldElem[4//5, 4//5, 4//5, 8//5],
	[10, 15, 16, 22, 11, 1, 1, 19, 1, 1] => QQFieldElem[-4//5, 0, -8//5, -8//5],
	[10, 15, 16, 22, 20, 1, 1, 18, 1, 1] => QQFieldElem[0, 2//5, 1//5, 2//5],
	[10, 15, 16, 22, 12, 1, 1, 18, 1, 1] => QQFieldElem[1//5, 4//5, 4//5, 1//5],
	[10, 15, 16, 22, 20, 1, 1, 8, 1, 1] => QQFieldElem[-4//5, -4//5, 4//5, 4//5])