Dict(
	[10, 18, 12, 22, 19, 1, 1, 9, 1, 1] => QQFieldElem[4//5, -12//5, 12//5, -4//5],
	[10, 18, 12, 22, 19, 1, 1, 16, 1, 1] => QQFieldElem[-2, 0, -1, -1],
	[10, 18, 12, 22, 17, 1, 1, 15, 1, 1] => QQFieldElem[-4//5, 2//5, -2//5, -1//5],
	[10, 18, 12, 22, 17, 1, 1, 21, 1, 1] => QQFieldElem[-2, 0, -1, -1],
	[10, 18, 12, 22, 20, 1, 1, 15, 1, 1] => QQFieldElem[2, 0, 1, 1],
	[10, 18, 12, 22, 12, 1, 1, 15, 1, 1] => QQFieldElem[1, 0, 1, 1],
	[10, 18, 12, 22, 17, 1, 1, 9, 1, 1] => QQFieldElem[-4//5, -8//5, 8//5, -16//5],
	[10, 18, 12, 22, 17, 1, 1, 16, 1, 1] => QQFieldElem[-1, 0, -1, 0],
	[10, 18, 12, 22, 20, 1, 1, 21, 1, 1] => QQFieldElem[2, 0, 1, 2],
	[10, 18, 12, 22, 12, 1, 1, 21, 1, 1] => QQFieldElem[2, 0, 1, 2],
	[10, 18, 12, 22, 20, 1, 1, 9, 1, 1] => QQFieldElem[0, 4, 0, 4],
	[10, 18, 12, 22, 12, 1, 1, 9, 1, 1] => QQFieldElem[0, 4, -4, 4],
	[10, 18, 12, 22, 20, 1, 1, 16, 1, 1] => QQFieldElem[2, 0, 2, 1],
	[10, 18, 12, 22, 12, 1, 1, 16, 1, 1] => QQFieldElem[2, 0, 2, 1],
	[10, 18, 12, 22, 19, 1, 1, 15, 1, 1] => QQFieldElem[-6//5, -2//5, -3//5, -4//5],
	[10, 18, 12, 22, 19, 1, 1, 21, 1, 1] => QQFieldElem[-1, 0, 0, -1])