Dict(
	[11, 22, 21, 18, 20, 1, 1, 14, 1, 1] => QQFieldElem[-9//2, -9//2, 0, -29//4],
	[11, 22, 21, 18, 17, 1, 2, 15, 1, 1] => QQFieldElem[-1//5, 6//5, -4//5, 4//5],
	[11, 22, 21, 18, 19, 1, 1, 10, 1, 1] => QQFieldElem[-1, 0, -3//4, -3//4],
	[11, 22, 21, 18, 20, 1, 1, 13, 1, 1] => QQFieldElem[-4, 0, -5//2, -5//2],
	[11, 22, 21, 18, 11, 1, 1, 10, 1, 1] => QQFieldElem[0, 4, -4, 4],
	[11, 22, 21, 18, 17, 1, 2, 16, 1, 1] => QQFieldElem[3//2, 1//2, 1, 1],
	[11, 22, 21, 18, 18, 1, 2, 21, 1, 2] => QQFieldElem[-8, 0, -8, -4],
	[11, 22, 21, 18, 20, 1, 2, 21, 1, 1] => QQFieldElem[3//2, 3//2, 1//2, 3//2],
	[11, 22, 21, 18, 18, 1, 2, 22, 1, 2] => QQFieldElem[-8, 0, -4, -8],
	[11, 22, 21, 18, 19, 1, 2, 14, 1, 1] => QQFieldElem[1, 0, 1, 1],
	[11, 22, 21, 18, 20, 1, 2, 22, 1, 1] => QQFieldElem[0, -3//2, 0, -1],
	[11, 22, 21, 18, 17, 1, 1, 10, 1, 1] => QQFieldElem[1//2, 2, -1, 5//2],
	[11, 22, 21, 18, 19, 1, 2, 13, 1, 1] => QQFieldElem[0, 0, 0, 0],
	[11, 22, 21, 18, 18, 1, 1, 15, 1, 1] => QQFieldElem[1//5, -1//5, -1//5, 1//5],
	[11, 22, 21, 18, 17, 1, 2, 14, 1, 1] => QQFieldElem[33//10, 1//10, 12//5, 11//5],
	[11, 22, 21, 18, 19, 1, 1, 21, 1, 1] => QQFieldElem[-3, 1, -5//2, -1//2],
	[11, 22, 21, 18, 11, 1, 1, 21, 1, 1] => QQFieldElem[-24//5, -8//5, 8//5, -16//5],
	[11, 22, 21, 18, 18, 1, 1, 16, 1, 1] => QQFieldElem[0, -3//10, 1//10, -3//10],
	[11, 22, 21, 18, 17, 1, 2, 13, 1, 1] => QQFieldElem[1//5, -6//5, 4//5, -4//5],
	[11, 22, 21, 18, 11, 1, 1, 22, 1, 1] => QQFieldElem[24//5, 8//5, 32//5, 16//5],
	[11, 22, 21, 18, 19, 1, 1, 22, 1, 1] => QQFieldElem[-7//2, 1//2, -3//2, -2],
	[11, 22, 21, 18, 20, 1, 1, 21, 1, 2] => QQFieldElem[29//4, 21//4, 3//2, 39//4],
	[11, 22, 21, 18, 18, 1, 2, 10, 1, 1] => QQFieldElem[1//2, 0, 1//2, 1//2],
	[11, 22, 21, 18, 20, 1, 1, 22, 1, 2] => QQFieldElem[15//4, 23//4, -3//2, 33//4],
	[11, 22, 21, 18, 20, 1, 2, 15, 1, 1] => QQFieldElem[0, -2, 2, -2],
	[11, 22, 21, 18, 17, 1, 1, 21, 1, 1] => QQFieldElem[-3//5, -1//5, 1//5, -7//5],
	[11, 22, 21, 18, 17, 1, 1, 22, 1, 1] => QQFieldElem[9//5, -2//5, 7//5, 6//5],
	[11, 22, 21, 18, 18, 1, 1, 14, 1, 1] => QQFieldElem[-3//5, -7//10, -3//10, -9//10],
	[11, 22, 21, 18, 19, 1, 2, 21, 1, 2] => QQFieldElem[-1, -1//2, -1//2, -1],
	[11, 22, 21, 18, 18, 1, 1, 13, 1, 1] => QQFieldElem[-1//5, 1//5, 1//5, -1//5],
	[11, 22, 21, 18, 20, 1, 2, 16, 1, 1] => QQFieldElem[-2, 0, -1, -1],
	[11, 22, 21, 18, 19, 1, 2, 22, 1, 2] => QQFieldElem[0, 0, -1//2, 1//2],
	[11, 22, 21, 18, 20, 1, 1, 10, 1, 1] => QQFieldElem[8, 0, 19//4, 19//4],
	[11, 22, 21, 18, 19, 1, 1, 15, 1, 1] => QQFieldElem[0, 0, 1//2, 1//2],
	[11, 22, 21, 18, 11, 1, 1, 15, 1, 1] => QQFieldElem[0, 8//5, -16//5, 8//5],
	[11, 22, 21, 18, 18, 1, 2, 21, 1, 1] => QQFieldElem[-1, 2, -2, 1],
	[11, 22, 21, 18, 17, 1, 2, 21, 1, 2] => QQFieldElem[-2, 0, -1, -2],
	[11, 22, 21, 18, 18, 1, 2, 22, 1, 1] => QQFieldElem[-3, -2, -1, -4],
	[11, 22, 21, 18, 17, 1, 2, 22, 1, 2] => QQFieldElem[-2, 0, -2, -1],
	[11, 22, 21, 18, 19, 1, 1, 16, 1, 1] => QQFieldElem[-1//2, -1//2, 0, -1//4],
	[11, 22, 21, 18, 11, 1, 1, 16, 1, 1] => QQFieldElem[16//5, 0, 12//5, 12//5],
	[11, 22, 21, 18, 20, 1, 2, 14, 1, 1] => QQFieldElem[-7, 0, -4, -4],
	[11, 22, 21, 18, 19, 1, 2, 10, 1, 1] => QQFieldElem[0, 0, 0, 0],
	[11, 22, 21, 18, 17, 1, 1, 15, 1, 1] => QQFieldElem[1//5, 1, -3//5, 7//5],
	[11, 22, 21, 18, 20, 1, 2, 13, 1, 1] => QQFieldElem[0, 2, -2, 2],
	[11, 22, 21, 18, 17, 1, 1, 16, 1, 1] => QQFieldElem[1, -1//2, 1//2, 1//2],
	[11, 22, 21, 18, 18, 1, 1, 21, 1, 2] => QQFieldElem[3, 2, 1, 4],
	[11, 22, 21, 18, 20, 1, 1, 21, 1, 1] => QQFieldElem[-5//4, 3//4, -3//2, 3//4],
	[11, 22, 21, 18, 18, 1, 1, 22, 1, 2] => QQFieldElem[-3, 1, -2, -1],
	[11, 22, 21, 18, 19, 1, 1, 14, 1, 1] => QQFieldElem[1//2, 1//2, 0, 1//4],
	[11, 22, 21, 18, 20, 1, 1, 22, 1, 1] => QQFieldElem[9//4, 1//4, 3//2, 9//4],
	[11, 22, 21, 18, 17, 1, 2, 10, 1, 1] => QQFieldElem[-1//2, 2, -3//2, 3//2],
	[11, 22, 21, 18, 11, 1, 1, 14, 1, 1] => QQFieldElem[8, 0, 4, 4],
	[11, 22, 21, 18, 19, 1, 1, 13, 1, 1] => QQFieldElem[-1, 0, -1//2, -1//2],
	[11, 22, 21, 18, 11, 1, 1, 13, 1, 1] => QQFieldElem[0, -8//5, 16//5, -8//5],
	[11, 22, 21, 18, 18, 1, 2, 15, 1, 1] => QQFieldElem[-1//5, 0, -2//5, -2//5],
	[11, 22, 21, 18, 19, 1, 2, 21, 1, 1] => QQFieldElem[-4, -1//2, -5//2, -2],
	[11, 22, 21, 18, 18, 1, 2, 16, 1, 1] => QQFieldElem[3//10, 3//10, 0, 2//5],
	[11, 22, 21, 18, 17, 1, 1, 14, 1, 1] => QQFieldElem[16//5, -1//10, 21//10, 23//10],
	[11, 22, 21, 18, 19, 1, 2, 22, 1, 1] => QQFieldElem[-4, -1, -3//2, -7//2],
	[11, 22, 21, 18, 17, 1, 1, 13, 1, 1] => QQFieldElem[-1//5, -1, 3//5, -7//5],
	[11, 22, 21, 18, 20, 1, 2, 21, 1, 2] => QQFieldElem[15//2, -3//2, 11//2, 7//2],
	[11, 22, 21, 18, 20, 1, 2, 22, 1, 2] => QQFieldElem[9, 3//2, 5, 7],
	[11, 22, 21, 18, 18, 1, 1, 10, 1, 1] => QQFieldElem[-1//2, 0, 0, -1//2],
	[11, 22, 21, 18, 17, 1, 2, 21, 1, 1] => QQFieldElem[1//5, -3//5, -2//5, -1//5],
	[11, 22, 21, 18, 20, 1, 1, 15, 1, 1] => QQFieldElem[5, 0, 5//2, 5//2],
	[11, 22, 21, 18, 17, 1, 2, 22, 1, 1] => QQFieldElem[-1//5, -2//5, 2//5, -4//5],
	[11, 22, 21, 18, 18, 1, 2, 14, 1, 1] => QQFieldElem[1//10, 7//10, -1//5, 2//5],
	[11, 22, 21, 18, 19, 1, 1, 21, 1, 2] => QQFieldElem[0, 0, 1//2, -1//2],
	[11, 22, 21, 18, 11, 1, 1, 21, 1, 2] => QQFieldElem[-9//5, -3//5, -2//5, -11//5],
	[11, 22, 21, 18, 18, 1, 2, 13, 1, 1] => QQFieldElem[1//5, 0, 2//5, 2//5],
	[11, 22, 21, 18, 19, 1, 1, 22, 1, 2] => QQFieldElem[-1//2, 1//2, -1//2, 0],
	[11, 22, 21, 18, 20, 1, 1, 16, 1, 1] => QQFieldElem[-3//2, -3//2, 0, -11//4],
	[11, 22, 21, 18, 11, 1, 1, 22, 1, 2] => QQFieldElem[3//5, -4//5, 4//5, 2//5],
	[11, 22, 21, 18, 20, 1, 2, 10, 1, 1] => QQFieldElem[0, -4, 3, -4],
	[11, 22, 21, 18, 19, 1, 2, 15, 1, 1] => QQFieldElem[0, 0, 0, 0],
	[11, 22, 21, 18, 18, 1, 1, 21, 1, 1] => QQFieldElem[-1, 0, -1, 0],
	[11, 22, 21, 18, 17, 1, 1, 21, 1, 2] => QQFieldElem[1//5, -3//5, 3//5, -1//5],
	[11, 22, 21, 18, 18, 1, 1, 22, 1, 1] => QQFieldElem[1, 1, 0, 1],
	[11, 22, 21, 18, 17, 1, 1, 22, 1, 2] => QQFieldElem[-1//5, -2//5, -3//5, -4//5],
	[11, 22, 21, 18, 19, 1, 2, 16, 1, 1] => QQFieldElem[0, 0, 0, 0])