Dict(
	[11, 20, 17, 11, 18, 1, 1, 17, 1, 1] => QQFieldElem[0, 0, 0, 0],
	[11, 20, 17, 11, 11, 1, 1, 18, 1, 1] => QQFieldElem[1//2, 0, 1//2, 1//2],
	[11, 20, 17, 11, 7, 1, 1, 18, 1, 1] => QQFieldElem[1//2, 0, 1//2, 1//2],
	[11, 20, 17, 11, 11, 1, 1, 17, 1, 1] => QQFieldElem[1, 0, 1//2, 1],
	[11, 20, 17, 11, 7, 1, 1, 17, 1, 1] => QQFieldElem[1, 0, 1//2, 1],
	[11, 20, 17, 11, 17, 1, 1, 20, 1, 1] => QQFieldElem[0, 0, 0, 0],
	[11, 20, 17, 11, 17, 1, 1, 18, 1, 1] => QQFieldElem[-4//5, -3//5, -2//5, -1//5],
	[11, 20, 17, 11, 18, 1, 1, 19, 1, 1] => QQFieldElem[-3, 1, -3, 0],
	[11, 20, 17, 11, 17, 1, 1, 17, 1, 1] => QQFieldElem[-1, 0, 0, -1],
	[11, 20, 17, 11, 11, 1, 1, 19, 1, 1] => QQFieldElem[0, -4, 3, -4],
	[11, 20, 17, 11, 7, 1, 1, 19, 1, 1] => QQFieldElem[0, 4, -3, 4],
	[11, 20, 17, 11, 18, 1, 1, 20, 1, 1] => QQFieldElem[1, 0, 0, 1],
	[11, 20, 17, 11, 11, 1, 1, 20, 1, 1] => QQFieldElem[2, 0, 1, 1],
	[11, 20, 17, 11, 7, 1, 1, 20, 1, 1] => QQFieldElem[-2, 0, -1, -1],
	[11, 20, 17, 11, 17, 1, 1, 19, 1, 1] => QQFieldElem[0, 0, 0, 0],
	[11, 20, 17, 11, 18, 1, 1, 18, 1, 1] => QQFieldElem[0, 0, 0, 0])