Dict(
	[11, 19, 13, 22, 21, 1, 1, 20, 1, 2] => QQFieldElem[0, 1//2, 0, 1//2],
	[11, 19, 13, 22, 14, 1, 1, 20, 1, 2] => QQFieldElem[-1//5, 3//5, 2//5, 1//5],
	[11, 19, 13, 22, 10, 1, 1, 7, 1, 1] => QQFieldElem[-1, -1//2, -1//2, -1//2],
	[11, 19, 13, 22, 15, 1, 1, 18, 1, 1] => QQFieldElem[0, 0, 1//2, 0],
	[11, 19, 13, 22, 15, 1, 1, 17, 1, 1] => QQFieldElem[1//2, -1//2, 1//2, 0],
	[11, 19, 13, 22, 10, 1, 1, 12, 1, 1] => QQFieldElem[-1//2, -1, -1//2, -1//2],
	[11, 19, 13, 22, 13, 1, 1, 5, 1, 1] => QQFieldElem[-2, 0, -2, -2],
	[11, 19, 13, 22, 13, 1, 1, 19, 1, 1] => QQFieldElem[-2, 0, 0, 0],
	[11, 19, 13, 22, 15, 1, 1, 20, 1, 2] => QQFieldElem[0, 1//2, 1, 1//2],
	[11, 19, 13, 22, 10, 1, 1, 20, 1, 1] => QQFieldElem[-2//5, 6//5, 4//5, 2//5],
	[11, 19, 13, 22, 22, 1, 1, 5, 1, 1] => QQFieldElem[-1, 0, -1, -1],
	[11, 19, 13, 22, 21, 1, 1, 7, 1, 1] => QQFieldElem[2, 2, 2, 4],
	[11, 19, 13, 22, 22, 1, 1, 19, 1, 1] => QQFieldElem[-1, 0, 0, 0],
	[11, 19, 13, 22, 16, 1, 1, 5, 1, 1] => QQFieldElem[1//2, -1//2, 1//2, -1//2],
	[11, 19, 13, 22, 14, 1, 1, 7, 1, 1] => QQFieldElem[0, -1//2, 1//2, -1],
	[11, 19, 13, 22, 21, 1, 1, 12, 1, 1] => QQFieldElem[0, 4, 2, 4],
	[11, 19, 13, 22, 16, 1, 1, 19, 1, 1] => QQFieldElem[1//2, -1//2, 1//2, -1//2],
	[11, 19, 13, 22, 13, 1, 1, 18, 1, 1] => QQFieldElem[-2, 0, -2, 0],
	[11, 19, 13, 22, 14, 1, 1, 12, 1, 1] => QQFieldElem[2, 0, 3//2, 1],
	[11, 19, 13, 22, 13, 1, 1, 17, 1, 1] => QQFieldElem[2, 0, 0, 0],
	[11, 19, 13, 22, 9, 1, 1, 5, 1, 1] => QQFieldElem[-4, 0, -4, -4],
	[11, 19, 13, 22, 21, 1, 1, 20, 1, 1] => QQFieldElem[-1//10, -1//5, 1//5, 1//10],
	[11, 19, 13, 22, 9, 1, 1, 19, 1, 1] => QQFieldElem[-4, 0, -4, -4],
	[11, 19, 13, 22, 22, 1, 1, 18, 1, 1] => QQFieldElem[-1, 0, -1, 0],
	[11, 19, 13, 22, 14, 1, 1, 20, 1, 1] => QQFieldElem[2, 2, -2, -2],
	[11, 19, 13, 22, 22, 1, 1, 17, 1, 1] => QQFieldElem[-1, 0, 0, 0],
	[11, 19, 13, 22, 13, 1, 1, 20, 1, 2] => QQFieldElem[0, -1//2, 0, -1//2],
	[11, 19, 13, 22, 16, 1, 1, 18, 1, 1] => QQFieldElem[-1//2, -1, 0, -1],
	[11, 19, 13, 22, 15, 1, 1, 7, 1, 1] => QQFieldElem[-1, -1//2, -1//2, -1],
	[11, 19, 13, 22, 16, 1, 1, 17, 1, 1] => QQFieldElem[-1//2, 1//2, -1//2, 1//2],
	[11, 19, 13, 22, 22, 1, 1, 20, 1, 2] => QQFieldElem[-1//5, 3//5, 2//5, 1//5],
	[11, 19, 13, 22, 15, 1, 1, 12, 1, 1] => QQFieldElem[0, 0, 1//2, 0],
	[11, 19, 13, 22, 9, 1, 1, 18, 1, 1] => QQFieldElem[0, 4, 0, 0],
	[11, 19, 13, 22, 9, 1, 1, 17, 1, 1] => QQFieldElem[4, 0, 4, 4],
	[11, 19, 13, 22, 16, 1, 1, 20, 1, 2] => QQFieldElem[11//10, 1//5, 4//5, 9//10],
	[11, 19, 13, 22, 15, 1, 1, 20, 1, 1] => QQFieldElem[4//5, -12//5, -8//5, -4//5],
	[11, 19, 13, 22, 9, 1, 1, 20, 1, 2] => QQFieldElem[0, -1//2, -1, -1//2],
	[11, 19, 13, 22, 10, 1, 1, 5, 1, 1] => QQFieldElem[0, 1//2, -1//2, 0],
	[11, 19, 13, 22, 13, 1, 1, 7, 1, 1] => QQFieldElem[-2, -2, 0, -2],
	[11, 19, 13, 22, 10, 1, 1, 19, 1, 1] => QQFieldElem[-1//2, 0, 0, 1//2],
	[11, 19, 13, 22, 13, 1, 1, 12, 1, 1] => QQFieldElem[2, 0, 2, 0],
	[11, 19, 13, 22, 22, 1, 1, 7, 1, 1] => QQFieldElem[1, 1, 0, 1],
	[11, 19, 13, 22, 16, 1, 1, 7, 1, 1] => QQFieldElem[1, 0, 1//2, 1],
	[11, 19, 13, 22, 21, 1, 1, 5, 1, 1] => QQFieldElem[-2, 2, 0, 0],
	[11, 19, 13, 22, 22, 1, 1, 12, 1, 1] => QQFieldElem[-1, 0, -1, 0],
	[11, 19, 13, 22, 13, 1, 1, 20, 1, 1] => QQFieldElem[-1//10, -1//5, 1//5, 1//10],
	[11, 19, 13, 22, 10, 1, 1, 18, 1, 1] => QQFieldElem[1//2, 1, 1//2, 1//2],
	[11, 19, 13, 22, 10, 1, 1, 17, 1, 1] => QQFieldElem[1//2, 0, 0, -1//2],
	[11, 19, 13, 22, 21, 1, 1, 19, 1, 1] => QQFieldElem[-2, -2, -4, -2],
	[11, 19, 13, 22, 14, 1, 1, 5, 1, 1] => QQFieldElem[3//2, 1//2, 1//2, 1],
	[11, 19, 13, 22, 16, 1, 1, 12, 1, 1] => QQFieldElem[1//2, 1, 0, 1],
	[11, 19, 13, 22, 14, 1, 1, 19, 1, 1] => QQFieldElem[3//2, 1//2, 1//2, 1],
	[11, 19, 13, 22, 9, 1, 1, 7, 1, 1] => QQFieldElem[-4, -4, 0, -4],
	[11, 19, 13, 22, 22, 1, 1, 20, 1, 1] => QQFieldElem[2, 2, -2, -2],
	[11, 19, 13, 22, 10, 1, 1, 20, 1, 2] => QQFieldElem[11//10, 1//5, 4//5, 9//10],
	[11, 19, 13, 22, 9, 1, 1, 12, 1, 1] => QQFieldElem[0, -4, 0, 0],
	[11, 19, 13, 22, 16, 1, 1, 20, 1, 1] => QQFieldElem[2//5, -6//5, -4//5, -2//5],
	[11, 19, 13, 22, 21, 1, 1, 18, 1, 1] => QQFieldElem[0, 4, 2, 4],
	[11, 19, 13, 22, 21, 1, 1, 17, 1, 1] => QQFieldElem[-2, -2, -4, -2],
	[11, 19, 13, 22, 14, 1, 1, 18, 1, 1] => QQFieldElem[2, 0, 3//2, 1],
	[11, 19, 13, 22, 9, 1, 1, 20, 1, 1] => QQFieldElem[-4//5, 12//5, 8//5, 4//5],
	[11, 19, 13, 22, 15, 1, 1, 5, 1, 1] => QQFieldElem[1//2, -1//2, 1//2, 0],
	[11, 19, 13, 22, 14, 1, 1, 17, 1, 1] => QQFieldElem[3//2, 1//2, 1//2, 1],
	[11, 19, 13, 22, 15, 1, 1, 19, 1, 1] => QQFieldElem[1//2, -1//2, 1//2, 0])