Dict(
	[11, 13, 22, 11, 17, 1, 1, 21, 1, 1] => QQFieldElem[9//11, -34//11, 26//11, -26//11],
	[11, 13, 22, 11, 17, 1, 1, 22, 1, 1] => QQFieldElem[1, 1, 0, 2],
	[11, 13, 22, 11, 17, 1, 1, 16, 1, 1] => QQFieldElem[1//2, 0, 1//2, 1//2],
	[11, 13, 22, 11, 18, 1, 1, 14, 1, 1] => QQFieldElem[1, 0, 1//2, 1],
	[11, 13, 22, 11, 11, 1, 1, 14, 1, 1] => QQFieldElem[-1//2, 0, 0, -1//2],
	[11, 13, 22, 11, 7, 1, 1, 14, 1, 1] => QQFieldElem[-1//2, 0, 0, -1//2],
	[11, 13, 22, 11, 18, 1, 1, 21, 1, 1] => QQFieldElem[-9//11, 34//11, -26//11, 26//11],
	[11, 13, 22, 11, 18, 1, 1, 22, 1, 1] => QQFieldElem[-1, -1, 0, -2],
	[11, 13, 22, 11, 17, 1, 1, 14, 1, 1] => QQFieldElem[1, 0, 1//2, 1],
	[11, 13, 22, 11, 11, 1, 1, 21, 1, 1] => QQFieldElem[-4//11, 9//11, -3//11, 3//11],
	[11, 13, 22, 11, 18, 1, 1, 16, 1, 1] => QQFieldElem[1//2, 0, 1//2, 1//2],
	[11, 13, 22, 11, 7, 1, 1, 21, 1, 1] => QQFieldElem[4//11, -9//11, 3//11, -3//11],
	[11, 13, 22, 11, 11, 1, 1, 22, 1, 1] => QQFieldElem[-3//5, -6//5, 1//5, -7//5],
	[11, 13, 22, 11, 11, 1, 1, 16, 1, 1] => QQFieldElem[-2//5, -3//10, -1//5, -1//10],
	[11, 13, 22, 11, 7, 1, 1, 22, 1, 1] => QQFieldElem[3//5, 6//5, -1//5, 7//5],
	[11, 13, 22, 11, 7, 1, 1, 16, 1, 1] => QQFieldElem[-2//5, -3//10, -1//5, -1//10])