Dict(
	[12, 20, 13, 21, 14, 1, 1, 11, 1, 1] => QQFieldElem[-1, 0, -1, -1],
	[12, 20, 13, 21, 22, 1, 2, 19, 1, 1] => QQFieldElem[19//44, 9//22, 7//22, 9//44],
	[12, 20, 13, 21, 21, 1, 2, 20, 1, 2] => QQFieldElem[1, 1//2, 1//2, 1],
	[12, 20, 13, 21, 22, 1, 1, 19, 1, 1] => QQFieldElem[13//11, 9//22, -13//11, -17//11],
	[12, 20, 13, 21, 21, 1, 1, 20, 1, 2] => QQFieldElem[8//5, 1//5, 4//5, 7//5],
	[12, 20, 13, 21, 16, 1, 1, 20, 1, 2] => QQFieldElem[0, 0, 0, 0],
	[12, 20, 13, 21, 21, 1, 2, 19, 1, 1] => QQFieldElem[0, -1, 0, -1],
	[12, 20, 13, 21, 21, 1, 1, 19, 1, 1] => QQFieldElem[-8//11, 19//22, -17//22, 2//11],
	[12, 20, 13, 21, 14, 1, 1, 20, 1, 2] => QQFieldElem[-1//5, -1//5, 0, -7//20],
	[12, 20, 13, 21, 16, 1, 1, 19, 1, 1] => QQFieldElem[-4//11, -7//22, -3//22, 1//11],
	[12, 20, 13, 21, 14, 1, 1, 19, 1, 1] => QQFieldElem[-2//11, 1//11, 2//11, -5//11],
	[12, 20, 13, 21, 22, 1, 2, 20, 1, 1] => QQFieldElem[8//5, 1//5, 4//5, 7//5],
	[12, 20, 13, 21, 22, 1, 1, 20, 1, 1] => QQFieldElem[-9//5, -1//10, -9//10, -6//5],
	[12, 20, 13, 21, 21, 1, 2, 20, 1, 1] => QQFieldElem[3//20, 1//20, 3//40, 1//10],
	[12, 20, 13, 21, 21, 1, 1, 20, 1, 1] => QQFieldElem[1//4, -1//4, 1//4, 0],
	[12, 20, 13, 21, 22, 1, 2, 18, 1, 1] => QQFieldElem[3//44, 1//11, 5//88, 1//22],
	[12, 20, 13, 21, 16, 1, 1, 20, 1, 1] => QQFieldElem[1//5, -1//5, 3//10, -1//20],
	[12, 20, 13, 21, 22, 1, 1, 18, 1, 1] => QQFieldElem[3//44, -7//44, -3//44, 1//22],
	[12, 20, 13, 21, 14, 1, 1, 20, 1, 1] => QQFieldElem[-7//10, -3//10, -3//10, -7//10],
	[12, 20, 13, 21, 21, 1, 2, 18, 1, 1] => QQFieldElem[0, 0, 0, 0],
	[12, 20, 13, 21, 22, 1, 1, 17, 1, 1] => QQFieldElem[1//2, 2, 2, 1//2],
	[12, 20, 13, 21, 22, 1, 2, 17, 1, 1] => QQFieldElem[1//4, -1//4, 0, 0],
	[12, 20, 13, 21, 21, 1, 1, 18, 1, 1] => QQFieldElem[-4//55, 2//55, -7//55, -29//220],
	[12, 20, 13, 21, 16, 1, 1, 18, 1, 1] => QQFieldElem[-2//55, 1//55, -7//110, 13//220],
	[12, 20, 13, 21, 21, 1, 2, 17, 1, 1] => QQFieldElem[-1, -1, 0, -2],
	[12, 20, 13, 21, 22, 1, 2, 11, 1, 1] => QQFieldElem[1//4, -1//4, 0, 0],
	[12, 20, 13, 21, 21, 1, 1, 17, 1, 1] => QQFieldElem[1//2, 3//2, -1//2, 3//2],
	[12, 20, 13, 21, 22, 1, 1, 11, 1, 1] => QQFieldElem[1//2, 2, 2, 1//2],
	[12, 20, 13, 21, 14, 1, 1, 18, 1, 1] => QQFieldElem[-13//110, -21//110, -9//110, -27//110],
	[12, 20, 13, 21, 16, 1, 1, 17, 1, 1] => QQFieldElem[1//2, 1//2, 1//2, 1//2],
	[12, 20, 13, 21, 21, 1, 2, 11, 1, 1] => QQFieldElem[1, 1, 0, 2],
	[12, 20, 13, 21, 14, 1, 1, 17, 1, 1] => QQFieldElem[-1, 0, -1, -1],
	[12, 20, 13, 21, 21, 1, 1, 11, 1, 1] => QQFieldElem[-1//2, -3//2, 1//2, -3//2],
	[12, 20, 13, 21, 16, 1, 1, 11, 1, 1] => QQFieldElem[-1//2, -1//2, -1//2, -1//2],
	[12, 20, 13, 21, 22, 1, 2, 20, 1, 2] => QQFieldElem[-1//4, 0, 0, -1//4],
	[12, 20, 13, 21, 22, 1, 1, 20, 1, 2] => QQFieldElem[0, 3//2, 0, 1])