Dict(
	[12, 17, 22, 21, 21, 1, 2, 19, 1, 2] => QQFieldElem[-2, 0, -3//2, -3//2],
	[12, 17, 22, 21, 21, 1, 1, 17, 1, 1] => QQFieldElem[-5//44, -2//11, 5//22, -5//22],
	[12, 17, 22, 21, 14, 1, 1, 18, 1, 1] => QQFieldElem[-1//2, -1//2, 0, -3//2],
	[12, 17, 22, 21, 16, 1, 1, 19, 1, 2] => QQFieldElem[-3, 0, -1, -1],
	[12, 17, 22, 21, 13, 1, 1, 18, 1, 2] => QQFieldElem[-1//2, -1//4, -1//2, 0],
	[12, 17, 22, 21, 14, 1, 1, 17, 1, 1] => QQFieldElem[-27//22, 27//22, -24//11, 3//22],
	[12, 17, 22, 21, 22, 1, 2, 20, 1, 2] => QQFieldElem[2//5, -4//5, 2//5, 0],
	[12, 17, 22, 21, 13, 1, 1, 17, 1, 2] => QQFieldElem[5//22, 1//44, 2//11, 4//11],
	[12, 17, 22, 21, 15, 1, 1, 19, 1, 1] => QQFieldElem[2//5, 4//5, 6//5, 8//5],
	[12, 17, 22, 21, 21, 1, 1, 20, 1, 2] => QQFieldElem[0, 0, 0, 1//4],
	[12, 17, 22, 21, 22, 1, 1, 18, 1, 2] => QQFieldElem[1//2, 1//2, 0, 1//2],
	[12, 17, 22, 21, 14, 1, 1, 20, 1, 2] => QQFieldElem[3//5, -1//5, 3//5, 0],
	[12, 17, 22, 21, 21, 1, 2, 18, 1, 2] => QQFieldElem[0, 1//2, -1, 1//2],
	[12, 17, 22, 21, 22, 1, 1, 17, 1, 2] => QQFieldElem[-9//22, 1//22, -2//11, -7//22],
	[12, 17, 22, 21, 16, 1, 1, 18, 1, 2] => QQFieldElem[0, 1, -2, 1],
	[12, 17, 22, 21, 21, 1, 2, 17, 1, 2] => QQFieldElem[-27//11, -27//22, -12//11, -75//22],
	[12, 17, 22, 21, 16, 1, 1, 17, 1, 2] => QQFieldElem[-18//11, -9//11, -8//11, -25//11],
	[12, 17, 22, 21, 15, 1, 1, 18, 1, 1] => QQFieldElem[0, 1, -1, 1],
	[12, 17, 22, 21, 15, 1, 1, 17, 1, 1] => QQFieldElem[14//11, -3//11, 9//11, 7//11],
	[12, 17, 22, 21, 10, 1, 1, 12, 1, 1] => QQFieldElem[8, 0, 6, 6],
	[12, 17, 22, 21, 13, 1, 1, 19, 1, 1] => QQFieldElem[0, 0, 0, 0],
	[12, 17, 22, 21, 15, 1, 1, 20, 1, 2] => QQFieldElem[4//5, 1//5, 1//5, 4//5],
	[12, 17, 22, 21, 10, 1, 1, 20, 1, 1] => QQFieldElem[0, 0, 0, 0],
	[12, 17, 22, 21, 22, 1, 2, 12, 1, 1] => QQFieldElem[-4, 2, -4, 0],
	[12, 17, 22, 21, 22, 1, 1, 19, 1, 1] => QQFieldElem[1//10, -4//5, 3//10, -3//5],
	[12, 17, 22, 21, 21, 1, 2, 19, 1, 1] => QQFieldElem[1, 0, 1//2, 1//2],
	[12, 17, 22, 21, 10, 1, 1, 19, 1, 2] => QQFieldElem[1, 0, 1, 1],
	[12, 17, 22, 21, 21, 1, 1, 12, 1, 1] => QQFieldElem[-2, 0, -1, -1],
	[12, 17, 22, 21, 16, 1, 1, 19, 1, 1] => QQFieldElem[-2//5, 6//5, 4//5, 2//5],
	[12, 17, 22, 21, 13, 1, 1, 18, 1, 1] => QQFieldElem[1//2, 1//2, 0, 1//2],
	[12, 17, 22, 21, 14, 1, 1, 12, 1, 1] => QQFieldElem[2, 0, 1, 1],
	[12, 17, 22, 21, 13, 1, 1, 17, 1, 1] => QQFieldElem[-5//22, 5//22, -2//11, 3//22],
	[12, 17, 22, 21, 22, 1, 2, 20, 1, 1] => QQFieldElem[6//5, 4//5, 4//5, 6//5],
	[12, 17, 22, 21, 21, 1, 1, 20, 1, 1] => QQFieldElem[-1//10, -1//10, 0, -1//20],
	[12, 17, 22, 21, 22, 1, 1, 18, 1, 1] => QQFieldElem[-1, 0, -1//2, -1//2],
	[12, 17, 22, 21, 14, 1, 1, 20, 1, 1] => QQFieldElem[0, 2, 0, 2],
	[12, 17, 22, 21, 22, 1, 2, 19, 1, 2] => QQFieldElem[8//5, -4//5, 4//5, 2//5],
	[12, 17, 22, 21, 21, 1, 2, 18, 1, 1] => QQFieldElem[0, -1//2, 0, -1//2],
	[12, 17, 22, 21, 10, 1, 1, 18, 1, 2] => QQFieldElem[1//2, 3//4, 0, 1],
	[12, 17, 22, 21, 13, 1, 1, 20, 1, 2] => QQFieldElem[1, 0, 0, 0],
	[12, 17, 22, 21, 22, 1, 1, 17, 1, 1] => QQFieldElem[6//11, 3//11, 9//22, 13//22],
	[12, 17, 22, 21, 16, 1, 1, 18, 1, 1] => QQFieldElem[1, 0, 0, 1],
	[12, 17, 22, 21, 21, 1, 2, 17, 1, 1] => QQFieldElem[-5//11, -5//22, -1//11, -9//22],
	[12, 17, 22, 21, 10, 1, 1, 17, 1, 2] => QQFieldElem[-9//22, -15//44, -5//22, -5//11],
	[12, 17, 22, 21, 21, 1, 1, 19, 1, 2] => QQFieldElem[1//2, 1//2, 0, 1//4],
	[12, 17, 22, 21, 16, 1, 1, 17, 1, 1] => QQFieldElem[-1//11, -10//11, 8//11, -17//11],
	[12, 17, 22, 21, 14, 1, 1, 19, 1, 2] => QQFieldElem[3//5, 1//5, -1//5, 2//5],
	[12, 17, 22, 21, 22, 1, 1, 20, 1, 2] => QQFieldElem[-3//10, 0, -1//10, -1//10],
	[12, 17, 22, 21, 15, 1, 1, 12, 1, 1] => QQFieldElem[-1, -1, 0, -1//2],
	[12, 17, 22, 21, 21, 1, 2, 20, 1, 2] => QQFieldElem[-2, 0, -3//2, -3//2],
	[12, 17, 22, 21, 22, 1, 2, 18, 1, 2] => QQFieldElem[-1, -1, 0, -2],
	[12, 17, 22, 21, 16, 1, 1, 20, 1, 2] => QQFieldElem[-1, 0, -1, -1],
	[12, 17, 22, 21, 22, 1, 2, 17, 1, 2] => QQFieldElem[17//11, 3//11, 10//11, 12//11],
	[12, 17, 22, 21, 21, 1, 1, 18, 1, 2] => QQFieldElem[1//4, 0, 1//2, 1//2],
	[12, 17, 22, 21, 15, 1, 1, 20, 1, 1] => QQFieldElem[2//5, -4//5, 2//5, 0],
	[12, 17, 22, 21, 21, 1, 1, 17, 1, 2] => QQFieldElem[-7//44, 1//22, -2//11, 2//11],
	[12, 17, 22, 21, 14, 1, 1, 18, 1, 2] => QQFieldElem[1//2, 1//2, 0, 1//2],
	[12, 17, 22, 21, 14, 1, 1, 17, 1, 2] => QQFieldElem[5//22, -5//22, 2//11, -3//22],
	[12, 17, 22, 21, 15, 1, 1, 19, 1, 2] => QQFieldElem[2//5, -1//5, 1//5, -2//5],
	[12, 17, 22, 21, 10, 1, 1, 19, 1, 1] => QQFieldElem[0, 0, 0, 0],
	[12, 17, 22, 21, 13, 1, 1, 12, 1, 1] => QQFieldElem[1, 1, 0, 3//2],
	[12, 17, 22, 21, 22, 1, 2, 19, 1, 1] => QQFieldElem[12//5, 4//5, 6//5, 8//5],
	[12, 17, 22, 21, 15, 1, 1, 18, 1, 2] => QQFieldElem[1//2, -1//2, 1//2, 0],
	[12, 17, 22, 21, 10, 1, 1, 18, 1, 1] => QQFieldElem[-1, -1, 0, -3],
	[12, 17, 22, 21, 22, 1, 1, 12, 1, 1] => QQFieldElem[1, -1, 1, 0],
	[12, 17, 22, 21, 13, 1, 1, 20, 1, 1] => QQFieldElem[0, 2//5, -4//5, 2//5],
	[12, 17, 22, 21, 15, 1, 1, 17, 1, 2] => QQFieldElem[-3//22, 3//22, -9//22, 2//11],
	[12, 17, 22, 21, 10, 1, 1, 17, 1, 1] => QQFieldElem[-9//11, 9//11, -16//11, 1//11],
	[12, 17, 22, 21, 21, 1, 1, 19, 1, 1] => QQFieldElem[0, 0, 0, -1//4],
	[12, 17, 22, 21, 21, 1, 2, 12, 1, 1] => QQFieldElem[-6, -2, -2, -6],
	[12, 17, 22, 21, 16, 1, 1, 12, 1, 1] => QQFieldElem[10, 0, 5, 5],
	[12, 17, 22, 21, 14, 1, 1, 19, 1, 1] => QQFieldElem[0, 0, 0, 0],
	[12, 17, 22, 21, 13, 1, 1, 19, 1, 2] => QQFieldElem[0, 0, 0, 0],
	[12, 17, 22, 21, 22, 1, 1, 20, 1, 1] => QQFieldElem[1//10, -1//5, 1//10, 0],
	[12, 17, 22, 21, 21, 1, 2, 20, 1, 1] => QQFieldElem[-1//5, 0, 1//10, 1//10],
	[12, 17, 22, 21, 10, 1, 1, 20, 1, 2] => QQFieldElem[-4//5, 0, -3//5, -3//5],
	[12, 17, 22, 21, 22, 1, 2, 18, 1, 1] => QQFieldElem[1, 0, 1, 0],
	[12, 17, 22, 21, 16, 1, 1, 20, 1, 1] => QQFieldElem[-2//5, -2//5, 0, -6//5],
	[12, 17, 22, 21, 22, 1, 2, 17, 1, 1] => QQFieldElem[9//11, 10//11, -7//11, 18//11],
	[12, 17, 22, 21, 21, 1, 1, 18, 1, 1] => QQFieldElem[3//4, 1//2, 0, 1],
	[12, 17, 22, 21, 22, 1, 1, 19, 1, 2] => QQFieldElem[-11//10, -1//5, -3//10, -9//10])