Dict(
	[12, 7, 22, 21, 15, 1, 1, 19, 1, 1] => QQFieldElem[0, 1//2, 1//2, 1//2],
	[12, 7, 22, 21, 15, 1, 1, 12, 1, 1] => QQFieldElem[1, 0, 0, -1],
	[12, 7, 22, 21, 22, 1, 1, 19, 1, 1] => QQFieldElem[1//5, -1//10, 1//10, 3//10],
	[12, 7, 22, 21, 22, 1, 1, 12, 1, 1] => QQFieldElem[0, 0, 0, -1],
	[12, 7, 22, 21, 21, 1, 1, 19, 1, 1] => QQFieldElem[-2//5, -4//5, -1//5, -3//5],
	[12, 7, 22, 21, 21, 1, 1, 12, 1, 1] => QQFieldElem[0, 1//2, 0, 1//2],
	[12, 7, 22, 21, 13, 1, 1, 8, 1, 1] => QQFieldElem[-1, 0, 0, -1],
	[12, 7, 22, 21, 13, 1, 1, 19, 1, 2] => QQFieldElem[1, 2, 2, 0],
	[12, 7, 22, 21, 15, 1, 1, 8, 1, 1] => QQFieldElem[1, 0, 0, -1],
	[12, 7, 22, 21, 22, 1, 1, 8, 1, 1] => QQFieldElem[0, 0, 0, 1],
	[12, 7, 22, 21, 15, 1, 1, 19, 1, 2] => QQFieldElem[-1, -1, -1, -1],
	[12, 7, 22, 21, 21, 1, 1, 8, 1, 1] => QQFieldElem[0, -1//2, 0, -1//2],
	[12, 7, 22, 21, 22, 1, 1, 19, 1, 2] => QQFieldElem[-1//5, 3//5, -3//5, 1//5],
	[12, 7, 22, 21, 21, 1, 1, 19, 1, 2] => QQFieldElem[1, 0, 0, 0],
	[12, 7, 22, 21, 13, 1, 1, 12, 1, 1] => QQFieldElem[-1, 0, 0, -1],
	[12, 7, 22, 21, 13, 1, 1, 19, 1, 1] => QQFieldElem[0, 0, -1, -1])