Dict(
	[12, 17, 19, 20, 4, 1, 1, 17, 1, 1] => QQFieldElem[-6, -4, -2, -8],
	[12, 17, 19, 20, 18, 1, 1, 19, 1, 2] => QQFieldElem[-1//5, 3//5, -3//5, 1//5],
	[12, 17, 19, 20, 20, 1, 2, 12, 1, 1] => QQFieldElem[0, 0, 1, -1],
	[12, 17, 19, 20, 20, 1, 1, 19, 1, 1] => QQFieldElem[0, 0, 0, 0],
	[12, 17, 19, 20, 6, 1, 1, 18, 1, 2] => QQFieldElem[1//4, -1//4, -1//4, 1//4],
	[12, 17, 19, 20, 6, 1, 1, 17, 1, 2] => QQFieldElem[3//2, 1//2, 2, 1],
	[12, 17, 19, 20, 4, 1, 1, 20, 1, 2] => QQFieldElem[22//5, -6//5, 16//5, 8//5],
	[12, 17, 19, 20, 20, 1, 2, 20, 1, 1] => QQFieldElem[0, 0, 0, 0],
	[12, 17, 19, 20, 18, 1, 1, 18, 1, 2] => QQFieldElem[0, -1//2, 0, -1//2],
	[12, 17, 19, 20, 19, 1, 1, 12, 1, 1] => QQFieldElem[0, 0, 0, 0],
	[12, 17, 19, 20, 11, 1, 1, 12, 1, 1] => QQFieldElem[1//2, 3//2, 1//2, 0],
	[12, 17, 19, 20, 20, 1, 1, 18, 1, 1] => QQFieldElem[0, 0, 0, 0],
	[12, 17, 19, 20, 18, 1, 1, 17, 1, 2] => QQFieldElem[0, 0, 0, 0],
	[12, 17, 19, 20, 20, 1, 2, 19, 1, 2] => QQFieldElem[0, 0, 0, 0],
	[12, 17, 19, 20, 20, 1, 1, 17, 1, 1] => QQFieldElem[-2, -4, 0, -4],
	[12, 17, 19, 20, 8, 1, 1, 12, 1, 1] => QQFieldElem[1, 0, 0, 1],
	[12, 17, 19, 20, 19, 1, 1, 20, 1, 1] => QQFieldElem[1, -1, 0, 0],
	[12, 17, 19, 20, 11, 1, 1, 20, 1, 1] => QQFieldElem[0, 0, 0, 0],
	[12, 17, 19, 20, 17, 1, 1, 12, 1, 1] => QQFieldElem[1, 0, 0, -1],
	[12, 17, 19, 20, 20, 1, 1, 20, 1, 2] => QQFieldElem[6, 6, 0, 8],
	[12, 17, 19, 20, 8, 1, 1, 20, 1, 1] => QQFieldElem[0, 0, 0, 0],
	[12, 17, 19, 20, 19, 1, 1, 19, 1, 2] => QQFieldElem[-1, -1, -1, -1],
	[12, 17, 19, 20, 20, 1, 2, 18, 1, 2] => QQFieldElem[0, 0, 0, 0],
	[12, 17, 19, 20, 6, 1, 1, 19, 1, 1] => QQFieldElem[0, 1//2, 0, 1//2],
	[12, 17, 19, 20, 11, 1, 1, 19, 1, 2] => QQFieldElem[0, 0, 0, 0],
	[12, 17, 19, 20, 17, 1, 1, 20, 1, 1] => QQFieldElem[-28//5, -16//5, -4//5, -32//5],
	[12, 17, 19, 20, 20, 1, 2, 17, 1, 2] => QQFieldElem[-1, -1//2, 0, -1],
	[12, 17, 19, 20, 8, 1, 1, 19, 1, 2] => QQFieldElem[0, 0, 0, 0],
	[12, 17, 19, 20, 4, 1, 1, 12, 1, 1] => QQFieldElem[2, -4, 4, -2],
	[12, 17, 19, 20, 18, 1, 1, 19, 1, 1] => QQFieldElem[-1, -1//2, -1//2, -1],
	[12, 17, 19, 20, 17, 1, 1, 19, 1, 2] => QQFieldElem[0, 0, 0, 0],
	[12, 17, 19, 20, 19, 1, 1, 18, 1, 2] => QQFieldElem[0, -1//2, 0, 1//2],
	[12, 17, 19, 20, 6, 1, 1, 18, 1, 1] => QQFieldElem[0, 0, 0, 0],
	[12, 17, 19, 20, 11, 1, 1, 18, 1, 2] => QQFieldElem[0, 1//2, -1//2, 0],
	[12, 17, 19, 20, 19, 1, 1, 17, 1, 2] => QQFieldElem[0, 0, 0, 0],
	[12, 17, 19, 20, 6, 1, 1, 17, 1, 1] => QQFieldElem[-1, 0, -1, 0],
	[12, 17, 19, 20, 11, 1, 1, 17, 1, 2] => QQFieldElem[0, 1, -1, 0],
	[12, 17, 19, 20, 4, 1, 1, 20, 1, 1] => QQFieldElem[32//5, -56//5, 56//5, -32//5],
	[12, 17, 19, 20, 8, 1, 1, 18, 1, 2] => QQFieldElem[-4, -2, 0, -4],
	[12, 17, 19, 20, 8, 1, 1, 17, 1, 2] => QQFieldElem[-8, -4, -4, -4],
	[12, 17, 19, 20, 18, 1, 1, 18, 1, 1] => QQFieldElem[3//4, 0, 0, 1//2],
	[12, 17, 19, 20, 17, 1, 1, 18, 1, 2] => QQFieldElem[0, 0, 0, 0],
	[12, 17, 19, 20, 18, 1, 1, 17, 1, 1] => QQFieldElem[1//2, 0, 1//2, 1//4],
	[12, 17, 19, 20, 6, 1, 1, 20, 1, 2] => QQFieldElem[2, 2, 0, 4],
	[12, 17, 19, 20, 4, 1, 1, 19, 1, 2] => QQFieldElem[-1//4, 0, -1//2, -1//2],
	[12, 17, 19, 20, 20, 1, 2, 19, 1, 1] => QQFieldElem[1, 0, 1, 0],
	[12, 17, 19, 20, 17, 1, 1, 17, 1, 2] => QQFieldElem[2, -3, 3, -2],
	[12, 17, 19, 20, 20, 1, 1, 12, 1, 1] => QQFieldElem[-2, 1, -3, -1],
	[12, 17, 19, 20, 18, 1, 1, 20, 1, 2] => QQFieldElem[14//5, -2//5, 12//5, 6//5],
	[12, 17, 19, 20, 20, 1, 1, 20, 1, 1] => QQFieldElem[-24, 0, -16, -16],
	[12, 17, 19, 20, 4, 1, 1, 18, 1, 2] => QQFieldElem[1//4, -1//4, 1//4, -1//4],
	[12, 17, 19, 20, 19, 1, 1, 19, 1, 1] => QQFieldElem[0, 1//2, -1//2, 0],
	[12, 17, 19, 20, 11, 1, 1, 19, 1, 1] => QQFieldElem[1//2, 0, 0, -1//2],
	[12, 17, 19, 20, 20, 1, 2, 18, 1, 1] => QQFieldElem[-1//2, 0, 0, 1//2],
	[12, 17, 19, 20, 4, 1, 1, 17, 1, 2] => QQFieldElem[-3//2, -3//2, 0, -2],
	[12, 17, 19, 20, 20, 1, 2, 17, 1, 1] => QQFieldElem[0, 0, 0, 0],
	[12, 17, 19, 20, 20, 1, 1, 19, 1, 2] => QQFieldElem[0, 0, 0, 0],
	[12, 17, 19, 20, 8, 1, 1, 19, 1, 1] => QQFieldElem[0, 1//2, 0, -1//2],
	[12, 17, 19, 20, 17, 1, 1, 19, 1, 1] => QQFieldElem[0, 0, 0, 0],
	[12, 17, 19, 20, 20, 1, 2, 20, 1, 2] => QQFieldElem[-2, 2, -2, 0],
	[12, 17, 19, 20, 19, 1, 1, 18, 1, 1] => QQFieldElem[3//4, 1//2, 1//2, -1//2],
	[12, 17, 19, 20, 11, 1, 1, 18, 1, 1] => QQFieldElem[0, 0, 0, 0],
	[12, 17, 19, 20, 19, 1, 1, 17, 1, 1] => QQFieldElem[1//2, 1//2, 0, 1//4],
	[12, 17, 19, 20, 11, 1, 1, 17, 1, 1] => QQFieldElem[0, 0, 0, 0],
	[12, 17, 19, 20, 6, 1, 1, 12, 1, 1] => QQFieldElem[1//2, 1//2, 1//2, 1],
	[12, 17, 19, 20, 20, 1, 1, 18, 1, 2] => QQFieldElem[0, 0, 0, 0],
	[12, 17, 19, 20, 8, 1, 1, 18, 1, 1] => QQFieldElem[0, 0, 0, 0],
	[12, 17, 19, 20, 20, 1, 1, 17, 1, 2] => QQFieldElem[-1, 0, -1, -1//2],
	[12, 17, 19, 20, 8, 1, 1, 17, 1, 1] => QQFieldElem[1, 0, -1, 0],
	[12, 17, 19, 20, 17, 1, 1, 18, 1, 1] => QQFieldElem[-1, -1//2, -1//2, -1//2],
	[12, 17, 19, 20, 19, 1, 1, 20, 1, 2] => QQFieldElem[-2, -2, 0, -2],
	[12, 17, 19, 20, 6, 1, 1, 20, 1, 1] => QQFieldElem[0, 0, 0, 0],
	[12, 17, 19, 20, 11, 1, 1, 20, 1, 2] => QQFieldElem[-28//5, 4//5, -24//5, -12//5],
	[12, 17, 19, 20, 4, 1, 1, 19, 1, 1] => QQFieldElem[0, 0, 0, 0],
	[12, 17, 19, 20, 17, 1, 1, 17, 1, 1] => QQFieldElem[-2, 1, -3, -1],
	[12, 17, 19, 20, 18, 1, 1, 12, 1, 1] => QQFieldElem[0, 0, 4, -4],
	[12, 17, 19, 20, 8, 1, 1, 20, 1, 2] => QQFieldElem[-48//5, -96//5, 16//5, -112//5],
	[12, 17, 19, 20, 6, 1, 1, 19, 1, 2] => QQFieldElem[3//4, 3//2, 1, 1//2],
	[12, 17, 19, 20, 18, 1, 1, 20, 1, 1] => QQFieldElem[-1, -1, 0, -2],
	[12, 17, 19, 20, 17, 1, 1, 20, 1, 2] => QQFieldElem[-20, -8, -8, -20],
	[12, 17, 19, 20, 4, 1, 1, 18, 1, 1] => QQFieldElem[-1, -2, 1, -3])