Dict(
	[13, 19, 17, 13, 4, 1, 1, 15, 1, 1] => QQFieldElem[4//5, -12//5, 12//5, -4//5],
	[13, 19, 17, 13, 18, 1, 1, 15, 1, 1] => QQFieldElem[-1//5, 1//10, -1//10, 1//5],
	[13, 19, 17, 13, 8, 1, 1, 14, 1, 1] => QQFieldElem[3, 0, 2, 2],
	[13, 19, 17, 13, 19, 1, 1, 15, 1, 1] => QQFieldElem[4, 1//2, 5//2, 3],
	[13, 19, 17, 13, 6, 1, 1, 10, 1, 1] => QQFieldElem[-1//2, 1//2, 0, 0],
	[13, 19, 17, 13, 8, 1, 1, 13, 1, 1] => QQFieldElem[0, 3, -2, 3],
	[13, 19, 17, 13, 4, 1, 1, 21, 1, 1] => QQFieldElem[4, 4, 4, 4],
	[13, 19, 17, 13, 18, 1, 1, 21, 1, 1] => QQFieldElem[1, 1//2, 1//2, 1],
	[13, 19, 17, 13, 4, 1, 1, 22, 1, 1] => QQFieldElem[40, 24, 8, 48],
	[13, 19, 17, 13, 19, 1, 1, 21, 1, 1] => QQFieldElem[0, 1//2, -1//2, 1],
	[13, 19, 17, 13, 17, 1, 1, 14, 1, 1] => QQFieldElem[1//2, 1//2, 0, 1],
	[13, 19, 17, 13, 18, 1, 1, 22, 1, 1] => QQFieldElem[-5, -3, -1, -6],
	[13, 19, 17, 13, 8, 1, 1, 15, 1, 1] => QQFieldElem[-8//5, -1//5, -4//5, -7//5],
	[13, 19, 17, 13, 19, 1, 1, 22, 1, 1] => QQFieldElem[-5, 19, -15, 16],
	[13, 19, 17, 13, 17, 1, 1, 13, 1, 1] => QQFieldElem[-1, 0, -1//2, -1//2],
	[13, 19, 17, 13, 4, 1, 1, 10, 1, 1] => QQFieldElem[0, -4, 0, -4],
	[13, 19, 17, 13, 18, 1, 1, 10, 1, 1] => QQFieldElem[0, -1//2, 1//2, -1//2],
	[13, 19, 17, 13, 8, 1, 1, 21, 1, 1] => QQFieldElem[0, -1, 0, -1],
	[13, 19, 17, 13, 6, 1, 1, 14, 1, 1] => QQFieldElem[5//2, -1//2, 2, 1],
	[13, 19, 17, 13, 17, 1, 1, 15, 1, 1] => QQFieldElem[1//10, 1//5, 3//10, -1//10],
	[13, 19, 17, 13, 8, 1, 1, 22, 1, 1] => QQFieldElem[6, -10, 10, -6],
	[13, 19, 17, 13, 19, 1, 1, 10, 1, 1] => QQFieldElem[1, -1//2, 1//2, 1//2],
	[13, 19, 17, 13, 6, 1, 1, 13, 1, 1] => QQFieldElem[2, 4, -3//2, 11//2],
	[13, 19, 17, 13, 17, 1, 1, 21, 1, 1] => QQFieldElem[-1//2, 0, -1//2, -1//2],
	[13, 19, 17, 13, 6, 1, 1, 15, 1, 1] => QQFieldElem[-3//2, 0, -1//2, -1//2],
	[13, 19, 17, 13, 17, 1, 1, 22, 1, 1] => QQFieldElem[4, 1, 2, 3],
	[13, 19, 17, 13, 8, 1, 1, 10, 1, 1] => QQFieldElem[-1, 0, -1, -1],
	[13, 19, 17, 13, 4, 1, 1, 14, 1, 1] => QQFieldElem[0, 8, -4, 8],
	[13, 19, 17, 13, 18, 1, 1, 14, 1, 1] => QQFieldElem[0, -1//2, 1//2, -1//2],
	[13, 19, 17, 13, 6, 1, 1, 21, 1, 1] => QQFieldElem[-1//2, -1, -1//2, -1//2],
	[13, 19, 17, 13, 4, 1, 1, 13, 1, 1] => QQFieldElem[-20, -8, -8, -20],
	[13, 19, 17, 13, 18, 1, 1, 13, 1, 1] => QQFieldElem[1, 1//2, 1//2, 1],
	[13, 19, 17, 13, 19, 1, 1, 14, 1, 1] => QQFieldElem[-5, 1//2, -7//2, -5//2],
	[13, 19, 17, 13, 17, 1, 1, 10, 1, 1] => QQFieldElem[1//2, 1//2, 0, 1],
	[13, 19, 17, 13, 6, 1, 1, 22, 1, 1] => QQFieldElem[0, -7, 4, -7],
	[13, 19, 17, 13, 19, 1, 1, 13, 1, 1] => QQFieldElem[-2, -15//2, 7//2, -9])