Dict(
	[13, 13, 16, 22, 19, 1, 1, 8, 1, 1] => QQFieldElem[-2//11, -27//55, 9//55, -42//55],
	[13, 13, 16, 22, 20, 2, 1, 4, 1, 1] => QQFieldElem[-1//5, -1//5, 0, 2//5],
	[13, 13, 16, 22, 11, 1, 1, 8, 1, 1] => QQFieldElem[40//11, 56//55, 128//55, 136//55],
	[13, 13, 16, 22, 19, 1, 1, 18, 1, 1] => QQFieldElem[1, -1//5, 2//5, 4//5],
	[13, 13, 16, 22, 11, 1, 1, 18, 1, 1] => QQFieldElem[0, 8//5, 4//5, 8//5],
	[13, 13, 16, 22, 18, 1, 1, 19, 1, 2] => QQFieldElem[4//5, 2//5, 2//5, 2//5],
	[13, 13, 16, 22, 18, 1, 1, 17, 1, 1] => QQFieldElem[0, 0, 0, 0],
	[13, 13, 16, 22, 20, 1, 1, 19, 1, 1] => QQFieldElem[1, 1//2, 0, 1],
	[13, 13, 16, 22, 12, 1, 1, 19, 1, 1] => QQFieldElem[1, 1, 0, 2],
	[13, 13, 16, 22, 11, 1, 1, 17, 1, 1] => QQFieldElem[8//5, 12//5, 12//5, 8//5],
	[13, 13, 16, 22, 11, 1, 1, 19, 1, 2] => QQFieldElem[-8//5, -2//5, -4//5, -6//5],
	[13, 13, 16, 22, 19, 1, 1, 17, 1, 1] => QQFieldElem[-1//5, -4//5, 1//5, -1//5],
	[13, 13, 16, 22, 19, 1, 1, 19, 1, 2] => QQFieldElem[-4//5, -2//5, 1//5, -1],
	[13, 13, 16, 22, 20, 2, 1, 19, 1, 1] => QQFieldElem[3//5, -7//10, 3//5, 0],
	[13, 13, 16, 22, 18, 1, 1, 4, 1, 1] => QQFieldElem[0, -1//2, 1//2, 0],
	[13, 13, 16, 22, 19, 1, 1, 4, 1, 1] => QQFieldElem[2//5, -1//10, 1//2, 1//5],
	[13, 13, 16, 22, 11, 1, 1, 4, 1, 1] => QQFieldElem[4//5, 4//5, 0, 12//5],
	[13, 13, 16, 22, 18, 1, 1, 19, 1, 1] => QQFieldElem[-12//5, -4//5, 4//5, -28//5],
	[13, 13, 16, 22, 19, 1, 1, 19, 1, 1] => QQFieldElem[16//5, 8//5, -4//5, 4],
	[13, 13, 16, 22, 12, 1, 1, 8, 1, 1] => QQFieldElem[6//11, 26//55, 28//55, 16//55],
	[13, 13, 16, 22, 11, 1, 1, 19, 1, 1] => QQFieldElem[32//5, 8//5, 16//5, 24//5],
	[13, 13, 16, 22, 20, 1, 1, 18, 1, 1] => QQFieldElem[-2, 0, 2, 2],
	[13, 13, 16, 22, 12, 1, 1, 18, 1, 1] => QQFieldElem[0, 3//5, 4//5, 3//5],
	[13, 13, 16, 22, 20, 1, 1, 8, 1, 1] => QQFieldElem[-4, -4, -4, -4],
	[13, 13, 16, 22, 20, 2, 1, 8, 1, 1] => QQFieldElem[-10//11, -14//55, -32//55, -34//55],
	[13, 13, 16, 22, 20, 1, 1, 17, 1, 1] => QQFieldElem[0, -2, -2, -2],
	[13, 13, 16, 22, 20, 2, 1, 18, 1, 1] => QQFieldElem[0, -2//5, -1//5, -2//5],
	[13, 13, 16, 22, 12, 1, 1, 19, 1, 2] => QQFieldElem[-1//5, -1, 2//5, -6//5],
	[13, 13, 16, 22, 20, 1, 1, 19, 1, 2] => QQFieldElem[-2, -2, 0, -2],
	[13, 13, 16, 22, 12, 1, 1, 17, 1, 1] => QQFieldElem[-2//5, -3//5, -3//5, -2//5],
	[13, 13, 16, 22, 20, 2, 1, 17, 1, 1] => QQFieldElem[3//5, 2//5, 2//5, 3//5],
	[13, 13, 16, 22, 20, 2, 1, 19, 1, 2] => QQFieldElem[1//5, 3//5, 1//5, 1],
	[13, 13, 16, 22, 20, 1, 1, 4, 1, 1] => QQFieldElem[0, 2, 0, 2],
	[13, 13, 16, 22, 18, 1, 1, 8, 1, 1] => QQFieldElem[6//11, 3//11, -1//11, 12//11],
	[13, 13, 16, 22, 12, 1, 1, 4, 1, 1] => QQFieldElem[-1//5, -1//5, 0, 2//5],
	[13, 13, 16, 22, 18, 1, 1, 18, 1, 1] => QQFieldElem[0, 0, 0, 0])