Dict(
	[13, 19, 12, 16, 20, 1, 1, 15, 1, 1] => QQFieldElem[0, 1//2, 0, 1//2],
	[13, 19, 12, 16, 20, 1, 1, 21, 1, 1] => QQFieldElem[-4//5, -1//10, -2//5, -7//10],
	[13, 19, 12, 16, 20, 1, 1, 22, 1, 1] => QQFieldElem[0, 1//2, 0, 1//2],
	[13, 19, 12, 16, 18, 1, 1, 13, 1, 1] => QQFieldElem[0, -1//2, 1//2, -1//2],
	[13, 19, 12, 16, 19, 1, 1, 13, 1, 1] => QQFieldElem[1//2, 1//2, 0, 1],
	[13, 19, 12, 16, 11, 1, 1, 13, 1, 1] => QQFieldElem[-1, -1//2, -1//2, -3//2],
	[13, 19, 12, 16, 18, 1, 1, 15, 1, 1] => QQFieldElem[0, 1//2, 0, 0],
	[13, 19, 12, 16, 19, 1, 1, 15, 1, 1] => QQFieldElem[0, -1//2, 0, -1//2],
	[13, 19, 12, 16, 11, 1, 1, 15, 1, 1] => QQFieldElem[0, 1//2, 1, 0],
	[13, 19, 12, 16, 18, 1, 1, 21, 1, 1] => QQFieldElem[2//5, 3//10, 1//5, 3//5],
	[13, 19, 12, 16, 19, 1, 1, 21, 1, 1] => QQFieldElem[-4//5, -1//10, -2//5, -7//10],
	[13, 19, 12, 16, 18, 1, 1, 22, 1, 1] => QQFieldElem[-1//2, 0, -1//2, 0],
	[13, 19, 12, 16, 11, 1, 1, 21, 1, 1] => QQFieldElem[4//5, 1//10, 2//5, 1//5],
	[13, 19, 12, 16, 19, 1, 1, 22, 1, 1] => QQFieldElem[0, -1//2, 0, -1//2],
	[13, 19, 12, 16, 11, 1, 1, 22, 1, 1] => QQFieldElem[-1//2, -1, -1//2, -1],
	[13, 19, 12, 16, 20, 1, 1, 13, 1, 1] => QQFieldElem[1//2, 1//2, 0, 1])