Dict(
	[13, 11, 20, 9, 8, 1, 1, 14, 1, 1] => QQFieldElem[-1//2, 0, -1//2, -1//2],
	[13, 11, 20, 9, 4, 1, 1, 21, 1, 1] => QQFieldElem[0, 0, 0, -1//2],
	[13, 11, 20, 9, 18, 1, 1, 21, 1, 1] => QQFieldElem[-1//2, -1//2, 0, -1//2],
	[13, 11, 20, 9, 4, 1, 1, 22, 1, 1] => QQFieldElem[0, -1//2, 0, -1//2],
	[13, 11, 20, 9, 18, 1, 1, 22, 1, 1] => QQFieldElem[0, -1//2, 0, -1//2],
	[13, 11, 20, 9, 4, 1, 1, 16, 1, 1] => QQFieldElem[7//5, -1//5, 6//5, 3//5],
	[13, 11, 20, 9, 18, 1, 1, 16, 1, 1] => QQFieldElem[-7//5, 1//5, -6//5, -3//5],
	[13, 11, 20, 9, 19, 1, 1, 21, 1, 1] => QQFieldElem[1//2, 1//2, 0, 1//2],
	[13, 11, 20, 9, 19, 1, 1, 22, 1, 1] => QQFieldElem[0, 1//2, 0, 1//2],
	[13, 11, 20, 9, 19, 1, 1, 16, 1, 1] => QQFieldElem[-7//5, 1//5, -6//5, -3//5],
	[13, 11, 20, 9, 8, 1, 1, 21, 1, 1] => QQFieldElem[0, 0, 0, 1//2],
	[13, 11, 20, 9, 8, 1, 1, 22, 1, 1] => QQFieldElem[0, 1//2, 0, 1//2],
	[13, 11, 20, 9, 8, 1, 1, 16, 1, 1] => QQFieldElem[7//5, -1//5, 6//5, 3//5],
	[13, 11, 20, 9, 4, 1, 1, 14, 1, 1] => QQFieldElem[-1//2, 0, -1//2, -1//2],
	[13, 11, 20, 9, 18, 1, 1, 14, 1, 1] => QQFieldElem[1, 0, 1//2, 1//2],
	[13, 11, 20, 9, 19, 1, 1, 14, 1, 1] => QQFieldElem[1, 0, 1//2, 1//2])