Dict(
	[14, 15, 15, 14, 17, 1, 1, 18, 1, 1] => QQFieldElem[0, 1//5, -2//5, 1//5],
	[14, 15, 15, 14, 6, 1, 1, 20, 1, 1] => QQFieldElem[0, 0, 0, 0],
	[14, 15, 15, 14, 18, 1, 1, 12, 1, 1] => QQFieldElem[0, 1//5, -2//5, 1//5],
	[14, 15, 15, 14, 5, 1, 1, 19, 1, 1] => QQFieldElem[6//5, 0, -4//5, -4//5],
	[14, 15, 15, 14, 5, 1, 1, 12, 1, 1] => QQFieldElem[0, -14//5, -2//5, -14//5],
	[14, 15, 15, 14, 18, 1, 1, 19, 1, 1] => QQFieldElem[-2//5, 0, 0, 0],
	[14, 15, 15, 14, 17, 1, 1, 11, 1, 1] => QQFieldElem[-2//5, 0, -3//10, -3//10],
	[14, 15, 15, 14, 1, 1, 1, 20, 1, 1] => QQFieldElem[0, 0, -1, -1],
	[14, 15, 15, 14, 6, 1, 1, 18, 1, 1] => QQFieldElem[0, -8//5, 6//5, -8//5],
	[14, 15, 15, 14, 18, 1, 1, 20, 1, 1] => QQFieldElem[0, 0, 0, 0],
	[14, 15, 15, 14, 5, 1, 1, 20, 1, 1] => QQFieldElem[-6, 0, 4, 4],
	[14, 15, 15, 14, 1, 1, 1, 18, 1, 1] => QQFieldElem[0, 1//5, -2//5, 1//5],
	[14, 15, 15, 14, 6, 1, 1, 11, 1, 1] => QQFieldElem[7//10, 0, 2//5, 2//5],
	[14, 15, 15, 14, 17, 1, 1, 19, 1, 1] => QQFieldElem[-2//5, 0, 0, 0],
	[14, 15, 15, 14, 17, 1, 1, 12, 1, 1] => QQFieldElem[0, 6//5, -2//5, 6//5],
	[14, 15, 15, 14, 18, 1, 1, 18, 1, 1] => QQFieldElem[0, 6//5, -2//5, 6//5],
	[14, 15, 15, 14, 5, 1, 1, 18, 1, 1] => QQFieldElem[0, -14//5, -2//5, -14//5],
	[14, 15, 15, 14, 1, 1, 1, 11, 1, 1] => QQFieldElem[-2//5, 0, -3//10, -3//10],
	[14, 15, 15, 14, 6, 1, 1, 19, 1, 1] => QQFieldElem[8//5, 0, 4//5, 4//5],
	[14, 15, 15, 14, 6, 1, 1, 12, 1, 1] => QQFieldElem[0, -8//5, 6//5, -8//5],
	[14, 15, 15, 14, 18, 1, 1, 11, 1, 1] => QQFieldElem[-2//5, 0, -3//10, -3//10],
	[14, 15, 15, 14, 5, 1, 1, 11, 1, 1] => QQFieldElem[13//5, 0, 6//5, 6//5],
	[14, 15, 15, 14, 17, 1, 1, 20, 1, 1] => QQFieldElem[0, 0, 0, 0],
	[14, 15, 15, 14, 1, 1, 1, 19, 1, 1] => QQFieldElem[0, 0, -1//5, -1//5],
	[14, 15, 15, 14, 1, 1, 1, 12, 1, 1] => QQFieldElem[0, 1//5, -2//5, 1//5])