Dict(
	[14, 18, 21, 11, 15, 1, 1, 14, 1, 1] => QQFieldElem[3//2, 1, 1//2, 2],
	[14, 18, 21, 11, 13, 1, 1, 15, 1, 1] => QQFieldElem[-8//5, -16//5, -24//5, -32//5],
	[14, 18, 21, 11, 22, 1, 2, 14, 1, 1] => QQFieldElem[-1//2, -1, 1//2, -3//2],
	[14, 18, 21, 11, 22, 1, 1, 14, 1, 1] => QQFieldElem[11//2, 4, 1//2, 15//2],
	[14, 18, 21, 11, 13, 1, 1, 21, 1, 1] => QQFieldElem[-8, 0, -8, 0],
	[14, 18, 21, 11, 21, 1, 2, 14, 1, 1] => QQFieldElem[-7//2, -2, -1//2, -4],
	[14, 18, 21, 11, 21, 1, 1, 14, 1, 1] => QQFieldElem[-2, -2, 0, -3],
	[14, 18, 21, 11, 15, 1, 1, 15, 1, 1] => QQFieldElem[6//5, 2//5, 3//5, 4//5],
	[14, 18, 21, 11, 13, 1, 1, 22, 1, 1] => QQFieldElem[8, 0, 0, 8],
	[14, 18, 21, 11, 13, 1, 1, 9, 1, 1] => QQFieldElem[-20//11, -24//11, -16//11, -32//11],
	[14, 18, 21, 11, 13, 1, 1, 16, 1, 1] => QQFieldElem[-8, 0, -8, -8],
	[14, 18, 21, 11, 22, 1, 2, 15, 1, 1] => QQFieldElem[-1, -1, -1, -2],
	[14, 18, 21, 11, 22, 1, 1, 15, 1, 1] => QQFieldElem[3, 1, 1, 2],
	[14, 18, 21, 11, 15, 1, 1, 21, 1, 1] => QQFieldElem[0, 0, -1, 0],
	[14, 18, 21, 11, 21, 1, 2, 15, 1, 1] => QQFieldElem[-2, 0, -1, -2],
	[14, 18, 21, 11, 15, 1, 1, 9, 1, 1] => QQFieldElem[9//22, 1//11, 5//22, 5//11],
	[14, 18, 21, 11, 22, 1, 2, 21, 1, 1] => QQFieldElem[1, 1, 1, 0],
	[14, 18, 21, 11, 22, 1, 1, 21, 1, 1] => QQFieldElem[1, -5, 3, -4],
	[14, 18, 21, 11, 15, 1, 1, 16, 1, 1] => QQFieldElem[0, -1, 1//2, -3//2],
	[14, 18, 21, 11, 21, 1, 1, 15, 1, 1] => QQFieldElem[0, 0, 0, 0],
	[14, 18, 21, 11, 22, 1, 2, 22, 1, 1] => QQFieldElem[-1//2, 1//2, 1//2, -1//2],
	[14, 18, 21, 11, 22, 1, 1, 9, 1, 1] => QQFieldElem[87//22, 17//11, 41//22, 93//22],
	[14, 18, 21, 11, 22, 1, 2, 16, 1, 1] => QQFieldElem[-1//2, 3//2, -3//2, 1//2],
	[14, 18, 21, 11, 22, 1, 1, 22, 1, 1] => QQFieldElem[-13//2, -1//2, -7//2, -9//2],
	[14, 18, 21, 11, 21, 1, 1, 21, 1, 1] => QQFieldElem[-4//5, 12//5, -12//5, 4//5],
	[14, 18, 21, 11, 21, 1, 2, 21, 1, 1] => QQFieldElem[0, 2, -1, 2],
	[14, 18, 21, 11, 21, 1, 2, 9, 1, 1] => QQFieldElem[-25//22, -4//11, -9//22, -9//11],
	[14, 18, 21, 11, 21, 1, 2, 22, 1, 1] => QQFieldElem[3, 0, 3//2, 3//2],
	[14, 18, 21, 11, 21, 1, 1, 9, 1, 1] => QQFieldElem[-16//11, -6//11, -4//11, -19//11],
	[14, 18, 21, 11, 21, 1, 1, 22, 1, 1] => QQFieldElem[4, 1, 2, 3],
	[14, 18, 21, 11, 15, 1, 1, 22, 1, 1] => QQFieldElem[1, 0, 1//2, 1//2],
	[14, 18, 21, 11, 21, 1, 1, 16, 1, 1] => QQFieldElem[-4, -1, -2, -3],
	[14, 18, 21, 11, 22, 1, 1, 16, 1, 1] => QQFieldElem[15//2, -3//2, 13//2, 5//2],
	[14, 18, 21, 11, 21, 1, 2, 16, 1, 1] => QQFieldElem[-2, 3, -5//2, 3//2],
	[14, 18, 21, 11, 22, 1, 2, 9, 1, 1] => QQFieldElem[-17//22, -8//11, -7//22, -25//22],
	[14, 18, 21, 11, 13, 1, 1, 14, 1, 1] => QQFieldElem[-4, -8, 0, -8])