Dict(
	[14, 9, 17, 20, 9, 1, 1, 3, 1, 1] => QQFieldElem[-4//5, 2//5, -2//5, 4//5],
	[14, 9, 17, 20, 21, 1, 1, 20, 1, 1] => QQFieldElem[-1//20, 1//40, 1//10, 1//20],
	[14, 9, 17, 20, 16, 1, 1, 20, 1, 1] => QQFieldElem[1//4, 0, 0, 1//4],
	[14, 9, 17, 20, 21, 1, 1, 18, 1, 1] => QQFieldElem[1//40, 1//20, 3//40, -1//40],
	[14, 9, 17, 20, 16, 1, 1, 18, 1, 1] => QQFieldElem[1//4, 1//4, 0, 1//2],
	[14, 9, 17, 20, 15, 1, 1, 7, 1, 1] => QQFieldElem[-1//4, -1//4, 0, -1//4],
	[14, 9, 17, 20, 9, 1, 1, 20, 1, 1] => QQFieldElem[0, 0, -1, 0],
	[14, 9, 17, 20, 15, 1, 1, 3, 1, 1] => QQFieldElem[1//5, -1//10, 1//10, -1//5],
	[14, 9, 17, 20, 9, 1, 1, 18, 1, 1] => QQFieldElem[-1, 1, -1, 0],
	[14, 9, 17, 20, 21, 1, 1, 7, 1, 1] => QQFieldElem[-1//20, 1//40, -1//40, -3//40],
	[14, 9, 17, 20, 16, 1, 1, 7, 1, 1] => QQFieldElem[1//2, 0, 1//4, 1//4],
	[14, 9, 17, 20, 21, 1, 1, 3, 1, 1] => QQFieldElem[1//20, 1//20, 0, -1//10],
	[14, 9, 17, 20, 16, 1, 1, 3, 1, 1] => QQFieldElem[3//10, 1//10, -1//10, 1//5],
	[14, 9, 17, 20, 15, 1, 1, 20, 1, 1] => QQFieldElem[0, -1//4, -1//4, -1//4],
	[14, 9, 17, 20, 9, 1, 1, 7, 1, 1] => QQFieldElem[1, 1, 0, 1],
	[14, 9, 17, 20, 15, 1, 1, 18, 1, 1] => QQFieldElem[1//4, 0, 1//4, 0])