Dict(
	[14, 19, 22, 6, 22, 1, 1, 22, 2, 1] => QQFieldElem[0, 0, 1//4, -1//4],
	[14, 19, 22, 6, 14, 1, 1, 22, 1, 1] => QQFieldElem[-1//2, -1, 0, 1//2],
	[14, 19, 22, 6, 14, 1, 2, 21, 2, 1] => QQFieldElem[0, 0, 0, 0],
	[14, 19, 22, 6, 14, 1, 1, 21, 2, 1] => QQFieldElem[0, 0, -1//2, -1//2],
	[14, 19, 22, 6, 14, 1, 2, 22, 2, 1] => QQFieldElem[0, 1, 0, 0],
	[14, 19, 22, 6, 14, 1, 1, 22, 2, 1] => QQFieldElem[-1//2, 0, 0, 1//2],
	[14, 19, 22, 6, 22, 1, 2, 21, 1, 1] => QQFieldElem[1//2, 1, 1//2, 1//2],
	[14, 19, 22, 6, 22, 1, 1, 21, 1, 1] => QQFieldElem[1//4, 0, 0, -1//4],
	[14, 19, 22, 6, 22, 1, 2, 22, 1, 1] => QQFieldElem[-1//10, -1//5, -3//10, 1//10],
	[14, 19, 22, 6, 22, 1, 1, 22, 1, 1] => QQFieldElem[1//2, 1//2, 1//4, -1//4],
	[14, 19, 22, 6, 22, 1, 2, 21, 2, 1] => QQFieldElem[1//2, 0, 1//2, 1//2],
	[14, 19, 22, 6, 14, 1, 2, 21, 1, 1] => QQFieldElem[0, 0, 0, 0],
	[14, 19, 22, 6, 22, 1, 1, 21, 2, 1] => QQFieldElem[-1//4, -1//2, 0, -1//4],
	[14, 19, 22, 6, 14, 1, 1, 21, 1, 1] => QQFieldElem[0, 1, 5//2, 3//2],
	[14, 19, 22, 6, 22, 1, 2, 22, 2, 1] => QQFieldElem[1//2, 0, 1//2, 1//2],
	[14, 19, 22, 6, 14, 1, 2, 22, 1, 1] => QQFieldElem[-2//5, 1//5, 4//5, 2//5])