Dict(
	[14, 21, 18, 18, 22, 1, 1, 20, 1, 1] => QQFieldElem[1, -2, 2, -1],
	[14, 21, 18, 18, 21, 1, 1, 19, 2, 1] => QQFieldElem[0, -10, 6, -10],
	[14, 21, 18, 18, 21, 1, 2, 20, 1, 1] => QQFieldElem[4, 1//2, 5//2, 5//2],
	[14, 21, 18, 18, 22, 1, 2, 8, 1, 1] => QQFieldElem[-3//11, -8//11, 2//11, -7//11],
	[14, 21, 18, 18, 14, 1, 1, 19, 2, 1] => QQFieldElem[4//11, 7//11, 1//11, 13//11],
	[14, 21, 18, 18, 16, 1, 1, 20, 1, 1] => QQFieldElem[-10, 2, -8, -4],
	[14, 21, 18, 18, 22, 1, 2, 17, 1, 1] => QQFieldElem[-52//55, -14//55, -46//55, -48//55],
	[14, 21, 18, 18, 21, 1, 1, 8, 1, 1] => QQFieldElem[6//11, -6//11, 7//11, 3//11],
	[14, 21, 18, 18, 15, 1, 1, 11, 1, 1] => QQFieldElem[3, 2, 1, 4],
	[14, 21, 18, 18, 14, 1, 1, 8, 1, 1] => QQFieldElem[0, 0, 0, 0],
	[14, 21, 18, 18, 21, 1, 1, 17, 1, 1] => QQFieldElem[10//11, 12//11, 8//11, 16//11],
	[14, 21, 18, 18, 14, 1, 1, 17, 1, 1] => QQFieldElem[-34//55, 12//55, 8//55, -6//55],
	[14, 21, 18, 18, 15, 1, 1, 19, 1, 1] => QQFieldElem[-14//11, 14//11, -20//11, 4//11],
	[14, 21, 18, 18, 15, 1, 1, 19, 2, 1] => QQFieldElem[6//11, -6//11, 7//11, 3//11],
	[14, 21, 18, 18, 15, 1, 1, 8, 1, 1] => QQFieldElem[4//11, 7//11, 1//11, 13//11],
	[14, 21, 18, 18, 15, 1, 1, 17, 1, 1] => QQFieldElem[28//11, -6//11, 18//11, 14//11],
	[14, 21, 18, 18, 22, 1, 1, 11, 1, 1] => QQFieldElem[-1, -1, 0, -2],
	[14, 21, 18, 18, 21, 1, 2, 11, 1, 1] => QQFieldElem[1, -3//2, 1, -1//2],
	[14, 21, 18, 18, 16, 1, 1, 11, 1, 1] => QQFieldElem[0, 2, -2, 2],
	[14, 21, 18, 18, 22, 1, 2, 12, 1, 1] => QQFieldElem[-3//5, 4//5, -4//5, 3//5],
	[14, 21, 18, 18, 22, 1, 1, 19, 1, 1] => QQFieldElem[6, 0, 4, 4],
	[14, 21, 18, 18, 21, 1, 2, 19, 1, 1] => QQFieldElem[-22//5, 36//5, -36//5, 22//5],
	[14, 21, 18, 18, 21, 1, 1, 12, 1, 1] => QQFieldElem[2, 0, 1, 1],
	[14, 21, 18, 18, 16, 1, 1, 19, 1, 1] => QQFieldElem[17//11, -1//22, 25//22, 17//22],
	[14, 21, 18, 18, 22, 1, 1, 19, 2, 1] => QQFieldElem[-14//5, 22//5, -22//5, 14//5],
	[14, 21, 18, 18, 14, 1, 1, 12, 1, 1] => QQFieldElem[0, 0, 0, 0],
	[14, 21, 18, 18, 22, 1, 2, 20, 1, 1] => QQFieldElem[-3//5, 4//5, -4//5, 3//5],
	[14, 21, 18, 18, 21, 1, 2, 19, 2, 1] => QQFieldElem[116//5, -28//5, 88//5, 44//5],
	[14, 21, 18, 18, 16, 1, 1, 19, 2, 1] => QQFieldElem[-3//11, -8//11, 2//11, -7//11],
	[14, 21, 18, 18, 21, 1, 1, 20, 1, 1] => QQFieldElem[-2, 0, -1, -1],
	[14, 21, 18, 18, 22, 1, 1, 8, 1, 1] => QQFieldElem[4//11, 7//11, 1//11, 2//11],
	[14, 21, 18, 18, 21, 1, 2, 8, 1, 1] => QQFieldElem[3//22, -3//22, -1//11, 7//22],
	[14, 21, 18, 18, 14, 1, 1, 20, 1, 1] => QQFieldElem[9//5, -17//5, 17//5, -9//5],
	[14, 21, 18, 18, 22, 1, 1, 17, 1, 1] => QQFieldElem[-86//55, -2//55, -38//55, -54//55],
	[14, 21, 18, 18, 16, 1, 1, 8, 1, 1] => QQFieldElem[4//11, -4//11, 12//11, 2//11],
	[14, 21, 18, 18, 21, 1, 2, 17, 1, 1] => QQFieldElem[-12//11, -10//11, -3//11, -17//11],
	[14, 21, 18, 18, 16, 1, 1, 17, 1, 1] => QQFieldElem[92//55, 84//55, 56//55, 68//55],
	[14, 21, 18, 18, 15, 1, 1, 12, 1, 1] => QQFieldElem[0, -1, 1, -1],
	[14, 21, 18, 18, 15, 1, 1, 20, 1, 1] => QQFieldElem[0, 5, -3, 5],
	[14, 21, 18, 18, 22, 1, 2, 11, 1, 1] => QQFieldElem[0, 0, 0, 0],
	[14, 21, 18, 18, 21, 1, 1, 11, 1, 1] => QQFieldElem[0, 0, 0, 0],
	[14, 21, 18, 18, 14, 1, 1, 11, 1, 1] => QQFieldElem[-1, -1, 0, -1],
	[14, 21, 18, 18, 22, 1, 2, 19, 1, 1] => QQFieldElem[-8, 0, -5, -5],
	[14, 21, 18, 18, 22, 1, 1, 12, 1, 1] => QQFieldElem[-2//5, 1//5, -1//5, 2//5],
	[14, 21, 18, 18, 21, 1, 2, 12, 1, 1] => QQFieldElem[1//2, 1//2, 0, 1//2],
	[14, 21, 18, 18, 21, 1, 1, 19, 1, 1] => QQFieldElem[3//11, 8//11, -2//11, 7//11],
	[14, 21, 18, 18, 16, 1, 1, 12, 1, 1] => QQFieldElem[-8//5, 4//5, -4//5, -2//5],
	[14, 21, 18, 18, 22, 1, 2, 19, 2, 1] => QQFieldElem[8//5, -14//5, 14//5, -8//5],
	[14, 21, 18, 18, 14, 1, 1, 19, 1, 1] => QQFieldElem[1//11, -1//11, 3//11, -5//11])