Dict(
	[14, 11, 17, 21, 17, 1, 1, 21, 1, 1] => QQFieldElem[-17//220, -5//44, 1//220, -17//110],
	[14, 11, 17, 21, 20, 1, 1, 15, 1, 1] => QQFieldElem[3//10, 1//10, 2//5, 1//5],
	[14, 11, 17, 21, 17, 1, 1, 22, 1, 1] => QQFieldElem[-3//55, -49//220, -21//220, -63//220],
	[14, 11, 17, 21, 18, 1, 1, 21, 1, 2] => QQFieldElem[-13//110, -1//110, 13//55, 9//55],
	[14, 11, 17, 21, 20, 1, 1, 21, 1, 1] => QQFieldElem[-1//22, 4//55, -3//55, -7//110],
	[14, 11, 17, 21, 19, 1, 1, 21, 1, 2] => QQFieldElem[5//22, 13//55, 4//55, -9//110],
	[14, 11, 17, 21, 18, 1, 1, 22, 1, 2] => QQFieldElem[0, -1//2, 0, -1//2],
	[14, 11, 17, 21, 11, 1, 1, 21, 1, 2] => QQFieldElem[-23//55, -6//55, -9//55, -59//110],
	[14, 11, 17, 21, 18, 1, 1, 13, 1, 1] => QQFieldElem[3//2, 0, 1, 1],
	[14, 11, 17, 21, 20, 1, 1, 22, 1, 1] => QQFieldElem[-1//20, -1//10, -3//20, 1//20],
	[14, 11, 17, 21, 19, 1, 1, 22, 1, 2] => QQFieldElem[3//20, 3//10, 9//20, -3//20],
	[14, 11, 17, 21, 19, 2, 1, 21, 1, 2] => QQFieldElem[0, 0, 0, 0],
	[14, 11, 17, 21, 11, 1, 1, 22, 1, 2] => QQFieldElem[-1, -1//2, 0, -1//2],
	[14, 11, 17, 21, 19, 1, 1, 13, 1, 1] => QQFieldElem[0, 7, -4, 7],
	[14, 11, 17, 21, 11, 1, 1, 13, 1, 1] => QQFieldElem[-6, -1, -3, -5],
	[14, 11, 17, 21, 19, 2, 1, 22, 1, 2] => QQFieldElem[2, 0, 1, 2],
	[14, 11, 17, 21, 18, 1, 1, 15, 1, 1] => QQFieldElem[1//4, 1//4, 1//4, 0],
	[14, 11, 17, 21, 19, 2, 1, 13, 1, 1] => QQFieldElem[-3//2, 0, -1, -1],
	[14, 11, 17, 21, 19, 1, 1, 15, 1, 1] => QQFieldElem[1//2, 1//2, 0, 1],
	[14, 11, 17, 21, 11, 1, 1, 15, 1, 1] => QQFieldElem[-1//5, -2//5, -3//5, -3//10],
	[14, 11, 17, 21, 18, 1, 1, 21, 1, 1] => QQFieldElem[1//220, -1//44, -13//220, 1//110],
	[14, 11, 17, 21, 19, 2, 1, 15, 1, 1] => QQFieldElem[-1//20, -3//20, -1//20, 0],
	[14, 11, 17, 21, 17, 1, 1, 21, 1, 2] => QQFieldElem[3//2, 1//2, 1, 1],
	[14, 11, 17, 21, 19, 1, 1, 21, 1, 1] => QQFieldElem[0, 0, 0, 0],
	[14, 11, 17, 21, 18, 1, 1, 22, 1, 1] => QQFieldElem[-1//110, 1//220, -31//220, 17//220],
	[14, 11, 17, 21, 11, 1, 1, 21, 1, 1] => QQFieldElem[-3//55, 4//55, 6//55, 21//110],
	[14, 11, 17, 21, 17, 1, 1, 22, 1, 2] => QQFieldElem[2, 1//2, 1, 3//2],
	[14, 11, 17, 21, 19, 1, 1, 22, 1, 1] => QQFieldElem[0, 1//2, 1//2, 1//2],
	[14, 11, 17, 21, 19, 2, 1, 21, 1, 1] => QQFieldElem[0, 0, 0, 0],
	[14, 11, 17, 21, 17, 1, 1, 13, 1, 1] => QQFieldElem[4, -3, 5, -1],
	[14, 11, 17, 21, 11, 1, 1, 22, 1, 1] => QQFieldElem[0, 1//2, 0, 1//2],
	[14, 11, 17, 21, 20, 1, 1, 21, 1, 2] => QQFieldElem[0, 0, 0, 0],
	[14, 11, 17, 21, 19, 2, 1, 22, 1, 1] => QQFieldElem[-1, -1//2, -1//2, -3//2],
	[14, 11, 17, 21, 20, 1, 1, 22, 1, 2] => QQFieldElem[0, 0, 0, 0],
	[14, 11, 17, 21, 17, 1, 1, 15, 1, 1] => QQFieldElem[-1//5, -2//5, 2//5, -3//10],
	[14, 11, 17, 21, 20, 1, 1, 13, 1, 1] => QQFieldElem[4, 1, 2, 3])