Dict(
	[15, 19, 12, 22, 17, 1, 1, 16, 1, 1] => QQFieldElem[-1//10, 3//10, -3//10, 1//10],
	[15, 19, 12, 22, 3, 1, 1, 13, 1, 1] => QQFieldElem[-1, 0, -1, -1],
	[15, 19, 12, 22, 20, 1, 1, 21, 1, 1] => QQFieldElem[0, 0, 0, 0],
	[15, 19, 12, 22, 19, 1, 1, 14, 1, 1] => QQFieldElem[-1//2, 1//2, -1//2, 0],
	[15, 19, 12, 22, 20, 1, 1, 22, 1, 1] => QQFieldElem[1//2, -1//2, 0, 0],
	[15, 19, 12, 22, 11, 1, 1, 14, 1, 1] => QQFieldElem[-1//2, -1//2, -1//2, -1//2],
	[15, 19, 12, 22, 20, 1, 1, 9, 1, 1] => QQFieldElem[1, 1//2, 0, 1],
	[15, 19, 12, 22, 19, 1, 1, 13, 1, 1] => QQFieldElem[-1//2, 0, -1//2, 0],
	[15, 19, 12, 22, 11, 1, 1, 13, 1, 1] => QQFieldElem[1, 1//2, 1//2, 1],
	[15, 19, 12, 22, 17, 1, 1, 14, 1, 1] => QQFieldElem[-1//2, 1//2, -1//2, 0],
	[15, 19, 12, 22, 17, 1, 1, 13, 1, 1] => QQFieldElem[1//2, 0, 1//2, 0],
	[15, 19, 12, 22, 18, 1, 1, 10, 1, 1] => QQFieldElem[1, 0, 1//2, 1//2],
	[15, 19, 12, 22, 7, 1, 1, 10, 1, 1] => QQFieldElem[5, 3, 1, 6],
	[15, 19, 12, 22, 20, 1, 1, 15, 1, 1] => QQFieldElem[3//11, -3//11, 7//22, 3//22],
	[15, 19, 12, 22, 20, 1, 1, 16, 1, 1] => QQFieldElem[1//2, 1//2, 0, 1],
	[15, 19, 12, 22, 18, 1, 1, 21, 1, 1] => QQFieldElem[0, 0, 0, 0],
	[15, 19, 12, 22, 20, 2, 1, 10, 1, 1] => QQFieldElem[-1, 1//2, -1, 0],
	[15, 19, 12, 22, 18, 1, 1, 9, 1, 1] => QQFieldElem[-1//2, 0, -1//2, -1//2],
	[15, 19, 12, 22, 18, 1, 1, 22, 1, 1] => QQFieldElem[0, 1//2, 0, 1//2],
	[15, 19, 12, 22, 7, 1, 1, 21, 1, 1] => QQFieldElem[-8//11, 12//11, -16//11, 10//11],
	[15, 19, 12, 22, 3, 1, 1, 10, 1, 1] => QQFieldElem[-1, 1, -1, 0],
	[15, 19, 12, 22, 7, 1, 1, 22, 1, 1] => QQFieldElem[24//11, -3//11, 15//11, 14//11],
	[15, 19, 12, 22, 7, 1, 1, 9, 1, 1] => QQFieldElem[-3, -2, -1, -4],
	[15, 19, 12, 22, 20, 1, 1, 14, 1, 1] => QQFieldElem[0, 0, 1//2, -1//2],
	[15, 19, 12, 22, 19, 1, 1, 10, 1, 1] => QQFieldElem[0, 1//2, -1//2, 1//2],
	[15, 19, 12, 22, 20, 1, 1, 13, 1, 1] => QQFieldElem[-1//2, -1, 0, -1],
	[15, 19, 12, 22, 11, 1, 1, 10, 1, 1] => QQFieldElem[1, 0, 1//2, 1//2],
	[15, 19, 12, 22, 20, 2, 1, 21, 1, 1] => QQFieldElem[0, 0, 0, 0],
	[15, 19, 12, 22, 17, 1, 1, 10, 1, 1] => QQFieldElem[0, -1//2, 1//2, -1//2],
	[15, 19, 12, 22, 20, 2, 1, 9, 1, 1] => QQFieldElem[1, -1//2, 1, 0],
	[15, 19, 12, 22, 20, 2, 1, 22, 1, 1] => QQFieldElem[1//2, 1//2, 0, 1],
	[15, 19, 12, 22, 18, 1, 1, 15, 1, 1] => QQFieldElem[-1//22, 1//22, -3//22, 5//22],
	[15, 19, 12, 22, 3, 1, 1, 21, 1, 1] => QQFieldElem[36//55, 12//55, 28//55, 54//55],
	[15, 19, 12, 22, 3, 1, 1, 9, 1, 1] => QQFieldElem[1, 0, 1, 0],
	[15, 19, 12, 22, 3, 1, 1, 22, 1, 1] => QQFieldElem[-4//11, -5//11, 3//11, -6//11],
	[15, 19, 12, 22, 7, 1, 1, 15, 1, 1] => QQFieldElem[9//11, 2//11, 5//11, -1//11],
	[15, 19, 12, 22, 19, 1, 1, 21, 1, 1] => QQFieldElem[27//55, 9//55, 21//55, 13//55],
	[15, 19, 12, 22, 11, 1, 1, 21, 1, 1] => QQFieldElem[0, 0, 0, 0],
	[15, 19, 12, 22, 18, 1, 1, 16, 1, 1] => QQFieldElem[-3//5, -1//5, -3//10, -2//5],
	[15, 19, 12, 22, 19, 1, 1, 9, 1, 1] => QQFieldElem[0, -1//2, 1//2, -1//2],
	[15, 19, 12, 22, 11, 1, 1, 9, 1, 1] => QQFieldElem[-1//2, 0, -1//2, -1//2],
	[15, 19, 12, 22, 11, 1, 1, 22, 1, 1] => QQFieldElem[0, -1//2, 0, -1//2],
	[15, 19, 12, 22, 19, 1, 1, 22, 1, 1] => QQFieldElem[-3//11, -1//11, -1//22, -9//22],
	[15, 19, 12, 22, 7, 1, 1, 16, 1, 1] => QQFieldElem[-1, -1, 0, -2],
	[15, 19, 12, 22, 17, 1, 1, 21, 1, 1] => QQFieldElem[27//55, 9//55, 21//55, 13//55],
	[15, 19, 12, 22, 17, 1, 1, 9, 1, 1] => QQFieldElem[0, 1//2, -1//2, 1//2],
	[15, 19, 12, 22, 17, 1, 1, 22, 1, 1] => QQFieldElem[-3//11, -1//11, -1//22, -9//22],
	[15, 19, 12, 22, 20, 2, 1, 15, 1, 1] => QQFieldElem[6//11, 5//11, 3//22, 17//22],
	[15, 19, 12, 22, 18, 1, 1, 14, 1, 1] => QQFieldElem[1//2, 1//2, 1//2, 1//2],
	[15, 19, 12, 22, 18, 1, 1, 13, 1, 1] => QQFieldElem[1, 1//2, 1//2, 1],
	[15, 19, 12, 22, 7, 1, 1, 14, 1, 1] => QQFieldElem[-1, -2, 1, -3],
	[15, 19, 12, 22, 3, 1, 1, 15, 1, 1] => QQFieldElem[-3//11, -8//11, -9//11, -7//11],
	[15, 19, 12, 22, 20, 2, 1, 16, 1, 1] => QQFieldElem[11//10, -3//10, 4//5, 2//5],
	[15, 19, 12, 22, 7, 1, 1, 13, 1, 1] => QQFieldElem[1, 2, -1, 3],
	[15, 19, 12, 22, 20, 1, 1, 10, 1, 1] => QQFieldElem[-1, -1//2, 0, -1],
	[15, 19, 12, 22, 19, 1, 1, 15, 1, 1] => QQFieldElem[-1//22, 1//22, -3//22, -3//11],
	[15, 19, 12, 22, 11, 1, 1, 15, 1, 1] => QQFieldElem[1//22, -1//22, 3//22, -5//22],
	[15, 19, 12, 22, 3, 1, 1, 16, 1, 1] => QQFieldElem[3//5, 1//5, 4//5, 2//5],
	[15, 19, 12, 22, 19, 1, 1, 16, 1, 1] => QQFieldElem[1//10, -3//10, 3//10, -1//10],
	[15, 19, 12, 22, 11, 1, 1, 16, 1, 1] => QQFieldElem[-3//5, -1//5, -3//10, -2//5],
	[15, 19, 12, 22, 17, 1, 1, 15, 1, 1] => QQFieldElem[-1//22, 1//22, -3//22, -3//11],
	[15, 19, 12, 22, 20, 2, 1, 14, 1, 1] => QQFieldElem[1, 0, 1//2, 1//2],
	[15, 19, 12, 22, 20, 2, 1, 13, 1, 1] => QQFieldElem[-3//2, 0, -1, -1],
	[15, 19, 12, 22, 3, 1, 1, 14, 1, 1] => QQFieldElem[-1, 0, -1, -1])