Dict(
	[15, 13, 9, 10, 8, 1, 1, 3, 1, 1] => QQFieldElem[6//5, 0, 2//5, 2//5],
	[15, 13, 9, 10, 19, 1, 1, 2, 1, 1] => QQFieldElem[1, 0, 1, 1],
	[15, 13, 9, 10, 4, 1, 1, 18, 1, 1] => QQFieldElem[0, -12//5, -16//5, -12//5],
	[15, 13, 9, 10, 8, 1, 1, 2, 1, 1] => QQFieldElem[-1//5, 0, -2//5, -2//5],
	[15, 13, 9, 10, 18, 1, 1, 18, 1, 1] => QQFieldElem[-1//5, 0, 3//5, 3//5],
	[15, 13, 9, 10, 19, 1, 1, 18, 1, 1] => QQFieldElem[1, 0, 1, 1],
	[15, 13, 9, 10, 8, 1, 1, 18, 1, 1] => QQFieldElem[-6//5, 0, -2//5, -2//5],
	[15, 13, 9, 10, 4, 1, 1, 4, 1, 1] => QQFieldElem[0, -6//5, -8//5, -6//5],
	[15, 13, 9, 10, 18, 1, 1, 4, 1, 1] => QQFieldElem[2//5, 0, -1//5, -1//5],
	[15, 13, 9, 10, 19, 1, 1, 4, 1, 1] => QQFieldElem[2, 0, 1, 1],
	[15, 13, 9, 10, 4, 1, 1, 3, 1, 1] => QQFieldElem[0, -8//5, -4//5, -8//5],
	[15, 13, 9, 10, 18, 1, 1, 3, 1, 1] => QQFieldElem[1//5, 0, 2//5, 2//5],
	[15, 13, 9, 10, 8, 1, 1, 4, 1, 1] => QQFieldElem[-3//5, 0, -1//5, -1//5],
	[15, 13, 9, 10, 19, 1, 1, 3, 1, 1] => QQFieldElem[-1, 0, -1, -1],
	[15, 13, 9, 10, 4, 1, 1, 2, 1, 1] => QQFieldElem[0, -2//5, -6//5, -2//5],
	[15, 13, 9, 10, 18, 1, 1, 2, 1, 1] => QQFieldElem[-1//5, 0, -2//5, -2//5])