Dict(
	[15, 22, 17, 19, 22, 1, 1, 20, 1, 2] => QQFieldElem[-1//20, -1//4, -1//10, -1//10],
	[15, 22, 17, 19, 15, 1, 1, 12, 1, 1] => QQFieldElem[7//2, 0, 2, 2],
	[15, 22, 17, 19, 21, 1, 2, 20, 1, 2] => QQFieldElem[-3, -1, -1, -3],
	[15, 22, 17, 19, 16, 1, 1, 20, 1, 2] => QQFieldElem[-10, 16, -16, 10],
	[15, 22, 17, 19, 22, 1, 1, 20, 2, 2] => QQFieldElem[0, 2//5, 1//5, 2//5],
	[15, 22, 17, 19, 21, 1, 2, 20, 2, 2] => QQFieldElem[16//5, 2//5, 8//5, 14//5],
	[15, 22, 17, 19, 10, 1, 1, 11, 1, 1] => QQFieldElem[0, -1, 1, -1],
	[15, 22, 17, 19, 15, 1, 1, 20, 1, 1] => QQFieldElem[0, -1//2, 1//2, -1],
	[15, 22, 17, 19, 16, 1, 1, 20, 2, 2] => QQFieldElem[0, 0, 0, 0],
	[15, 22, 17, 19, 15, 1, 1, 20, 2, 1] => QQFieldElem[-1//10, 3//10, 1//5, 1//10],
	[15, 22, 17, 19, 10, 1, 1, 19, 1, 1] => QQFieldElem[1, -1, 1, 0],
	[15, 22, 17, 19, 22, 1, 2, 11, 1, 1] => QQFieldElem[-1, -1, 0, -1],
	[15, 22, 17, 19, 13, 1, 1, 12, 1, 1] => QQFieldElem[-10//11, -16//11, -2//11, -20//11],
	[15, 22, 17, 19, 21, 1, 1, 11, 1, 1] => QQFieldElem[-1//20, -1//10, -3//20, 1//20],
	[15, 22, 17, 19, 14, 1, 1, 11, 1, 1] => QQFieldElem[1//2, 0, 0, 1//2],
	[15, 22, 17, 19, 22, 1, 2, 19, 1, 1] => QQFieldElem[0, 1, 0, 1],
	[15, 22, 17, 19, 10, 1, 1, 18, 1, 1] => QQFieldElem[1, 1, 0, 2],
	[15, 22, 17, 19, 22, 1, 1, 12, 1, 1] => QQFieldElem[-7//110, -9//110, 7//55, -3//110],
	[15, 22, 17, 19, 13, 1, 1, 20, 1, 1] => QQFieldElem[1, 0, 0, 0],
	[15, 22, 17, 19, 21, 1, 2, 12, 1, 1] => QQFieldElem[-1//22, -3//11, 1//11, -1//11],
	[15, 22, 17, 19, 10, 1, 1, 17, 1, 1] => QQFieldElem[-17//11, -5//11, -7//11, -14//11],
	[15, 22, 17, 19, 21, 1, 1, 19, 1, 1] => QQFieldElem[1//20, 1//10, -1//10, -1//20],
	[15, 22, 17, 19, 16, 1, 1, 12, 1, 1] => QQFieldElem[-12//55, -23//110, -7//110, -13//55],
	[15, 22, 17, 19, 13, 1, 1, 20, 2, 1] => QQFieldElem[0, 1//2, 1//2, 0],
	[15, 22, 17, 19, 14, 1, 1, 19, 1, 1] => QQFieldElem[0, 0, 0, 0],
	[15, 22, 17, 19, 22, 1, 1, 20, 1, 1] => QQFieldElem[2//5, 4//5, 6//5, -2//5],
	[15, 22, 17, 19, 21, 1, 2, 20, 1, 1] => QQFieldElem[7, -26, 21, -22],
	[15, 22, 17, 19, 10, 1, 1, 20, 1, 2] => QQFieldElem[-3, -2, -1, -4],
	[15, 22, 17, 19, 22, 1, 2, 18, 1, 1] => QQFieldElem[0, 0, 0, 0],
	[15, 22, 17, 19, 16, 1, 1, 20, 1, 1] => QQFieldElem[0, 0, 0, 0],
	[15, 22, 17, 19, 22, 1, 1, 20, 2, 1] => QQFieldElem[-4, -1//2, -5//2, -3],
	[15, 22, 17, 19, 22, 1, 2, 17, 1, 1] => QQFieldElem[-10//11, -1//11, -8//11, -5//11],
	[15, 22, 17, 19, 21, 1, 1, 18, 1, 1] => QQFieldElem[1//10, -1//20, 1//20, 3//20],
	[15, 22, 17, 19, 21, 1, 2, 20, 2, 1] => QQFieldElem[1, 1//2, 1//2, 1],
	[15, 22, 17, 19, 15, 1, 1, 11, 1, 1] => QQFieldElem[1//2, 2, -1, 5//2],
	[15, 22, 17, 19, 10, 1, 1, 20, 2, 2] => QQFieldElem[-1, 2, -3, 2],
	[15, 22, 17, 19, 21, 1, 1, 17, 1, 1] => QQFieldElem[17//220, -3//110, -1//55, 3//220],
	[15, 22, 17, 19, 16, 1, 1, 20, 2, 1] => QQFieldElem[0, 0, 0, 1],
	[15, 22, 17, 19, 14, 1, 1, 18, 1, 1] => QQFieldElem[3//2, 0, 1, 1],
	[15, 22, 17, 19, 14, 1, 1, 17, 1, 1] => QQFieldElem[2//11, -2//11, 6//11, 1//11],
	[15, 22, 17, 19, 22, 1, 2, 20, 1, 2] => QQFieldElem[-13//10, -3//5, -9//10, -6//5],
	[15, 22, 17, 19, 15, 1, 1, 19, 1, 1] => QQFieldElem[0, 0, 0, 0],
	[15, 22, 17, 19, 21, 1, 1, 20, 1, 2] => QQFieldElem[3, -5, 5, -3],
	[15, 22, 17, 19, 22, 1, 2, 20, 2, 2] => QQFieldElem[4//5, -2//5, 2//5, 1//5],
	[15, 22, 17, 19, 14, 1, 1, 20, 1, 2] => QQFieldElem[-2, 0, -2, -2],
	[15, 22, 17, 19, 21, 1, 1, 20, 2, 2] => QQFieldElem[4, 8, -2, 10],
	[15, 22, 17, 19, 14, 1, 1, 20, 2, 2] => QQFieldElem[1, 1//2, 1//2, 1],
	[15, 22, 17, 19, 15, 1, 1, 18, 1, 1] => QQFieldElem[-3//2, -1, 0, -2],
	[15, 22, 17, 19, 13, 1, 1, 11, 1, 1] => QQFieldElem[2, 0, 2, 2],
	[15, 22, 17, 19, 15, 1, 1, 17, 1, 1] => QQFieldElem[36//11, 8//11, 20//11, 29//11],
	[15, 22, 17, 19, 10, 1, 1, 12, 1, 1] => QQFieldElem[-17//11, -3//11, -10//11, -12//11],
	[15, 22, 17, 19, 22, 1, 1, 11, 1, 1] => QQFieldElem[-1//5, -2//5, -1//10, 1//5],
	[15, 22, 17, 19, 13, 1, 1, 19, 1, 1] => QQFieldElem[-2, 0, 0, -2],
	[15, 22, 17, 19, 21, 1, 2, 11, 1, 1] => QQFieldElem[0, 0, 0, 1//2],
	[15, 22, 17, 19, 15, 1, 1, 20, 1, 2] => QQFieldElem[1//4, 1//4, 0, 0],
	[15, 22, 17, 19, 10, 1, 1, 20, 1, 1] => QQFieldElem[2, -4, 4, -2],
	[15, 22, 17, 19, 16, 1, 1, 11, 1, 1] => QQFieldElem[3//10, 1//10, 2//5, 1//5],
	[15, 22, 17, 19, 22, 1, 2, 12, 1, 1] => QQFieldElem[-10//11, 6//11, -2//11, 2//11],
	[15, 22, 17, 19, 22, 1, 1, 19, 1, 1] => QQFieldElem[1//5, -1//10, -2//5, -1//5],
	[15, 22, 17, 19, 15, 1, 1, 20, 2, 2] => QQFieldElem[-1//2, 0, -1//2, 0],
	[15, 22, 17, 19, 10, 1, 1, 20, 2, 1] => QQFieldElem[0, 0, 0, 0],
	[15, 22, 17, 19, 21, 1, 2, 19, 1, 1] => QQFieldElem[0, 0, 1//2, 0],
	[15, 22, 17, 19, 21, 1, 1, 12, 1, 1] => QQFieldElem[1//55, 13//220, 47//220, 41//220],
	[15, 22, 17, 19, 16, 1, 1, 19, 1, 1] => QQFieldElem[0, 0, 0, 0],
	[15, 22, 17, 19, 13, 1, 1, 18, 1, 1] => QQFieldElem[-2, 0, -2, 0],
	[15, 22, 17, 19, 14, 1, 1, 12, 1, 1] => QQFieldElem[-1//22, -3//11, 1//11, -1//11],
	[15, 22, 17, 19, 22, 1, 2, 20, 1, 1] => QQFieldElem[-1//5, 1//10, -1//10, 1//5],
	[15, 22, 17, 19, 13, 1, 1, 17, 1, 1] => QQFieldElem[-6//11, -16//11, 4//11, -14//11],
	[15, 22, 17, 19, 21, 1, 1, 20, 1, 1] => QQFieldElem[-3, -2, -1, -4],
	[15, 22, 17, 19, 22, 1, 1, 18, 1, 1] => QQFieldElem[-1//10, 3//10, 1//5, 1//10],
	[15, 22, 17, 19, 22, 1, 2, 20, 2, 1] => QQFieldElem[1//10, 1//10, 0, 3//10],
	[15, 22, 17, 19, 14, 1, 1, 20, 1, 1] => QQFieldElem[0, 0, -2, 2],
	[15, 22, 17, 19, 21, 1, 2, 18, 1, 1] => QQFieldElem[1//2, 1, 0, 1],
	[15, 22, 17, 19, 22, 1, 1, 17, 1, 1] => QQFieldElem[-3//55, -27//110, -9//55, -7//55],
	[15, 22, 17, 19, 13, 1, 1, 20, 1, 2] => QQFieldElem[1, -1, 1, -1],
	[15, 22, 17, 19, 16, 1, 1, 18, 1, 1] => QQFieldElem[-1//5, 1//10, -1//10, 1//5],
	[15, 22, 17, 19, 21, 1, 2, 17, 1, 1] => QQFieldElem[2//11, -2//11, 1//22, 1//11],
	[15, 22, 17, 19, 21, 1, 1, 20, 2, 1] => QQFieldElem[-3, 0, -2, -2],
	[15, 22, 17, 19, 16, 1, 1, 17, 1, 1] => QQFieldElem[-2//55, -9//55, -6//55, -23//55],
	[15, 22, 17, 19, 14, 1, 1, 20, 2, 1] => QQFieldElem[0, 0, 0, 0],
	[15, 22, 17, 19, 13, 1, 1, 20, 2, 2] => QQFieldElem[1, 1, 1, 1])