Dict(
	[15, 19, 17, 22, 12, 1, 1, 21, 1, 2] => QQFieldElem[-56//11, 18//11, -46//11, -18//11],
	[15, 19, 17, 22, 20, 2, 2, 21, 1, 2] => QQFieldElem[294//11, -210//11, 313//11, -32//11],
	[15, 19, 17, 22, 20, 1, 1, 22, 1, 2] => QQFieldElem[-3//110, -1//110, -23//220, -9//220],
	[15, 19, 17, 22, 12, 1, 1, 22, 1, 2] => QQFieldElem[31//55, -8//55, 18//55, 19//55],
	[15, 19, 17, 22, 20, 2, 2, 22, 1, 2] => QQFieldElem[101//22, -47//22, 46//11, 7//11],
	[15, 19, 17, 22, 17, 1, 1, 21, 1, 1] => QQFieldElem[0, 0, 0, 0],
	[15, 19, 17, 22, 20, 1, 2, 15, 1, 1] => QQFieldElem[3//22, 4//11, 7//44, 9//11],
	[15, 19, 17, 22, 17, 1, 1, 22, 1, 1] => QQFieldElem[-26//55, -27//55, -8//55, -39//55],
	[15, 19, 17, 22, 20, 2, 1, 15, 1, 1] => QQFieldElem[2//11, 7//22, 1//22, 1//11],
	[15, 19, 17, 22, 18, 1, 1, 14, 1, 1] => QQFieldElem[-1, 0, -1//2, -1//2],
	[15, 19, 17, 22, 18, 1, 1, 13, 1, 1] => QQFieldElem[-1, -1, 0, -1],
	[15, 19, 17, 22, 20, 1, 2, 16, 1, 1] => QQFieldElem[6, 0, 7//2, 7//2],
	[15, 19, 17, 22, 20, 2, 1, 16, 1, 1] => QQFieldElem[4, 1, 2, 3],
	[15, 19, 17, 22, 20, 1, 1, 10, 1, 1] => QQFieldElem[-1//10, -1//5, -1//20, -3//20],
	[15, 19, 17, 22, 12, 1, 1, 10, 1, 1] => QQFieldElem[2, 0, 1, 3//2],
	[15, 19, 17, 22, 11, 1, 1, 15, 1, 1] => QQFieldElem[8//11, 36//11, -20//11, 48//11],
	[15, 19, 17, 22, 19, 1, 1, 15, 1, 1] => QQFieldElem[0, 0, 0, 0],
	[15, 19, 17, 22, 20, 2, 2, 10, 1, 1] => QQFieldElem[-4, -1, -2, -3],
	[15, 19, 17, 22, 19, 1, 1, 16, 1, 1] => QQFieldElem[0, 0, 0, 0],
	[15, 19, 17, 22, 11, 1, 1, 16, 1, 1] => QQFieldElem[80, 16, 40, 64],
	[15, 19, 17, 22, 20, 1, 2, 14, 1, 1] => QQFieldElem[-1//10, 3//10, -1//20, -2//5],
	[15, 19, 17, 22, 17, 1, 1, 15, 1, 1] => QQFieldElem[-21//11, -1//11, -8//11, -16//11],
	[15, 19, 17, 22, 20, 1, 2, 13, 1, 1] => QQFieldElem[3//5, 6//5, -1//5, 7//5],
	[15, 19, 17, 22, 20, 2, 1, 14, 1, 1] => QQFieldElem[1, 1//2, 1//2, 1],
	[15, 19, 17, 22, 20, 2, 1, 13, 1, 1] => QQFieldElem[0, 1, -1, 1],
	[15, 19, 17, 22, 17, 1, 1, 16, 1, 1] => QQFieldElem[-4, 14, -12, 12],
	[15, 19, 17, 22, 18, 1, 1, 21, 1, 2] => QQFieldElem[89//55, -7//55, 57//55, 51//55],
	[15, 19, 17, 22, 20, 1, 1, 21, 1, 1] => QQFieldElem[-115//11, 134//11, -153//11, 64//11],
	[15, 19, 17, 22, 12, 1, 1, 21, 1, 1] => QQFieldElem[0, 0, 0, 0],
	[15, 19, 17, 22, 18, 1, 1, 22, 1, 2] => QQFieldElem[48//55, 21//110, 6//11, 39//55],
	[15, 19, 17, 22, 20, 2, 2, 21, 1, 1] => QQFieldElem[1, 2, -1, 3],
	[15, 19, 17, 22, 19, 1, 1, 14, 1, 1] => QQFieldElem[0, 0, 0, 0],
	[15, 19, 17, 22, 12, 1, 1, 22, 1, 1] => QQFieldElem[-76//55, 103//55, -108//55, 51//55],
	[15, 19, 17, 22, 20, 1, 1, 22, 1, 1] => QQFieldElem[-41//22, 17//11, -19//11, 5//11],
	[15, 19, 17, 22, 11, 1, 1, 14, 1, 1] => QQFieldElem[-8, -4, -4, -8],
	[15, 19, 17, 22, 20, 2, 2, 22, 1, 1] => QQFieldElem[-2//11, -5//22, 3//22, -3//11],
	[15, 19, 17, 22, 19, 1, 1, 13, 1, 1] => QQFieldElem[1, 0, 1, 0],
	[15, 19, 17, 22, 11, 1, 1, 13, 1, 1] => QQFieldElem[0, 16, -8, 16],
	[15, 19, 17, 22, 17, 1, 1, 14, 1, 1] => QQFieldElem[1, -1, 2, 0],
	[15, 19, 17, 22, 17, 1, 1, 13, 1, 1] => QQFieldElem[-7, -2, -3, -6],
	[15, 19, 17, 22, 20, 1, 2, 21, 1, 2] => QQFieldElem[133//22, 24//11, 57//22, 64//11],
	[15, 19, 17, 22, 20, 1, 2, 22, 1, 2] => QQFieldElem[43//55, 47//110, 91//220, 203//220],
	[15, 19, 17, 22, 18, 1, 1, 10, 1, 1] => QQFieldElem[0, 0, 0, 1//2],
	[15, 19, 17, 22, 20, 2, 1, 21, 1, 2] => QQFieldElem[-28//11, -24//11, -1//11, -42//11],
	[15, 19, 17, 22, 20, 2, 1, 22, 1, 2] => QQFieldElem[1//2, 1//2, 0, 1],
	[15, 19, 17, 22, 20, 1, 1, 15, 1, 1] => QQFieldElem[7//110, 2//55, -13//220, -1//55],
	[15, 19, 17, 22, 12, 1, 1, 15, 1, 1] => QQFieldElem[-2, 0, -3//2, -3//2],
	[15, 19, 17, 22, 20, 2, 2, 15, 1, 1] => QQFieldElem[56//11, 9//22, 61//22, 39//11],
	[15, 19, 17, 22, 19, 1, 1, 21, 1, 2] => QQFieldElem[64, 40, 16, 80],
	[15, 19, 17, 22, 11, 1, 1, 21, 1, 2] => QQFieldElem[20//11, 58//11, -26//11, 74//11],
	[15, 19, 17, 22, 19, 1, 1, 22, 1, 2] => QQFieldElem[76//11, 40//11, 20//11, 92//11],
	[15, 19, 17, 22, 11, 1, 1, 22, 1, 2] => QQFieldElem[-19//55, 122//55, -82//55, 109//55],
	[15, 19, 17, 22, 12, 1, 1, 16, 1, 1] => QQFieldElem[3, 13, -6, 15],
	[15, 19, 17, 22, 20, 1, 1, 16, 1, 1] => QQFieldElem[1, 0, 1//2, 1//2],
	[15, 19, 17, 22, 20, 2, 2, 16, 1, 1] => QQFieldElem[0, -29, 18, -29],
	[15, 19, 17, 22, 20, 1, 2, 10, 1, 1] => QQFieldElem[-3//10, -3//5, -3//20, -9//20],
	[15, 19, 17, 22, 18, 1, 1, 21, 1, 1] => QQFieldElem[46//11, 8//11, 26//11, 36//11],
	[15, 19, 17, 22, 20, 2, 1, 10, 1, 1] => QQFieldElem[0, 0, 0, 0],
	[15, 19, 17, 22, 17, 1, 1, 21, 1, 2] => QQFieldElem[89//55, -7//55, 57//55, 51//55],
	[15, 19, 17, 22, 18, 1, 1, 22, 1, 1] => QQFieldElem[0, 0, 0, 0],
	[15, 19, 17, 22, 17, 1, 1, 22, 1, 2] => QQFieldElem[-16//55, -7//110, -2//11, -13//55],
	[15, 19, 17, 22, 20, 1, 1, 14, 1, 1] => QQFieldElem[3//10, 1//10, 3//20, 1//5],
	[15, 19, 17, 22, 12, 1, 1, 14, 1, 1] => QQFieldElem[0, -1, 1//2, -1//2],
	[15, 19, 17, 22, 20, 2, 2, 14, 1, 1] => QQFieldElem[-1, 3//2, -3//2, 1],
	[15, 19, 17, 22, 19, 1, 1, 10, 1, 1] => QQFieldElem[0, -1//2, 0, 0],
	[15, 19, 17, 22, 12, 1, 1, 13, 1, 1] => QQFieldElem[-7, -1, -4, -5],
	[15, 19, 17, 22, 20, 1, 1, 13, 1, 1] => QQFieldElem[0, 0, 0, 0],
	[15, 19, 17, 22, 11, 1, 1, 10, 1, 1] => QQFieldElem[0, -4, 4, -4],
	[15, 19, 17, 22, 20, 2, 2, 13, 1, 1] => QQFieldElem[14, 3, 7, 11],
	[15, 19, 17, 22, 20, 1, 2, 21, 1, 1] => QQFieldElem[3//11, 12//11, -5//11, 10//11],
	[15, 19, 17, 22, 20, 1, 2, 22, 1, 1] => QQFieldElem[-13//22, -4//11, -2//11, -7//11],
	[15, 19, 17, 22, 20, 2, 1, 21, 1, 1] => QQFieldElem[-15, 6, -13, -3],
	[15, 19, 17, 22, 17, 1, 1, 10, 1, 1] => QQFieldElem[2, 1//2, 1, 2],
	[15, 19, 17, 22, 20, 2, 1, 22, 1, 1] => QQFieldElem[-16//11, 15//22, -31//22, -2//11],
	[15, 19, 17, 22, 18, 1, 1, 15, 1, 1] => QQFieldElem[-1//11, 1//11, 5//22, -1//22],
	[15, 19, 17, 22, 19, 1, 1, 21, 1, 1] => QQFieldElem[-10//11, -84//11, 46//11, -92//11],
	[15, 19, 17, 22, 11, 1, 1, 21, 1, 1] => QQFieldElem[0, 0, 0, 0],
	[15, 19, 17, 22, 18, 1, 1, 16, 1, 1] => QQFieldElem[-3, 1, -2, -1],
	[15, 19, 17, 22, 19, 1, 1, 22, 1, 1] => QQFieldElem[18//11, -38//11, 36//11, -28//11],
	[15, 19, 17, 22, 11, 1, 1, 22, 1, 1] => QQFieldElem[768//55, 256//55, 304//55, 712//55],
	[15, 19, 17, 22, 20, 1, 1, 21, 1, 2] => QQFieldElem[23//22, 2//11, 13//22, 9//11])