Dict(
	[16, 21, 8, 18, 22, 1, 1, 19, 2, 1] => QQFieldElem[-6//11, -5//11, -7//11, -3//11],
	[16, 21, 8, 18, 14, 1, 1, 19, 1, 1] => QQFieldElem[0, 0, 0, 0],
	[16, 21, 8, 18, 21, 1, 1, 19, 2, 1] => QQFieldElem[0, 0, 0, 0],
	[16, 21, 8, 18, 16, 1, 1, 19, 2, 1] => QQFieldElem[0, 1, 1, 1],
	[16, 21, 8, 18, 14, 1, 1, 19, 2, 1] => QQFieldElem[1, 0, 1, 1],
	[16, 21, 8, 18, 22, 1, 1, 18, 1, 1] => QQFieldElem[0, 0, 0, 1],
	[16, 21, 8, 18, 22, 1, 1, 17, 1, 1] => QQFieldElem[-4//5, 2//5, -2//5, -1//5],
	[16, 21, 8, 18, 21, 1, 1, 18, 1, 1] => QQFieldElem[-1, -1//2, -1//2, -1//2],
	[16, 21, 8, 18, 16, 1, 1, 18, 1, 1] => QQFieldElem[1, 0, 1, 0],
	[16, 21, 8, 18, 21, 1, 1, 17, 1, 1] => QQFieldElem[1, 1//2, 1//2, 3//2],
	[16, 21, 8, 18, 14, 1, 1, 18, 1, 1] => QQFieldElem[0, 0, 0, 0],
	[16, 21, 8, 18, 16, 1, 1, 17, 1, 1] => QQFieldElem[0, 0, 0, 0],
	[16, 21, 8, 18, 14, 1, 1, 17, 1, 1] => QQFieldElem[9//5, -2//5, 7//5, 6//5],
	[16, 21, 8, 18, 22, 1, 1, 19, 1, 1] => QQFieldElem[1//2, 0, -1//2, 0],
	[16, 21, 8, 18, 21, 1, 1, 19, 1, 1] => QQFieldElem[1, 0, 1, 1],
	[16, 21, 8, 18, 16, 1, 1, 19, 1, 1] => QQFieldElem[-1//2, 0, 1//2, 0])