Dict(
	[16, 6, 21, 19, 21, 2, 1, 16, 1, 1] => QQFieldElem[0, 0, 0, 0],
	[16, 6, 21, 19, 22, 1, 1, 21, 1, 2] => QQFieldElem[3//8, 3//8, 0, 1//2],
	[16, 6, 21, 19, 22, 2, 1, 21, 1, 2] => QQFieldElem[-9//20, 1//10, -7//20, -1//20],
	[16, 6, 21, 19, 22, 1, 1, 16, 1, 2] => QQFieldElem[1//8, 1//8, 0, -1//4],
	[16, 6, 21, 19, 21, 1, 1, 21, 1, 2] => QQFieldElem[1//2, 0, 1//2, 1//4],
	[16, 6, 21, 19, 22, 2, 1, 16, 1, 2] => QQFieldElem[-1//4, -1//2, -1//4, -1//4],
	[16, 6, 21, 19, 21, 2, 1, 21, 1, 2] => QQFieldElem[3//10, 1//10, -1//10, 1//5],
	[16, 6, 21, 19, 21, 1, 1, 16, 1, 2] => QQFieldElem[-1//2, -1//2, 0, -1//4],
	[16, 6, 21, 19, 21, 2, 1, 16, 1, 2] => QQFieldElem[1//2, 1//2, 1//2, 0],
	[16, 6, 21, 19, 22, 1, 1, 21, 1, 1] => QQFieldElem[-1//2, -1//4, 0, -1//2],
	[16, 6, 21, 19, 22, 2, 1, 21, 1, 1] => QQFieldElem[1//2, 0, 1//2, 1//4],
	[16, 6, 21, 19, 22, 1, 1, 16, 1, 1] => QQFieldElem[0, 0, 0, 0],
	[16, 6, 21, 19, 21, 1, 1, 21, 1, 1] => QQFieldElem[-1//2, 0, -1//2, -1//4],
	[16, 6, 21, 19, 22, 2, 1, 16, 1, 1] => QQFieldElem[0, 0, 0, 1//4],
	[16, 6, 21, 19, 21, 2, 1, 21, 1, 1] => QQFieldElem[0, 0, 0, 0],
	[16, 6, 21, 19, 21, 1, 1, 16, 1, 1] => QQFieldElem[0, 0, 0, 1//4])