Dict(
	[16, 16, 18, 20, 22, 1, 1, 7, 1, 1] => QQFieldElem[-1//2, 0, -1//2, -1//2],
	[16, 16, 18, 20, 10, 1, 1, 20, 1, 1] => QQFieldElem[14//11, 18//11, 16//11, 6//11],
	[16, 16, 18, 20, 14, 1, 1, 17, 1, 1] => QQFieldElem[0, 0, 1, 0],
	[16, 16, 18, 20, 22, 1, 1, 5, 1, 1] => QQFieldElem[-1//2, 1//2, 0, 0],
	[16, 16, 18, 20, 21, 1, 1, 7, 1, 1] => QQFieldElem[1//5, 2//5, 1//10, 3//10],
	[16, 16, 18, 20, 22, 1, 1, 3, 1, 1] => QQFieldElem[-1//2, -1//2, -1//2, -1],
	[16, 16, 18, 20, 16, 1, 1, 7, 1, 1] => QQFieldElem[2, 0, 3//2, 3//2],
	[16, 16, 18, 20, 10, 1, 1, 18, 1, 1] => QQFieldElem[-2, -2, 0, -2],
	[16, 16, 18, 20, 21, 1, 1, 5, 1, 1] => QQFieldElem[1//2, 1//2, 0, 1//2],
	[16, 16, 18, 20, 13, 1, 1, 20, 1, 1] => QQFieldElem[-10//11, -38//11, -24//11, 2//11],
	[16, 16, 18, 20, 16, 1, 1, 5, 1, 1] => QQFieldElem[3//2, -1//2, 1, 1//2],
	[16, 16, 18, 20, 14, 1, 1, 7, 1, 1] => QQFieldElem[-6//5, -2//5, -3//5, -4//5],
	[16, 16, 18, 20, 21, 1, 1, 3, 1, 1] => QQFieldElem[-1//2, 0, -1//2, 0],
	[16, 16, 18, 20, 10, 1, 1, 17, 1, 1] => QQFieldElem[0, -2, 2, -2],
	[16, 16, 18, 20, 14, 1, 1, 5, 1, 1] => QQFieldElem[-1, 0, 0, 0],
	[16, 16, 18, 20, 16, 1, 1, 3, 1, 1] => QQFieldElem[3//2, 1, 1//2, 2],
	[16, 16, 18, 20, 13, 1, 1, 18, 1, 1] => QQFieldElem[-2, -2, 0, 2],
	[16, 16, 18, 20, 14, 1, 1, 3, 1, 1] => QQFieldElem[-1, -1, 0, -1],
	[16, 16, 18, 20, 13, 1, 1, 17, 1, 1] => QQFieldElem[0, 2, 2, 2],
	[16, 16, 18, 20, 22, 1, 1, 20, 1, 1] => QQFieldElem[-3//22, 2//11, -5//22, -3//11],
	[16, 16, 18, 20, 10, 1, 1, 7, 1, 1] => QQFieldElem[4//5, -2//5, 2//5, 6//5],
	[16, 16, 18, 20, 10, 1, 1, 5, 1, 1] => QQFieldElem[2, 0, 0, 0],
	[16, 16, 18, 20, 21, 1, 1, 20, 1, 1] => QQFieldElem[3//22, 7//22, 5//22, 3//11],
	[16, 16, 18, 20, 16, 1, 1, 20, 1, 1] => QQFieldElem[19//22, -7//22, 17//22, 8//11],
	[16, 16, 18, 20, 10, 1, 1, 3, 1, 1] => QQFieldElem[2, 2, 0, 2],
	[16, 16, 18, 20, 22, 1, 1, 18, 1, 1] => QQFieldElem[-1//2, 0, 1//2, 0],
	[16, 16, 18, 20, 13, 1, 1, 7, 1, 1] => QQFieldElem[4, 2, 2, 2],
	[16, 16, 18, 20, 14, 1, 1, 20, 1, 1] => QQFieldElem[-1//11, 5//11, 2//11, -2//11],
	[16, 16, 18, 20, 22, 1, 1, 17, 1, 1] => QQFieldElem[-1//2, -1, -1//2, -1//2],
	[16, 16, 18, 20, 13, 1, 1, 5, 1, 1] => QQFieldElem[2, 0, 0, 0],
	[16, 16, 18, 20, 21, 1, 1, 18, 1, 1] => QQFieldElem[1//2, -1//2, 1//2, 0],
	[16, 16, 18, 20, 16, 1, 1, 18, 1, 1] => QQFieldElem[1//2, 1//2, 1//2, 1],
	[16, 16, 18, 20, 13, 1, 1, 3, 1, 1] => QQFieldElem[2, 2, 0, 2],
	[16, 16, 18, 20, 21, 1, 1, 17, 1, 1] => QQFieldElem[1, 0, 1//2, 1//2],
	[16, 16, 18, 20, 14, 1, 1, 18, 1, 1] => QQFieldElem[-1, -1, 0, 0],
	[16, 16, 18, 20, 16, 1, 1, 17, 1, 1] => QQFieldElem[0, 0, -1//2, 1//2])