Dict(
	[16, 20, 8, 15, 11, 1, 1, 13, 1, 1] => QQFieldElem[-1//5, 3//5, -3//5, 1//5],
	[16, 20, 8, 15, 20, 1, 2, 10, 1, 1] => QQFieldElem[0, 1, 0, 0],
	[16, 20, 8, 15, 20, 1, 1, 10, 1, 1] => QQFieldElem[0, -1, 0, 0],
	[16, 20, 8, 15, 12, 1, 1, 10, 1, 1] => QQFieldElem[-4, 0, 0, -4],
	[16, 20, 8, 15, 11, 1, 1, 15, 1, 1] => QQFieldElem[-2, -2, 0, -2],
	[16, 20, 8, 15, 11, 1, 1, 9, 1, 1] => QQFieldElem[-7//5, -4//5, -1//5, -8//5],
	[16, 20, 8, 15, 20, 1, 2, 13, 1, 1] => QQFieldElem[-1//5, -3//20, -1//10, -3//10],
	[16, 20, 8, 15, 20, 1, 1, 13, 1, 1] => QQFieldElem[1//5, 3//20, 1//10, 3//10],
	[16, 20, 8, 15, 12, 1, 1, 13, 1, 1] => QQFieldElem[1//5, -3//5, 3//5, -1//5],
	[16, 20, 8, 15, 11, 1, 1, 10, 1, 1] => QQFieldElem[4, 0, 0, 4],
	[16, 20, 8, 15, 20, 1, 2, 15, 1, 1] => QQFieldElem[1//2, 0, 1//2, 1//2],
	[16, 20, 8, 15, 20, 1, 1, 15, 1, 1] => QQFieldElem[1//2, 0, 1//2, 1//2],
	[16, 20, 8, 15, 12, 1, 1, 15, 1, 1] => QQFieldElem[-2, -2, 0, -2],
	[16, 20, 8, 15, 20, 1, 2, 9, 1, 1] => QQFieldElem[1//5, -1//10, 1//10, 1//20],
	[16, 20, 8, 15, 20, 1, 1, 9, 1, 1] => QQFieldElem[1//5, -1//10, 1//10, 1//20],
	[16, 20, 8, 15, 12, 1, 1, 9, 1, 1] => QQFieldElem[-7//5, -4//5, -1//5, -8//5])