Dict(
	[17, 13, 13, 17, 1, 1, 1, 21, 1, 1] => QQFieldElem[24//5, 0, 8//5, 8//5],
	[17, 13, 13, 17, 8, 1, 1, 14, 1, 1] => QQFieldElem[0, -1, 1//2, -1],
	[17, 13, 13, 17, 5, 1, 1, 15, 1, 1] => QQFieldElem[15//2, 0, 5, 5],
	[17, 13, 13, 17, 19, 1, 1, 15, 1, 1] => QQFieldElem[-16, 0, -19//2, -19//2],
	[17, 13, 13, 17, 1, 1, 1, 22, 1, 1] => QQFieldElem[16, 0, 8, 8],
	[17, 13, 13, 17, 6, 1, 1, 10, 1, 1] => QQFieldElem[-4, 0, -5//2, -5//2],
	[17, 13, 13, 17, 8, 1, 1, 13, 1, 1] => QQFieldElem[0, -1//2, 1//2, -1//2],
	[17, 13, 13, 17, 5, 1, 1, 21, 1, 1] => QQFieldElem[-3//2, 0, -1, -1],
	[17, 13, 13, 17, 19, 1, 1, 21, 1, 1] => QQFieldElem[51//10, 0, 16//5, 16//5],
	[17, 13, 13, 17, 17, 1, 1, 14, 1, 1] => QQFieldElem[0, 1//2, -1//2, 1//2],
	[17, 13, 13, 17, 5, 1, 1, 22, 1, 1] => QQFieldElem[-5, 0, -5//2, -5//2],
	[17, 13, 13, 17, 8, 1, 1, 15, 1, 1] => QQFieldElem[-3//2, 0, -1, -1],
	[17, 13, 13, 17, 19, 1, 1, 22, 1, 1] => QQFieldElem[16, 0, 19//2, 19//2],
	[17, 13, 13, 17, 1, 1, 1, 10, 1, 1] => QQFieldElem[10, 0, 6, 6],
	[17, 13, 13, 17, 17, 1, 1, 13, 1, 1] => QQFieldElem[0, 1//2, -1//2, 1//2],
	[17, 13, 13, 17, 8, 1, 1, 21, 1, 1] => QQFieldElem[1//10, 0, 1//5, 1//5],
	[17, 13, 13, 17, 6, 1, 1, 14, 1, 1] => QQFieldElem[0, 10, -6, 10],
	[17, 13, 13, 17, 5, 1, 1, 10, 1, 1] => QQFieldElem[-11//4, 0, -7//4, -7//4],
	[17, 13, 13, 17, 8, 1, 1, 22, 1, 1] => QQFieldElem[1, 0, 1//2, 1//2],
	[17, 13, 13, 17, 19, 1, 1, 10, 1, 1] => QQFieldElem[23//4, 0, 7//2, 7//2],
	[17, 13, 13, 17, 17, 1, 1, 15, 1, 1] => QQFieldElem[1, 0, 1//2, 1//2],
	[17, 13, 13, 17, 6, 1, 1, 13, 1, 1] => QQFieldElem[0, 3, -2, 3],
	[17, 13, 13, 17, 17, 1, 1, 21, 1, 1] => QQFieldElem[-1//10, 0, -1//5, -1//5],
	[17, 13, 13, 17, 1, 1, 1, 14, 1, 1] => QQFieldElem[0, -24, 16, -24],
	[17, 13, 13, 17, 17, 1, 1, 22, 1, 1] => QQFieldElem[-1, 0, -1//2, -1//2],
	[17, 13, 13, 17, 8, 1, 1, 10, 1, 1] => QQFieldElem[5//4, 0, 3//4, 3//4],
	[17, 13, 13, 17, 6, 1, 1, 15, 1, 1] => QQFieldElem[10, 0, 6, 6],
	[17, 13, 13, 17, 1, 1, 1, 13, 1, 1] => QQFieldElem[0, -4, 4, -4],
	[17, 13, 13, 17, 5, 1, 1, 14, 1, 1] => QQFieldElem[0, 9, -11//2, 9],
	[17, 13, 13, 17, 6, 1, 1, 21, 1, 1] => QQFieldElem[-14//5, 0, -8//5, -8//5],
	[17, 13, 13, 17, 19, 1, 1, 14, 1, 1] => QQFieldElem[0, -37//2, 23//2, -37//2],
	[17, 13, 13, 17, 1, 1, 1, 15, 1, 1] => QQFieldElem[-24, 0, -16, -16],
	[17, 13, 13, 17, 5, 1, 1, 13, 1, 1] => QQFieldElem[0, 3//2, -1//2, 3//2],
	[17, 13, 13, 17, 6, 1, 1, 22, 1, 1] => QQFieldElem[-10, 0, -6, -6],
	[17, 13, 13, 17, 17, 1, 1, 10, 1, 1] => QQFieldElem[-3//4, 0, -1//2, -1//2],
	[17, 13, 13, 17, 19, 1, 1, 13, 1, 1] => QQFieldElem[0, -9//2, 5//2, -9//2])