Dict(
	[17, 20, 17, 19, 18, 1, 1, 20, 1, 1] => QQFieldElem[-2, 0, -1, -1],
	[17, 20, 17, 19, 20, 1, 1, 11, 1, 1] => QQFieldElem[0, 1//4, 1//2, 1//4],
	[17, 20, 17, 19, 12, 1, 1, 11, 1, 1] => QQFieldElem[0, 0, 0, 0],
	[17, 20, 17, 19, 17, 1, 1, 20, 1, 2] => QQFieldElem[0, 0, 0, 0],
	[17, 20, 17, 19, 20, 1, 1, 19, 1, 1] => QQFieldElem[3//5, 1//5, 3//10, 2//5],
	[17, 20, 17, 19, 12, 1, 1, 19, 1, 1] => QQFieldElem[0, -10, 6, -10],
	[17, 20, 17, 19, 20, 2, 1, 12, 1, 1] => QQFieldElem[0, 0, 1, -1],
	[17, 20, 17, 19, 19, 1, 2, 11, 1, 1] => QQFieldElem[0, 0, 0, 0],
	[17, 20, 17, 19, 20, 1, 1, 19, 2, 1] => QQFieldElem[0, 0, 0, 0],
	[17, 20, 17, 19, 12, 1, 1, 19, 2, 1] => QQFieldElem[0, -10, 6, -10],
	[17, 20, 17, 19, 20, 2, 1, 20, 1, 1] => QQFieldElem[-1, 0, -1, -1],
	[17, 20, 17, 19, 19, 1, 2, 19, 1, 1] => QQFieldElem[-28//5, -16//5, -4//5, -32//5],
	[17, 20, 17, 19, 19, 1, 1, 12, 1, 1] => QQFieldElem[0, 0, 0, -1//2],
	[17, 20, 17, 19, 11, 1, 1, 12, 1, 1] => QQFieldElem[0, 0, 0, 0],
	[17, 20, 17, 19, 20, 1, 1, 18, 1, 1] => QQFieldElem[0, -1//4, -1//2, -1//4],
	[17, 20, 17, 19, 12, 1, 1, 18, 1, 1] => QQFieldElem[-2, 0, 0, 0],
	[17, 20, 17, 19, 20, 1, 1, 17, 1, 1] => QQFieldElem[0, -1//4, -1//2, -1//4],
	[17, 20, 17, 19, 12, 1, 1, 17, 1, 1] => QQFieldElem[2, 0, 0, 0],
	[17, 20, 17, 19, 19, 1, 2, 19, 2, 1] => QQFieldElem[11//5, 7//5, 3//5, 14//5],
	[17, 20, 17, 19, 19, 1, 1, 20, 1, 1] => QQFieldElem[-10, 16, -16, 10],
	[17, 20, 17, 19, 11, 1, 1, 20, 1, 1] => QQFieldElem[-20, -20, 0, -32],
	[17, 20, 17, 19, 17, 1, 1, 12, 1, 1] => QQFieldElem[0, 1, -1, 1],
	[17, 20, 17, 19, 19, 1, 2, 18, 1, 1] => QQFieldElem[-3//10, -3//5, -2//5, -1//5],
	[17, 20, 17, 19, 20, 1, 1, 20, 1, 2] => QQFieldElem[3//2, 1, 1//2, 2],
	[17, 20, 17, 19, 12, 1, 1, 20, 1, 2] => QQFieldElem[10, 10, 0, 16],
	[17, 20, 17, 19, 19, 1, 2, 17, 1, 1] => QQFieldElem[3//10, 3//5, 2//5, 1//5],
	[17, 20, 17, 19, 18, 1, 1, 11, 1, 1] => QQFieldElem[-1//2, 0, -1//2, -1//2],
	[17, 20, 17, 19, 17, 1, 1, 20, 1, 1] => QQFieldElem[-1, 0, -1, -1],
	[17, 20, 17, 19, 19, 1, 2, 20, 1, 2] => QQFieldElem[2, -14, 10, -13],
	[17, 20, 17, 19, 18, 1, 1, 19, 1, 1] => QQFieldElem[1, 0, 0, 1],
	[17, 20, 17, 19, 18, 1, 1, 19, 2, 1] => QQFieldElem[0, 0, 0, 0],
	[17, 20, 17, 19, 20, 2, 1, 11, 1, 1] => QQFieldElem[0, 0, 0, 0],
	[17, 20, 17, 19, 18, 1, 1, 18, 1, 1] => QQFieldElem[2, 0, 1, 1],
	[17, 20, 17, 19, 18, 1, 1, 17, 1, 1] => QQFieldElem[0, 0, 0, 0],
	[17, 20, 17, 19, 20, 1, 1, 12, 1, 1] => QQFieldElem[0, 0, 0, 0],
	[17, 20, 17, 19, 12, 1, 1, 12, 1, 1] => QQFieldElem[0, 4, -4, 4],
	[17, 20, 17, 19, 20, 2, 1, 19, 1, 1] => QQFieldElem[1//5, -2//5, 1//5, 0],
	[17, 20, 17, 19, 19, 1, 1, 11, 1, 1] => QQFieldElem[0, 1//4, 1//2, 1//4],
	[17, 20, 17, 19, 11, 1, 1, 11, 1, 1] => QQFieldElem[2, 0, 1, 1],
	[17, 20, 17, 19, 18, 1, 1, 20, 1, 2] => QQFieldElem[0, 0, 0, 0],
	[17, 20, 17, 19, 20, 1, 1, 20, 1, 1] => QQFieldElem[0, 0, 0, 0],
	[17, 20, 17, 19, 20, 2, 1, 19, 2, 1] => QQFieldElem[1, 0, 0, 1],
	[17, 20, 17, 19, 12, 1, 1, 20, 1, 1] => QQFieldElem[10, 10, 0, 16],
	[17, 20, 17, 19, 19, 1, 2, 12, 1, 1] => QQFieldElem[-4//5, -3//5, -2//5, -1//5],
	[17, 20, 17, 19, 19, 1, 1, 19, 1, 1] => QQFieldElem[0, 0, 0, 0],
	[17, 20, 17, 19, 11, 1, 1, 19, 1, 1] => QQFieldElem[0, 20, -12, 20],
	[17, 20, 17, 19, 17, 1, 1, 11, 1, 1] => QQFieldElem[-1//2, 0, -1//2, -1//2],
	[17, 20, 17, 19, 20, 2, 1, 18, 1, 1] => QQFieldElem[1//2, 1//2, 1, 1//2],
	[17, 20, 17, 19, 19, 1, 1, 19, 2, 1] => QQFieldElem[-11//5, -7//5, -3//5, -14//5],
	[17, 20, 17, 19, 11, 1, 1, 19, 2, 1] => QQFieldElem[0, 0, 0, 0],
	[17, 20, 17, 19, 20, 2, 1, 17, 1, 1] => QQFieldElem[-1//2, -1//2, -1, -1//2],
	[17, 20, 17, 19, 19, 1, 2, 20, 1, 1] => QQFieldElem[8, 16, -4, 20],
	[17, 20, 17, 19, 17, 1, 1, 19, 1, 1] => QQFieldElem[2, 1, 1, 2],
	[17, 20, 17, 19, 19, 1, 1, 18, 1, 1] => QQFieldElem[1//4, 0, -1//4, -1//4],
	[17, 20, 17, 19, 11, 1, 1, 18, 1, 1] => QQFieldElem[-1, 0, -1, -1],
	[17, 20, 17, 19, 20, 2, 1, 20, 1, 2] => QQFieldElem[-4, -4, 0, -7],
	[17, 20, 17, 19, 19, 1, 1, 17, 1, 1] => QQFieldElem[-1//4, -1//2, -3//4, -1//4],
	[17, 20, 17, 19, 11, 1, 1, 17, 1, 1] => QQFieldElem[-1, 0, -1, -1],
	[17, 20, 17, 19, 17, 1, 1, 19, 2, 1] => QQFieldElem[0, 0, 0, 0],
	[17, 20, 17, 19, 17, 1, 1, 18, 1, 1] => QQFieldElem[0, 0, 0, 0],
	[17, 20, 17, 19, 19, 1, 1, 20, 1, 2] => QQFieldElem[8, -2, 6, 3],
	[17, 20, 17, 19, 11, 1, 1, 20, 1, 2] => QQFieldElem[0, 0, 0, 0],
	[17, 20, 17, 19, 18, 1, 1, 12, 1, 1] => QQFieldElem[0, -1, 1, -1],
	[17, 20, 17, 19, 17, 1, 1, 17, 1, 1] => QQFieldElem[2, 0, 1, 1])