Dict(
	[17, 20, 17, 8, 17, 1, 1, 19, 2, 1] => QQFieldElem[-2, -4, 1, -5],
	[17, 20, 17, 8, 17, 1, 1, 18, 1, 1] => QQFieldElem[0, 0, 0, 0],
	[17, 20, 17, 8, 18, 1, 1, 19, 1, 1] => QQFieldElem[3, -1, 3, 0],
	[17, 20, 17, 8, 19, 1, 2, 19, 1, 1] => QQFieldElem[1, 1//2, 1//2, 1],
	[17, 20, 17, 8, 17, 1, 1, 17, 1, 1] => QQFieldElem[1, 0, 1, 1],
	[17, 20, 17, 8, 19, 1, 1, 19, 1, 1] => QQFieldElem[1, 1//2, 1//2, 1],
	[17, 20, 17, 8, 18, 1, 1, 19, 2, 1] => QQFieldElem[0, 0, 0, 0],
	[17, 20, 17, 8, 19, 1, 2, 19, 2, 1] => QQFieldElem[-1, -1, 0, -1],
	[17, 20, 17, 8, 19, 1, 1, 19, 2, 1] => QQFieldElem[1//2, -1//2, 1//2, -1//2],
	[17, 20, 17, 8, 17, 1, 1, 19, 1, 1] => QQFieldElem[2, 4, -1, 5],
	[17, 20, 17, 8, 18, 1, 1, 18, 1, 1] => QQFieldElem[1, 0, 1, 1],
	[17, 20, 17, 8, 19, 1, 2, 18, 1, 1] => QQFieldElem[0, 1, 1, 0],
	[17, 20, 17, 8, 19, 1, 1, 18, 1, 1] => QQFieldElem[-1//2, -1//2, 1//2, 1//2],
	[17, 20, 17, 8, 18, 1, 1, 17, 1, 1] => QQFieldElem[0, 0, 0, 0],
	[17, 20, 17, 8, 19, 1, 2, 17, 1, 1] => QQFieldElem[0, 1, 1, 0],
	[17, 20, 17, 8, 19, 1, 1, 17, 1, 1] => QQFieldElem[-1//2, -3//2, -3//2, -3//2])