Dict(
	[17, 14, 10, 17, 20, 1, 1, 10, 1, 1] => QQFieldElem[3, 4, -1, 6],
	[17, 14, 10, 17, 17, 1, 1, 14, 1, 1] => QQFieldElem[-1, 0, -1, -1],
	[17, 14, 10, 17, 5, 1, 1, 22, 1, 1] => QQFieldElem[8, 4, 0, 8],
	[17, 14, 10, 17, 17, 1, 1, 13, 1, 1] => QQFieldElem[1, -2, 2, -1],
	[17, 14, 10, 17, 7, 1, 1, 22, 1, 1] => QQFieldElem[0, -2, 2, -2],
	[17, 14, 10, 17, 20, 1, 1, 14, 1, 1] => QQFieldElem[18//5, 6//5, 9//5, 17//5],
	[17, 14, 10, 17, 5, 1, 1, 10, 1, 1] => QQFieldElem[10, 6, 2, 12],
	[17, 14, 10, 17, 20, 1, 1, 13, 1, 1] => QQFieldElem[-5, 2, -4, -1],
	[17, 14, 10, 17, 7, 1, 1, 10, 1, 1] => QQFieldElem[0, -2, 1, -2],
	[17, 14, 10, 17, 17, 1, 1, 22, 1, 1] => QQFieldElem[-2, -1, 0, -2],
	[17, 14, 10, 17, 5, 1, 1, 14, 1, 1] => QQFieldElem[4, 0, 2, 2],
	[17, 14, 10, 17, 20, 1, 1, 22, 1, 1] => QQFieldElem[3, 4, -1, 6],
	[17, 14, 10, 17, 5, 1, 1, 13, 1, 1] => QQFieldElem[-4, 8, -8, 4],
	[17, 14, 10, 17, 7, 1, 1, 14, 1, 1] => QQFieldElem[-7//5, -4//5, -1//5, -8//5],
	[17, 14, 10, 17, 17, 1, 1, 10, 1, 1] => QQFieldElem[-3, -2, -1, -4],
	[17, 14, 10, 17, 7, 1, 1, 13, 1, 1] => QQFieldElem[4, 0, 2, 2])