Dict(
	[17, 10, 11, 21, 21, 2, 1, 22, 1, 1] => QQFieldElem[7//10, -1//10, 3//5, 3//10],
	[17, 10, 11, 21, 22, 2, 1, 10, 1, 1] => QQFieldElem[0, 1, -1, 1],
	[17, 10, 11, 21, 21, 1, 1, 10, 1, 1] => QQFieldElem[0, 4, -4, 4],
	[17, 10, 11, 21, 21, 2, 1, 10, 1, 1] => QQFieldElem[-1//2, -1//2, 0, -1],
	[17, 10, 11, 21, 22, 1, 1, 14, 1, 1] => QQFieldElem[3//10, 1//10, -1//10, 1//5],
	[17, 10, 11, 21, 22, 2, 1, 14, 1, 1] => QQFieldElem[0, 0, 0, 0],
	[17, 10, 11, 21, 22, 1, 1, 13, 1, 1] => QQFieldElem[1, 1//2, 1//2, 1],
	[17, 10, 11, 21, 21, 1, 1, 14, 1, 1] => QQFieldElem[0, 0, 0, 0],
	[17, 10, 11, 21, 22, 2, 1, 13, 1, 1] => QQFieldElem[-7//4, 0, -1, -1],
	[17, 10, 11, 21, 21, 2, 1, 14, 1, 1] => QQFieldElem[-3//10, -1//10, -2//5, -1//5],
	[17, 10, 11, 21, 21, 1, 1, 13, 1, 1] => QQFieldElem[-8, 0, -5, -5],
	[17, 10, 11, 21, 21, 2, 1, 13, 1, 1] => QQFieldElem[1//2, -1//2, 1//2, 0],
	[17, 10, 11, 21, 22, 1, 1, 22, 1, 1] => QQFieldElem[4//5, 1//10, 2//5, 7//10],
	[17, 10, 11, 21, 22, 2, 1, 22, 1, 1] => QQFieldElem[-7//4, 0, -1, -1],
	[17, 10, 11, 21, 21, 1, 1, 22, 1, 1] => QQFieldElem[-4, 0, -3, -3],
	[17, 10, 11, 21, 22, 1, 1, 10, 1, 1] => QQFieldElem[1//2, -1//2, 1//2, 0])