Dict(
	[17, 19, 12, 17, 11, 1, 1, 20, 1, 1] => QQFieldElem[0, 1//2, -1//2, 1//2],
	[17, 19, 12, 17, 7, 1, 1, 20, 1, 1] => QQFieldElem[-1//2, -1//2, 0, -1],
	[17, 19, 12, 17, 17, 1, 1, 19, 1, 1] => QQFieldElem[0, 0, 0, 0],
	[17, 19, 12, 17, 17, 1, 1, 12, 1, 1] => QQFieldElem[1, 0, 1, 1//2],
	[17, 19, 12, 17, 5, 1, 1, 18, 1, 1] => QQFieldElem[0, 1, -1, 1],
	[17, 19, 12, 17, 19, 1, 1, 18, 1, 1] => QQFieldElem[0, 1//2, -1//2, 1//2],
	[17, 19, 12, 17, 11, 1, 1, 18, 1, 1] => QQFieldElem[-1//2, -1//2, 0, -1//2],
	[17, 19, 12, 17, 5, 1, 1, 20, 2, 1] => QQFieldElem[-11//10, 3//10, -4//5, -2//5],
	[17, 19, 12, 17, 5, 1, 1, 17, 1, 1] => QQFieldElem[1, 2, -1, 3],
	[17, 19, 12, 17, 11, 1, 1, 20, 2, 1] => QQFieldElem[6//5, 2//5, 3//5, 4//5],
	[17, 19, 12, 17, 20, 1, 1, 19, 1, 1] => QQFieldElem[0, 0, 0, 0],
	[17, 19, 12, 17, 19, 1, 1, 17, 1, 1] => QQFieldElem[1//2, 1, 0, 1],
	[17, 19, 12, 17, 11, 1, 1, 17, 1, 1] => QQFieldElem[-1//2, -1//2, -1//2, -1],
	[17, 19, 12, 17, 20, 1, 1, 12, 1, 1] => QQFieldElem[0, -1, 0, -1],
	[17, 19, 12, 17, 7, 1, 1, 20, 2, 1] => QQFieldElem[1//2, 1//2, 0, 1//2],
	[17, 19, 12, 17, 7, 1, 1, 17, 1, 1] => QQFieldElem[-1//2, 1//2, -1//2, 0],
	[17, 19, 12, 17, 7, 1, 1, 18, 1, 1] => QQFieldElem[-7//10, 1//10, -3//5, -3//10],
	[17, 19, 12, 17, 19, 1, 1, 20, 2, 1] => QQFieldElem[0, 0, 0, 0],
	[17, 19, 12, 17, 17, 1, 1, 20, 1, 1] => QQFieldElem[0, 0, 0, 0],
	[17, 19, 12, 17, 17, 1, 1, 18, 1, 1] => QQFieldElem[0, 0, 0, 1//2],
	[17, 19, 12, 17, 20, 1, 1, 20, 1, 1] => QQFieldElem[1//2, 0, -1//2, 0],
	[17, 19, 12, 17, 17, 1, 1, 20, 2, 1] => QQFieldElem[1//2, 1//2, 0, 1//2],
	[17, 19, 12, 17, 5, 1, 1, 19, 1, 1] => QQFieldElem[0, 0, 0, 0],
	[17, 19, 12, 17, 17, 1, 1, 17, 1, 1] => QQFieldElem[1//2, 1//2, 1//2, 1],
	[17, 19, 12, 17, 5, 1, 1, 12, 1, 1] => QQFieldElem[4, 1, 2, 3],
	[17, 19, 12, 17, 19, 1, 1, 19, 1, 1] => QQFieldElem[0, -1//2, -1//2, 0],
	[17, 19, 12, 17, 11, 1, 1, 19, 1, 1] => QQFieldElem[0, -1//2, 0, 0],
	[17, 19, 12, 17, 11, 1, 1, 12, 1, 1] => QQFieldElem[-1, 0, -1, -1//2],
	[17, 19, 12, 17, 20, 1, 1, 18, 1, 1] => QQFieldElem[6//5, 2//5, 3//5, 4//5],
	[17, 19, 12, 17, 7, 1, 1, 19, 1, 1] => QQFieldElem[2//5, 3//10, 1//5, 3//5],
	[17, 19, 12, 17, 7, 1, 1, 12, 1, 1] => QQFieldElem[1, 1, 0, 3//2],
	[17, 19, 12, 17, 20, 1, 1, 20, 2, 1] => QQFieldElem[0, 0, 0, 0],
	[17, 19, 12, 17, 19, 1, 1, 12, 1, 1] => QQFieldElem[1, 0, 1//2, 1],
	[17, 19, 12, 17, 20, 1, 1, 17, 1, 1] => QQFieldElem[1, 0, 1, 1],
	[17, 19, 12, 17, 5, 1, 1, 20, 1, 1] => QQFieldElem[0, 1, -1, 1],
	[17, 19, 12, 17, 19, 1, 1, 20, 1, 1] => QQFieldElem[1//2, 1//2, 1, 1//2])