Dict(
	[17, 11, 11, 18, 18, 1, 1, 18, 1, 1] => QQFieldElem[-2, 0, -1, -1],
	[17, 11, 11, 18, 8, 1, 1, 20, 1, 1] => QQFieldElem[0, -1//2, 1, -1//2],
	[17, 11, 11, 18, 11, 1, 1, 18, 1, 1] => QQFieldElem[-1, 0, -1, -1],
	[17, 11, 11, 18, 18, 1, 1, 17, 1, 1] => QQFieldElem[-1, 0, -1, -1],
	[17, 11, 11, 18, 7, 1, 1, 18, 1, 1] => QQFieldElem[2, 0, 3//2, 3//2],
	[17, 11, 11, 18, 2, 1, 1, 19, 1, 1] => QQFieldElem[-1//5, -1//5, -1//5, 0],
	[17, 11, 11, 18, 11, 1, 1, 17, 1, 1] => QQFieldElem[-2, 0, -1, -1],
	[17, 11, 11, 18, 18, 1, 1, 11, 1, 1] => QQFieldElem[0, 3//2, -1, 3//2],
	[17, 11, 11, 18, 7, 1, 1, 17, 1, 1] => QQFieldElem[2, 0, 3//2, 3//2],
	[17, 11, 11, 18, 8, 1, 1, 18, 1, 1] => QQFieldElem[2, 0, 3//2, 3//2],
	[17, 11, 11, 18, 11, 1, 1, 11, 1, 1] => QQFieldElem[0, 3//2, -1, 3//2],
	[17, 11, 11, 18, 8, 1, 1, 17, 1, 1] => QQFieldElem[2, 0, 3//2, 3//2],
	[17, 11, 11, 18, 7, 1, 1, 11, 1, 1] => QQFieldElem[0, -7//4, 1, -7//4],
	[17, 11, 11, 18, 2, 1, 1, 20, 1, 1] => QQFieldElem[0, 0, 0, 0],
	[17, 11, 11, 18, 8, 1, 1, 11, 1, 1] => QQFieldElem[0, -7//4, 1, -7//4],
	[17, 11, 11, 18, 18, 1, 1, 19, 1, 1] => QQFieldElem[-3//5, 0, -1//5, -1//5],
	[17, 11, 11, 18, 2, 1, 1, 18, 1, 1] => QQFieldElem[-2//5, -1//5, -2//5, 0],
	[17, 11, 11, 18, 11, 1, 1, 19, 1, 1] => QQFieldElem[-3//5, 0, -1//5, -1//5],
	[17, 11, 11, 18, 7, 1, 1, 19, 1, 1] => QQFieldElem[1, 0, 1//2, 1//2],
	[17, 11, 11, 18, 2, 1, 1, 17, 1, 1] => QQFieldElem[-2//5, -1//5, -2//5, 0],
	[17, 11, 11, 18, 8, 1, 1, 19, 1, 1] => QQFieldElem[1, 0, 1//2, 1//2],
	[17, 11, 11, 18, 2, 1, 1, 11, 1, 1] => QQFieldElem[2//5, 2//5, 0, 7//10],
	[17, 11, 11, 18, 18, 1, 1, 20, 1, 1] => QQFieldElem[0, 0, 0, 0],
	[17, 11, 11, 18, 11, 1, 1, 20, 1, 1] => QQFieldElem[0, 0, 0, 0],
	[17, 11, 11, 18, 7, 1, 1, 20, 1, 1] => QQFieldElem[0, 1//2, -1, 1//2])