Dict(
	[17, 21, 16, 19, 20, 2, 1, 22, 2, 2] => QQFieldElem[0, 0, 0, 1//2],
	[17, 21, 16, 19, 19, 1, 1, 21, 1, 2] => QQFieldElem[2//11, 1//11, -4//11, 4//11],
	[17, 21, 16, 19, 6, 1, 1, 21, 1, 1] => QQFieldElem[1, 1//2, 1//2, 1],
	[17, 21, 16, 19, 11, 1, 1, 21, 1, 2] => QQFieldElem[2, -1, 2, 0],
	[17, 21, 16, 19, 19, 1, 1, 22, 1, 2] => QQFieldElem[2, 0, 0, 2],
	[17, 21, 16, 19, 6, 1, 1, 22, 1, 1] => QQFieldElem[0, 3//10, -1//10, 3//10],
	[17, 21, 16, 19, 11, 1, 1, 22, 1, 2] => QQFieldElem[7//5, 4//5, 1//5, 8//5],
	[17, 21, 16, 19, 8, 1, 1, 21, 1, 2] => QQFieldElem[-3//2, 1//2, -2, 1//2],
	[17, 21, 16, 19, 19, 1, 1, 21, 2, 2] => QQFieldElem[0, 0, 0, 0],
	[17, 21, 16, 19, 6, 1, 1, 21, 2, 1] => QQFieldElem[1, -1//2, 1//2, 0],
	[17, 21, 16, 19, 11, 1, 1, 21, 2, 2] => QQFieldElem[-2, -3, 0, -4],
	[17, 21, 16, 19, 8, 1, 1, 22, 1, 2] => QQFieldElem[1//10, -3//10, 3//10, -3//5],
	[17, 21, 16, 19, 19, 1, 2, 15, 1, 1] => QQFieldElem[0, 3//4, -1//2, 1],
	[17, 21, 16, 19, 19, 1, 1, 22, 2, 2] => QQFieldElem[0, 1//2, 0, 1//2],
	[17, 21, 16, 19, 6, 1, 1, 22, 2, 1] => QQFieldElem[3//5, 3//10, 1//10, 1//2],
	[17, 21, 16, 19, 11, 1, 1, 22, 2, 2] => QQFieldElem[9//5, -2//5, 7//5, 6//5],
	[17, 21, 16, 19, 18, 1, 1, 21, 1, 1] => QQFieldElem[-6//11, -3//11, 1//11, -1//11],
	[17, 21, 16, 19, 17, 1, 1, 21, 1, 2] => QQFieldElem[-2, 0, 0, -2],
	[17, 21, 16, 19, 18, 1, 1, 22, 1, 1] => QQFieldElem[-6//5, -2//5, -3//5, -4//5],
	[17, 21, 16, 19, 8, 1, 1, 21, 2, 2] => QQFieldElem[1//4, 3//4, -1//4, 1//2],
	[17, 21, 16, 19, 17, 1, 1, 22, 1, 2] => QQFieldElem[4//5, -12//5, 12//5, -4//5],
	[17, 21, 16, 19, 8, 1, 1, 22, 2, 2] => QQFieldElem[-13//20, -1//20, -9//20, -7//20],
	[17, 21, 16, 19, 18, 1, 1, 21, 2, 1] => QQFieldElem[-20//11, 1//11, -15//11, -7//11],
	[17, 21, 16, 19, 17, 1, 1, 21, 2, 2] => QQFieldElem[-2, 0, -1, -1],
	[17, 21, 16, 19, 18, 1, 1, 22, 2, 1] => QQFieldElem[-14//5, 12//5, -17//5, 4//5],
	[17, 21, 16, 19, 20, 1, 1, 13, 1, 1] => QQFieldElem[-2, 0, -2, -1],
	[17, 21, 16, 19, 12, 1, 1, 13, 1, 1] => QQFieldElem[7//2, -1, 5//2, 5//4],
	[17, 21, 16, 19, 17, 1, 1, 22, 2, 2] => QQFieldElem[-1//5, -2//5, 2//5, -4//5],
	[17, 21, 16, 19, 6, 1, 1, 15, 1, 1] => QQFieldElem[3//2, 1//2, 1//2, 3//2],
	[17, 21, 16, 19, 20, 2, 1, 21, 1, 1] => QQFieldElem[1//4, -1//2, 1//2, -1//4],
	[17, 21, 16, 19, 19, 1, 2, 13, 1, 1] => QQFieldElem[1//2, 0, 1//2, 1//4],
	[17, 21, 16, 19, 20, 2, 1, 22, 1, 1] => QQFieldElem[-9//4, 7//4, -9//4, 1//4],
	[17, 21, 16, 19, 18, 1, 1, 15, 1, 1] => QQFieldElem[-3//2, 1//2, -1, -1//2],
	[17, 21, 16, 19, 20, 2, 1, 21, 2, 1] => QQFieldElem[1//2, 1//2, 1//2, 1],
	[17, 21, 16, 19, 20, 2, 1, 22, 2, 1] => QQFieldElem[-2, -2, 0, -7//2],
	[17, 21, 16, 19, 19, 1, 1, 21, 1, 1] => QQFieldElem[150//11, -13//11, 96//11, 102//11],
	[17, 21, 16, 19, 11, 1, 1, 21, 1, 1] => QQFieldElem[-1, -1, 0, -1],
	[17, 21, 16, 19, 19, 1, 1, 22, 1, 1] => QQFieldElem[26, -12, 24, 2],
	[17, 21, 16, 19, 11, 1, 1, 22, 1, 1] => QQFieldElem[2//5, 2//5, 0, 1//5],
	[17, 21, 16, 19, 20, 1, 1, 21, 1, 2] => QQFieldElem[-1, -1, -3//2, -3//2],
	[17, 21, 16, 19, 12, 1, 1, 21, 1, 2] => QQFieldElem[6, 20, -8, 22],
	[17, 21, 16, 19, 8, 1, 1, 21, 1, 1] => QQFieldElem[-7, 1, -6, -3],
	[17, 21, 16, 19, 19, 1, 1, 21, 2, 1] => QQFieldElem[10//11, -6//11, 15//22, 7//22],
	[17, 21, 16, 19, 20, 1, 1, 22, 1, 2] => QQFieldElem[-2, 0, -3//2, -3//2],
	[17, 21, 16, 19, 11, 1, 1, 21, 2, 1] => QQFieldElem[0, 0, 0, -1//2],
	[17, 21, 16, 19, 8, 1, 1, 22, 1, 1] => QQFieldElem[-2, -2, 0, -3],
	[17, 21, 16, 19, 12, 1, 1, 22, 1, 2] => QQFieldElem[-24, -4, -12, -20],
	[17, 21, 16, 19, 19, 1, 1, 22, 2, 1] => QQFieldElem[1, -3, 2, -3],
	[17, 21, 16, 19, 11, 1, 1, 22, 2, 1] => QQFieldElem[1//10, -1//5, 1//10, 0],
	[17, 21, 16, 19, 6, 1, 1, 13, 1, 1] => QQFieldElem[1//2, 0, 1//2, 0],
	[17, 21, 16, 19, 20, 1, 1, 21, 2, 2] => QQFieldElem[0, -1, 0, 0],
	[17, 21, 16, 19, 12, 1, 1, 21, 2, 2] => QQFieldElem[2, 4, -1, 5],
	[17, 21, 16, 19, 17, 1, 1, 21, 1, 1] => QQFieldElem[1, 5, -1, 5],
	[17, 21, 16, 19, 8, 1, 1, 21, 2, 1] => QQFieldElem[-1, 0, -1, -1//2],
	[17, 21, 16, 19, 20, 1, 1, 22, 2, 2] => QQFieldElem[0, -1, 0, -1],
	[17, 21, 16, 19, 17, 1, 1, 22, 1, 1] => QQFieldElem[-8, 0, -5, -4],
	[17, 21, 16, 19, 8, 1, 1, 22, 2, 1] => QQFieldElem[-7//10, -2//5, -1//10, -4//5],
	[17, 21, 16, 19, 12, 1, 1, 22, 2, 2] => QQFieldElem[-3, 0, -2, -2],
	[17, 21, 16, 19, 20, 2, 1, 15, 1, 1] => QQFieldElem[-1//2, -1//2, 0, -1//2],
	[17, 21, 16, 19, 19, 1, 2, 21, 1, 2] => QQFieldElem[3//22, 7//22, 5//22, 3//11],
	[17, 21, 16, 19, 17, 1, 1, 21, 2, 1] => QQFieldElem[7//2, 3//2, 1, 4],
	[17, 21, 16, 19, 18, 1, 1, 13, 1, 1] => QQFieldElem[1, 2, -1, 3],
	[17, 21, 16, 19, 19, 1, 2, 22, 1, 2] => QQFieldElem[0, 0, 0, 0],
	[17, 21, 16, 19, 17, 1, 1, 22, 2, 1] => QQFieldElem[-1//2, 1, -1//2, 1//2],
	[17, 21, 16, 19, 19, 1, 2, 21, 2, 2] => QQFieldElem[0, 0, 0, 0],
	[17, 21, 16, 19, 19, 1, 1, 15, 1, 1] => QQFieldElem[-3, 3//2, -3, -1//2],
	[17, 21, 16, 19, 11, 1, 1, 15, 1, 1] => QQFieldElem[11, 15//2, 2, 29//2],
	[17, 21, 16, 19, 19, 1, 2, 22, 2, 2] => QQFieldElem[3, 3//2, 1, 7//2],
	[17, 21, 16, 19, 8, 1, 1, 15, 1, 1] => QQFieldElem[3//2, -1//2, 3//2, 1//2],
	[17, 21, 16, 19, 6, 1, 1, 21, 1, 2] => QQFieldElem[15//2, 9//2, 1, 19//2],
	[17, 21, 16, 19, 17, 1, 1, 15, 1, 1] => QQFieldElem[-11, 3, -8, -4],
	[17, 21, 16, 19, 6, 1, 1, 22, 1, 2] => QQFieldElem[-5//2, 3//2, -5//2, 0],
	[17, 21, 16, 19, 20, 2, 1, 13, 1, 1] => QQFieldElem[0, 0, 0, 0],
	[17, 21, 16, 19, 6, 1, 1, 21, 2, 2] => QQFieldElem[5//4, 3//4, 1//4, 3//2],
	[17, 21, 16, 19, 6, 1, 1, 22, 2, 2] => QQFieldElem[-7//20, 11//20, -11//20, 7//20],
	[17, 21, 16, 19, 18, 1, 1, 21, 1, 2] => QQFieldElem[-115//11, -118//11, -13//22, -361//22],
	[17, 21, 16, 19, 20, 1, 1, 21, 1, 1] => QQFieldElem[2, 3, 1//2, 9//2],
	[17, 21, 16, 19, 12, 1, 1, 21, 1, 1] => QQFieldElem[29, -3, 19, 15],
	[17, 21, 16, 19, 18, 1, 1, 22, 1, 2] => QQFieldElem[-41, -17, -14, -43],
	[17, 21, 16, 19, 20, 1, 1, 22, 1, 1] => QQFieldElem[-6, 13, -21//2, 17//2],
	[17, 21, 16, 19, 12, 1, 1, 22, 1, 1] => QQFieldElem[10, 16, -3, 22],
	[17, 21, 16, 19, 19, 1, 1, 13, 1, 1] => QQFieldElem[3, 3, -1//2, 9//2],
	[17, 21, 16, 19, 18, 1, 1, 21, 2, 2] => QQFieldElem[-111//44, -47//22, -5//11, -145//44],
	[17, 21, 16, 19, 11, 1, 1, 13, 1, 1] => QQFieldElem[20, -3, 27//2, 19//2],
	[17, 21, 16, 19, 20, 1, 1, 21, 2, 1] => QQFieldElem[-4, 1, 0, -2],
	[17, 21, 16, 19, 12, 1, 1, 21, 2, 1] => QQFieldElem[11//2, -3//2, 4, 2],
	[17, 21, 16, 19, 18, 1, 1, 22, 2, 2] => QQFieldElem[-7, -5//2, -5//2, -7],
	[17, 21, 16, 19, 20, 1, 1, 22, 2, 1] => QQFieldElem[-16, -9, -4, -21],
	[17, 21, 16, 19, 12, 1, 1, 22, 2, 1] => QQFieldElem[5//2, 2, 1//2, 7//2],
	[17, 21, 16, 19, 8, 1, 1, 13, 1, 1] => QQFieldElem[-3//2, -2, 1//2, -3],
	[17, 21, 16, 19, 19, 1, 2, 21, 1, 1] => QQFieldElem[51//22, -13//22, 41//22, 18//11],
	[17, 21, 16, 19, 19, 1, 2, 22, 1, 1] => QQFieldElem[4, -2, 4, 0],
	[17, 21, 16, 19, 17, 1, 1, 13, 1, 1] => QQFieldElem[4, 12, -6, 15],
	[17, 21, 16, 19, 19, 1, 2, 21, 2, 1] => QQFieldElem[3//44, -1//11, 4//11, -5//44],
	[17, 21, 16, 19, 20, 2, 1, 21, 1, 2] => QQFieldElem[-1//4, 0, 1//2, -1//4],
	[17, 21, 16, 19, 19, 1, 2, 22, 2, 1] => QQFieldElem[-1, -1//2, -1//2, -1],
	[17, 21, 16, 19, 20, 2, 1, 22, 1, 2] => QQFieldElem[1//4, -1//4, -1//4, 1//4],
	[17, 21, 16, 19, 20, 1, 1, 15, 1, 1] => QQFieldElem[-1, -1, 0, -2],
	[17, 21, 16, 19, 12, 1, 1, 15, 1, 1] => QQFieldElem[2, 5//4, 1//2, 5//2],
	[17, 21, 16, 19, 20, 2, 1, 21, 2, 2] => QQFieldElem[1//2, 1//2, 1//2, 0])