Dict(
	[17, 20, 8, 17, 20, 1, 2, 18, 1, 1] => QQFieldElem[0, 0, 0, 0],
	[17, 20, 8, 17, 20, 1, 1, 18, 1, 1] => QQFieldElem[-1, -2, -1, -1],
	[17, 20, 8, 17, 12, 1, 1, 18, 1, 1] => QQFieldElem[-1, -1, 0, -1],
	[17, 20, 8, 17, 20, 1, 2, 17, 1, 1] => QQFieldElem[-3//10, -1//5, -1//5, -3//10],
	[17, 20, 8, 17, 20, 1, 1, 17, 1, 1] => QQFieldElem[-1//20, -1//10, 1//10, -1//5],
	[17, 20, 8, 17, 12, 1, 1, 17, 1, 1] => QQFieldElem[1//5, 1//20, 1//20, 1//5],
	[17, 20, 8, 17, 11, 1, 1, 19, 2, 1] => QQFieldElem[7//20, 1//5, 1//20, 2//5],
	[17, 20, 8, 17, 11, 1, 1, 18, 1, 1] => QQFieldElem[1, 1, 0, 1],
	[17, 20, 8, 17, 20, 1, 2, 19, 1, 1] => QQFieldElem[1, 0, 1//2, 1//2],
	[17, 20, 8, 17, 20, 1, 1, 19, 1, 1] => QQFieldElem[1, 0, 1//2, 1//2],
	[17, 20, 8, 17, 12, 1, 1, 19, 1, 1] => QQFieldElem[0, 0, 0, 1//4],
	[17, 20, 8, 17, 11, 1, 1, 17, 1, 1] => QQFieldElem[1//5, 1//20, 1//20, 1//5],
	[17, 20, 8, 17, 20, 1, 2, 19, 2, 1] => QQFieldElem[-1, 0, 0, 0],
	[17, 20, 8, 17, 20, 1, 1, 19, 2, 1] => QQFieldElem[-1//2, -1//2, -1//2, -1],
	[17, 20, 8, 17, 12, 1, 1, 19, 2, 1] => QQFieldElem[0, 0, 0, 0],
	[17, 20, 8, 17, 11, 1, 1, 19, 1, 1] => QQFieldElem[-7//20, -1//5, -1//20, -2//5])