Dict(
	[17, 17, 9, 22, 21, 1, 1, 11, 1, 1] => QQFieldElem[2, 1, 1, 2],
	[17, 17, 9, 22, 16, 1, 1, 11, 1, 1] => QQFieldElem[-1, 0, -1, -1],
	[17, 17, 9, 22, 15, 1, 1, 19, 1, 1] => QQFieldElem[0, 2, 0, 2],
	[17, 17, 9, 22, 21, 2, 1, 11, 1, 1] => QQFieldElem[0, 0, 0, 0],
	[17, 17, 9, 22, 15, 1, 1, 12, 1, 1] => QQFieldElem[1, 2, 0, 2],
	[17, 17, 9, 22, 21, 1, 1, 19, 1, 1] => QQFieldElem[-6//5, -2//5, 2//5, -4//5],
	[17, 17, 9, 22, 21, 1, 1, 12, 1, 1] => QQFieldElem[0, 0, 0, 0],
	[17, 17, 9, 22, 16, 1, 1, 19, 1, 1] => QQFieldElem[0, 0, 0, 0],
	[17, 17, 9, 22, 16, 1, 1, 12, 1, 1] => QQFieldElem[-1, 0, -1, -1],
	[17, 17, 9, 22, 21, 2, 1, 19, 1, 1] => QQFieldElem[6//5, 2//5, 8//5, 4//5],
	[17, 17, 9, 22, 21, 2, 1, 12, 1, 1] => QQFieldElem[1, -1, 1, 0],
	[17, 17, 9, 22, 15, 1, 1, 20, 1, 1] => QQFieldElem[-4, 0, -3, -3],
	[17, 17, 9, 22, 21, 1, 1, 20, 1, 1] => QQFieldElem[2, -1, 1, 0],
	[17, 17, 9, 22, 16, 1, 1, 20, 1, 1] => QQFieldElem[-1, 0, -1, -1],
	[17, 17, 9, 22, 21, 2, 1, 20, 1, 1] => QQFieldElem[3, 1, 1, 2],
	[17, 17, 9, 22, 15, 1, 1, 11, 1, 1] => QQFieldElem[-1, -2, 0, -2])