Dict(
	[17, 21, 17, 13, 22, 1, 1, 15, 1, 1] => QQFieldElem[-1//2, 0, 0, -3//4],
	[17, 21, 17, 13, 21, 1, 2, 15, 1, 1] => QQFieldElem[9//22, -17//11, 13//11, -13//11],
	[17, 21, 17, 13, 13, 1, 1, 14, 1, 1] => QQFieldElem[0, 0, 0, 0],
	[17, 21, 17, 13, 13, 1, 1, 13, 1, 1] => QQFieldElem[2, 1//2, 1//2, 2],
	[17, 21, 17, 13, 22, 1, 1, 14, 1, 1] => QQFieldElem[19//4, 3//2, 3//2, 19//4],
	[17, 21, 17, 13, 21, 1, 2, 14, 1, 1] => QQFieldElem[-1//2, 0, 1//2, 0],
	[17, 21, 17, 13, 22, 1, 1, 13, 1, 1] => QQFieldElem[0, 5//2, -3//2, 11//4],
	[17, 21, 17, 13, 21, 1, 2, 13, 1, 1] => QQFieldElem[3//2, 0, 1, 1],
	[17, 21, 17, 13, 22, 1, 2, 21, 1, 1] => QQFieldElem[-1, 1//2, -1, 0],
	[17, 21, 17, 13, 22, 1, 2, 22, 1, 1] => QQFieldElem[5//11, 1//22, 4//11, 8//11],
	[17, 21, 17, 13, 21, 1, 1, 21, 1, 1] => QQFieldElem[-18, 18, -22, 7],
	[17, 21, 17, 13, 21, 1, 1, 22, 1, 1] => QQFieldElem[-2//11, -64//11, 38//11, -67//11],
	[17, 21, 17, 13, 22, 1, 2, 21, 2, 1] => QQFieldElem[-5, -3//2, -2, -4],
	[17, 21, 17, 13, 14, 1, 1, 21, 1, 1] => QQFieldElem[-36, -18, -11, -40],
	[17, 21, 17, 13, 22, 1, 2, 22, 2, 1] => QQFieldElem[1//11, 9//22, 3//11, 6//11],
	[17, 21, 17, 13, 14, 1, 1, 22, 1, 1] => QQFieldElem[-2, 0, -1, -2],
	[17, 21, 17, 13, 21, 1, 1, 21, 2, 1] => QQFieldElem[26//5, 17//5, 8//5, 34//5],
	[17, 21, 17, 13, 21, 1, 1, 22, 2, 1] => QQFieldElem[2//11, -13//11, 6//11, -10//11],
	[17, 21, 17, 13, 14, 1, 1, 21, 2, 1] => QQFieldElem[29, -18, 29, 0],
	[17, 21, 17, 13, 14, 1, 1, 22, 2, 1] => QQFieldElem[8//11, -19//11, 24//11, -18//11],
	[17, 21, 17, 13, 22, 1, 2, 15, 1, 1] => QQFieldElem[1//2, 0, 0, 0],
	[17, 21, 17, 13, 15, 1, 1, 21, 1, 1] => QQFieldElem[18, 18, 0, 29],
	[17, 21, 17, 13, 21, 1, 1, 15, 1, 1] => QQFieldElem[-65//22, -5//22, -35//22, -95//44],
	[17, 21, 17, 13, 15, 1, 1, 22, 1, 1] => QQFieldElem[42//11, 24//11, 16//11, 43//11],
	[17, 21, 17, 13, 14, 1, 1, 15, 1, 1] => QQFieldElem[0, 0, 0, 0],
	[17, 21, 17, 13, 15, 1, 1, 21, 2, 1] => QQFieldElem[69, 33, 22, 76],
	[17, 21, 17, 13, 15, 1, 1, 22, 2, 1] => QQFieldElem[-190//11, -8//11, -119//11, -128//11],
	[17, 21, 17, 13, 22, 1, 2, 14, 1, 1] => QQFieldElem[-1//2, 1, -3//2, 1],
	[17, 21, 17, 13, 22, 1, 2, 13, 1, 1] => QQFieldElem[-3//2, -1, 0, -2],
	[17, 21, 17, 13, 13, 1, 1, 21, 1, 1] => QQFieldElem[0, -4, 3, -4],
	[17, 21, 17, 13, 21, 1, 1, 14, 1, 1] => QQFieldElem[-1//4, 0, 0, 1//4],
	[17, 21, 17, 13, 15, 1, 1, 15, 1, 1] => QQFieldElem[5//11, 27//22, -9//22, 21//11],
	[17, 21, 17, 13, 13, 1, 1, 22, 1, 1] => QQFieldElem[18//11, 26//11, -1//11, 42//11],
	[17, 21, 17, 13, 21, 1, 1, 13, 1, 1] => QQFieldElem[-1, -1, 0, -7//4],
	[17, 21, 17, 13, 14, 1, 1, 14, 1, 1] => QQFieldElem[2, -1, 2, 0],
	[17, 21, 17, 13, 13, 1, 1, 21, 2, 1] => QQFieldElem[42, -10, 32, 16],
	[17, 21, 17, 13, 14, 1, 1, 13, 1, 1] => QQFieldElem[0, 0, 0, 0],
	[17, 21, 17, 13, 22, 1, 1, 21, 1, 1] => QQFieldElem[7//2, 5//4, 5//4, 7//2],
	[17, 21, 17, 13, 13, 1, 1, 22, 2, 1] => QQFieldElem[-34//11, 34//11, -36//11, 16//11],
	[17, 21, 17, 13, 22, 1, 1, 22, 1, 1] => QQFieldElem[-2//11, -25//44, 9//44, -13//22],
	[17, 21, 17, 13, 21, 1, 2, 21, 1, 1] => QQFieldElem[1//2, 0, 1//2, 1//2],
	[17, 21, 17, 13, 21, 1, 2, 22, 1, 1] => QQFieldElem[17//22, 8//11, 7//22, 25//22],
	[17, 21, 17, 13, 22, 1, 1, 21, 2, 1] => QQFieldElem[-2, 19//4, -17//4, 4],
	[17, 21, 17, 13, 22, 1, 1, 22, 2, 1] => QQFieldElem[43//22, 57//44, 27//44, 30//11],
	[17, 21, 17, 13, 21, 1, 2, 21, 2, 1] => QQFieldElem[1//2, -2, 3//2, -3//2],
	[17, 21, 17, 13, 21, 1, 2, 22, 2, 1] => QQFieldElem[-1//2, 0, -1//2, -1//2],
	[17, 21, 17, 13, 15, 1, 1, 14, 1, 1] => QQFieldElem[0, 0, 0, 0],
	[17, 21, 17, 13, 13, 1, 1, 15, 1, 1] => QQFieldElem[-4//11, 7//22, 5//22, 3//11],
	[17, 21, 17, 13, 15, 1, 1, 13, 1, 1] => QQFieldElem[-1, 1//2, -1//2, 0])