Dict(
	[18, 21, 22, 6, 3, 1, 1, 21, 1, 1] => QQFieldElem[-4//5, 2//5, -12//5, 4//5],
	[18, 21, 22, 6, 18, 1, 2, 21, 1, 1] => QQFieldElem[4, 0, 5//2, 5//2],
	[18, 21, 22, 6, 3, 1, 1, 22, 1, 1] => QQFieldElem[0, 0, 0, 0],
	[18, 21, 22, 6, 18, 1, 1, 21, 1, 1] => QQFieldElem[-2//5, -4//5, -1//5, 2//5],
	[18, 21, 22, 6, 19, 1, 2, 21, 1, 1] => QQFieldElem[2//5, 4//5, 7//10, 1//10],
	[18, 21, 22, 6, 18, 1, 2, 22, 1, 1] => QQFieldElem[0, -1//2, 0, 0],
	[18, 21, 22, 6, 19, 1, 1, 21, 1, 1] => QQFieldElem[0, -1//2, -1//2, -1//4],
	[18, 21, 22, 6, 18, 1, 1, 22, 1, 1] => QQFieldElem[2//5, 4//5, 6//5, 3//5],
	[18, 21, 22, 6, 19, 1, 2, 22, 1, 1] => QQFieldElem[1//10, 1//5, 3//10, -1//10],
	[18, 21, 22, 6, 3, 1, 1, 21, 2, 1] => QQFieldElem[0, 1, 1//2, 1//2],
	[18, 21, 22, 6, 19, 1, 1, 22, 1, 1] => QQFieldElem[1//4, -1//4, 1//4, 0],
	[18, 21, 22, 6, 18, 1, 2, 21, 2, 1] => QQFieldElem[-7//5, 1//5, -1//5, -3//5],
	[18, 21, 22, 6, 3, 1, 1, 22, 2, 1] => QQFieldElem[0, -1//2, -1, 0],
	[18, 21, 22, 6, 18, 1, 1, 21, 2, 1] => QQFieldElem[0, -2, 1, -2],
	[18, 21, 22, 6, 18, 1, 2, 22, 2, 1] => QQFieldElem[-4, -1, -2, -4],
	[18, 21, 22, 6, 19, 1, 2, 21, 2, 1] => QQFieldElem[2, 0, 3//2, 3//2],
	[18, 21, 22, 6, 19, 1, 1, 21, 2, 1] => QQFieldElem[3//2, 3//2, 0, 9//4],
	[18, 21, 22, 6, 18, 1, 1, 22, 2, 1] => QQFieldElem[0, 0, 0, -1],
	[18, 21, 22, 6, 19, 1, 2, 22, 2, 1] => QQFieldElem[11//2, 1, 5//2, 9//2],
	[18, 21, 22, 6, 19, 1, 1, 22, 2, 1] => QQFieldElem[7//4, 15//4, -5//4, 5],
	[18, 21, 22, 6, 3, 1, 1, 14, 1, 1] => QQFieldElem[-2, -2, -1, -3],
	[18, 21, 22, 6, 18, 1, 2, 14, 1, 1] => QQFieldElem[1//2, 1//2, 1//2, 0],
	[18, 21, 22, 6, 18, 1, 1, 14, 1, 1] => QQFieldElem[1//2, -1//4, -1//4, 0],
	[18, 21, 22, 6, 19, 1, 2, 14, 1, 1] => QQFieldElem[5//2, 3//2, 1//2, 3],
	[18, 21, 22, 6, 19, 1, 1, 14, 1, 1] => QQFieldElem[-1, 7//4, -7//4, 1])