Dict(
	[18, 7, 19, 17, 19, 1, 2, 20, 1, 1] => QQFieldElem[1, 0, 1//2, 1//2],
	[18, 7, 19, 17, 19, 1, 1, 20, 1, 1] => QQFieldElem[1, 0, 1//2, 1//2],
	[18, 7, 19, 17, 11, 1, 1, 20, 1, 1] => QQFieldElem[3//5, 6//5, -1//5, 7//5],
	[18, 7, 19, 17, 19, 1, 2, 18, 1, 1] => QQFieldElem[0, 0, 0, 0],
	[18, 7, 19, 17, 12, 1, 1, 20, 1, 2] => QQFieldElem[0, 0, 0, 0],
	[18, 7, 19, 17, 11, 1, 1, 18, 1, 1] => QQFieldElem[-7//5, 1//5, -6//5, -3//5],
	[18, 7, 19, 17, 19, 1, 1, 18, 1, 1] => QQFieldElem[1, 1, 0, 1],
	[18, 7, 19, 17, 19, 1, 2, 17, 1, 1] => QQFieldElem[2//5, 2//5, 0, 6//5],
	[18, 7, 19, 17, 19, 1, 1, 17, 1, 1] => QQFieldElem[-6//5, -2//5, -3//5, -4//5],
	[18, 7, 19, 17, 11, 1, 1, 17, 1, 1] => QQFieldElem[-3//5, -3//5, 0, -4//5],
	[18, 7, 19, 17, 19, 1, 2, 20, 1, 2] => QQFieldElem[-1, 0, 0, 0],
	[18, 7, 19, 17, 12, 1, 1, 20, 1, 1] => QQFieldElem[1, 0, 0, 0],
	[18, 7, 19, 17, 19, 1, 1, 20, 1, 2] => QQFieldElem[0, -1//2, 1//2, 0],
	[18, 7, 19, 17, 11, 1, 1, 20, 1, 2] => QQFieldElem[-3//5, -6//5, 1//5, -7//5],
	[18, 7, 19, 17, 12, 1, 1, 18, 1, 1] => QQFieldElem[7//5, -1//5, 6//5, 3//5],
	[18, 7, 19, 17, 12, 1, 1, 17, 1, 1] => QQFieldElem[-3//5, -3//5, 0, -4//5])