Dict(
	[18, 9, 11, 21, 21, 1, 1, 14, 1, 1] => QQFieldElem[8, 0, 4, 4],
	[18, 9, 11, 21, 22, 2, 1, 14, 1, 1] => QQFieldElem[2, 0, 1, 1],
	[18, 9, 11, 21, 22, 2, 1, 13, 1, 1] => QQFieldElem[1, 1, 0, 7//4],
	[18, 9, 11, 21, 21, 1, 1, 13, 1, 1] => QQFieldElem[3, 3, 0, 4],
	[18, 9, 11, 21, 21, 2, 1, 14, 1, 1] => QQFieldElem[-1//2, 1//2, -1//2, 0],
	[18, 9, 11, 21, 21, 2, 1, 13, 1, 1] => QQFieldElem[-1//2, -1//2, 0, -1],
	[18, 9, 11, 21, 22, 1, 1, 22, 1, 1] => QQFieldElem[0, 0, 0, 0],
	[18, 9, 11, 21, 22, 2, 1, 22, 1, 1] => QQFieldElem[0, 0, 0, -1//4],
	[18, 9, 11, 21, 21, 1, 1, 22, 1, 1] => QQFieldElem[1, 1, 0, 0],
	[18, 9, 11, 21, 21, 2, 1, 22, 1, 1] => QQFieldElem[0, 0, 0, 0],
	[18, 9, 11, 21, 22, 1, 1, 10, 1, 1] => QQFieldElem[1//5, -1//10, 1//10, -1//5],
	[18, 9, 11, 21, 22, 2, 1, 10, 1, 1] => QQFieldElem[0, 0, 0, 0],
	[18, 9, 11, 21, 21, 1, 1, 10, 1, 1] => QQFieldElem[0, 0, 0, 0],
	[18, 9, 11, 21, 21, 2, 1, 10, 1, 1] => QQFieldElem[3//10, 1//10, -1//10, 1//5],
	[18, 9, 11, 21, 22, 1, 1, 14, 1, 1] => QQFieldElem[-1, -1//2, -1//2, -1],
	[18, 9, 11, 21, 22, 1, 1, 13, 1, 1] => QQFieldElem[-1//2, -1//2, 0, -1])