Dict(
	[18, 21, 16, 12, 19, 1, 1, 21, 2, 1] => QQFieldElem[-1//4, 0, -1//8, 0],
	[18, 21, 16, 12, 18, 1, 1, 22, 2, 1] => QQFieldElem[1, 0, 1, 1//2],
	[18, 21, 16, 12, 17, 1, 1, 15, 1, 1] => QQFieldElem[-12//55, -23//110, -7//110, -13//55],
	[18, 21, 16, 12, 19, 1, 2, 22, 2, 1] => QQFieldElem[-1//2, 0, 0, 0],
	[18, 21, 16, 12, 20, 1, 1, 13, 1, 1] => QQFieldElem[-6, -1, -3, -5],
	[18, 21, 16, 12, 19, 1, 1, 22, 2, 1] => QQFieldElem[-1//4, -1//4, 0, -3//4],
	[18, 21, 16, 12, 12, 1, 1, 13, 1, 1] => QQFieldElem[5, 1, 1, 5],
	[18, 21, 16, 12, 17, 1, 1, 21, 1, 1] => QQFieldElem[-1//4, 0, -1//4, -3//4],
	[18, 21, 16, 12, 20, 1, 1, 15, 1, 1] => QQFieldElem[21//11, 21//22, 15//22, 51//22],
	[18, 21, 16, 12, 12, 1, 1, 15, 1, 1] => QQFieldElem[-6//5, -9//10, -1//10, -9//5],
	[18, 21, 16, 12, 17, 1, 1, 22, 1, 1] => QQFieldElem[0, 1//4, -1//4, 0],
	[18, 21, 16, 12, 20, 1, 1, 21, 1, 1] => QQFieldElem[0, 1//4, -1//8, 1//4],
	[18, 21, 16, 12, 12, 1, 1, 21, 1, 1] => QQFieldElem[2, 3//2, 3//2, 2],
	[18, 21, 16, 12, 17, 1, 1, 21, 2, 1] => QQFieldElem[0, 1//2, 1//2, 1//2],
	[18, 21, 16, 12, 20, 1, 1, 22, 1, 1] => QQFieldElem[-9//4, 3//4, -3//2, -3//4],
	[18, 21, 16, 12, 12, 1, 1, 22, 1, 1] => QQFieldElem[0, 3//2, 1, 3//2],
	[18, 21, 16, 12, 18, 1, 1, 13, 1, 1] => QQFieldElem[3, -1, 2, 1],
	[18, 21, 16, 12, 17, 1, 1, 22, 2, 1] => QQFieldElem[0, 0, 0, 1//2],
	[18, 21, 16, 12, 19, 1, 2, 13, 1, 1] => QQFieldElem[-2, -4, 1, -5],
	[18, 21, 16, 12, 19, 1, 1, 13, 1, 1] => QQFieldElem[0, -1, 1, -1],
	[18, 21, 16, 12, 20, 1, 1, 21, 2, 1] => QQFieldElem[1//4, 0, 0, 1//4],
	[18, 21, 16, 12, 18, 1, 1, 15, 1, 1] => QQFieldElem[-23//44, -3//22, -9//44, -13//44],
	[18, 21, 16, 12, 12, 1, 1, 21, 2, 1] => QQFieldElem[0, -1//2, -1//2, 0],
	[18, 21, 16, 12, 19, 1, 2, 15, 1, 1] => QQFieldElem[-15//44, 16//11, -47//44, 47//44],
	[18, 21, 16, 12, 20, 1, 1, 22, 2, 1] => QQFieldElem[1//2, 1, -1, 2],
	[18, 21, 16, 12, 19, 1, 1, 15, 1, 1] => QQFieldElem[-8//55, 3//110, -23//110, 1//110],
	[18, 21, 16, 12, 12, 1, 1, 22, 2, 1] => QQFieldElem[0, 1//2, 0, 1//2],
	[18, 21, 16, 12, 18, 1, 1, 21, 1, 1] => QQFieldElem[-1//4, -1//2, 1//4, -3//4],
	[18, 21, 16, 12, 19, 1, 2, 21, 1, 1] => QQFieldElem[-1//5, -3//20, -1//10, -3//10],
	[18, 21, 16, 12, 19, 1, 1, 21, 1, 1] => QQFieldElem[-3//10, -7//20, -2//5, -7//10],
	[18, 21, 16, 12, 18, 1, 1, 22, 1, 1] => QQFieldElem[1, 1//4, 1//4, 1],
	[18, 21, 16, 12, 19, 1, 2, 22, 1, 1] => QQFieldElem[0, 0, 1//2, 0],
	[18, 21, 16, 12, 19, 1, 1, 22, 1, 1] => QQFieldElem[0, -2, 1//2, -2],
	[18, 21, 16, 12, 17, 1, 1, 13, 1, 1] => QQFieldElem[3, 1, 1, 3],
	[18, 21, 16, 12, 18, 1, 1, 21, 2, 1] => QQFieldElem[-1, -1//2, -1//2, -1//2],
	[18, 21, 16, 12, 19, 1, 2, 21, 2, 1] => QQFieldElem[1//20, 1//10, -1//10, -1//20])