Dict(
	[18, 22, 18, 22, 22, 1, 2, 22, 2, 2] => QQFieldElem[3//2, 0, 1, 1],
	[18, 22, 18, 22, 22, 2, 1, 21, 2, 2] => QQFieldElem[11//4, 11//4, 0, 9//2],
	[18, 22, 18, 22, 21, 1, 2, 15, 1, 1] => QQFieldElem[5179//484, -67//484, 3007//484, 3241//484],
	[18, 22, 18, 22, 21, 2, 2, 22, 2, 2] => QQFieldElem[-3//2, 0, -1, -1],
	[18, 22, 18, 22, 14, 1, 1, 22, 2, 2] => QQFieldElem[0, 0, 0, 0],
	[18, 22, 18, 22, 21, 1, 2, 16, 1, 1] => QQFieldElem[2623//242, 67//484, 827//121, 1537//242],
	[18, 22, 18, 22, 15, 1, 1, 21, 1, 2] => QQFieldElem[18, 7, 7, 18],
	[18, 22, 18, 22, 21, 1, 2, 14, 1, 1] => QQFieldElem[-12, 31//4, -12, 0],
	[18, 22, 18, 22, 22, 1, 1, 13, 1, 1] => QQFieldElem[-1, -1, 0, -7//4],
	[18, 22, 18, 22, 21, 2, 1, 13, 1, 1] => QQFieldElem[0, 11//4, -7//4, 11//4],
	[18, 22, 18, 22, 21, 1, 1, 21, 1, 1] => QQFieldElem[189//2, 0, 117//2, 117//2],
	[18, 22, 18, 22, 9, 1, 1, 13, 1, 1] => QQFieldElem[-64, -24, -24, -64],
	[18, 22, 18, 22, 22, 1, 2, 21, 2, 1] => QQFieldElem[-257//5, -4//5, -156//5, -163//5],
	[18, 22, 18, 22, 13, 1, 1, 21, 1, 2] => QQFieldElem[26, 0, 16, 16],
	[18, 22, 18, 22, 22, 2, 1, 22, 2, 1] => QQFieldElem[0, 2, -1, 2],
	[18, 22, 18, 22, 21, 2, 2, 21, 2, 1] => QQFieldElem[-24//5, 13//5, -24//5, 0],
	[18, 22, 18, 22, 14, 1, 1, 21, 2, 1] => QQFieldElem[-8, 0, -5, -5],
	[18, 22, 18, 22, 22, 2, 2, 21, 1, 2] => QQFieldElem[88, 0, 54, 54],
	[18, 22, 18, 22, 16, 1, 1, 22, 1, 2] => QQFieldElem[-9//4, -9//4, 0, -3],
	[18, 22, 18, 22, 22, 1, 1, 22, 2, 2] => QQFieldElem[-7//4, -7//4, 0, -3],
	[18, 22, 18, 22, 21, 1, 2, 21, 2, 2] => QQFieldElem[0, 60, -38, 60],
	[18, 22, 18, 22, 15, 1, 1, 9, 1, 1] => QQFieldElem[1//2, -27//2, 17//2, -13],
	[18, 22, 18, 22, 15, 1, 1, 22, 1, 1] => QQFieldElem[0, 4//5, -8//5, 4//5],
	[18, 22, 18, 22, 21, 1, 1, 15, 1, 1] => QQFieldElem[-17//22, -7//11, 13//44, -23//22],
	[18, 22, 18, 22, 21, 2, 1, 22, 2, 2] => QQFieldElem[0, 17, -9, 17],
	[18, 22, 18, 22, 21, 1, 1, 16, 1, 1] => QQFieldElem[-41//44, -47//44, -13//44, -59//44],
	[18, 22, 18, 22, 9, 1, 1, 22, 2, 2] => QQFieldElem[-24//5, -6//5, -16//5, -24//5],
	[18, 22, 18, 22, 21, 1, 1, 14, 1, 1] => QQFieldElem[2, 1//2, 1//2, 2],
	[18, 22, 18, 22, 13, 1, 1, 9, 1, 1] => QQFieldElem[-1//2, 1//2, -1//2, 0],
	[18, 22, 18, 22, 13, 1, 1, 22, 1, 1] => QQFieldElem[24//5, 0, 8//5, 18//5],
	[18, 22, 18, 22, 22, 2, 2, 9, 1, 1] => QQFieldElem[0, 0, 0, 0],
	[18, 22, 18, 22, 22, 2, 2, 22, 1, 1] => QQFieldElem[-64, 0, -40, -40],
	[18, 22, 18, 22, 16, 1, 1, 21, 1, 1] => QQFieldElem[-612//5, -9//5, -371//5, -388//5],
	[18, 22, 18, 22, 22, 1, 1, 21, 2, 1] => QQFieldElem[8, 3, 3, 8],
	[18, 22, 18, 22, 21, 1, 2, 22, 2, 1] => QQFieldElem[0, 48, -32, 48],
	[18, 22, 18, 22, 21, 2, 1, 21, 2, 1] => QQFieldElem[0, 0, 0, 0],
	[18, 22, 18, 22, 15, 1, 1, 13, 1, 1] => QQFieldElem[43//2, 17//2, 8, 22],
	[18, 22, 18, 22, 9, 1, 1, 21, 2, 1] => QQFieldElem[-52//5, 34//5, -52//5, 0],
	[18, 22, 18, 22, 22, 1, 2, 22, 1, 2] => QQFieldElem[-43//2, 0, -13, -13],
	[18, 22, 18, 22, 22, 2, 1, 21, 1, 2] => QQFieldElem[-19//4, -19//4, 0, -7],
	[18, 22, 18, 22, 21, 2, 2, 22, 1, 2] => QQFieldElem[3, 0, 1, 1],
	[18, 22, 18, 22, 14, 1, 1, 22, 1, 2] => QQFieldElem[8//5, 0, 6//5, 6//5],
	[18, 22, 18, 22, 21, 1, 1, 21, 2, 2] => QQFieldElem[19//2, 0, 13//2, 13//2],
	[18, 22, 18, 22, 16, 1, 1, 15, 1, 1] => QQFieldElem[-11, 0, -7, -7],
	[18, 22, 18, 22, 16, 1, 1, 16, 1, 1] => QQFieldElem[-1428//121, 117//242, -1803//242, -1659//242],
	[18, 22, 18, 22, 13, 1, 1, 13, 1, 1] => QQFieldElem[-5//2, -5//2, 0, -4],
	[18, 22, 18, 22, 22, 2, 2, 13, 1, 1] => QQFieldElem[-1//2, 1//2, -1//2, 1//2],
	[18, 22, 18, 22, 16, 1, 1, 14, 1, 1] => QQFieldElem[13, -17//2, 27//2, -1//2],
	[18, 22, 18, 22, 15, 1, 1, 22, 2, 2] => QQFieldElem[17//5, -1//5, 11//5, 8//5],
	[18, 22, 18, 22, 22, 1, 2, 21, 1, 1] => QQFieldElem[0, 0, 0, 0],
	[18, 22, 18, 22, 22, 2, 1, 9, 1, 1] => QQFieldElem[-3//4, 0, -1//4, -1//4],
	[18, 22, 18, 22, 22, 2, 1, 22, 1, 1] => QQFieldElem[0, -1, 1, -1],
	[18, 22, 18, 22, 21, 2, 2, 21, 1, 1] => QQFieldElem[6, 6, 0, 10],
	[18, 22, 18, 22, 14, 1, 1, 21, 1, 1] => QQFieldElem[0, 156, -96, 156],
	[18, 22, 18, 22, 21, 1, 1, 22, 2, 1] => QQFieldElem[-5//2, 0, -3//2, -3//2],
	[18, 22, 18, 22, 13, 1, 1, 22, 2, 2] => QQFieldElem[0, 0, 0, 0],
	[18, 22, 18, 22, 22, 1, 1, 22, 1, 2] => QQFieldElem[3//2, 3//2, 0, 2],
	[18, 22, 18, 22, 21, 1, 2, 21, 1, 2] => QQFieldElem[-6//5, -172//5, 102//5, -179//5],
	[18, 22, 18, 22, 22, 1, 2, 15, 1, 1] => QQFieldElem[-151//484, 7//484, -83//484, -93//484],
	[18, 22, 18, 22, 21, 2, 1, 22, 1, 2] => QQFieldElem[4//5, -97//5, 62//5, -94//5],
	[18, 22, 18, 22, 22, 2, 2, 22, 2, 2] => QQFieldElem[-1, 0, -1, -1],
	[18, 22, 18, 22, 16, 1, 1, 21, 2, 2] => QQFieldElem[-11, -11, 0, -18],
	[18, 22, 18, 22, 21, 2, 2, 15, 1, 1] => QQFieldElem[525//22, 15//22, 325//22, 335//22],
	[18, 22, 18, 22, 22, 1, 2, 16, 1, 1] => QQFieldElem[-79//242, -7//484, -25//121, -45//242],
	[18, 22, 18, 22, 14, 1, 1, 15, 1, 1] => QQFieldElem[25//121, -26//121, 49//121, 17//121],
	[18, 22, 18, 22, 9, 1, 1, 22, 1, 2] => QQFieldElem[8//5, -4//5, 4//5, 2//5],
	[18, 22, 18, 22, 15, 1, 1, 21, 2, 1] => QQFieldElem[336, 0, 208, 208],
	[18, 22, 18, 22, 21, 2, 2, 16, 1, 1] => QQFieldElem[255//11, -15//22, 160//11, 155//11],
	[18, 22, 18, 22, 14, 1, 1, 16, 1, 1] => QQFieldElem[29//121, -25//242, 75//242, 7//242],
	[18, 22, 18, 22, 22, 1, 2, 14, 1, 1] => QQFieldElem[1, -3//4, 1, 0],
	[18, 22, 18, 22, 21, 2, 2, 14, 1, 1] => QQFieldElem[-27, 33//2, -27, 0],
	[18, 22, 18, 22, 22, 2, 1, 13, 1, 1] => QQFieldElem[1, -3//4, 5//4, -1//4],
	[18, 22, 18, 22, 14, 1, 1, 14, 1, 1] => QQFieldElem[0, 5//2, -3//2, 5//2],
	[18, 22, 18, 22, 13, 1, 1, 21, 2, 1] => QQFieldElem[13, 0, 8, 8],
	[18, 22, 18, 22, 22, 1, 1, 21, 1, 1] => QQFieldElem[-9//2, 0, -5//2, -5//2],
	[18, 22, 18, 22, 21, 1, 2, 9, 1, 1] => QQFieldElem[0, 49//4, -7, 49//4],
	[18, 22, 18, 22, 21, 1, 2, 22, 1, 1] => QQFieldElem[3//4, 3//4, 0, 1],
	[18, 22, 18, 22, 21, 2, 1, 21, 1, 1] => QQFieldElem[210, 0, 130, 130],
	[18, 22, 18, 22, 22, 2, 2, 21, 2, 1] => QQFieldElem[-253//5, 4//5, -159//5, -152//5],
	[18, 22, 18, 22, 9, 1, 1, 21, 1, 1] => QQFieldElem[0, 1152//5, -704//5, 1152//5],
	[18, 22, 18, 22, 16, 1, 1, 22, 2, 1] => QQFieldElem[-149//5, 3, -103//5, -78//5],
	[18, 22, 18, 22, 21, 1, 1, 21, 1, 2] => QQFieldElem[24//5, 24//5, 0, 37//5],
	[18, 22, 18, 22, 22, 1, 2, 21, 2, 2] => QQFieldElem[-9//2, 0, -3, -3],
	[18, 22, 18, 22, 22, 1, 1, 15, 1, 1] => QQFieldElem[41//242, 59//242, 1//484, 109//484],
	[18, 22, 18, 22, 22, 2, 1, 22, 2, 2] => QQFieldElem[-3//4, -3//4, 0, -1],
	[18, 22, 18, 22, 21, 2, 2, 21, 2, 2] => QQFieldElem[-7//2, 0, -2, -2],
	[18, 22, 18, 22, 14, 1, 1, 21, 2, 2] => QQFieldElem[0, -6, 4, -6],
	[18, 22, 18, 22, 21, 2, 1, 15, 1, 1] => QQFieldElem[-389//242, -851//484, -39//484, -1347//484],
	[18, 22, 18, 22, 22, 1, 1, 16, 1, 1] => QQFieldElem[117//484, 81//484, -1//484, 27//121],
	[18, 22, 18, 22, 9, 1, 1, 15, 1, 1] => QQFieldElem[3216//121, 24//121, 1928//121, 2032//121],
	[18, 22, 18, 22, 21, 2, 1, 16, 1, 1] => QQFieldElem[-203//121, -739//484, 39//484, -327//121],
	[18, 22, 18, 22, 9, 1, 1, 16, 1, 1] => QQFieldElem[3192//121, -24//121, 2008//121, 1904//121],
	[18, 22, 18, 22, 15, 1, 1, 22, 1, 2] => QQFieldElem[18//5, 1//5, 9//5, 12//5],
	[18, 22, 18, 22, 22, 1, 1, 14, 1, 1] => QQFieldElem[-1, -1, 0, -7//4],
	[18, 22, 18, 22, 21, 1, 2, 13, 1, 1] => QQFieldElem[-79//4, -31//4, -31//4, -79//4],
	[18, 22, 18, 22, 21, 2, 1, 14, 1, 1] => QQFieldElem[9//2, 7//4, 7//4, 9//2],
	[18, 22, 18, 22, 9, 1, 1, 14, 1, 1] => QQFieldElem[-40, 24, -40, 0],
	[18, 22, 18, 22, 21, 1, 1, 9, 1, 1] => QQFieldElem[9//4, 0, 11//8, 11//8],
	[18, 22, 18, 22, 21, 1, 1, 22, 1, 1] => QQFieldElem[53//2, 0, 31//2, 31//2],
	[18, 22, 18, 22, 22, 1, 2, 22, 2, 1] => QQFieldElem[121//5, -13//5, 83//5, 64//5],
	[18, 22, 18, 22, 22, 2, 1, 21, 2, 1] => QQFieldElem[5, -3, 5, 0],
	[18, 22, 18, 22, 13, 1, 1, 22, 1, 2] => QQFieldElem[0, 0, 0, 0],
	[18, 22, 18, 22, 21, 2, 2, 22, 2, 1] => QQFieldElem[-2, 1, -2, 0],
	[18, 22, 18, 22, 14, 1, 1, 22, 2, 1] => QQFieldElem[-1, 0, -1, -1],
	[18, 22, 18, 22, 22, 2, 2, 22, 1, 2] => QQFieldElem[-47, 0, -29, -29],
	[18, 22, 18, 22, 16, 1, 1, 21, 1, 2] => QQFieldElem[-23//4, -23//4, 0, -19//2],
	[18, 22, 18, 22, 22, 1, 1, 21, 2, 2] => QQFieldElem[9//4, 9//4, 0, 15//4],
	[18, 22, 18, 22, 15, 1, 1, 21, 1, 1] => QQFieldElem[0, 0, 0, 0],
	[18, 22, 18, 22, 21, 1, 2, 22, 2, 2] => QQFieldElem[0, 36, -22, 36],
	[18, 22, 18, 22, 21, 2, 1, 21, 2, 2] => QQFieldElem[0, 27, -17, 27],
	[18, 22, 18, 22, 9, 1, 1, 21, 2, 2] => QQFieldElem[4, -86, 56, -84],
	[18, 22, 18, 22, 13, 1, 1, 21, 1, 1] => QQFieldElem[-4, -88, 52, -90],
	[18, 22, 18, 22, 15, 1, 1, 15, 1, 1] => QQFieldElem[-2973//242, -117//242, -888//121, -960//121],
	[18, 22, 18, 22, 21, 1, 1, 13, 1, 1] => QQFieldElem[0, 3//2, -1//2, 3//2],
	[18, 22, 18, 22, 15, 1, 1, 16, 1, 1] => QQFieldElem[-11, 0, -7, -7],
	[18, 22, 18, 22, 22, 2, 2, 21, 1, 1] => QQFieldElem[144, 0, 88, 88],
	[18, 22, 18, 22, 16, 1, 1, 9, 1, 1] => QQFieldElem[-1//2, -27//2, 8, -14],
	[18, 22, 18, 22, 16, 1, 1, 22, 1, 1] => QQFieldElem[-164//5, -3, -93//5, -118//5],
	[18, 22, 18, 22, 22, 1, 1, 22, 2, 1] => QQFieldElem[-2, -2, 0, -3],
	[18, 22, 18, 22, 21, 1, 2, 21, 2, 1] => QQFieldElem[0, 464//5, -288//5, 464//5],
	[18, 22, 18, 22, 21, 2, 1, 22, 2, 1] => QQFieldElem[-8//5, 0, -6//5, -6//5],
	[18, 22, 18, 22, 15, 1, 1, 14, 1, 1] => QQFieldElem[17, -10, 17, 1],
	[18, 22, 18, 22, 13, 1, 1, 15, 1, 1] => QQFieldElem[83//242, 25//242, 16//121, 50//121],
	[18, 22, 18, 22, 22, 1, 2, 21, 1, 2] => QQFieldElem[79//2, 0, 24, 24],
	[18, 22, 18, 22, 9, 1, 1, 22, 2, 1] => QQFieldElem[-8//5, -6//5, -4//5, -12//5],
	[18, 22, 18, 22, 22, 2, 1, 22, 1, 2] => QQFieldElem[11//4, 11//4, 0, 9//2],
	[18, 22, 18, 22, 21, 2, 2, 21, 1, 2] => QQFieldElem[5, 0, 3, 3],
	[18, 22, 18, 22, 13, 1, 1, 16, 1, 1] => QQFieldElem[51//121, 26//121, 43//121, 75//121],
	[18, 22, 18, 22, 14, 1, 1, 21, 1, 2] => QQFieldElem[-10, 0, -6, -6],
	[18, 22, 18, 22, 22, 2, 2, 15, 1, 1] => QQFieldElem[-31//242, -21//242, 7//242, 37//242],
	[18, 22, 18, 22, 21, 1, 1, 22, 2, 2] => QQFieldElem[11//2, 0, 7//2, 7//2],
	[18, 22, 18, 22, 22, 2, 2, 16, 1, 1] => QQFieldElem[-5//121, 21//242, 29//121, 14//121],
	[18, 22, 18, 22, 13, 1, 1, 14, 1, 1] => QQFieldElem[-1, 0, -1, -1],
	[18, 22, 18, 22, 22, 2, 2, 14, 1, 1] => QQFieldElem[-1, -1//2, 0, -1],
	[18, 22, 18, 22, 15, 1, 1, 21, 2, 2] => QQFieldElem[11, -7, 11, 0],
	[18, 22, 18, 22, 16, 1, 1, 13, 1, 1] => QQFieldElem[27, 10, 11, 27],
	[18, 22, 18, 22, 22, 1, 2, 9, 1, 1] => QQFieldElem[0, -1//4, 1//2, -1//4],
	[18, 22, 18, 22, 22, 1, 2, 22, 1, 1] => QQFieldElem[0, 0, 0, 0],
	[18, 22, 18, 22, 22, 2, 1, 21, 1, 1] => QQFieldElem[0, -3, 1, -3],
	[18, 22, 18, 22, 21, 2, 2, 9, 1, 1] => QQFieldElem[0, 26, -17, 26],
	[18, 22, 18, 22, 21, 2, 2, 22, 1, 1] => QQFieldElem[9//5, 9//5, 0, 17//5],
	[18, 22, 18, 22, 14, 1, 1, 9, 1, 1] => QQFieldElem[1//2, 1//2, 0, 1],
	[18, 22, 18, 22, 14, 1, 1, 22, 1, 1] => QQFieldElem[0, 0, 0, 0],
	[18, 22, 18, 22, 21, 1, 1, 21, 2, 1] => QQFieldElem[-21//2, 0, -13//2, -13//2],
	[18, 22, 18, 22, 13, 1, 1, 21, 2, 2] => QQFieldElem[0, 70, -44, 70],
	[18, 22, 18, 22, 22, 1, 1, 21, 1, 2] => QQFieldElem[-5//2, -5//2, 0, -15//4],
	[18, 22, 18, 22, 21, 1, 2, 22, 1, 2] => QQFieldElem[-4//5, -98//5, 58//5, -101//5],
	[18, 22, 18, 22, 21, 2, 1, 21, 1, 2] => QQFieldElem[6//5, -173//5, 108//5, -166//5],
	[18, 22, 18, 22, 22, 2, 2, 21, 2, 2] => QQFieldElem[0, 0, 0, 0],
	[18, 22, 18, 22, 22, 2, 1, 15, 1, 1] => QQFieldElem[65//242, 131//484, 37//484, 161//484],
	[18, 22, 18, 22, 9, 1, 1, 21, 1, 2] => QQFieldElem[52//5, 52//5, 0, 86//5],
	[18, 22, 18, 22, 16, 1, 1, 22, 2, 2] => QQFieldElem[-4, -4, 0, -7],
	[18, 22, 18, 22, 15, 1, 1, 22, 2, 1] => QQFieldElem[80, 0, 48, 48],
	[18, 22, 18, 22, 22, 2, 1, 16, 1, 1] => QQFieldElem[47//242, 93//484, -37//484, 31//121],
	[18, 22, 18, 22, 22, 1, 2, 13, 1, 1] => QQFieldElem[7//4, 3//4, 3//4, 7//4],
	[18, 22, 18, 22, 22, 2, 1, 14, 1, 1] => QQFieldElem[-2, -1//4, -5//4, -3//2],
	[18, 22, 18, 22, 21, 2, 2, 13, 1, 1] => QQFieldElem[-87//2, -33//2, -33//2, -87//2],
	[18, 22, 18, 22, 14, 1, 1, 13, 1, 1] => QQFieldElem[-1, 0, -1, -1],
	[18, 22, 18, 22, 13, 1, 1, 22, 2, 1] => QQFieldElem[0, 0, 0, 0],
	[18, 22, 18, 22, 22, 1, 1, 9, 1, 1] => QQFieldElem[-1//2, 0, -3//8, -3//8],
	[18, 22, 18, 22, 22, 1, 1, 22, 1, 1] => QQFieldElem[-5//2, 0, -3//2, -3//2],
	[18, 22, 18, 22, 21, 1, 2, 21, 1, 1] => QQFieldElem[21//4, 21//4, 0, 17//2],
	[18, 22, 18, 22, 21, 2, 1, 9, 1, 1] => QQFieldElem[19//4, 0, 13//4, 13//4],
	[18, 22, 18, 22, 21, 2, 1, 22, 1, 1] => QQFieldElem[58, 0, 36, 36],
	[18, 22, 18, 22, 22, 2, 2, 22, 2, 1] => QQFieldElem[134//5, 13//5, 77//5, 96//5],
	[18, 22, 18, 22, 16, 1, 1, 21, 2, 1] => QQFieldElem[-603//5, 9//5, -379//5, -362//5],
	[18, 22, 18, 22, 9, 1, 1, 9, 1, 1] => QQFieldElem[0, 32, -20, 32],
	[18, 22, 18, 22, 9, 1, 1, 22, 1, 1] => QQFieldElem[0, 0, 0, 0],
	[18, 22, 18, 22, 21, 1, 1, 22, 1, 2] => QQFieldElem[2, 2, 0, 3])