Dict(
	[18, 21, 10, 18, 19, 1, 1, 21, 1, 1] => QQFieldElem[0, 0, 0, 0],
	[18, 21, 10, 18, 11, 1, 1, 21, 1, 1] => QQFieldElem[1, 0, 0, 1],
	[18, 21, 10, 18, 19, 1, 1, 16, 1, 1] => QQFieldElem[-7, 0, -4, -4],
	[18, 21, 10, 18, 11, 1, 1, 16, 1, 1] => QQFieldElem[0, -2, 0, -2],
	[18, 21, 10, 18, 19, 1, 1, 21, 2, 1] => QQFieldElem[1, 0, 1, 0],
	[18, 21, 10, 18, 11, 1, 1, 21, 2, 1] => QQFieldElem[0, 0, 0, 0],
	[18, 21, 10, 18, 20, 1, 1, 15, 1, 1] => QQFieldElem[0, 0, 0, 0],
	[18, 21, 10, 18, 12, 1, 1, 15, 1, 1] => QQFieldElem[-2//5, -4//5, -1//5, -3//5],
	[18, 21, 10, 18, 20, 1, 1, 21, 1, 1] => QQFieldElem[-3//2, -1, 0, -5//2],
	[18, 21, 10, 18, 12, 1, 1, 21, 1, 1] => QQFieldElem[-1, -3//2, 0, -5//2],
	[18, 21, 10, 18, 20, 1, 1, 16, 1, 1] => QQFieldElem[0, 2, -2, 2],
	[18, 21, 10, 18, 12, 1, 1, 16, 1, 1] => QQFieldElem[0, -2, 0, -2],
	[18, 21, 10, 18, 20, 1, 1, 21, 2, 1] => QQFieldElem[-1, 0, -1, 0],
	[18, 21, 10, 18, 12, 1, 1, 21, 2, 1] => QQFieldElem[-1, 0, 0, -1],
	[18, 21, 10, 18, 19, 1, 1, 15, 1, 1] => QQFieldElem[-1//2, -1//2, 0, -1],
	[18, 21, 10, 18, 11, 1, 1, 15, 1, 1] => QQFieldElem[2//5, 4//5, 1//5, 3//5])