Dict(
	[18, 19, 12, 19, 20, 2, 1, 18, 1, 1] => QQFieldElem[0, 0, 0, 0],
	[18, 19, 12, 19, 20, 1, 1, 17, 1, 1] => QQFieldElem[1//2, 0, -1//2, 0],
	[18, 19, 12, 19, 20, 2, 1, 20, 2, 1] => QQFieldElem[0, 0, 0, 0],
	[18, 19, 12, 19, 18, 1, 1, 20, 1, 1] => QQFieldElem[-1, 0, 0, -1],
	[18, 19, 12, 19, 20, 2, 1, 17, 1, 1] => QQFieldElem[0, 0, 0, 0],
	[18, 19, 12, 19, 20, 1, 1, 11, 1, 1] => QQFieldElem[-1//2, 1//2, -1//2, 1//2],
	[18, 19, 12, 19, 19, 1, 1, 20, 1, 1] => QQFieldElem[-1, 0, 0, -1],
	[18, 19, 12, 19, 11, 1, 1, 20, 1, 1] => QQFieldElem[0, 0, 0, 0],
	[18, 19, 12, 19, 20, 2, 1, 11, 1, 1] => QQFieldElem[-1, 0, 0, -1],
	[18, 19, 12, 19, 17, 1, 1, 19, 1, 1] => QQFieldElem[4//5, 4//5, 0, 7//5],
	[18, 19, 12, 19, 18, 1, 1, 18, 1, 1] => QQFieldElem[0, 1//2, 0, 1//2],
	[18, 19, 12, 19, 18, 1, 1, 20, 2, 1] => QQFieldElem[0, 0, 0, 0],
	[18, 19, 12, 19, 19, 1, 1, 18, 1, 1] => QQFieldElem[-1, -3//2, -3//2, -1],
	[18, 19, 12, 19, 11, 1, 1, 18, 1, 1] => QQFieldElem[-1, -1, -1, -1],
	[18, 19, 12, 19, 18, 1, 1, 17, 1, 1] => QQFieldElem[0, -1//2, 0, -1//2],
	[18, 19, 12, 19, 19, 1, 1, 20, 2, 1] => QQFieldElem[1//2, -1//2, 1//2, 0],
	[18, 19, 12, 19, 11, 1, 1, 20, 2, 1] => QQFieldElem[-1//5, -2//5, 2//5, -4//5],
	[18, 19, 12, 19, 20, 1, 1, 19, 1, 1] => QQFieldElem[-7//5, 1//5, -6//5, -3//5],
	[18, 19, 12, 19, 19, 1, 1, 17, 1, 1] => QQFieldElem[-1, -3//2, -3//2, -1],
	[18, 19, 12, 19, 11, 1, 1, 17, 1, 1] => QQFieldElem[-1, -1, -1, -1],
	[18, 19, 12, 19, 18, 1, 1, 11, 1, 1] => QQFieldElem[1//2, 0, 0, 1//2],
	[18, 19, 12, 19, 20, 2, 1, 19, 1, 1] => QQFieldElem[-6//5, -6//5, 0, -8//5],
	[18, 19, 12, 19, 19, 1, 1, 11, 1, 1] => QQFieldElem[0, 0, 0, 0],
	[18, 19, 12, 19, 17, 1, 1, 20, 1, 1] => QQFieldElem[1//5, 2//5, -2//5, 4//5],
	[18, 19, 12, 19, 11, 1, 1, 11, 1, 1] => QQFieldElem[0, 0, 0, 0],
	[18, 19, 12, 19, 17, 1, 1, 18, 1, 1] => QQFieldElem[0, -1//2, 0, -1//2],
	[18, 19, 12, 19, 20, 1, 1, 20, 1, 1] => QQFieldElem[-1//2, 1//2, -1//2, 0],
	[18, 19, 12, 19, 17, 1, 1, 20, 2, 1] => QQFieldElem[0, 0, 0, 0],
	[18, 19, 12, 19, 18, 1, 1, 19, 1, 1] => QQFieldElem[4//5, 4//5, 0, 7//5],
	[18, 19, 12, 19, 20, 2, 1, 20, 1, 1] => QQFieldElem[-1, -3//2, -3//2, -1],
	[18, 19, 12, 19, 17, 1, 1, 17, 1, 1] => QQFieldElem[0, 1//2, 0, 1//2],
	[18, 19, 12, 19, 19, 1, 1, 19, 1, 1] => QQFieldElem[0, 0, 0, 0],
	[18, 19, 12, 19, 11, 1, 1, 19, 1, 1] => QQFieldElem[0, 0, 0, 0],
	[18, 19, 12, 19, 20, 1, 1, 18, 1, 1] => QQFieldElem[-1//2, 0, 1//2, 0],
	[18, 19, 12, 19, 17, 1, 1, 11, 1, 1] => QQFieldElem[1//2, 0, 0, 1//2],
	[18, 19, 12, 19, 20, 1, 1, 20, 2, 1] => QQFieldElem[-1//2, -1, 0, -1])