Dict(
	[18, 17, 18, 17, 7, 1, 1, 11, 1, 1] => QQFieldElem[-11//5, 0, -7//5, -7//5],
	[18, 17, 18, 17, 19, 1, 1, 4, 1, 1] => QQFieldElem[5, 0, 3, 3],
	[18, 17, 18, 17, 11, 1, 1, 4, 1, 1] => QQFieldElem[18, 0, 11, 11],
	[18, 17, 18, 17, 3, 1, 1, 3, 1, 1] => QQFieldElem[20, 0, 12, 12],
	[18, 17, 18, 17, 4, 1, 1, 12, 1, 1] => QQFieldElem[0, 112//5, -64//5, 112//5],
	[18, 17, 18, 17, 18, 1, 1, 19, 1, 1] => QQFieldElem[22, 0, 14, 14],
	[18, 17, 18, 17, 2, 1, 1, 8, 1, 1] => QQFieldElem[-4, 0, -4, -4],
	[18, 17, 18, 17, 8, 1, 1, 4, 1, 1] => QQFieldElem[-8, 0, -5, -5],
	[18, 17, 18, 17, 11, 1, 1, 3, 1, 1] => QQFieldElem[18, 0, 11, 11],
	[18, 17, 18, 17, 2, 1, 1, 18, 1, 1] => QQFieldElem[4//5, 0, -2//5, -2//5],
	[18, 17, 18, 17, 19, 1, 1, 3, 1, 1] => QQFieldElem[8, 0, 5, 5],
	[18, 17, 18, 17, 7, 1, 1, 19, 1, 1] => QQFieldElem[6, 0, 4, 4],
	[18, 17, 18, 17, 18, 1, 1, 2, 1, 1] => QQFieldElem[0, 11//2, -7//2, 11//2],
	[18, 17, 18, 17, 8, 1, 1, 3, 1, 1] => QQFieldElem[-5, 0, -3, -3],
	[18, 17, 18, 17, 4, 1, 1, 20, 1, 1] => QQFieldElem[-16, 0, -8, -8],
	[18, 17, 18, 17, 7, 1, 1, 2, 1, 1] => QQFieldElem[0, 4, -5//2, 4],
	[18, 17, 18, 17, 18, 1, 1, 8, 1, 1] => QQFieldElem[-14, 0, -8, -8],
	[18, 17, 18, 17, 20, 1, 1, 7, 1, 1] => QQFieldElem[5, 0, 3, 3],
	[18, 17, 18, 17, 12, 1, 1, 7, 1, 1] => QQFieldElem[8, 0, 6, 6],
	[18, 17, 18, 17, 18, 1, 1, 18, 1, 1] => QQFieldElem[5, 0, 3, 3],
	[18, 17, 18, 17, 7, 1, 1, 8, 1, 1] => QQFieldElem[-6, 0, -4, -4],
	[18, 17, 18, 17, 7, 1, 1, 18, 1, 1] => QQFieldElem[4//5, 0, 3//5, 3//5],
	[18, 17, 18, 17, 3, 1, 1, 11, 1, 1] => QQFieldElem[24//5, 0, 8//5, 8//5],
	[18, 17, 18, 17, 20, 1, 1, 12, 1, 1] => QQFieldElem[0, 58//5, -36//5, 58//5],
	[18, 17, 18, 17, 12, 1, 1, 12, 1, 1] => QQFieldElem[0, 16, -12, 16],
	[18, 17, 18, 17, 4, 1, 1, 4, 1, 1] => QQFieldElem[20, 0, 12, 12],
	[18, 17, 18, 17, 19, 1, 1, 11, 1, 1] => QQFieldElem[11//5, 0, 7//5, 7//5],
	[18, 17, 18, 17, 11, 1, 1, 11, 1, 1] => QQFieldElem[7, 0, 4, 4],
	[18, 17, 18, 17, 3, 1, 1, 19, 1, 1] => QQFieldElem[-16, 0, -8, -8],
	[18, 17, 18, 17, 4, 1, 1, 3, 1, 1] => QQFieldElem[8, 0, 4, 4],
	[18, 17, 18, 17, 12, 1, 1, 20, 1, 1] => QQFieldElem[-8, 0, -6, -6],
	[18, 17, 18, 17, 20, 1, 1, 20, 1, 1] => QQFieldElem[-8, 0, -5, -5],
	[18, 17, 18, 17, 8, 1, 1, 11, 1, 1] => QQFieldElem[-11//5, 0, -7//5, -7//5],
	[18, 17, 18, 17, 19, 1, 1, 19, 1, 1] => QQFieldElem[-8, 0, -5, -5],
	[18, 17, 18, 17, 11, 1, 1, 19, 1, 1] => QQFieldElem[-18, 0, -11, -11],
	[18, 17, 18, 17, 3, 1, 1, 2, 1, 1] => QQFieldElem[0, -6, 4, -6],
	[18, 17, 18, 17, 8, 1, 1, 19, 1, 1] => QQFieldElem[5, 0, 3, 3],
	[18, 17, 18, 17, 19, 1, 1, 2, 1, 1] => QQFieldElem[0, -5//2, 3//2, -5//2],
	[18, 17, 18, 17, 11, 1, 1, 2, 1, 1] => QQFieldElem[0, -9, 11//2, -9],
	[18, 17, 18, 17, 3, 1, 1, 8, 1, 1] => QQFieldElem[8, 0, 8, 8],
	[18, 17, 18, 17, 3, 1, 1, 18, 1, 1] => QQFieldElem[-12//5, 0, -4//5, -4//5],
	[18, 17, 18, 17, 20, 1, 1, 4, 1, 1] => QQFieldElem[8, 0, 5, 5],
	[18, 17, 18, 17, 12, 1, 1, 4, 1, 1] => QQFieldElem[8, 0, 6, 6],
	[18, 17, 18, 17, 2, 1, 1, 7, 1, 1] => QQFieldElem[-4, 0, -4, -4],
	[18, 17, 18, 17, 8, 1, 1, 2, 1, 1] => QQFieldElem[0, 4, -5//2, 4],
	[18, 17, 18, 17, 19, 1, 1, 8, 1, 1] => QQFieldElem[5, 0, 3, 3],
	[18, 17, 18, 17, 11, 1, 1, 8, 1, 1] => QQFieldElem[18, 0, 11, 11],
	[18, 17, 18, 17, 19, 1, 1, 18, 1, 1] => QQFieldElem[-7//5, 0, -4//5, -4//5],
	[18, 17, 18, 17, 11, 1, 1, 18, 1, 1] => QQFieldElem[-3, 0, -2, -2],
	[18, 17, 18, 17, 2, 1, 1, 12, 1, 1] => QQFieldElem[0, -32//5, 24//5, -32//5],
	[18, 17, 18, 17, 12, 1, 1, 3, 1, 1] => QQFieldElem[8, 0, 6, 6],
	[18, 17, 18, 17, 20, 1, 1, 3, 1, 1] => QQFieldElem[5, 0, 3, 3],
	[18, 17, 18, 17, 4, 1, 1, 11, 1, 1] => QQFieldElem[24//5, 0, 8//5, 8//5],
	[18, 17, 18, 17, 8, 1, 1, 8, 1, 1] => QQFieldElem[-8, 0, -5, -5],
	[18, 17, 18, 17, 8, 1, 1, 18, 1, 1] => QQFieldElem[4//5, 0, 3//5, 3//5],
	[18, 17, 18, 17, 18, 1, 1, 7, 1, 1] => QQFieldElem[-14, 0, -8, -8],
	[18, 17, 18, 17, 2, 1, 1, 20, 1, 1] => QQFieldElem[4, 0, 0, 0],
	[18, 17, 18, 17, 7, 1, 1, 7, 1, 1] => QQFieldElem[-8, 0, -5, -5],
	[18, 17, 18, 17, 4, 1, 1, 19, 1, 1] => QQFieldElem[-8, 0, -8, -8],
	[18, 17, 18, 17, 18, 1, 1, 12, 1, 1] => QQFieldElem[0, -32, 20, -32],
	[18, 17, 18, 17, 7, 1, 1, 12, 1, 1] => QQFieldElem[0, -58//5, 36//5, -58//5],
	[18, 17, 18, 17, 4, 1, 1, 2, 1, 1] => QQFieldElem[0, -6, 4, -6],
	[18, 17, 18, 17, 18, 1, 1, 20, 1, 1] => QQFieldElem[22, 0, 14, 14],
	[18, 17, 18, 17, 20, 1, 1, 11, 1, 1] => QQFieldElem[11//5, 0, 7//5, 7//5],
	[18, 17, 18, 17, 12, 1, 1, 11, 1, 1] => QQFieldElem[4, 0, 0, 0],
	[18, 17, 18, 17, 2, 1, 1, 4, 1, 1] => QQFieldElem[-4, 0, -2, -2],
	[18, 17, 18, 17, 4, 1, 1, 8, 1, 1] => QQFieldElem[16, 0, 8, 8],
	[18, 17, 18, 17, 7, 1, 1, 20, 1, 1] => QQFieldElem[5, 0, 3, 3],
	[18, 17, 18, 17, 4, 1, 1, 18, 1, 1] => QQFieldElem[-12//5, 0, -4//5, -4//5],
	[18, 17, 18, 17, 2, 1, 1, 3, 1, 1] => QQFieldElem[-4, 0, -2, -2],
	[18, 17, 18, 17, 20, 1, 1, 19, 1, 1] => QQFieldElem[-6, 0, -4, -4],
	[18, 17, 18, 17, 12, 1, 1, 19, 1, 1] => QQFieldElem[-8, 0, -6, -6],
	[18, 17, 18, 17, 3, 1, 1, 7, 1, 1] => QQFieldElem[16, 0, 8, 8],
	[18, 17, 18, 17, 18, 1, 1, 4, 1, 1] => QQFieldElem[-18, 0, -11, -11],
	[18, 17, 18, 17, 20, 1, 1, 2, 1, 1] => QQFieldElem[0, -5//2, 3//2, -5//2],
	[18, 17, 18, 17, 12, 1, 1, 2, 1, 1] => QQFieldElem[0, -4, 3, -4],
	[18, 17, 18, 17, 19, 1, 1, 7, 1, 1] => QQFieldElem[6, 0, 4, 4],
	[18, 17, 18, 17, 11, 1, 1, 7, 1, 1] => QQFieldElem[18, 0, 11, 11],
	[18, 17, 18, 17, 7, 1, 1, 4, 1, 1] => QQFieldElem[-5, 0, -3, -3],
	[18, 17, 18, 17, 3, 1, 1, 12, 1, 1] => QQFieldElem[0, 112//5, -64//5, 112//5],
	[18, 17, 18, 17, 18, 1, 1, 3, 1, 1] => QQFieldElem[-18, 0, -11, -11],
	[18, 17, 18, 17, 20, 1, 1, 8, 1, 1] => QQFieldElem[6, 0, 4, 4],
	[18, 17, 18, 17, 19, 1, 1, 12, 1, 1] => QQFieldElem[0, 58//5, -36//5, 58//5],
	[18, 17, 18, 17, 8, 1, 1, 7, 1, 1] => QQFieldElem[-6, 0, -4, -4],
	[18, 17, 18, 17, 20, 1, 1, 18, 1, 1] => QQFieldElem[-7//5, 0, -4//5, -4//5],
	[18, 17, 18, 17, 12, 1, 1, 18, 1, 1] => QQFieldElem[-2, 0, 0, 0],
	[18, 17, 18, 17, 12, 1, 1, 8, 1, 1] => QQFieldElem[8, 0, 6, 6],
	[18, 17, 18, 17, 7, 1, 1, 3, 1, 1] => QQFieldElem[-8, 0, -5, -5],
	[18, 17, 18, 17, 11, 1, 1, 12, 1, 1] => QQFieldElem[0, 32, -20, 32],
	[18, 17, 18, 17, 3, 1, 1, 20, 1, 1] => QQFieldElem[-8, 0, -8, -8],
	[18, 17, 18, 17, 8, 1, 1, 12, 1, 1] => QQFieldElem[0, -58//5, 36//5, -58//5],
	[18, 17, 18, 17, 2, 1, 1, 11, 1, 1] => QQFieldElem[-4//5, 0, -8//5, -8//5],
	[18, 17, 18, 17, 19, 1, 1, 20, 1, 1] => QQFieldElem[-6, 0, -4, -4],
	[18, 17, 18, 17, 11, 1, 1, 20, 1, 1] => QQFieldElem[-18, 0, -11, -11],
	[18, 17, 18, 17, 8, 1, 1, 20, 1, 1] => QQFieldElem[6, 0, 4, 4],
	[18, 17, 18, 17, 2, 1, 1, 19, 1, 1] => QQFieldElem[4, 0, 0, 0],
	[18, 17, 18, 17, 3, 1, 1, 4, 1, 1] => QQFieldElem[8, 0, 4, 4],
	[18, 17, 18, 17, 18, 1, 1, 11, 1, 1] => QQFieldElem[-6, 0, -4, -4],
	[18, 17, 18, 17, 4, 1, 1, 7, 1, 1] => QQFieldElem[8, 0, 8, 8],
	[18, 17, 18, 17, 2, 1, 1, 2, 1, 1] => QQFieldElem[0, 3, -2, 3])