Dict(
	[18, 13, 21, 12, 12, 1, 1, 22, 1, 1] => QQFieldElem[6, -2, 4, 2],
	[18, 13, 21, 12, 20, 1, 1, 16, 1, 1] => QQFieldElem[-5//2, -2, -1//2, -7//2],
	[18, 13, 21, 12, 20, 1, 2, 16, 1, 1] => QQFieldElem[-1//2, -1, -1//2, -1//2],
	[18, 13, 21, 12, 12, 1, 1, 9, 1, 1] => QQFieldElem[-8, -16, 4, -20],
	[18, 13, 21, 12, 19, 1, 1, 13, 1, 1] => QQFieldElem[8//5, 1//5, 4//5, 7//5],
	[18, 13, 21, 12, 20, 1, 1, 22, 1, 1] => QQFieldElem[-1, 3//2, -3//2, 3//2],
	[18, 13, 21, 12, 12, 1, 1, 16, 1, 1] => QQFieldElem[2, 4, 0, 4],
	[18, 13, 21, 12, 18, 1, 1, 15, 1, 1] => QQFieldElem[1//11, -21//22, -2//11, -7//22],
	[18, 13, 21, 12, 19, 1, 1, 15, 1, 1] => QQFieldElem[10//11, 5//11, 2//11, 9//11],
	[18, 13, 21, 12, 18, 1, 1, 21, 1, 1] => QQFieldElem[-1, -1, -1, -1],
	[18, 13, 21, 12, 18, 1, 1, 9, 1, 1] => QQFieldElem[-6, -1, -3, -5],
	[18, 13, 21, 12, 19, 1, 1, 21, 1, 1] => QQFieldElem[0, 0, 0, 0],
	[18, 13, 21, 12, 18, 1, 1, 22, 1, 1] => QQFieldElem[-1, -3//2, -1//2, -2],
	[18, 13, 21, 12, 18, 1, 1, 16, 1, 1] => QQFieldElem[1, 0, 1//2, 1],
	[18, 13, 21, 12, 19, 1, 1, 9, 1, 1] => QQFieldElem[0, -4, 2, -4],
	[18, 13, 21, 12, 19, 1, 1, 22, 1, 1] => QQFieldElem[2, 0, 1, 1],
	[18, 13, 21, 12, 17, 1, 1, 13, 1, 1] => QQFieldElem[-4//5, -1//10, -2//5, -7//10],
	[18, 13, 21, 12, 19, 1, 1, 16, 1, 1] => QQFieldElem[0, 1, -1, 1],
	[18, 13, 21, 12, 17, 1, 1, 15, 1, 1] => QQFieldElem[-1//11, -1//22, 2//11, 7//22],
	[18, 13, 21, 12, 20, 1, 2, 13, 1, 1] => QQFieldElem[1, 0, 1//2, 1//2],
	[18, 13, 21, 12, 20, 1, 1, 13, 1, 1] => QQFieldElem[-6//5, 3//5, -11//10, -3//10],
	[18, 13, 21, 12, 12, 1, 1, 13, 1, 1] => QQFieldElem[4, 0, 2, 2],
	[18, 13, 21, 12, 17, 1, 1, 21, 1, 1] => QQFieldElem[1//5, -3//5, 3//5, -1//5],
	[18, 13, 21, 12, 20, 1, 2, 15, 1, 1] => QQFieldElem[-1//11, 5//11, 15//22, 7//22],
	[18, 13, 21, 12, 20, 1, 1, 15, 1, 1] => QQFieldElem[-2, 0, -3//2, -3//2],
	[18, 13, 21, 12, 12, 1, 1, 15, 1, 1] => QQFieldElem[24//11, 12//11, 18//11, 26//11],
	[18, 13, 21, 12, 17, 1, 1, 9, 1, 1] => QQFieldElem[0, -1, 1, -1],
	[18, 13, 21, 12, 17, 1, 1, 22, 1, 1] => QQFieldElem[-1, -1//2, -1//2, -1],
	[18, 13, 21, 12, 17, 1, 1, 16, 1, 1] => QQFieldElem[0, 0, -1//2, 0],
	[18, 13, 21, 12, 20, 1, 2, 21, 1, 1] => QQFieldElem[0, 0, -1, 0],
	[18, 13, 21, 12, 20, 1, 1, 21, 1, 1] => QQFieldElem[2//5, 4//5, 1//5, 8//5],
	[18, 13, 21, 12, 12, 1, 1, 21, 1, 1] => QQFieldElem[0, 0, 0, 0],
	[18, 13, 21, 12, 20, 1, 2, 9, 1, 1] => QQFieldElem[0, 0, -1, 1],
	[18, 13, 21, 12, 20, 1, 2, 22, 1, 1] => QQFieldElem[1, 1//2, 1//2, 1//2],
	[18, 13, 21, 12, 20, 1, 1, 9, 1, 1] => QQFieldElem[8, 6, 1, 11],
	[18, 13, 21, 12, 18, 1, 1, 13, 1, 1] => QQFieldElem[0, -1//2, 0, -1//2])