Dict(
	[18, 18, 11, 19, 20, 1, 1, 17, 1, 1] => QQFieldElem[0, -6//5, 2//5, -6//5],
	[18, 18, 11, 19, 17, 1, 1, 7, 1, 1] => QQFieldElem[2//5, 2//5, 0, 1//5],
	[18, 18, 11, 19, 18, 1, 1, 20, 1, 1] => QQFieldElem[6, 2, 2, 6],
	[18, 18, 11, 19, 20, 2, 1, 17, 1, 1] => QQFieldElem[0, 0, 0, 0],
	[18, 18, 11, 19, 17, 1, 1, 5, 1, 1] => QQFieldElem[2, 0, 1, 1],
	[18, 18, 11, 19, 19, 1, 1, 20, 1, 1] => QQFieldElem[2, 0, 2, 1],
	[18, 18, 11, 19, 11, 1, 1, 20, 1, 1] => QQFieldElem[4, 0, 4, 4],
	[18, 18, 11, 19, 20, 1, 1, 7, 1, 1] => QQFieldElem[-1//5, -1//5, 0, -3//5],
	[18, 18, 11, 19, 17, 1, 1, 19, 1, 1] => QQFieldElem[-8//5, -2//5, -2//5, -8//5],
	[18, 18, 11, 19, 17, 1, 1, 12, 1, 1] => QQFieldElem[-2//5, -2//5, 0, -1//5],
	[18, 18, 11, 19, 20, 1, 1, 5, 1, 1] => QQFieldElem[-1, 0, -1, -1],
	[18, 18, 11, 19, 20, 2, 1, 7, 1, 1] => QQFieldElem[-1//5, 3//5, 2//5, 1//5],
	[18, 18, 11, 19, 18, 1, 1, 17, 1, 1] => QQFieldElem[-16//5, -12//5, -8//5, -24//5],
	[18, 18, 11, 19, 20, 2, 1, 5, 1, 1] => QQFieldElem[0, 0, 0, 0],
	[18, 18, 11, 19, 20, 1, 1, 19, 1, 1] => QQFieldElem[8//5, 2//5, 2//5, 8//5],
	[18, 18, 11, 19, 19, 1, 1, 17, 1, 1] => QQFieldElem[0, 0, 0, 0],
	[18, 18, 11, 19, 11, 1, 1, 17, 1, 1] => QQFieldElem[-48//5, -16//5, -24//5, -32//5],
	[18, 18, 11, 19, 20, 1, 1, 12, 1, 1] => QQFieldElem[1//5, 1//5, 0, 3//5],
	[18, 18, 11, 19, 20, 2, 1, 19, 1, 1] => QQFieldElem[0, 0, 0, 0],
	[18, 18, 11, 19, 20, 2, 1, 12, 1, 1] => QQFieldElem[-1//5, 3//5, 2//5, 1//5],
	[18, 18, 11, 19, 17, 1, 1, 20, 1, 1] => QQFieldElem[-3//5, -6//5, 1//5, -7//5],
	[18, 18, 11, 19, 18, 1, 1, 7, 1, 1] => QQFieldElem[-4//5, 2//5, -2//5, -6//5],
	[18, 18, 11, 19, 18, 1, 1, 5, 1, 1] => QQFieldElem[-2, 2, -2, 2],
	[18, 18, 11, 19, 11, 1, 1, 7, 1, 1] => QQFieldElem[-4//5, 12//5, 8//5, 4//5],
	[18, 18, 11, 19, 19, 1, 1, 7, 1, 1] => QQFieldElem[1, 0, 1, 1],
	[18, 18, 11, 19, 20, 1, 1, 20, 1, 1] => QQFieldElem[3//5, 6//5, -1//5, 7//5],
	[18, 18, 11, 19, 19, 1, 1, 5, 1, 1] => QQFieldElem[0, 0, 0, 0],
	[18, 18, 11, 19, 11, 1, 1, 5, 1, 1] => QQFieldElem[0, 0, -4, 4],
	[18, 18, 11, 19, 18, 1, 1, 19, 1, 1] => QQFieldElem[28//5, -4//5, 24//5, 12//5],
	[18, 18, 11, 19, 18, 1, 1, 12, 1, 1] => QQFieldElem[4//5, -2//5, 2//5, 6//5],
	[18, 18, 11, 19, 17, 1, 1, 17, 1, 1] => QQFieldElem[0, 6//5, -2//5, 6//5],
	[18, 18, 11, 19, 20, 2, 1, 20, 1, 1] => QQFieldElem[-1, 0, -1, 0],
	[18, 18, 11, 19, 19, 1, 1, 19, 1, 1] => QQFieldElem[0, 0, 0, 0],
	[18, 18, 11, 19, 19, 1, 1, 12, 1, 1] => QQFieldElem[1, 0, 1, 1],
	[18, 18, 11, 19, 11, 1, 1, 12, 1, 1] => QQFieldElem[4//5, -12//5, -8//5, -4//5],
	[18, 18, 11, 19, 11, 1, 1, 19, 1, 1] => QQFieldElem[16//5, -8//5, 8//5, -16//5])