Dict(
	[19, 16, 14, 19, 3, 1, 1, 22, 2, 2] => QQFieldElem[6, 4, 4, 6],
	[19, 16, 14, 19, 2, 1, 1, 21, 2, 1] => QQFieldElem[-1//2, 0, -1//2, -1//2],
	[19, 16, 14, 19, 2, 1, 1, 22, 2, 1] => QQFieldElem[0, 0, 0, 0],
	[19, 16, 14, 19, 7, 2, 1, 13, 1, 1] => QQFieldElem[0, 1//4, -1//4, 1//4],
	[19, 16, 14, 19, 18, 1, 1, 21, 1, 1] => QQFieldElem[7//10, -1//10, 3//5, 3//10],
	[19, 16, 14, 19, 5, 1, 1, 21, 1, 1] => QQFieldElem[6, 6, 4, 4],
	[19, 16, 14, 19, 17, 1, 1, 21, 1, 2] => QQFieldElem[1, -2, 2, -1],
	[19, 16, 14, 19, 18, 1, 1, 22, 1, 1] => QQFieldElem[0, -1, 1, -1],
	[19, 16, 14, 19, 5, 1, 1, 22, 1, 1] => QQFieldElem[24, 16, 8, 32],
	[19, 16, 14, 19, 17, 1, 1, 22, 1, 2] => QQFieldElem[4, 4, 0, 6],
	[19, 16, 14, 19, 7, 1, 1, 21, 1, 1] => QQFieldElem[2, 2, 0, 0],
	[19, 16, 14, 19, 7, 1, 1, 22, 1, 1] => QQFieldElem[-24//5, -8//5, 8//5, -16//5],
	[19, 16, 14, 19, 18, 1, 1, 21, 2, 1] => QQFieldElem[-1//5, 7//20, -7//20, 1//5],
	[19, 16, 14, 19, 5, 1, 1, 21, 2, 1] => QQFieldElem[-1, -1, -1, 0],
	[19, 16, 14, 19, 17, 1, 1, 21, 2, 2] => QQFieldElem[1, 0, 1//2, 1],
	[19, 16, 14, 19, 18, 1, 1, 22, 2, 1] => QQFieldElem[3//2, 1//2, 1//2, 3//2],
	[19, 16, 14, 19, 5, 1, 1, 22, 2, 1] => QQFieldElem[-28//5, -16//5, -14//5, -32//5],
	[19, 16, 14, 19, 17, 1, 1, 22, 2, 2] => QQFieldElem[1, 0, 1, -1],
	[19, 16, 14, 19, 7, 1, 1, 21, 2, 1] => QQFieldElem[-1, 0, 0, -1],
	[19, 16, 14, 19, 20, 1, 1, 13, 1, 1] => QQFieldElem[0, -1, 1//2, -1],
	[19, 16, 14, 19, 7, 1, 1, 22, 2, 1] => QQFieldElem[8//5, 6//5, 4//5, 12//5],
	[19, 16, 14, 19, 2, 1, 1, 15, 1, 1] => QQFieldElem[4//5, -7//5, 7//5, -4//5],
	[19, 16, 14, 19, 4, 1, 1, 21, 1, 2] => QQFieldElem[0, 0, 0, 0],
	[19, 16, 14, 19, 4, 1, 1, 22, 1, 2] => QQFieldElem[8//5, 0, 6//5, 6//5],
	[19, 16, 14, 19, 20, 2, 1, 21, 1, 1] => QQFieldElem[3, 2, 1, 4],
	[19, 16, 14, 19, 4, 1, 1, 21, 2, 2] => QQFieldElem[0, 0, 0, 0],
	[19, 16, 14, 19, 20, 2, 1, 22, 1, 1] => QQFieldElem[0, 1, 0, 1],
	[19, 16, 14, 19, 7, 2, 1, 21, 1, 2] => QQFieldElem[1//5, -7//20, 7//20, -1//5],
	[19, 16, 14, 19, 18, 1, 1, 15, 1, 1] => QQFieldElem[6, 1, 3, 4],
	[19, 16, 14, 19, 4, 1, 1, 22, 2, 2] => QQFieldElem[-8//5, 0, -6//5, -6//5],
	[19, 16, 14, 19, 5, 1, 1, 15, 1, 1] => QQFieldElem[8, -1, 5, 4],
	[19, 16, 14, 19, 7, 2, 1, 22, 1, 2] => QQFieldElem[3//2, 1//2, 1//2, 3//2],
	[19, 16, 14, 19, 3, 1, 1, 21, 1, 1] => QQFieldElem[-2, 0, -1, -2],
	[19, 16, 14, 19, 20, 2, 1, 21, 2, 1] => QQFieldElem[-1, 0, -1//2, -1//2],
	[19, 16, 14, 19, 3, 1, 1, 22, 1, 1] => QQFieldElem[2, 2, 0, 6],
	[19, 16, 14, 19, 7, 1, 1, 15, 1, 1] => QQFieldElem[6, -7, 8, -3],
	[19, 16, 14, 19, 20, 2, 1, 22, 2, 1] => QQFieldElem[-2//5, -3//10, -1//5, -3//5],
	[19, 16, 14, 19, 7, 2, 1, 21, 2, 2] => QQFieldElem[2, 0, 3//2, 1],
	[19, 16, 14, 19, 7, 2, 1, 22, 2, 2] => QQFieldElem[3, 4, 1, 5],
	[19, 16, 14, 19, 3, 1, 1, 21, 2, 1] => QQFieldElem[1//2, 0, 1//2, 1//2],
	[19, 16, 14, 19, 3, 1, 1, 22, 2, 1] => QQFieldElem[-2, 0, -1, -2],
	[19, 16, 14, 19, 20, 1, 1, 21, 1, 2] => QQFieldElem[4, -4, 2, -2],
	[19, 16, 14, 19, 2, 1, 1, 13, 1, 1] => QQFieldElem[0, -1//2, 1//4, -1//2],
	[19, 16, 14, 19, 20, 1, 1, 22, 1, 2] => QQFieldElem[2, 4, 4, 4],
	[19, 16, 14, 19, 20, 1, 1, 21, 2, 2] => QQFieldElem[3, 0, 2, 2],
	[19, 16, 14, 19, 17, 1, 1, 21, 1, 1] => QQFieldElem[3//2, -3//2, 2, -1//2],
	[19, 16, 14, 19, 20, 1, 1, 22, 2, 2] => QQFieldElem[-2//5, 1//5, -1//5, 2//5],
	[19, 16, 14, 19, 17, 1, 1, 22, 1, 1] => QQFieldElem[6, 3, 1, 7],
	[19, 16, 14, 19, 20, 2, 1, 15, 1, 1] => QQFieldElem[-4//5, 7//5, -7//5, 4//5],
	[19, 16, 14, 19, 17, 1, 1, 21, 2, 1] => QQFieldElem[-1//5, 7//20, -7//20, 1//5],
	[19, 16, 14, 19, 18, 1, 1, 13, 1, 1] => QQFieldElem[3//2, -1//2, 1, 1//2],
	[19, 16, 14, 19, 5, 1, 1, 13, 1, 1] => QQFieldElem[3//2, -1//2, 1, 1//2],
	[19, 16, 14, 19, 17, 1, 1, 22, 2, 1] => QQFieldElem[-3//2, -1//2, -1//2, -3//2],
	[19, 16, 14, 19, 3, 1, 1, 15, 1, 1] => QQFieldElem[4//5, -7//5, 7//5, -4//5],
	[19, 16, 14, 19, 7, 1, 1, 13, 1, 1] => QQFieldElem[0, -2, 3//2, -2],
	[19, 16, 14, 19, 4, 1, 1, 21, 1, 1] => QQFieldElem[0, 0, -1, 0],
	[19, 16, 14, 19, 4, 1, 1, 22, 1, 1] => QQFieldElem[6, -2, 4, 2],
	[19, 16, 14, 19, 2, 1, 1, 21, 1, 2] => QQFieldElem[4, 0, -2, 8],
	[19, 16, 14, 19, 4, 1, 1, 21, 2, 1] => QQFieldElem[-1//2, 0, -1//2, -1//2],
	[19, 16, 14, 19, 7, 2, 1, 21, 1, 1] => QQFieldElem[1, 1, -1, 0],
	[19, 16, 14, 19, 2, 1, 1, 22, 1, 2] => QQFieldElem[0, 0, 0, 0],
	[19, 16, 14, 19, 4, 1, 1, 22, 2, 1] => QQFieldElem[2, 0, 1, 2],
	[19, 16, 14, 19, 7, 2, 1, 22, 1, 1] => QQFieldElem[4//5, 8//5, 2//5, 16//5],
	[19, 16, 14, 19, 17, 1, 1, 15, 1, 1] => QQFieldElem[-2, -6, 2, -8],
	[19, 16, 14, 19, 2, 1, 1, 21, 2, 2] => QQFieldElem[-1, 1, 1, -1],
	[19, 16, 14, 19, 20, 2, 1, 13, 1, 1] => QQFieldElem[0, 1//4, -1//4, 1//4],
	[19, 16, 14, 19, 7, 2, 1, 21, 2, 1] => QQFieldElem[0, 0, 0, 0],
	[19, 16, 14, 19, 2, 1, 1, 22, 2, 2] => QQFieldElem[6, 4, 4, 6],
	[19, 16, 14, 19, 7, 2, 1, 22, 2, 1] => QQFieldElem[-2, 0, -1, -1],
	[19, 16, 14, 19, 18, 1, 1, 21, 1, 2] => QQFieldElem[3//2, 0, 1, 1],
	[19, 16, 14, 19, 5, 1, 1, 21, 1, 2] => QQFieldElem[-1, 0, 0, -1],
	[19, 16, 14, 19, 3, 1, 1, 13, 1, 1] => QQFieldElem[0, -1//2, 1//4, -1//2],
	[19, 16, 14, 19, 20, 1, 1, 21, 1, 1] => QQFieldElem[-20, -12, -6, -22],
	[19, 16, 14, 19, 18, 1, 1, 22, 1, 2] => QQFieldElem[-2//5, -3//10, -1//5, -3//5],
	[19, 16, 14, 19, 5, 1, 1, 22, 1, 2] => QQFieldElem[-48//5, -6//5, -24//5, -32//5],
	[19, 16, 14, 19, 20, 1, 1, 22, 1, 1] => QQFieldElem[-2, -4, 0, -4],
	[19, 16, 14, 19, 7, 1, 1, 21, 1, 2] => QQFieldElem[1//5, -7//20, 7//20, -1//5],
	[19, 16, 14, 19, 18, 1, 1, 21, 2, 2] => QQFieldElem[3//2, 0, 1, 1],
	[19, 16, 14, 19, 7, 1, 1, 22, 1, 2] => QQFieldElem[-3//2, -1//2, -1//2, -3//2],
	[19, 16, 14, 19, 4, 1, 1, 15, 1, 1] => QQFieldElem[-42, 2, -26, -24],
	[19, 16, 14, 19, 5, 1, 1, 21, 2, 2] => QQFieldElem[0, 0, 0, 0],
	[19, 16, 14, 19, 20, 1, 1, 21, 2, 1] => QQFieldElem[7, 0, 4, 4],
	[19, 16, 14, 19, 18, 1, 1, 22, 2, 2] => QQFieldElem[2//5, 3//10, 1//5, 3//5],
	[19, 16, 14, 19, 5, 1, 1, 22, 2, 2] => QQFieldElem[2, 0, 1, 1],
	[19, 16, 14, 19, 20, 1, 1, 22, 2, 1] => QQFieldElem[2, 1, 1, 2],
	[19, 16, 14, 19, 7, 1, 1, 21, 2, 2] => QQFieldElem[-9, 0, -6, -5],
	[19, 16, 14, 19, 7, 1, 1, 22, 2, 2] => QQFieldElem[-8, -20, 0, -22],
	[19, 16, 14, 19, 7, 2, 1, 15, 1, 1] => QQFieldElem[-4//5, 7//5, -7//5, 4//5],
	[19, 16, 14, 19, 17, 1, 1, 13, 1, 1] => QQFieldElem[-1, -5, 1, -5],
	[19, 16, 14, 19, 20, 2, 1, 21, 1, 2] => QQFieldElem[3, 2, 1, 4],
	[19, 16, 14, 19, 20, 2, 1, 22, 1, 2] => QQFieldElem[2, 1, 2, 1],
	[19, 16, 14, 19, 20, 1, 1, 15, 1, 1] => QQFieldElem[14//5, -7//5, 12//5, 1//5],
	[19, 16, 14, 19, 3, 1, 1, 21, 1, 2] => QQFieldElem[-4, 0, -2, -4],
	[19, 16, 14, 19, 20, 2, 1, 21, 2, 2] => QQFieldElem[-1, 0, -1//2, -1//2],
	[19, 16, 14, 19, 3, 1, 1, 22, 1, 2] => QQFieldElem[-8, -8, 0, -24],
	[19, 16, 14, 19, 2, 1, 1, 21, 1, 1] => QQFieldElem[1//2, 0, 1//2, 1//2],
	[19, 16, 14, 19, 20, 2, 1, 22, 2, 2] => QQFieldElem[2//5, 3//10, 1//5, 3//5],
	[19, 16, 14, 19, 2, 1, 1, 22, 1, 1] => QQFieldElem[0, 0, 0, 0],
	[19, 16, 14, 19, 4, 1, 1, 13, 1, 1] => QQFieldElem[-7, 3, -5, -1],
	[19, 16, 14, 19, 3, 1, 1, 21, 2, 2] => QQFieldElem[1, 1, -1, -1])