Dict(
	[19, 16, 12, 16, 22, 2, 1, 21, 2, 1] => QQFieldElem[0, 0, -1//2, 1//2],
	[19, 16, 12, 16, 21, 1, 1, 21, 2, 1] => QQFieldElem[-1, 0, 1, -1//2],
	[19, 16, 12, 16, 22, 2, 1, 22, 2, 1] => QQFieldElem[1//5, 2//5, -9//10, 3//10],
	[19, 16, 12, 16, 21, 1, 1, 22, 2, 1] => QQFieldElem[0, -1, 0, -3//2],
	[19, 16, 12, 16, 21, 2, 1, 21, 2, 1] => QQFieldElem[1, 0, 1, 1//2],
	[19, 16, 12, 16, 13, 1, 1, 13, 1, 1] => QQFieldElem[-4//11, -15//22, 5//22, -8//11],
	[19, 16, 12, 16, 21, 2, 1, 22, 2, 1] => QQFieldElem[4//5, 3//5, 2//5, 7//10],
	[19, 16, 12, 16, 13, 1, 1, 15, 1, 1] => QQFieldElem[0, -1//2, -1//2, 1],
	[19, 16, 12, 16, 15, 1, 1, 13, 1, 1] => QQFieldElem[3//11, 3//22, -1//22, 6//11],
	[19, 16, 12, 16, 13, 1, 1, 21, 1, 1] => QQFieldElem[-8//5, -6//5, -14//5, -2//5],
	[19, 16, 12, 16, 22, 1, 1, 13, 1, 1] => QQFieldElem[17//11, -8//11, 10//11, 1//11],
	[19, 16, 12, 16, 15, 1, 1, 15, 1, 1] => QQFieldElem[1, 1//2, 1//2, 1],
	[19, 16, 12, 16, 13, 1, 1, 22, 1, 1] => QQFieldElem[0, 0, 0, 0],
	[19, 16, 12, 16, 22, 2, 1, 13, 1, 1] => QQFieldElem[3//22, 7//22, -3//11, 3//11],
	[19, 16, 12, 16, 21, 1, 1, 13, 1, 1] => QQFieldElem[23//11, 6//11, -2//11, 13//11],
	[19, 16, 12, 16, 22, 1, 1, 15, 1, 1] => QQFieldElem[-3, -4, -2, -1],
	[19, 16, 12, 16, 15, 1, 1, 21, 1, 1] => QQFieldElem[-2, -4, -4, 0],
	[19, 16, 12, 16, 21, 2, 1, 13, 1, 1] => QQFieldElem[-17//22, -3//22, -5//11, -6//11],
	[19, 16, 12, 16, 13, 1, 1, 21, 2, 1] => QQFieldElem[0, 0, 0, 0],
	[19, 16, 12, 16, 22, 2, 1, 15, 1, 1] => QQFieldElem[-1//2, -1//2, 0, -1],
	[19, 16, 12, 16, 21, 1, 1, 15, 1, 1] => QQFieldElem[3, 2, 2, 3],
	[19, 16, 12, 16, 15, 1, 1, 22, 1, 1] => QQFieldElem[-2, 0, -4, -4],
	[19, 16, 12, 16, 22, 1, 1, 21, 1, 1] => QQFieldElem[3, 2, 4, 1],
	[19, 16, 12, 16, 13, 1, 1, 22, 2, 1] => QQFieldElem[-4//5, 2//5, -2//5, -6//5],
	[19, 16, 12, 16, 21, 2, 1, 15, 1, 1] => QQFieldElem[-1//2, 1//2, 0, 0],
	[19, 16, 12, 16, 22, 1, 1, 22, 1, 1] => QQFieldElem[3, 2, 2, 3],
	[19, 16, 12, 16, 22, 2, 1, 21, 1, 1] => QQFieldElem[0, 0, -1//2, 1//2],
	[19, 16, 12, 16, 21, 1, 1, 21, 1, 1] => QQFieldElem[2, 4, 4, 0],
	[19, 16, 12, 16, 15, 1, 1, 21, 2, 1] => QQFieldElem[-1//5, -2//5, -3//5, -4//5],
	[19, 16, 12, 16, 22, 2, 1, 22, 1, 1] => QQFieldElem[-1, 0, -1//2, -1//2],
	[19, 16, 12, 16, 21, 1, 1, 22, 1, 1] => QQFieldElem[2, 0, -4, -4],
	[19, 16, 12, 16, 15, 1, 1, 22, 2, 1] => QQFieldElem[1, 0, 1, 0],
	[19, 16, 12, 16, 22, 1, 1, 21, 2, 1] => QQFieldElem[-1, -4, -4, -1],
	[19, 16, 12, 16, 21, 2, 1, 21, 1, 1] => QQFieldElem[1, 0, 1, 0],
	[19, 16, 12, 16, 21, 2, 1, 22, 1, 1] => QQFieldElem[-1//5, -2//5, -3//5, -4//5],
	[19, 16, 12, 16, 22, 1, 1, 22, 2, 1] => QQFieldElem[3, 0, 2, 1])