Dict(
	[19, 21, 11, 21, 15, 1, 1, 9, 1, 1] => QQFieldElem[5//2, -1//2, 2, 1],
	[19, 21, 11, 21, 13, 1, 1, 10, 1, 1] => QQFieldElem[5//2, 3//2, 1//2, 3],
	[19, 21, 11, 21, 21, 1, 1, 15, 1, 1] => QQFieldElem[-4, -7//4, -3//4, -19//4],
	[19, 21, 11, 21, 15, 1, 1, 22, 1, 1] => QQFieldElem[-1//2, 0, -1//2, -1//2],
	[19, 21, 11, 21, 14, 1, 1, 15, 1, 1] => QQFieldElem[1//4, -1//2, 1//4, 0],
	[19, 21, 11, 21, 16, 2, 1, 15, 1, 1] => QQFieldElem[-1, 0, -1, -1],
	[19, 21, 11, 21, 15, 1, 1, 21, 2, 1] => QQFieldElem[-2, -2, 0, -2],
	[19, 21, 11, 21, 10, 1, 1, 14, 1, 1] => QQFieldElem[-51//220, 19//110, -29//110, 3//110],
	[19, 21, 11, 21, 22, 2, 1, 16, 1, 1] => QQFieldElem[2, 7//2, -1//2, 5],
	[19, 21, 11, 21, 21, 1, 1, 16, 1, 1] => QQFieldElem[-1//2, -1, 0, -1],
	[19, 21, 11, 21, 10, 1, 1, 13, 1, 1] => QQFieldElem[-2, -2, -2, -4],
	[19, 21, 11, 21, 15, 1, 1, 22, 2, 1] => QQFieldElem[0, 0, 0, 0],
	[19, 21, 11, 21, 22, 1, 1, 10, 1, 1] => QQFieldElem[-1//4, -4, 5//2, -9//2],
	[19, 21, 11, 21, 14, 1, 1, 16, 1, 1] => QQFieldElem[-5//4, 0, -3//4, -3//4],
	[19, 21, 11, 21, 16, 2, 1, 16, 1, 1] => QQFieldElem[2, -2, 4, -2],
	[19, 21, 11, 21, 10, 1, 1, 14, 2, 1] => QQFieldElem[-19//44, -5//22, -5//44, -23//44],
	[19, 21, 11, 21, 22, 2, 1, 16, 2, 1] => QQFieldElem[3, 5//2, 1//2, 4],
	[19, 21, 11, 21, 16, 1, 1, 10, 1, 1] => QQFieldElem[11//4, 1, 5//4, 5//2],
	[19, 21, 11, 21, 21, 1, 1, 16, 2, 1] => QQFieldElem[-11//4, -1//4, -3//2, -7//4],
	[19, 21, 11, 21, 21, 2, 1, 10, 1, 1] => QQFieldElem[3//2, -1//2, 3//2, 0],
	[19, 21, 11, 21, 14, 1, 1, 16, 2, 1] => QQFieldElem[11//8, -7//8, 11//8, 0],
	[19, 21, 11, 21, 16, 2, 1, 16, 2, 1] => QQFieldElem[7//4, -1//4, 3//2, 3//4],
	[19, 21, 11, 21, 14, 2, 1, 10, 1, 1] => QQFieldElem[5//2, 3//2, 1//2, 3],
	[19, 21, 11, 21, 9, 1, 1, 10, 1, 1] => QQFieldElem[4, 0, 2, 4],
	[19, 21, 11, 21, 13, 1, 1, 21, 1, 1] => QQFieldElem[1//5, 1//5, 0, 3//5],
	[19, 21, 11, 21, 21, 1, 1, 14, 1, 1] => QQFieldElem[-31//22, 4//11, -9//11, -4//11],
	[19, 21, 11, 21, 22, 2, 1, 14, 1, 1] => QQFieldElem[6//11, 37//22, -9//22, 20//11],
	[19, 21, 11, 21, 15, 1, 1, 15, 1, 1] => QQFieldElem[-2, 0, -1, -1],
	[19, 21, 11, 21, 13, 1, 1, 22, 1, 1] => QQFieldElem[-1//5, 3//5, 2//5, 1//5],
	[19, 21, 11, 21, 13, 1, 1, 9, 1, 1] => QQFieldElem[1//2, 1//2, 0, 1],
	[19, 21, 11, 21, 22, 2, 1, 13, 1, 1] => QQFieldElem[4, 0, 3, 3],
	[19, 21, 11, 21, 21, 1, 1, 13, 1, 1] => QQFieldElem[0, -3//4, 1//4, -3//4],
	[19, 21, 11, 21, 14, 1, 1, 14, 1, 1] => QQFieldElem[0, 0, 0, 0],
	[19, 21, 11, 21, 16, 2, 1, 14, 1, 1] => QQFieldElem[-30//11, -10//11, -16//11, -34//11],
	[19, 21, 11, 21, 13, 1, 1, 21, 2, 1] => QQFieldElem[0, 0, 0, 0],
	[19, 21, 11, 21, 22, 2, 1, 14, 2, 1] => QQFieldElem[41//11, -13//22, 65//22, 23//11],
	[19, 21, 11, 21, 14, 1, 1, 13, 1, 1] => QQFieldElem[-3//4, -1, 1//4, -1],
	[19, 21, 11, 21, 16, 2, 1, 13, 1, 1] => QQFieldElem[0, 0, 0, 0],
	[19, 21, 11, 21, 21, 1, 1, 14, 2, 1] => QQFieldElem[-7//4, 1//4, -3//2, -3//4],
	[19, 21, 11, 21, 22, 1, 1, 21, 1, 1] => QQFieldElem[-2, -5//4, -3//4, -9//4],
	[19, 21, 11, 21, 15, 1, 1, 16, 1, 1] => QQFieldElem[5//8, 3//8, 1//8, 3//4],
	[19, 21, 11, 21, 13, 1, 1, 22, 2, 1] => QQFieldElem[6//5, 6//5, 0, 8//5],
	[19, 21, 11, 21, 22, 1, 1, 9, 1, 1] => QQFieldElem[0, -5//2, 5//4, -5//2],
	[19, 21, 11, 21, 14, 1, 1, 14, 2, 1] => QQFieldElem[1//88, 15//88, -9//88, 9//44],
	[19, 21, 11, 21, 22, 1, 1, 22, 1, 1] => QQFieldElem[-1//2, -1//4, 1//4, -3//4],
	[19, 21, 11, 21, 16, 2, 1, 14, 2, 1] => QQFieldElem[-47//44, -45//44, -3//22, -87//44],
	[19, 21, 11, 21, 16, 1, 1, 21, 1, 1] => QQFieldElem[2//5, 4//5, 6//5, 18//5],
	[19, 21, 11, 21, 21, 2, 1, 21, 1, 1] => QQFieldElem[-1, 0, -1//2, -1//2],
	[19, 21, 11, 21, 16, 1, 1, 9, 1, 1] => QQFieldElem[-7//4, -7//4, 0, -11//4],
	[19, 21, 11, 21, 15, 1, 1, 16, 2, 1] => QQFieldElem[3//4, 0, 1//2, 1//2],
	[19, 21, 11, 21, 22, 1, 1, 21, 2, 1] => QQFieldElem[3, 1//4, 7//4, 5//4],
	[19, 21, 11, 21, 16, 1, 1, 22, 1, 1] => QQFieldElem[-2//5, -4//5, -6//5, 2//5],
	[19, 21, 11, 21, 21, 2, 1, 22, 1, 1] => QQFieldElem[-2//5, 0, -3//10, -3//10],
	[19, 21, 11, 21, 22, 1, 1, 22, 2, 1] => QQFieldElem[5//2, 5//4, 3//4, 11//4],
	[19, 21, 11, 21, 21, 2, 1, 9, 1, 1] => QQFieldElem[-11//2, 3//2, -4, -2],
	[19, 21, 11, 21, 14, 2, 1, 21, 1, 1] => QQFieldElem[-1//5, 3//5, 2//5, 1//5],
	[19, 21, 11, 21, 16, 1, 1, 21, 2, 1] => QQFieldElem[-2//5, 6//5, -7//10, 9//10],
	[19, 21, 11, 21, 14, 2, 1, 9, 1, 1] => QQFieldElem[1//2, 1//2, 0, 1],
	[19, 21, 11, 21, 14, 2, 1, 22, 1, 1] => QQFieldElem[1//5, 1//5, 0, 3//5],
	[19, 21, 11, 21, 9, 1, 1, 21, 1, 1] => QQFieldElem[8//5, 12//5, 12//5, 8//5],
	[19, 21, 11, 21, 21, 2, 1, 21, 2, 1] => QQFieldElem[-3//2, -1//2, -1//2, -1//2],
	[19, 21, 11, 21, 16, 1, 1, 22, 2, 1] => QQFieldElem[-1, 0, -1//2, -1//2],
	[19, 21, 11, 21, 9, 1, 1, 9, 1, 1] => QQFieldElem[-6, -2, -2, -6],
	[19, 21, 11, 21, 9, 1, 1, 22, 1, 1] => QQFieldElem[8//5, -4//5, 4//5, -8//5],
	[19, 21, 11, 21, 21, 2, 1, 22, 2, 1] => QQFieldElem[-1//10, 1//10, 1//10, -1//10],
	[19, 21, 11, 21, 15, 1, 1, 14, 1, 1] => QQFieldElem[83//88, 13//88, 45//88, 8//11],
	[19, 21, 11, 21, 14, 2, 1, 21, 2, 1] => QQFieldElem[0, 0, 0, 0],
	[19, 21, 11, 21, 13, 1, 1, 15, 1, 1] => QQFieldElem[0, 0, 0, 0],
	[19, 21, 11, 21, 14, 2, 1, 22, 2, 1] => QQFieldElem[-2, -2, 0, -2],
	[19, 21, 11, 21, 9, 1, 1, 21, 2, 1] => QQFieldElem[-8//5, 4//5, -4//5, 8//5],
	[19, 21, 11, 21, 15, 1, 1, 13, 1, 1] => QQFieldElem[0, 0, 0, 0],
	[19, 21, 11, 21, 9, 1, 1, 22, 2, 1] => QQFieldElem[-8//5, -12//5, -12//5, -8//5],
	[19, 21, 11, 21, 15, 1, 1, 14, 2, 1] => QQFieldElem[23//44, -9//22, 6//11, -1//11],
	[19, 21, 11, 21, 10, 1, 1, 10, 1, 1] => QQFieldElem[0, 4, -2, 4],
	[19, 21, 11, 21, 13, 1, 1, 16, 1, 1] => QQFieldElem[0, 0, 0, 0],
	[19, 21, 11, 21, 22, 1, 1, 15, 1, 1] => QQFieldElem[0, 3//4, -1//4, 3//4],
	[19, 21, 11, 21, 16, 1, 1, 15, 1, 1] => QQFieldElem[3//4, 1, -1//4, 1],
	[19, 21, 11, 21, 13, 1, 1, 16, 2, 1] => QQFieldElem[-7//20, -7//10, 1//5, -9//10],
	[19, 21, 11, 21, 21, 2, 1, 15, 1, 1] => QQFieldElem[4, 0, 3, 3],
	[19, 21, 11, 21, 22, 1, 1, 16, 1, 1] => QQFieldElem[9//4, -7//4, 3, -1],
	[19, 21, 11, 21, 14, 2, 1, 15, 1, 1] => QQFieldElem[0, 0, 0, 0],
	[19, 21, 11, 21, 16, 1, 1, 16, 1, 1] => QQFieldElem[-6, 2, -4, -2],
	[19, 21, 11, 21, 9, 1, 1, 15, 1, 1] => QQFieldElem[2, 2, 2, 4],
	[19, 21, 11, 21, 21, 2, 1, 16, 1, 1] => QQFieldElem[-1//2, -3//2, 1//2, -2],
	[19, 21, 11, 21, 22, 1, 1, 16, 2, 1] => QQFieldElem[-3//4, 11//4, -2, 5//2],
	[19, 21, 11, 21, 13, 1, 1, 14, 1, 1] => QQFieldElem[-16//55, 13//55, -31//110, 7//110],
	[19, 21, 11, 21, 22, 2, 1, 10, 1, 1] => QQFieldElem[-11//2, -7//2, -3//2, -7],
	[19, 21, 11, 21, 21, 1, 1, 10, 1, 1] => QQFieldElem[-15//4, 0, -5//2, -5//2],
	[19, 21, 11, 21, 13, 1, 1, 13, 1, 1] => QQFieldElem[-2, 0, -1, -1],
	[19, 21, 11, 21, 14, 2, 1, 16, 1, 1] => QQFieldElem[-2//5, -4//5, 3//10, -11//10],
	[19, 21, 11, 21, 16, 1, 1, 16, 2, 1] => QQFieldElem[-5//2, -3//2, -1//2, -3],
	[19, 21, 11, 21, 14, 1, 1, 10, 1, 1] => QQFieldElem[-7//4, 1, -7//4, 0],
	[19, 21, 11, 21, 16, 2, 1, 10, 1, 1] => QQFieldElem[-1//2, 1//2, -1//2, 0],
	[19, 21, 11, 21, 10, 1, 1, 21, 1, 1] => QQFieldElem[6//5, 6//5, 0, 8//5],
	[19, 21, 11, 21, 9, 1, 1, 16, 1, 1] => QQFieldElem[-2, 1, -2, 0],
	[19, 21, 11, 21, 10, 1, 1, 9, 1, 1] => QQFieldElem[-2, 2, -2, 2],
	[19, 21, 11, 21, 10, 1, 1, 22, 1, 1] => QQFieldElem[0, 0, 0, 0],
	[19, 21, 11, 21, 13, 1, 1, 14, 2, 1] => QQFieldElem[13//44, 2//11, 1//11, 7//22],
	[19, 21, 11, 21, 22, 1, 1, 14, 1, 1] => QQFieldElem[71//44, -57//44, 19//11, -5//11],
	[19, 21, 11, 21, 21, 2, 1, 16, 2, 1] => QQFieldElem[-1//2, -2, 1, -2],
	[19, 21, 11, 21, 14, 2, 1, 16, 2, 1] => QQFieldElem[3//4, 3//2, -1//2, 2],
	[19, 21, 11, 21, 22, 1, 1, 13, 1, 1] => QQFieldElem[4, 7//4, 3//4, 19//4],
	[19, 21, 11, 21, 10, 1, 1, 21, 2, 1] => QQFieldElem[-3//5, 3//10, -3//10, 1//10],
	[19, 21, 11, 21, 9, 1, 1, 16, 2, 1] => QQFieldElem[-4//5, -3//5, -2//5, -6//5],
	[19, 21, 11, 21, 16, 1, 1, 14, 1, 1] => QQFieldElem[-38//11, 2//11, -32//11, -2//11],
	[19, 21, 11, 21, 10, 1, 1, 22, 2, 1] => QQFieldElem[0, -1//2, -1//2, -1//2],
	[19, 21, 11, 21, 21, 2, 1, 14, 1, 1] => QQFieldElem[-1//22, -15//22, 9//22, -9//11],
	[19, 21, 11, 21, 22, 1, 1, 14, 2, 1] => QQFieldElem[195//44, 65//44, 15//11, 105//22],
	[19, 21, 11, 21, 16, 1, 1, 13, 1, 1] => QQFieldElem[-1//4, 1//2, -1//4, 0],
	[19, 21, 11, 21, 21, 2, 1, 13, 1, 1] => QQFieldElem[0, 0, 0, 0],
	[19, 21, 11, 21, 14, 2, 1, 14, 1, 1] => QQFieldElem[0, 0, 0, 0],
	[19, 21, 11, 21, 16, 1, 1, 14, 2, 1] => QQFieldElem[-29//22, 5//22, -25//22, -8//11],
	[19, 21, 11, 21, 14, 2, 1, 13, 1, 1] => QQFieldElem[-1, 0, -1, -1],
	[19, 21, 11, 21, 9, 1, 1, 14, 1, 1] => QQFieldElem[-8//55, -21//55, 6//55, -12//55],
	[19, 21, 11, 21, 21, 2, 1, 14, 2, 1] => QQFieldElem[-1//2, -1, 0, -1],
	[19, 21, 11, 21, 22, 2, 1, 21, 1, 1] => QQFieldElem[5//2, 0, 3//2, 3//2],
	[19, 21, 11, 21, 21, 1, 1, 21, 1, 1] => QQFieldElem[-1//10, 3//10, -3//10, 1//10],
	[19, 21, 11, 21, 9, 1, 1, 13, 1, 1] => QQFieldElem[-2, -2, -2, 0],
	[19, 21, 11, 21, 22, 2, 1, 9, 1, 1] => QQFieldElem[-3//2, -3//2, 0, -2],
	[19, 21, 11, 21, 21, 1, 1, 9, 1, 1] => QQFieldElem[7, 5//2, 11//4, 13//2],
	[19, 21, 11, 21, 21, 1, 1, 22, 1, 1] => QQFieldElem[-7//10, 1//10, -1//10, -3//10],
	[19, 21, 11, 21, 15, 1, 1, 10, 1, 1] => QQFieldElem[-1//2, 1//2, -1//2, 0],
	[19, 21, 11, 21, 14, 2, 1, 14, 2, 1] => QQFieldElem[-13//44, -2//11, -1//11, -7//22],
	[19, 21, 11, 21, 14, 1, 1, 21, 1, 1] => QQFieldElem[0, 1//2, 1//2, 1//2],
	[19, 21, 11, 21, 16, 2, 1, 21, 1, 1] => QQFieldElem[-2, 0, -2, -2],
	[19, 21, 11, 21, 9, 1, 1, 14, 2, 1] => QQFieldElem[-14//11, -1//11, -6//11, -10//11],
	[19, 21, 11, 21, 22, 2, 1, 22, 1, 1] => QQFieldElem[1//2, 0, 1//2, 1//2],
	[19, 21, 11, 21, 14, 1, 1, 9, 1, 1] => QQFieldElem[-5//4, 5//4, -3//2, 1//4],
	[19, 21, 11, 21, 16, 2, 1, 9, 1, 1] => QQFieldElem[5//2, -1//2, 2, 1],
	[19, 21, 11, 21, 16, 2, 1, 22, 1, 1] => QQFieldElem[-6//5, -8//5, -6//5, -2],
	[19, 21, 11, 21, 21, 1, 1, 21, 2, 1] => QQFieldElem[-1//4, 0, -1//2, 3//4],
	[19, 21, 11, 21, 22, 2, 1, 21, 2, 1] => QQFieldElem[1//2, -2, 1//2, -3//2],
	[19, 21, 11, 21, 10, 1, 1, 15, 1, 1] => QQFieldElem[2, 2, 2, 0],
	[19, 21, 11, 21, 22, 2, 1, 22, 2, 1] => QQFieldElem[5//2, 0, 3//2, 3//2],
	[19, 21, 11, 21, 21, 1, 1, 22, 2, 1] => QQFieldElem[-3//20, 1//5, -1//5, 3//20],
	[19, 21, 11, 21, 14, 1, 1, 22, 1, 1] => QQFieldElem[3//5, -3//10, 3//10, -1//10],
	[19, 21, 11, 21, 14, 1, 1, 21, 2, 1] => QQFieldElem[1//2, 0, 1//2, 1//2],
	[19, 21, 11, 21, 16, 2, 1, 21, 2, 1] => QQFieldElem[-3//4, -1//2, -1//2, -3//4],
	[19, 21, 11, 21, 14, 1, 1, 22, 2, 1] => QQFieldElem[-1//2, 2, -1//2, 3//2],
	[19, 21, 11, 21, 16, 2, 1, 22, 2, 1] => QQFieldElem[-1//4, -1//2, 0, -3//4],
	[19, 21, 11, 21, 10, 1, 1, 16, 1, 1] => QQFieldElem[-3//4, 0, -1//2, -1//2],
	[19, 21, 11, 21, 10, 1, 1, 16, 2, 1] => QQFieldElem[0, 0, 0, 0],
	[19, 21, 11, 21, 15, 1, 1, 21, 1, 1] => QQFieldElem[1//2, -2, 1//2, -3//2],
	[19, 21, 11, 21, 22, 2, 1, 15, 1, 1] => QQFieldElem[0, 0, 0, 0])