Dict(
	[19, 11, 13, 16, 21, 1, 1, 12, 1, 1] => QQFieldElem[-24//5, -8//5, 28//5, 24//5],
	[19, 11, 13, 16, 21, 2, 1, 19, 1, 1] => QQFieldElem[-4//5, 2//5, -2//5, 4//5],
	[19, 11, 13, 16, 21, 2, 1, 12, 1, 1] => QQFieldElem[-4//5, 2//5, -2//5, 4//5],
	[19, 11, 13, 16, 22, 1, 1, 20, 1, 1] => QQFieldElem[1//5, 2//5, 3//5, 4//5],
	[19, 11, 13, 16, 22, 2, 1, 20, 1, 1] => QQFieldElem[-3//5, -1//5, 1//5, 3//5],
	[19, 11, 13, 16, 21, 1, 1, 20, 1, 1] => QQFieldElem[6//5, 12//5, -2//5, -6//5],
	[19, 11, 13, 16, 22, 1, 1, 18, 1, 1] => QQFieldElem[-1//5, -2//5, -3//5, -4//5],
	[19, 11, 13, 16, 21, 2, 1, 20, 1, 1] => QQFieldElem[4//5, -2//5, 2//5, 1//5],
	[19, 11, 13, 16, 22, 2, 1, 18, 1, 1] => QQFieldElem[1, 1, 1, 1],
	[19, 11, 13, 16, 21, 1, 1, 18, 1, 1] => QQFieldElem[6, 4, 2, -2],
	[19, 11, 13, 16, 21, 2, 1, 18, 1, 1] => QQFieldElem[0, 0, 0, -1],
	[19, 11, 13, 16, 22, 1, 1, 19, 1, 1] => QQFieldElem[0, 0, 0, 0],
	[19, 11, 13, 16, 22, 1, 1, 12, 1, 1] => QQFieldElem[0, 0, 0, 0],
	[19, 11, 13, 16, 22, 2, 1, 19, 1, 1] => QQFieldElem[-2//5, -4//5, 4//5, 2//5],
	[19, 11, 13, 16, 21, 1, 1, 19, 1, 1] => QQFieldElem[24//5, 8//5, -28//5, -24//5],
	[19, 11, 13, 16, 22, 2, 1, 12, 1, 1] => QQFieldElem[-2//5, -4//5, 4//5, 2//5])