Dict(
	[19, 17, 5, 18, 20, 1, 1, 20, 1, 1] => QQFieldElem[-4, -2, -2, -4],
	[19, 17, 5, 18, 17, 1, 1, 18, 1, 1] => QQFieldElem[-2, 0, -1, -1],
	[19, 17, 5, 18, 17, 1, 1, 20, 2, 1] => QQFieldElem[-12//5, -4//5, -6//5, -8//5],
	[19, 17, 5, 18, 6, 1, 1, 20, 1, 1] => QQFieldElem[-28//5, -16//5, -4//5, -32//5],
	[19, 17, 5, 18, 20, 2, 1, 20, 1, 1] => QQFieldElem[1, -1, 1, 0],
	[19, 17, 5, 18, 20, 1, 1, 18, 1, 1] => QQFieldElem[1//10, 1//5, 3//10, 2//5],
	[19, 17, 5, 18, 20, 1, 1, 20, 2, 1] => QQFieldElem[-1//2, -1//2, -1//2, -1//2],
	[19, 17, 5, 18, 6, 1, 1, 18, 1, 1] => QQFieldElem[2, 2, 0, 2],
	[19, 17, 5, 18, 20, 2, 1, 18, 1, 1] => QQFieldElem[1, 0, 0, 1],
	[19, 17, 5, 18, 6, 1, 1, 20, 2, 1] => QQFieldElem[14//5, -2//5, 12//5, 6//5],
	[19, 17, 5, 18, 17, 1, 1, 4, 1, 1] => QQFieldElem[-1, 0, -1, -1],
	[19, 17, 5, 18, 20, 2, 1, 20, 2, 1] => QQFieldElem[-1, 0, -1, 0],
	[19, 17, 5, 18, 20, 1, 1, 4, 1, 1] => QQFieldElem[1//10, 1//5, 3//10, 2//5],
	[19, 17, 5, 18, 6, 1, 1, 4, 1, 1] => QQFieldElem[2, 2, 0, 4],
	[19, 17, 5, 18, 20, 2, 1, 4, 1, 1] => QQFieldElem[1, 0, 0, 1],
	[19, 17, 5, 18, 17, 1, 1, 20, 1, 1] => QQFieldElem[-3//5, -2//5, -2//5, -3//5])