Dict(
	[19, 7, 13, 14, 22, 1, 1, 11, 1, 1] => QQFieldElem[0, 0, 0, 0],
	[19, 7, 13, 14, 22, 2, 1, 11, 1, 1] => QQFieldElem[-2//5, -4//5, 4//5, 2//5],
	[19, 7, 13, 14, 21, 1, 1, 11, 1, 1] => QQFieldElem[0, 4, 4, 0],
	[19, 7, 13, 14, 21, 2, 1, 11, 1, 1] => QQFieldElem[-16//5, -12//5, -8//5, -4//5],
	[19, 7, 13, 14, 22, 1, 1, 19, 1, 1] => QQFieldElem[-2, -4, -4, -2],
	[19, 7, 13, 14, 22, 1, 1, 12, 1, 1] => QQFieldElem[2, 0, -2, 0],
	[19, 7, 13, 14, 22, 2, 1, 19, 1, 1] => QQFieldElem[-4//5, -8//5, -2//5, -6//5],
	[19, 7, 13, 14, 21, 1, 1, 19, 1, 1] => QQFieldElem[0, 4, 4, 0],
	[19, 7, 13, 14, 21, 1, 1, 12, 1, 1] => QQFieldElem[-2, 0, 0, 2],
	[19, 7, 13, 14, 22, 2, 1, 12, 1, 1] => QQFieldElem[-1, -1, 0, 0],
	[19, 7, 13, 14, 21, 2, 1, 19, 1, 1] => QQFieldElem[16//5, 12//5, 8//5, 4//5],
	[19, 7, 13, 14, 22, 1, 1, 19, 2, 1] => QQFieldElem[-2, 0, 2, 0],
	[19, 7, 13, 14, 21, 2, 1, 12, 1, 1] => QQFieldElem[0, 0, -2, 2],
	[19, 7, 13, 14, 22, 2, 1, 19, 2, 1] => QQFieldElem[3//5, 1//5, 4//5, 2//5],
	[19, 7, 13, 14, 21, 1, 1, 19, 2, 1] => QQFieldElem[0, 0, 0, 0],
	[19, 7, 13, 14, 21, 2, 1, 19, 2, 1] => QQFieldElem[-2//5, -4//5, 4//5, 2//5])