Dict(
	[19, 9, 22, 11, 19, 1, 1, 22, 1, 1] => QQFieldElem[1//4, 0, 1//4, 1//8],
	[19, 9, 22, 11, 20, 1, 1, 13, 1, 1] => QQFieldElem[2, 1//2, 1, 3//2],
	[19, 9, 22, 11, 12, 1, 1, 13, 1, 1] => QQFieldElem[-3//2, 0, -1, -1],
	[19, 9, 22, 11, 20, 1, 1, 15, 1, 1] => QQFieldElem[-1//4, -1//8, -1//8, -1//8],
	[19, 9, 22, 11, 12, 1, 1, 15, 1, 1] => QQFieldElem[1//8, 0, 0, 0],
	[19, 9, 22, 11, 20, 1, 1, 21, 1, 1] => QQFieldElem[-1//4, 1//4, -1//4, 0],
	[19, 9, 22, 11, 12, 1, 1, 21, 1, 1] => QQFieldElem[1//20, -3//20, 3//20, -1//20],
	[19, 9, 22, 11, 20, 1, 1, 22, 1, 1] => QQFieldElem[-1//4, 0, -1//4, -1//8],
	[19, 9, 22, 11, 12, 1, 1, 22, 1, 1] => QQFieldElem[1//8, -1//8, 1//8, 0],
	[19, 9, 22, 11, 18, 1, 1, 13, 1, 1] => QQFieldElem[-3//2, 0, -1, -1],
	[19, 9, 22, 11, 19, 1, 1, 13, 1, 1] => QQFieldElem[2, 1//2, 1, 3//2],
	[19, 9, 22, 11, 18, 1, 1, 15, 1, 1] => QQFieldElem[-1//8, 0, 0, 0],
	[19, 9, 22, 11, 19, 1, 1, 15, 1, 1] => QQFieldElem[1//4, 1//8, 1//8, 1//8],
	[19, 9, 22, 11, 18, 1, 1, 21, 1, 1] => QQFieldElem[1//20, -3//20, 3//20, -1//20],
	[19, 9, 22, 11, 19, 1, 1, 21, 1, 1] => QQFieldElem[-1//4, 1//4, -1//4, 0],
	[19, 9, 22, 11, 18, 1, 1, 22, 1, 1] => QQFieldElem[-1//8, 1//8, -1//8, 0])