Dict(
	[19, 14, 18, 22, 16, 1, 1, 13, 1, 1] => QQFieldElem[-9//4, 3//4, -9//4, 0],
	[19, 14, 18, 22, 21, 2, 1, 13, 1, 1] => QQFieldElem[-6, -1, -4, -4],
	[19, 14, 18, 22, 14, 2, 1, 13, 1, 1] => QQFieldElem[-6, -2, -3, -13//2],
	[19, 14, 18, 22, 22, 2, 1, 21, 1, 1] => QQFieldElem[68//11, 41//11, 4//11, 102//11],
	[19, 14, 18, 22, 21, 1, 1, 21, 1, 1] => QQFieldElem[-7//44, 5//44, -17//88, 1//88],
	[19, 14, 18, 22, 9, 1, 1, 13, 1, 1] => QQFieldElem[1, -3//2, 3//2, -1],
	[19, 14, 18, 22, 22, 2, 1, 22, 1, 1] => QQFieldElem[-7, 0, -7, -6],
	[19, 14, 18, 22, 21, 1, 1, 22, 1, 1] => QQFieldElem[-2, 0, -2, 0],
	[19, 14, 18, 22, 14, 1, 1, 21, 1, 1] => QQFieldElem[-3//4, 1, -1, 3//4],
	[19, 14, 18, 22, 16, 2, 1, 21, 1, 1] => QQFieldElem[1, 2, 3, 4],
	[19, 14, 18, 22, 22, 2, 1, 21, 2, 1] => QQFieldElem[103//22, -3//11, 37//11, 61//22],
	[19, 14, 18, 22, 14, 1, 1, 22, 1, 1] => QQFieldElem[-7//11, -9//11, 3//11, 8//11],
	[19, 14, 18, 22, 16, 2, 1, 22, 1, 1] => QQFieldElem[-5//11, -8//11, -1//11, 34//11],
	[19, 14, 18, 22, 21, 1, 1, 21, 2, 1] => QQFieldElem[3//44, 3//11, -5//44, 5//22],
	[19, 14, 18, 22, 22, 2, 1, 22, 2, 1] => QQFieldElem[3//2, 1//2, 1//2, 3//2],
	[19, 14, 18, 22, 21, 1, 1, 22, 2, 1] => QQFieldElem[-2, -1, -2, 0],
	[19, 14, 18, 22, 14, 1, 1, 21, 2, 1] => QQFieldElem[0, 1, -2, 1],
	[19, 14, 18, 22, 16, 2, 1, 21, 2, 1] => QQFieldElem[1, 1//2, 1//2, 1//2],
	[19, 14, 18, 22, 14, 1, 1, 22, 2, 1] => QQFieldElem[2//11, 1//11, 18//11, 4//11],
	[19, 14, 18, 22, 16, 2, 1, 22, 2, 1] => QQFieldElem[13//22, 1//22, 7//22, 15//22],
	[19, 14, 18, 22, 22, 1, 1, 21, 1, 2] => QQFieldElem[20//11, -19//11, 18//11, -14//11],
	[19, 14, 18, 22, 22, 1, 1, 22, 1, 2] => QQFieldElem[0, -1//2, -3//2, -1//2],
	[19, 14, 18, 22, 16, 1, 1, 21, 1, 2] => QQFieldElem[1//11, -3//22, 2//11, -5//44],
	[19, 14, 18, 22, 21, 2, 1, 21, 1, 2] => QQFieldElem[-8//55, 13//110, -31//220, 7//220],
	[19, 14, 18, 22, 22, 1, 1, 21, 2, 2] => QQFieldElem[-19//44, -8//11, 3//22, -45//44],
	[19, 14, 18, 22, 16, 1, 1, 22, 1, 2] => QQFieldElem[4//5, -2//5, 2//5, -4//5],
	[19, 14, 18, 22, 21, 2, 1, 22, 1, 2] => QQFieldElem[-1, 0, -1, 0],
	[19, 14, 18, 22, 22, 1, 1, 22, 2, 2] => QQFieldElem[0, 0, 0, 0],
	[19, 14, 18, 22, 15, 1, 1, 21, 1, 1] => QQFieldElem[-5//2, -9//2, -6, 3],
	[19, 14, 18, 22, 14, 2, 1, 21, 1, 2] => QQFieldElem[-1//2, 1, -1, 1//2],
	[19, 14, 18, 22, 22, 2, 1, 15, 1, 1] => QQFieldElem[-1//5, -2//5, 3//20, -11//20],
	[19, 14, 18, 22, 16, 1, 1, 21, 2, 2] => QQFieldElem[-29//44, -3//22, -25//44, -19//22],
	[19, 14, 18, 22, 21, 1, 1, 15, 1, 1] => QQFieldElem[-3//4, -1//2, -1//4, -1],
	[19, 14, 18, 22, 15, 1, 1, 22, 1, 1] => QQFieldElem[18//11, -103//22, -237//22, -71//22],
	[19, 14, 18, 22, 9, 1, 1, 21, 1, 2] => QQFieldElem[-5, 0, 0, -5],
	[19, 14, 18, 22, 14, 2, 1, 22, 1, 2] => QQFieldElem[-23//55, -6//55, -9//55, -2//55],
	[19, 14, 18, 22, 21, 2, 1, 21, 2, 2] => QQFieldElem[-71//22, 1//11, -43//22, -23//11],
	[19, 14, 18, 22, 16, 1, 1, 22, 2, 2] => QQFieldElem[-8, -9, -10, -8],
	[19, 14, 18, 22, 14, 1, 1, 15, 1, 1] => QQFieldElem[1//5, 9//10, -2//5, 21//20],
	[19, 14, 18, 22, 16, 2, 1, 15, 1, 1] => QQFieldElem[-1//2, -1, 1//4, -5//4],
	[19, 14, 18, 22, 9, 1, 1, 22, 1, 2] => QQFieldElem[68//11, 89//11, 18//11, -40//11],
	[19, 14, 18, 22, 15, 1, 1, 21, 2, 1] => QQFieldElem[5, 8, -1, 8],
	[19, 14, 18, 22, 14, 2, 1, 21, 2, 2] => QQFieldElem[-4, -1, -3//2, -7//2],
	[19, 14, 18, 22, 21, 2, 1, 22, 2, 2] => QQFieldElem[-1//2, -1//2, 1//2, -1],
	[19, 14, 18, 22, 15, 1, 1, 22, 2, 1] => QQFieldElem[31//11, 32//11, -7//11, 84//11],
	[19, 14, 18, 22, 14, 2, 1, 22, 2, 2] => QQFieldElem[-51//22, -9//22, -19//22, -18//11],
	[19, 14, 18, 22, 9, 1, 1, 21, 2, 2] => QQFieldElem[-16, -7, -8, -14],
	[19, 14, 18, 22, 9, 1, 1, 22, 2, 2] => QQFieldElem[-30//11, -26//11, -28//11, -16//11],
	[19, 14, 18, 22, 15, 1, 1, 15, 1, 1] => QQFieldElem[2, -1, 1, 1//2],
	[19, 14, 18, 22, 22, 2, 1, 13, 1, 1] => QQFieldElem[-1, 1, -1, 0],
	[19, 14, 18, 22, 21, 1, 1, 13, 1, 1] => QQFieldElem[1, 4, -1, 7//2],
	[19, 14, 18, 22, 14, 1, 1, 13, 1, 1] => QQFieldElem[4, -3//2, 7//2, 1],
	[19, 14, 18, 22, 16, 2, 1, 13, 1, 1] => QQFieldElem[-4, 3, -4, 0],
	[19, 14, 18, 22, 22, 1, 1, 21, 1, 1] => QQFieldElem[23//11, 26//11, 24//11, 62//11],
	[19, 14, 18, 22, 22, 1, 1, 22, 1, 1] => QQFieldElem[-3, 1//2, -5//2, -5//2],
	[19, 14, 18, 22, 16, 1, 1, 21, 1, 1] => QQFieldElem[3//2, 1//2, 2, 1],
	[19, 14, 18, 22, 21, 2, 1, 21, 1, 1] => QQFieldElem[-7//22, 5//22, -17//44, 1//44],
	[19, 14, 18, 22, 22, 1, 1, 21, 2, 1] => QQFieldElem[103//44, -3//22, 13//11, 39//44],
	[19, 14, 18, 22, 16, 1, 1, 22, 1, 1] => QQFieldElem[-1//11, -1//22, -7//22, -15//22],
	[19, 14, 18, 22, 21, 2, 1, 22, 1, 1] => QQFieldElem[-3, 2, -3, 0],
	[19, 14, 18, 22, 22, 1, 1, 22, 2, 1] => QQFieldElem[1, 1, 1, 1],
	[19, 14, 18, 22, 14, 2, 1, 21, 1, 1] => QQFieldElem[-3//2, 2, -2, 3//2],
	[19, 14, 18, 22, 16, 1, 1, 21, 2, 1] => QQFieldElem[0, -1//2, -1//4, -1//2],
	[19, 14, 18, 22, 14, 2, 1, 22, 1, 1] => QQFieldElem[3//11, -4//11, 5//11, 6//11],
	[19, 14, 18, 22, 9, 1, 1, 21, 1, 1] => QQFieldElem[1//2, -1, 3//2, -1],
	[19, 14, 18, 22, 21, 2, 1, 21, 2, 1] => QQFieldElem[-8//11, 1//11, -5//11, -13//22],
	[19, 14, 18, 22, 16, 1, 1, 22, 2, 1] => QQFieldElem[-5//11, -5//22, -1//11, 1//11],
	[19, 14, 18, 22, 9, 1, 1, 22, 1, 1] => QQFieldElem[0, 0, 0, 0],
	[19, 14, 18, 22, 21, 2, 1, 22, 2, 1] => QQFieldElem[-2, 2, 0, 0],
	[19, 14, 18, 22, 14, 2, 1, 21, 2, 1] => QQFieldElem[-4, 1, -2, 0],
	[19, 14, 18, 22, 15, 1, 1, 13, 1, 1] => QQFieldElem[-16, -7, -8, -14],
	[19, 14, 18, 22, 9, 1, 1, 21, 2, 1] => QQFieldElem[5//2, -2, 5//2, 0],
	[19, 14, 18, 22, 14, 2, 1, 22, 2, 1] => QQFieldElem[-18//11, -42//11, -52//11, -36//11],
	[19, 14, 18, 22, 22, 2, 1, 21, 1, 2] => QQFieldElem[36//11, 1//11, 6//11, 32//11],
	[19, 14, 18, 22, 21, 1, 1, 21, 1, 2] => QQFieldElem[3//44, 1//44, 1//88, 9//88],
	[19, 14, 18, 22, 9, 1, 1, 22, 2, 1] => QQFieldElem[0, 0, 0, 0],
	[19, 14, 18, 22, 22, 2, 1, 22, 1, 2] => QQFieldElem[1, 0, -1, 0],
	[19, 14, 18, 22, 21, 1, 1, 22, 1, 2] => QQFieldElem[0, 0, 0, 0],
	[19, 14, 18, 22, 14, 1, 1, 21, 1, 2] => QQFieldElem[3//4, 1//2, 1//2, 3//4],
	[19, 14, 18, 22, 16, 2, 1, 21, 1, 2] => QQFieldElem[41//110, -23//110, 19//55, 13//220],
	[19, 14, 18, 22, 22, 1, 1, 15, 1, 1] => QQFieldElem[-1//4, 0, -1//8, -1//8],
	[19, 14, 18, 22, 14, 1, 1, 22, 1, 2] => QQFieldElem[-3//11, -7//11, -5//11, -6//11],
	[19, 14, 18, 22, 16, 2, 1, 22, 1, 2] => QQFieldElem[4, -2, 2, 0],
	[19, 14, 18, 22, 21, 1, 1, 21, 2, 2] => QQFieldElem[-31//22, 4//11, -29//22, -4//11],
	[19, 14, 18, 22, 22, 2, 1, 21, 2, 2] => QQFieldElem[21//22, -2//11, 10//11, 15//22],
	[19, 14, 18, 22, 22, 2, 1, 22, 2, 2] => QQFieldElem[1//2, 1//2, 1//2, 1//2],
	[19, 14, 18, 22, 21, 1, 1, 22, 2, 2] => QQFieldElem[-3//10, -1//10, 1//10, -1//5],
	[19, 14, 18, 22, 16, 1, 1, 15, 1, 1] => QQFieldElem[-1//4, -1//2, 1//8, -5//8],
	[19, 14, 18, 22, 14, 1, 1, 21, 2, 2] => QQFieldElem[-1, 0, -1//2, -1//2],
	[19, 14, 18, 22, 16, 2, 1, 21, 2, 2] => QQFieldElem[-20//11, -3//11, -7//11, -27//22],
	[19, 14, 18, 22, 21, 2, 1, 15, 1, 1] => QQFieldElem[0, -1, 1, -1//2],
	[19, 14, 18, 22, 14, 1, 1, 22, 2, 2] => QQFieldElem[-13//22, -1//22, -7//22, -2//11],
	[19, 14, 18, 22, 16, 2, 1, 22, 2, 2] => QQFieldElem[-14, -6, -8, -12],
	[19, 14, 18, 22, 14, 2, 1, 15, 1, 1] => QQFieldElem[5//4, 1, 7//4, 1],
	[19, 14, 18, 22, 9, 1, 1, 15, 1, 1] => QQFieldElem[1//2, 1//2, 0, 3//4],
	[19, 14, 18, 22, 15, 1, 1, 21, 1, 2] => QQFieldElem[5//2, 1//2, 5//4, 2],
	[19, 14, 18, 22, 15, 1, 1, 22, 1, 2] => QQFieldElem[13//11, 13//22, 18//11, 15//11],
	[19, 14, 18, 22, 15, 1, 1, 21, 2, 2] => QQFieldElem[5, 1//2, 5//2, 9//2],
	[19, 14, 18, 22, 22, 1, 1, 13, 1, 1] => QQFieldElem[5//4, 3//4, 1//4, 3//2],
	[19, 14, 18, 22, 15, 1, 1, 22, 2, 2] => QQFieldElem[59//22, 13//22, 47//22, 41//22])