Dict(
	[19, 12, 18, 19, 19, 1, 1, 20, 1, 1] => QQFieldElem[-3//10, -1//10, -3//20, -1//5],
	[19, 12, 18, 19, 20, 2, 1, 11, 1, 1] => QQFieldElem[0, 0, 0, 0],
	[19, 12, 18, 19, 17, 1, 1, 19, 1, 1] => QQFieldElem[1//8, 1//8, 0, 1//4],
	[19, 12, 18, 19, 18, 1, 1, 18, 1, 1] => QQFieldElem[3//10, 1//10, 3//20, 1//5],
	[19, 12, 18, 19, 20, 1, 1, 20, 1, 2] => QQFieldElem[0, 0, 0, 0],
	[19, 12, 18, 19, 12, 1, 1, 20, 1, 2] => QQFieldElem[-1//10, 1//20, -1//20, -1//40],
	[19, 12, 18, 19, 18, 1, 1, 17, 1, 1] => QQFieldElem[5//4, 1//2, 1//2, 5//4],
	[19, 12, 18, 19, 19, 1, 1, 18, 1, 1] => QQFieldElem[-1//4, -1//2, -1//4, -1//4],
	[19, 12, 18, 19, 20, 2, 1, 20, 1, 2] => QQFieldElem[1//5, 3//20, 1//10, 3//10],
	[19, 12, 18, 19, 12, 1, 1, 19, 1, 1] => QQFieldElem[0, 0, 0, 0],
	[19, 12, 18, 19, 19, 1, 1, 17, 1, 1] => QQFieldElem[0, 3//4, -1//4, 3//4],
	[19, 12, 18, 19, 20, 1, 1, 19, 1, 1] => QQFieldElem[0, 0, 1//8, -1//8],
	[19, 12, 18, 19, 18, 1, 1, 11, 1, 1] => QQFieldElem[-4//5, -1//10, -2//5, -7//10],
	[19, 12, 18, 19, 20, 2, 1, 19, 1, 1] => QQFieldElem[0, 0, 0, 0],
	[19, 12, 18, 19, 19, 1, 1, 11, 1, 1] => QQFieldElem[0, 0, 0, 0],
	[19, 12, 18, 19, 17, 1, 1, 20, 1, 1] => QQFieldElem[-1//10, 1//20, -1//20, -1//40],
	[19, 12, 18, 19, 18, 1, 1, 20, 1, 2] => QQFieldElem[1//20, -3//20, 3//20, -1//20],
	[19, 12, 18, 19, 17, 1, 1, 18, 1, 1] => QQFieldElem[3//10, 1//10, 3//20, 1//5],
	[19, 12, 18, 19, 20, 1, 1, 20, 1, 1] => QQFieldElem[-1//40, -1//20, 1//20, -1//10],
	[19, 12, 18, 19, 19, 1, 1, 20, 1, 2] => QQFieldElem[-1//40, -1//20, 1//20, -1//10],
	[19, 12, 18, 19, 18, 1, 1, 19, 1, 1] => QQFieldElem[-1//8, -1//8, 0, -1//4],
	[19, 12, 18, 19, 12, 1, 1, 20, 1, 1] => QQFieldElem[-1//20, -1//10, 1//10, -1//5],
	[19, 12, 18, 19, 17, 1, 1, 17, 1, 1] => QQFieldElem[5//4, 1//2, 1//2, 5//4],
	[19, 12, 18, 19, 20, 2, 1, 20, 1, 1] => QQFieldElem[0, -1//8, 0, 1//8],
	[19, 12, 18, 19, 19, 1, 1, 19, 1, 1] => QQFieldElem[0, 0, 0, 0],
	[19, 12, 18, 19, 20, 1, 1, 18, 1, 1] => QQFieldElem[0, 0, 0, 0],
	[19, 12, 18, 19, 12, 1, 1, 18, 1, 1] => QQFieldElem[1//5, 2//5, 1//10, 3//10],
	[19, 12, 18, 19, 17, 1, 1, 11, 1, 1] => QQFieldElem[4//5, 1//10, 2//5, 7//10],
	[19, 12, 18, 19, 20, 2, 1, 18, 1, 1] => QQFieldElem[-3//10, -1//10, -2//5, -1//5],
	[19, 12, 18, 19, 12, 1, 1, 17, 1, 1] => QQFieldElem[0, -1, 1//2, -1],
	[19, 12, 18, 19, 20, 1, 1, 17, 1, 1] => QQFieldElem[0, 0, 0, 0],
	[19, 12, 18, 19, 20, 2, 1, 17, 1, 1] => QQFieldElem[-3//2, 0, -1, -1],
	[19, 12, 18, 19, 18, 1, 1, 20, 1, 1] => QQFieldElem[0, 0, 0, 0],
	[19, 12, 18, 19, 20, 1, 1, 11, 1, 1] => QQFieldElem[-1, -1//2, -1//2, -1],
	[19, 12, 18, 19, 12, 1, 1, 11, 1, 1] => QQFieldElem[0, 0, 0, 0],
	[19, 12, 18, 19, 17, 1, 1, 20, 1, 2] => QQFieldElem[1//8, 1//4, 1//8, 1//8])