Dict(
	[19, 19, 13, 10, 15, 1, 1, 19, 1, 1] => QQFieldElem[1, 1, 1//2, 0],
	[19, 19, 13, 10, 22, 1, 1, 19, 1, 1] => QQFieldElem[1, 1, 1, 1],
	[19, 19, 13, 10, 21, 1, 1, 19, 1, 1] => QQFieldElem[1//2, 0, -1//2, 0],
	[19, 19, 13, 10, 13, 1, 1, 6, 1, 1] => QQFieldElem[2, 2, 0, 2],
	[19, 19, 13, 10, 13, 1, 1, 8, 1, 1] => QQFieldElem[2, 2, 0, 2],
	[19, 19, 13, 10, 13, 1, 1, 17, 1, 1] => QQFieldElem[0, 0, -2, 0],
	[19, 19, 13, 10, 15, 1, 1, 6, 1, 1] => QQFieldElem[1//2, 1//2, 1, 1//2],
	[19, 19, 13, 10, 15, 1, 1, 8, 1, 1] => QQFieldElem[-1//2, -1//2, -1, -1//2],
	[19, 19, 13, 10, 22, 1, 1, 6, 1, 1] => QQFieldElem[1, 0, 0, 0],
	[19, 19, 13, 10, 22, 1, 1, 8, 1, 1] => QQFieldElem[-1, 0, 0, 0],
	[19, 19, 13, 10, 15, 1, 1, 17, 1, 1] => QQFieldElem[-1, -1, -1//2, 0],
	[19, 19, 13, 10, 21, 1, 1, 6, 1, 1] => QQFieldElem[0, -1//2, 0, 1//2],
	[19, 19, 13, 10, 21, 1, 1, 8, 1, 1] => QQFieldElem[0, -1//2, 0, 1//2],
	[19, 19, 13, 10, 22, 1, 1, 17, 1, 1] => QQFieldElem[-1, -1, -1, -1],
	[19, 19, 13, 10, 21, 1, 1, 17, 1, 1] => QQFieldElem[1//2, 0, -1//2, 0],
	[19, 19, 13, 10, 13, 1, 1, 19, 1, 1] => QQFieldElem[0, 0, -2, 0])