Dict(
	[19, 7, 18, 20, 17, 2, 1, 19, 1, 2] => QQFieldElem[0, 0, 0, 0],
	[19, 7, 18, 20, 17, 1, 1, 11, 1, 1] => QQFieldElem[-12, 0, -4, -4],
	[19, 7, 18, 20, 18, 1, 1, 19, 2, 1] => QQFieldElem[0, 0, 0, 0],
	[19, 7, 18, 20, 20, 1, 1, 19, 1, 2] => QQFieldElem[0, 0, 0, 0],
	[19, 7, 18, 20, 17, 2, 1, 11, 1, 1] => QQFieldElem[0, 0, 0, 0],
	[19, 7, 18, 20, 17, 1, 1, 19, 2, 2] => QQFieldElem[0, 0, 0, 0],
	[19, 7, 18, 20, 18, 2, 1, 19, 2, 1] => QQFieldElem[0, 0, 1, 1],
	[19, 7, 18, 20, 20, 2, 1, 19, 1, 2] => QQFieldElem[-4, -4, -4, -4],
	[19, 7, 18, 20, 20, 1, 1, 11, 1, 1] => QQFieldElem[0, -1, 2, -1],
	[19, 7, 18, 20, 17, 2, 1, 19, 2, 2] => QQFieldElem[2, 0, 0, 0],
	[19, 7, 18, 20, 20, 2, 1, 11, 1, 1] => QQFieldElem[0, 0, 0, 0],
	[19, 7, 18, 20, 20, 1, 1, 19, 2, 2] => QQFieldElem[0, 1, 0, 0],
	[19, 7, 18, 20, 17, 1, 1, 19, 1, 1] => QQFieldElem[0, 0, 0, -4],
	[19, 7, 18, 20, 17, 1, 1, 12, 1, 1] => QQFieldElem[0, 0, 0, 0],
	[19, 7, 18, 20, 20, 2, 1, 19, 2, 2] => QQFieldElem[0, 0, 0, 0],
	[19, 7, 18, 20, 17, 2, 1, 19, 1, 1] => QQFieldElem[0, 0, 0, 0],
	[19, 7, 18, 20, 17, 2, 1, 12, 1, 1] => QQFieldElem[-2, 0, 0, 0],
	[19, 7, 18, 20, 18, 1, 1, 19, 1, 2] => QQFieldElem[0, 0, 0, 0],
	[19, 7, 18, 20, 20, 1, 1, 19, 1, 1] => QQFieldElem[0, 0, 0, 0],
	[19, 7, 18, 20, 20, 1, 1, 12, 1, 1] => QQFieldElem[0, 0, 0, 0],
	[19, 7, 18, 20, 18, 2, 1, 19, 1, 2] => QQFieldElem[1//5, -3//5, 3//5, -1//5],
	[19, 7, 18, 20, 18, 1, 1, 11, 1, 1] => QQFieldElem[2, -6, -4, -2],
	[19, 7, 18, 20, 17, 1, 1, 19, 2, 1] => QQFieldElem[0, -2, -4, -4],
	[19, 7, 18, 20, 20, 2, 1, 19, 1, 1] => QQFieldElem[0, 0, 0, 0],
	[19, 7, 18, 20, 20, 2, 1, 12, 1, 1] => QQFieldElem[0, 0, 1, 1],
	[19, 7, 18, 20, 17, 2, 1, 19, 2, 1] => QQFieldElem[0, 0, 0, 0],
	[19, 7, 18, 20, 18, 2, 1, 11, 1, 1] => QQFieldElem[0, 0, 0, 0],
	[19, 7, 18, 20, 18, 1, 1, 19, 2, 2] => QQFieldElem[0, 0, 0, 0],
	[19, 7, 18, 20, 20, 1, 1, 19, 2, 1] => QQFieldElem[4, 0, 0, 4],
	[19, 7, 18, 20, 18, 2, 1, 19, 2, 2] => QQFieldElem[-1, 0, 0, 0],
	[19, 7, 18, 20, 20, 2, 1, 19, 2, 1] => QQFieldElem[16//5, -8//5, 8//5, 4//5],
	[19, 7, 18, 20, 18, 1, 1, 19, 1, 1] => QQFieldElem[0, 0, 0, 0],
	[19, 7, 18, 20, 18, 1, 1, 12, 1, 1] => QQFieldElem[0, 0, 0, 0],
	[19, 7, 18, 20, 17, 1, 1, 19, 1, 2] => QQFieldElem[1, 0, 0, 0],
	[19, 7, 18, 20, 18, 2, 1, 19, 1, 1] => QQFieldElem[-2, 0, 2, 0],
	[19, 7, 18, 20, 18, 2, 1, 12, 1, 1] => QQFieldElem[2, 0, -2, 0])