Dict(
	[19, 14, 22, 20, 18, 2, 1, 21, 1, 2] => QQFieldElem[1, -1, 1, -1],
	[19, 14, 22, 20, 20, 2, 1, 21, 1, 1] => QQFieldElem[4//5, 8//5, 12//5, 16//5],
	[19, 14, 22, 20, 18, 2, 1, 22, 1, 2] => QQFieldElem[16//5, 2//5, 18//5, 14//5],
	[19, 14, 22, 20, 19, 1, 2, 13, 1, 1] => QQFieldElem[1, 0, 1//2, 1],
	[19, 14, 22, 20, 20, 2, 1, 22, 1, 1] => QQFieldElem[-4, -4, -2, -4],
	[19, 14, 22, 20, 18, 1, 1, 15, 1, 1] => QQFieldElem[25//11, 41//11, -2//11, 51//11],
	[19, 14, 22, 20, 19, 2, 1, 13, 1, 1] => QQFieldElem[0, 0, 0, 0],
	[19, 14, 22, 20, 18, 2, 1, 21, 2, 2] => QQFieldElem[0, -1//2, 1//2, -1//2],
	[19, 14, 22, 20, 17, 1, 1, 15, 1, 2] => QQFieldElem[16//11, 6//11, 4//11, 19//11],
	[19, 14, 22, 20, 20, 2, 1, 21, 2, 1] => QQFieldElem[-2//5, 2//5, 2//5, -2//5],
	[19, 14, 22, 20, 18, 2, 1, 22, 2, 2] => QQFieldElem[3//5, -3//5, 2//5, -2//5],
	[19, 14, 22, 20, 20, 2, 1, 22, 2, 1] => QQFieldElem[-12//5, 1//5, -6//5, -8//5],
	[19, 14, 22, 20, 20, 2, 1, 13, 1, 2] => QQFieldElem[1, 0, 1, 0],
	[19, 14, 22, 20, 19, 1, 1, 21, 1, 1] => QQFieldElem[1//5, 1//20, 1//20, 1//5],
	[19, 14, 22, 20, 11, 1, 1, 21, 1, 1] => QQFieldElem[2//5, 3//10, 1//5, 3//5],
	[19, 14, 22, 20, 19, 2, 2, 21, 1, 1] => QQFieldElem[3//10, 0, 1//10, 1//10],
	[19, 14, 22, 20, 19, 1, 1, 22, 1, 1] => QQFieldElem[1//20, -1//40, 1//40, -1//20],
	[19, 14, 22, 20, 11, 1, 1, 22, 1, 1] => QQFieldElem[1//10, -3//40, 1//10, 0],
	[19, 14, 22, 20, 19, 2, 2, 22, 1, 1] => QQFieldElem[1//20, -3//20, 3//20, -1//20],
	[19, 14, 22, 20, 20, 1, 1, 21, 1, 2] => QQFieldElem[-4//5, -8//5, -2//5, -6//5],
	[19, 14, 22, 20, 12, 1, 1, 21, 1, 2] => QQFieldElem[0, 0, 0, 0],
	[19, 14, 22, 20, 17, 2, 1, 13, 1, 1] => QQFieldElem[-1, -1, -1, -2],
	[19, 14, 22, 20, 19, 1, 1, 21, 2, 1] => QQFieldElem[1//10, 1//5, -1//5, -1//10],
	[19, 14, 22, 20, 20, 1, 1, 22, 1, 2] => QQFieldElem[-1, -1, 0, -1],
	[19, 14, 22, 20, 12, 1, 1, 22, 1, 2] => QQFieldElem[0, -1//10, 3//40, -1//10],
	[19, 14, 22, 20, 11, 1, 1, 21, 2, 1] => QQFieldElem[-3//5, -1//5, -4//5, -2//5],
	[19, 14, 22, 20, 19, 2, 2, 21, 2, 1] => QQFieldElem[-3//10, 0, -1//10, -1//10],
	[19, 14, 22, 20, 19, 1, 1, 22, 2, 1] => QQFieldElem[1//4, 0, 1//4, 0],
	[19, 14, 22, 20, 19, 1, 1, 13, 1, 2] => QQFieldElem[1, 0, 0, -1],
	[19, 14, 22, 20, 11, 1, 1, 13, 1, 2] => QQFieldElem[1//2, 0, 1//2, 1//2],
	[19, 14, 22, 20, 11, 1, 1, 22, 2, 1] => QQFieldElem[0, -3//20, 1//20, -3//20],
	[19, 14, 22, 20, 19, 2, 2, 22, 2, 1] => QQFieldElem[-1//20, 3//20, -3//20, 1//20],
	[19, 14, 22, 20, 19, 2, 2, 13, 1, 2] => QQFieldElem[-1, 0, -1, 0],
	[19, 14, 22, 20, 12, 1, 1, 21, 2, 2] => QQFieldElem[0, 0, 0, 0],
	[19, 14, 22, 20, 17, 1, 1, 21, 1, 1] => QQFieldElem[0, -1, 0, 0],
	[19, 14, 22, 20, 20, 1, 1, 21, 2, 2] => QQFieldElem[-1//5, -1//5, 0, -3//5],
	[19, 14, 22, 20, 20, 1, 1, 22, 2, 2] => QQFieldElem[-3//10, -1//10, 1//10, -1//5],
	[19, 14, 22, 20, 18, 2, 1, 15, 1, 2] => QQFieldElem[-42//11, 20//11, -38//11, -10//11],
	[19, 14, 22, 20, 12, 1, 1, 22, 2, 2] => QQFieldElem[0, 3//20, -1//20, 3//20],
	[19, 14, 22, 20, 17, 1, 1, 22, 1, 1] => QQFieldElem[-1//2, 1//4, -1//4, 0],
	[19, 14, 22, 20, 20, 2, 1, 15, 1, 1] => QQFieldElem[31//11, 13//11, 5//11, 21//11],
	[19, 14, 22, 20, 19, 1, 2, 21, 1, 2] => QQFieldElem[-1//5, 0, -3//20, -3//20],
	[19, 14, 22, 20, 17, 1, 1, 21, 2, 1] => QQFieldElem[0, 0, 0, 0],
	[19, 14, 22, 20, 19, 1, 2, 22, 1, 2] => QQFieldElem[1//20, 1//10, 1//40, 3//40],
	[19, 14, 22, 20, 18, 1, 1, 13, 1, 1] => QQFieldElem[-1, -1//2, 0, -1],
	[19, 14, 22, 20, 19, 2, 1, 21, 1, 2] => QQFieldElem[-1, -1, -1, -1],
	[19, 14, 22, 20, 17, 1, 1, 13, 1, 2] => QQFieldElem[1//4, 0, 1//4, 1//4],
	[19, 14, 22, 20, 17, 1, 1, 22, 2, 1] => QQFieldElem[0, 1//10, -3//40, 1//10],
	[19, 14, 22, 20, 19, 2, 1, 22, 1, 2] => QQFieldElem[-1, 0, -1//2, -1//2],
	[19, 14, 22, 20, 19, 1, 2, 21, 2, 2] => QQFieldElem[0, 0, 0, 0],
	[19, 14, 22, 20, 19, 1, 2, 22, 2, 2] => QQFieldElem[-1//5, 1//10, -3//5, 1//5],
	[19, 14, 22, 20, 11, 1, 1, 15, 1, 1] => QQFieldElem[-29//22, -15//22, -5//11, -31//22],
	[19, 14, 22, 20, 19, 1, 1, 15, 1, 1] => QQFieldElem[-1//11, 1//11, -1//44, -1//22],
	[19, 14, 22, 20, 19, 2, 1, 21, 2, 2] => QQFieldElem[0, 0, 0, 0],
	[19, 14, 22, 20, 19, 2, 2, 15, 1, 1] => QQFieldElem[-5//11, -1//22, -4//11, -5//22],
	[19, 14, 22, 20, 19, 2, 1, 22, 2, 2] => QQFieldElem[2//5, -1//5, 1//5, -2//5],
	[19, 14, 22, 20, 20, 1, 1, 15, 1, 2] => QQFieldElem[5//44, -5//44, 1//11, -3//44],
	[19, 14, 22, 20, 12, 1, 1, 15, 1, 2] => QQFieldElem[-15//11, 4//11, -12//11, -2//11],
	[19, 14, 22, 20, 18, 2, 1, 21, 1, 1] => QQFieldElem[-1, 1, -1, 1],
	[19, 14, 22, 20, 17, 2, 1, 21, 1, 2] => QQFieldElem[0, 1//2, 0, 1//2],
	[19, 14, 22, 20, 18, 2, 1, 22, 1, 1] => QQFieldElem[-4//5, 2//5, -2//5, -6//5],
	[19, 14, 22, 20, 17, 2, 1, 22, 1, 2] => QQFieldElem[0, 0, 0, 0],
	[19, 14, 22, 20, 18, 2, 1, 21, 2, 1] => QQFieldElem[0, -1//2, 1//2, -1//2],
	[19, 14, 22, 20, 17, 1, 1, 15, 1, 1] => QQFieldElem[-9//11, 9//11, -16//11, 1//11],
	[19, 14, 22, 20, 17, 2, 1, 21, 2, 2] => QQFieldElem[0, 1//2, 0, 1//2],
	[19, 14, 22, 20, 18, 2, 1, 22, 2, 1] => QQFieldElem[-3//5, 3//5, -2//5, 2//5],
	[19, 14, 22, 20, 18, 2, 1, 13, 1, 2] => QQFieldElem[-1//2, 0, 0, 0],
	[19, 14, 22, 20, 20, 2, 1, 13, 1, 1] => QQFieldElem[2, 0, 4, 4],
	[19, 14, 22, 20, 17, 2, 1, 22, 2, 2] => QQFieldElem[0, 0, 0, 0],
	[19, 14, 22, 20, 19, 1, 2, 15, 1, 2] => QQFieldElem[-5//44, 5//44, -1//11, 3//44],
	[19, 14, 22, 20, 18, 1, 1, 21, 1, 2] => QQFieldElem[0, 0, 1//2, -1//2],
	[19, 14, 22, 20, 19, 2, 1, 15, 1, 2] => QQFieldElem[21//11, 23//11, 19//11, 27//11],
	[19, 14, 22, 20, 20, 1, 1, 21, 1, 1] => QQFieldElem[4//5, 8//5, 2//5, 6//5],
	[19, 14, 22, 20, 12, 1, 1, 21, 1, 1] => QQFieldElem[0, -1, 0, -2],
	[19, 14, 22, 20, 18, 1, 1, 22, 1, 2] => QQFieldElem[-16//5, -7//5, -8//5, -14//5],
	[19, 14, 22, 20, 20, 1, 1, 22, 1, 1] => QQFieldElem[1, -1, 0, 1],
	[19, 14, 22, 20, 12, 1, 1, 22, 1, 1] => QQFieldElem[2//5, 1//20, 9//20, 1//10],
	[19, 14, 22, 20, 19, 1, 1, 13, 1, 1] => QQFieldElem[1, 0, 1//2, 1],
	[19, 14, 22, 20, 18, 1, 1, 21, 2, 2] => QQFieldElem[-1//4, -1//4, 0, -1//4],
	[19, 14, 22, 20, 11, 1, 1, 13, 1, 1] => QQFieldElem[1//2, 1//4, 1//4, 1//2],
	[19, 14, 22, 20, 20, 1, 1, 21, 2, 1] => QQFieldElem[-1//5, -1//5, 0, -3//5],
	[19, 14, 22, 20, 12, 1, 1, 21, 2, 1] => QQFieldElem[-6, -2, -4, -6],
	[19, 14, 22, 20, 18, 1, 1, 22, 2, 2] => QQFieldElem[-4//5, 1//5, -1//2, -2//5],
	[19, 14, 22, 20, 19, 2, 2, 13, 1, 1] => QQFieldElem[0, 0, 0, 0],
	[19, 14, 22, 20, 20, 1, 1, 22, 2, 1] => QQFieldElem[1//10, -3//10, 3//10, -3//5],
	[19, 14, 22, 20, 18, 2, 1, 15, 1, 1] => QQFieldElem[-188//11, -32//11, -102//11, -138//11],
	[19, 14, 22, 20, 12, 1, 1, 13, 1, 2] => QQFieldElem[1//2, 0, 1//2, 1//2],
	[19, 14, 22, 20, 12, 1, 1, 22, 2, 1] => QQFieldElem[-1//10, 4//5, 1//5, 1//10],
	[19, 14, 22, 20, 20, 1, 1, 13, 1, 2] => QQFieldElem[-1, 0, -1//2, -1//2],
	[19, 14, 22, 20, 17, 2, 1, 15, 1, 2] => QQFieldElem[42//11, -20//11, 38//11, 10//11],
	[19, 14, 22, 20, 19, 1, 2, 21, 1, 1] => QQFieldElem[-1//5, -1//20, -1//20, -1//5],
	[19, 14, 22, 20, 19, 1, 2, 22, 1, 1] => QQFieldElem[-1//20, 1//40, -1//40, 1//20],
	[19, 14, 22, 20, 19, 2, 1, 21, 1, 1] => QQFieldElem[3//10, 0, 1//10, 1//10],
	[19, 14, 22, 20, 17, 1, 1, 13, 1, 1] => QQFieldElem[1, 1//2, 0, 1],
	[19, 14, 22, 20, 19, 2, 1, 22, 1, 1] => QQFieldElem[1//20, -3//20, 3//20, -1//20],
	[19, 14, 22, 20, 19, 1, 2, 21, 2, 1] => QQFieldElem[1//5, 0, 3//20, 3//20],
	[19, 14, 22, 20, 20, 2, 1, 21, 1, 2] => QQFieldElem[4//5, 8//5, 12//5, 16//5],
	[19, 14, 22, 20, 19, 1, 2, 22, 2, 1] => QQFieldElem[-1//20, -1//10, -1//40, -3//40],
	[19, 14, 22, 20, 19, 1, 2, 13, 1, 2] => QQFieldElem[-1, 0, -1//2, -1//2],
	[19, 14, 22, 20, 19, 2, 1, 21, 2, 1] => QQFieldElem[3//5, 1//5, -1//5, -3//5],
	[19, 14, 22, 20, 20, 2, 1, 22, 1, 2] => QQFieldElem[0, 0, -2, 0],
	[19, 14, 22, 20, 18, 1, 1, 15, 1, 2] => QQFieldElem[16//11, 6//11, 4//11, 19//11],
	[19, 14, 22, 20, 19, 2, 1, 22, 2, 1] => QQFieldElem[-1, 0, -1//2, -1//2],
	[19, 14, 22, 20, 19, 2, 1, 13, 1, 2] => QQFieldElem[2, 4, 4, 0],
	[19, 14, 22, 20, 20, 1, 1, 15, 1, 1] => QQFieldElem[13//11, 9//11, 23//22, 13//22],
	[19, 14, 22, 20, 12, 1, 1, 15, 1, 1] => QQFieldElem[-29//22, -15//22, -5//11, -31//22],
	[19, 14, 22, 20, 20, 2, 1, 21, 2, 2] => QQFieldElem[2//5, -2//5, -2//5, 2//5],
	[19, 14, 22, 20, 17, 2, 1, 21, 1, 1] => QQFieldElem[2, 2, 0, 2],
	[19, 14, 22, 20, 20, 2, 1, 22, 2, 2] => QQFieldElem[4//5, 3//5, 2//5, 6//5],
	[19, 14, 22, 20, 17, 2, 1, 22, 1, 1] => QQFieldElem[-1//2, 0, -1, -1//2],
	[19, 14, 22, 20, 19, 1, 1, 21, 1, 2] => QQFieldElem[-1//2, 0, 0, -1//2],
	[19, 14, 22, 20, 11, 1, 1, 21, 1, 2] => QQFieldElem[2//5, 3//10, 1//5, 3//5],
	[19, 14, 22, 20, 19, 2, 2, 21, 1, 2] => QQFieldElem[-3//10, 0, -1//10, -1//10],
	[19, 14, 22, 20, 19, 1, 1, 22, 1, 2] => QQFieldElem[-1//4, 0, -1//4, 0],
	[19, 14, 22, 20, 11, 1, 1, 22, 1, 2] => QQFieldElem[-1//10, 3//40, -1//10, 0],
	[19, 14, 22, 20, 17, 2, 1, 21, 2, 1] => QQFieldElem[0, 0, 0, 0],
	[19, 14, 22, 20, 19, 2, 2, 22, 1, 2] => QQFieldElem[-1//20, 3//20, -3//20, 1//20],
	[19, 14, 22, 20, 18, 2, 1, 13, 1, 1] => QQFieldElem[-1, -1, -1, -2],
	[19, 14, 22, 20, 17, 2, 1, 22, 2, 1] => QQFieldElem[0, 3//20, -1//20, 3//20],
	[19, 14, 22, 20, 17, 2, 1, 13, 1, 2] => QQFieldElem[-1//2, 0, 0, 0],
	[19, 14, 22, 20, 19, 1, 1, 21, 2, 2] => QQFieldElem[0, 0, 0, 0],
	[19, 14, 22, 20, 19, 1, 2, 15, 1, 1] => QQFieldElem[1//11, -1//11, 1//44, 1//22],
	[19, 14, 22, 20, 11, 1, 1, 21, 2, 2] => QQFieldElem[3//5, 1//5, 4//5, 2//5],
	[19, 14, 22, 20, 19, 2, 2, 21, 2, 2] => QQFieldElem[0, 0, 0, 0],
	[19, 14, 22, 20, 19, 1, 1, 22, 2, 2] => QQFieldElem[2//5, 3//10, 1//5, 3//5],
	[19, 14, 22, 20, 11, 1, 1, 22, 2, 2] => QQFieldElem[0, -3//20, 1//20, -3//20],
	[19, 14, 22, 20, 18, 1, 1, 21, 1, 1] => QQFieldElem[0, 0, 1//2, -1//2],
	[19, 14, 22, 20, 19, 2, 1, 15, 1, 1] => QQFieldElem[-5//11, -1//22, -4//11, -5//22],
	[19, 14, 22, 20, 19, 2, 2, 22, 2, 2] => QQFieldElem[6//5, -3//5, 3//5, 4//5],
	[19, 14, 22, 20, 17, 1, 1, 21, 1, 2] => QQFieldElem[0, 0, -1//4, 0],
	[19, 14, 22, 20, 18, 1, 1, 22, 1, 1] => QQFieldElem[-4//5, -3//5, -2//5, -6//5],
	[19, 14, 22, 20, 17, 1, 1, 22, 1, 2] => QQFieldElem[1, 0, 1//2, 1//2],
	[19, 14, 22, 20, 20, 2, 1, 15, 1, 2] => QQFieldElem[7//11, -3//22, 9//22, 7//22],
	[19, 14, 22, 20, 18, 1, 1, 21, 2, 1] => QQFieldElem[1//4, 1//4, 0, 1//4],
	[19, 14, 22, 20, 17, 1, 1, 21, 2, 2] => QQFieldElem[0, 0, 1//4, 0],
	[19, 14, 22, 20, 18, 1, 1, 22, 2, 1] => QQFieldElem[-4//5, 1//5, -1//2, -2//5],
	[19, 14, 22, 20, 18, 1, 1, 13, 1, 2] => QQFieldElem[-1//4, 0, -1//4, -1//4],
	[19, 14, 22, 20, 17, 1, 1, 22, 2, 2] => QQFieldElem[1, 0, 1//2, 1//2],
	[19, 14, 22, 20, 12, 1, 1, 13, 1, 1] => QQFieldElem[-1//2, -1//4, -1//4, -1//2],
	[19, 14, 22, 20, 20, 1, 1, 13, 1, 1] => QQFieldElem[-3, -2, -2, -3],
	[19, 14, 22, 20, 17, 2, 1, 15, 1, 1] => QQFieldElem[52//11, 36//11, 2//11, 70//11],
	[19, 14, 22, 20, 19, 1, 1, 15, 1, 2] => QQFieldElem[-1//11, 1//11, -17//22, -23//22],
	[19, 14, 22, 20, 11, 1, 1, 15, 1, 2] => QQFieldElem[15//11, -4//11, 12//11, 2//11],
	[19, 14, 22, 20, 19, 2, 2, 15, 1, 2] => QQFieldElem[7//11, -3//22, 9//22, 7//22])