Dict(
	[19, 9, 11, 21, 22, 1, 1, 13, 1, 1] => QQFieldElem[1//4, 0, 0, 0],
	[19, 9, 11, 21, 22, 2, 1, 13, 1, 1] => QQFieldElem[-1//4, -1//2, 0, -1//2],
	[19, 9, 11, 21, 21, 1, 1, 13, 1, 1] => QQFieldElem[1//2, 1//4, 0, 1//2],
	[19, 9, 11, 21, 22, 1, 1, 15, 1, 1] => QQFieldElem[-1//8, 1//8, 0, 0],
	[19, 9, 11, 21, 21, 2, 1, 13, 1, 1] => QQFieldElem[0, 1//4, 0, 0],
	[19, 9, 11, 21, 22, 2, 1, 15, 1, 1] => QQFieldElem[3//8, -3//8, 1//4, -1//4],
	[19, 9, 11, 21, 21, 1, 1, 15, 1, 1] => QQFieldElem[1//8, 1//2, -1//8, 1//2],
	[19, 9, 11, 21, 22, 1, 1, 21, 1, 1] => QQFieldElem[-1//4, -1//2, 0, -1//2],
	[19, 9, 11, 21, 21, 2, 1, 15, 1, 1] => QQFieldElem[-1//8, 0, 1//8, 0],
	[19, 9, 11, 21, 22, 1, 1, 22, 1, 1] => QQFieldElem[1//8, -1//8, 0, 0],
	[19, 9, 11, 21, 22, 2, 1, 21, 1, 1] => QQFieldElem[1//4, 0, 0, 0],
	[19, 9, 11, 21, 21, 1, 1, 21, 1, 1] => QQFieldElem[0, 1//4, 0, 0],
	[19, 9, 11, 21, 22, 2, 1, 22, 1, 1] => QQFieldElem[-3//8, -1//8, -1//4, -1//4],
	[19, 9, 11, 21, 21, 1, 1, 22, 1, 1] => QQFieldElem[1//8, 0, 1//8, 0],
	[19, 9, 11, 21, 21, 2, 1, 21, 1, 1] => QQFieldElem[1//2, 1//4, 0, 1//2],
	[19, 9, 11, 21, 21, 2, 1, 22, 1, 1] => QQFieldElem[-1//8, 0, -1//8, 0])