Dict(
	[20, 21, 20, 15, 22, 2, 1, 21, 2, 2] => QQFieldElem[21//4, 4, 3//4, 15//2],
	[20, 21, 20, 15, 14, 1, 1, 22, 1, 2] => QQFieldElem[6//5, 7//5, 3//5, 13//10],
	[20, 21, 20, 15, 21, 1, 1, 21, 2, 2] => QQFieldElem[4, 3, 1, 5],
	[20, 21, 20, 15, 22, 2, 1, 22, 2, 2] => QQFieldElem[5//4, 2, -1//4, 5//2],
	[20, 21, 20, 15, 21, 2, 2, 21, 2, 2] => QQFieldElem[5//2, 0, 1, 3//2],
	[20, 21, 20, 15, 21, 1, 1, 22, 2, 2] => QQFieldElem[-6//5, -3//5, -1//5, -1],
	[20, 21, 20, 15, 14, 1, 1, 21, 2, 2] => QQFieldElem[-1, 0, -1, -1],
	[20, 21, 20, 15, 21, 2, 2, 22, 2, 2] => QQFieldElem[1//10, -4//5, -1//5, -11//10],
	[20, 21, 20, 15, 22, 1, 1, 16, 1, 1] => QQFieldElem[3//4, -3//8, -1//4, -1//8],
	[20, 21, 20, 15, 14, 1, 1, 22, 2, 2] => QQFieldElem[9//5, 2//5, -1//5, 1],
	[20, 21, 20, 15, 22, 2, 2, 16, 1, 1] => QQFieldElem[-1, -1//2, 0, -1],
	[20, 21, 20, 15, 21, 1, 2, 16, 1, 1] => QQFieldElem[9//4, -1//2, 7//4, 3//2],
	[20, 21, 20, 15, 16, 1, 1, 16, 1, 1] => QQFieldElem[-1, 3//2, -3//2, 1],
	[20, 21, 20, 15, 21, 2, 1, 16, 1, 1] => QQFieldElem[-11//4, -7//4, -1//4, -4],
	[20, 21, 20, 15, 22, 1, 1, 14, 1, 1] => QQFieldElem[3//2, 7//8, 0, 11//8],
	[20, 21, 20, 15, 22, 2, 2, 14, 1, 1] => QQFieldElem[2, -3//2, 2, 0],
	[20, 21, 20, 15, 21, 1, 2, 14, 1, 1] => QQFieldElem[-1//4, 0, 3//4, -1//2],
	[20, 21, 20, 15, 16, 1, 1, 14, 1, 1] => QQFieldElem[1, 1//2, 1//2, 1],
	[20, 21, 20, 15, 21, 2, 1, 14, 1, 1] => QQFieldElem[-3//4, 1//4, -3//4, 0],
	[20, 21, 20, 15, 22, 1, 2, 21, 1, 1] => QQFieldElem[5//4, -3//2, 1//2, -1//4],
	[20, 21, 20, 15, 22, 1, 2, 22, 1, 1] => QQFieldElem[-3//4, 0, -1, -3//4],
	[20, 21, 20, 15, 22, 2, 1, 21, 1, 1] => QQFieldElem[-1, 1, -1, 1],
	[20, 21, 20, 15, 21, 1, 1, 21, 1, 1] => QQFieldElem[11//5, 7//5, 8//5, 14//5],
	[20, 21, 20, 15, 22, 2, 1, 22, 1, 1] => QQFieldElem[3//5, -1//5, 3//5, 1],
	[20, 21, 20, 15, 21, 1, 1, 22, 1, 1] => QQFieldElem[-1//5, -7//5, -8//5, -4//5],
	[20, 21, 20, 15, 22, 1, 2, 21, 2, 1] => QQFieldElem[-1, 7//2, -3, 3],
	[20, 21, 20, 15, 21, 2, 2, 21, 1, 1] => QQFieldElem[-9//5, 2//5, -7//5, -6//5],
	[20, 21, 20, 15, 14, 1, 1, 21, 1, 1] => QQFieldElem[-28//5, -6//5, -14//5, -22//5],
	[20, 21, 20, 15, 21, 2, 2, 22, 1, 1] => QQFieldElem[1//5, -2//5, 1//5, 0],
	[20, 21, 20, 15, 22, 1, 2, 22, 2, 1] => QQFieldElem[-8//5, 1//2, -6//5, -1//5],
	[20, 21, 20, 15, 22, 2, 1, 21, 2, 1] => QQFieldElem[-9//5, -13//5, 3//5, -21//5],
	[20, 21, 20, 15, 21, 1, 1, 21, 2, 1] => QQFieldElem[0, -3//2, 1//2, -3//2],
	[20, 21, 20, 15, 14, 1, 1, 22, 1, 1] => QQFieldElem[-4//5, -2//5, -2//5, -2//5],
	[20, 21, 20, 15, 22, 2, 1, 22, 2, 1] => QQFieldElem[3//5, 1//5, -1//5, 7//5],
	[20, 21, 20, 15, 21, 1, 1, 22, 2, 1] => QQFieldElem[-7//10, 1//10, -1//10, 1//5],
	[20, 21, 20, 15, 21, 2, 2, 21, 2, 1] => QQFieldElem[2, 0, 1, 1],
	[20, 21, 20, 15, 14, 1, 1, 21, 2, 1] => QQFieldElem[0, 6//5, -2//5, 6//5],
	[20, 21, 20, 15, 21, 2, 2, 22, 2, 1] => QQFieldElem[-4//5, -2//5, -3//5, -1//5],
	[20, 21, 20, 15, 14, 1, 1, 22, 2, 1] => QQFieldElem[0, -6//5, 2//5, -6//5],
	[20, 21, 20, 15, 22, 1, 1, 21, 1, 2] => QQFieldElem[-5//8, 0, -5//8, 0],
	[20, 21, 20, 15, 22, 2, 2, 21, 1, 2] => QQFieldElem[0, 0, 1//2, -1//2],
	[20, 21, 20, 15, 22, 1, 1, 22, 1, 2] => QQFieldElem[-7//8, -1//4, -3//8, -1//4],
	[20, 21, 20, 15, 21, 1, 2, 21, 1, 2] => QQFieldElem[1//2, 3//2, -1, 2],
	[20, 21, 20, 15, 22, 2, 2, 22, 1, 2] => QQFieldElem[-3//5, -4//5, -1//10, -1//2],
	[20, 21, 20, 15, 16, 1, 1, 21, 1, 2] => QQFieldElem[0, 2, 0, 3//2],
	[20, 21, 20, 15, 21, 1, 2, 22, 1, 2] => QQFieldElem[-3//10, -1//10, -2//5, -1//5],
	[20, 21, 20, 15, 21, 2, 1, 21, 1, 2] => QQFieldElem[-8, -5//2, -4, -7],
	[20, 21, 20, 15, 22, 1, 1, 21, 2, 2] => QQFieldElem[25//8, 5//4, 15//8, 15//4],
	[20, 21, 20, 15, 16, 1, 1, 22, 1, 2] => QQFieldElem[-1, -1, -1, -1//2],
	[20, 21, 20, 15, 22, 2, 2, 21, 2, 2] => QQFieldElem[3, -3, 7//2, -1//2],
	[20, 21, 20, 15, 21, 1, 2, 21, 2, 2] => QQFieldElem[9//4, 1, 0, 7//4],
	[20, 21, 20, 15, 22, 1, 1, 22, 2, 2] => QQFieldElem[3//8, 1, 1//8, 1],
	[20, 21, 20, 15, 21, 2, 1, 22, 1, 2] => QQFieldElem[1//5, -1//10, -2//5, -1//5],
	[20, 21, 20, 15, 22, 2, 2, 22, 2, 2] => QQFieldElem[12//5, -1//5, 17//10, 11//10],
	[20, 21, 20, 15, 16, 1, 1, 21, 2, 2] => QQFieldElem[-7//5, 16//5, -11//5, 7//5],
	[20, 21, 20, 15, 21, 1, 2, 22, 2, 2] => QQFieldElem[1//4, -1//2, 1//2, 1//4],
	[20, 21, 20, 15, 21, 2, 1, 21, 2, 2] => QQFieldElem[0, -1, 1, -1],
	[20, 21, 20, 15, 16, 1, 1, 22, 2, 2] => QQFieldElem[-1//5, -2//5, -3//5, 1//5],
	[20, 21, 20, 15, 22, 1, 2, 16, 1, 1] => QQFieldElem[-1//4, -1//2, -3//4, -1],
	[20, 21, 20, 15, 21, 2, 1, 22, 2, 2] => QQFieldElem[-2//5, 1//5, -1//5, -3//5],
	[20, 21, 20, 15, 22, 2, 1, 16, 1, 1] => QQFieldElem[3//4, -1//4, 3//4, 0],
	[20, 21, 20, 15, 21, 1, 1, 16, 1, 1] => QQFieldElem[-1, -15//8, 1//2, -21//8],
	[20, 21, 20, 15, 21, 2, 2, 16, 1, 1] => QQFieldElem[2, -3//2, 2, 0],
	[20, 21, 20, 15, 14, 1, 1, 16, 1, 1] => QQFieldElem[1, 1//2, 1//2, 1],
	[20, 21, 20, 15, 22, 1, 2, 14, 1, 1] => QQFieldElem[5//4, 0, 5//4, 0],
	[20, 21, 20, 15, 22, 2, 1, 14, 1, 1] => QQFieldElem[11//4, 7//4, 1//4, 4],
	[20, 21, 20, 15, 21, 1, 1, 14, 1, 1] => QQFieldElem[-5//4, -5//8, -5//4, -5//8],
	[20, 21, 20, 15, 21, 2, 2, 14, 1, 1] => QQFieldElem[-1, -1//2, 0, -1],
	[20, 21, 20, 15, 14, 1, 1, 14, 1, 1] => QQFieldElem[-1, 3//2, -3//2, 1],
	[20, 21, 20, 15, 22, 1, 1, 21, 1, 1] => QQFieldElem[-3//2, 0, -1, 0],
	[20, 21, 20, 15, 22, 2, 2, 21, 1, 1] => QQFieldElem[9//2, 0, 3, 5//2],
	[20, 21, 20, 15, 22, 1, 1, 22, 1, 1] => QQFieldElem[9//10, 4//5, 1//5, 3//5],
	[20, 21, 20, 15, 21, 1, 2, 21, 1, 1] => QQFieldElem[-3, -4, 1, -6],
	[20, 21, 20, 15, 22, 2, 2, 22, 1, 1] => QQFieldElem[-3//2, 0, -1, -1//2],
	[20, 21, 20, 15, 21, 1, 2, 22, 1, 1] => QQFieldElem[-1//5, 0, 1//5, 0],
	[20, 21, 20, 15, 16, 1, 1, 21, 1, 1] => QQFieldElem[1, -1, 0, 0],
	[20, 21, 20, 15, 21, 2, 1, 21, 1, 1] => QQFieldElem[26//5, 14//5, 14//5, 26//5],
	[20, 21, 20, 15, 22, 1, 1, 21, 2, 1] => QQFieldElem[-3//2, -2, -1, -3],
	[20, 21, 20, 15, 16, 1, 1, 22, 1, 1] => QQFieldElem[-7//5, -3//5, -8//5, -2//5],
	[20, 21, 20, 15, 21, 2, 1, 22, 1, 1] => QQFieldElem[2//5, -2//5, -2//5, 2//5],
	[20, 21, 20, 15, 22, 1, 1, 22, 2, 1] => QQFieldElem[1//2, 0, -1, 0],
	[20, 21, 20, 15, 21, 1, 2, 21, 2, 1] => QQFieldElem[3//2, 1//2, 1, 2],
	[20, 21, 20, 15, 22, 2, 2, 21, 2, 1] => QQFieldElem[1, 1//2, 0, 1],
	[20, 21, 20, 15, 22, 2, 2, 22, 2, 1] => QQFieldElem[2//5, 3//10, 1//5, 3//5],
	[20, 21, 20, 15, 21, 1, 2, 22, 2, 1] => QQFieldElem[-1//10, 1//10, -2//5, -3//5],
	[20, 21, 20, 15, 16, 1, 1, 21, 2, 1] => QQFieldElem[2//5, -6//5, 6//5, -2//5],
	[20, 21, 20, 15, 21, 2, 1, 21, 2, 1] => QQFieldElem[-1, -1//2, 0, -1],
	[20, 21, 20, 15, 16, 1, 1, 22, 2, 1] => QQFieldElem[-6//5, 2//5, -2//5, 6//5],
	[20, 21, 20, 15, 21, 2, 1, 22, 2, 1] => QQFieldElem[0, 7//10, -2//5, 1//5],
	[20, 21, 20, 15, 22, 1, 2, 21, 1, 2] => QQFieldElem[0, -1//4, 1//2, -1//4],
	[20, 21, 20, 15, 22, 1, 2, 22, 1, 2] => QQFieldElem[1//10, -1//20, 3//10, -7//20],
	[20, 21, 20, 15, 22, 2, 1, 21, 1, 2] => QQFieldElem[1//4, -1//2, 1//4, 0],
	[20, 21, 20, 15, 21, 1, 1, 21, 1, 2] => QQFieldElem[-3, -1//2, -2, -2],
	[20, 21, 20, 15, 22, 2, 1, 22, 1, 2] => QQFieldElem[-7//20, 3//10, -11//20, -2//5],
	[20, 21, 20, 15, 22, 1, 2, 21, 2, 2] => QQFieldElem[1//2, -7//4, 2, -3//4],
	[20, 21, 20, 15, 21, 2, 2, 21, 1, 2] => QQFieldElem[4//5, 18//5, -13//5, 21//5],
	[20, 21, 20, 15, 21, 1, 1, 22, 1, 2] => QQFieldElem[-1//2, -1//2, 0, -1//2],
	[20, 21, 20, 15, 14, 1, 1, 21, 1, 2] => QQFieldElem[-1, 0, 0, -3//2],
	[20, 21, 20, 15, 21, 2, 2, 22, 1, 2] => QQFieldElem[2//5, 0, -1//5, -1//5],
	[20, 21, 20, 15, 22, 1, 2, 22, 2, 2] => QQFieldElem[1, 1//4, 1, 3//4])