Dict(
	[20, 17, 18, 18, 19, 1, 1, 17, 1, 1] => QQFieldElem[0, 1//5, 1//10, 1//5],
	[20, 17, 18, 18, 11, 1, 1, 17, 1, 1] => QQFieldElem[-2, 0, -1, -1],
	[20, 17, 18, 18, 18, 1, 1, 7, 1, 1] => QQFieldElem[-3, 1, -2, -1],
	[20, 17, 18, 18, 7, 1, 1, 7, 1, 1] => QQFieldElem[-2, 1, -2, 0],
	[20, 17, 18, 18, 18, 1, 1, 12, 1, 1] => QQFieldElem[-6, 4, -6, 0],
	[20, 17, 18, 18, 7, 1, 1, 12, 1, 1] => QQFieldElem[-8//5, 14//5, -14//5, 8//5],
	[20, 17, 18, 18, 18, 1, 1, 20, 1, 1] => QQFieldElem[0, -6, 4, -6],
	[20, 17, 18, 18, 20, 1, 1, 11, 1, 1] => QQFieldElem[-1//5, -1//5, 0, -1//10],
	[20, 17, 18, 18, 12, 1, 1, 11, 1, 1] => QQFieldElem[2//5, -6//5, 6//5, -2//5],
	[20, 17, 18, 18, 7, 1, 1, 20, 1, 1] => QQFieldElem[-6//5, -12//5, 2//5, -14//5],
	[20, 17, 18, 18, 20, 1, 1, 5, 1, 1] => QQFieldElem[3//10, 1//10, -1//10, 1//5],
	[20, 17, 18, 18, 12, 1, 1, 5, 1, 1] => QQFieldElem[0, 4, -2, 4],
	[20, 17, 18, 18, 20, 1, 1, 19, 1, 1] => QQFieldElem[-5, 1, -4, -2],
	[20, 17, 18, 18, 12, 1, 1, 19, 1, 1] => QQFieldElem[14//5, 8//5, 2//5, 16//5],
	[20, 17, 18, 18, 3, 1, 1, 7, 1, 1] => QQFieldElem[4, -4, 4, 0],
	[20, 17, 18, 18, 20, 1, 1, 19, 2, 1] => QQFieldElem[2//5, 3//10, -3//10, 3//5],
	[20, 17, 18, 18, 12, 1, 1, 19, 2, 1] => QQFieldElem[1//5, -2//5, 1//5, 0],
	[20, 17, 18, 18, 19, 2, 1, 11, 1, 1] => QQFieldElem[3//5, 1//5, 4//5, 2//5],
	[20, 17, 18, 18, 11, 1, 1, 7, 1, 1] => QQFieldElem[5, -1, 4, 2],
	[20, 17, 18, 18, 19, 1, 1, 7, 1, 1] => QQFieldElem[-1//5, -2//5, -1//10, -3//10],
	[20, 17, 18, 18, 3, 1, 1, 12, 1, 1] => QQFieldElem[24//5, -32//5, 32//5, -24//5],
	[20, 17, 18, 18, 19, 2, 1, 5, 1, 1] => QQFieldElem[-2, 1, -2, 0],
	[20, 17, 18, 18, 19, 1, 1, 12, 1, 1] => QQFieldElem[-1//5, -1//5, 0, -3//5],
	[20, 17, 18, 18, 11, 1, 1, 12, 1, 1] => QQFieldElem[6, -4, 6, 0],
	[20, 17, 18, 18, 19, 2, 1, 19, 1, 1] => QQFieldElem[-4, 6, -6, 4],
	[20, 17, 18, 18, 20, 1, 1, 17, 1, 1] => QQFieldElem[1//5, 1//5, 0, 1//10],
	[20, 17, 18, 18, 3, 1, 1, 20, 1, 1] => QQFieldElem[8//5, 16//5, -16//5, 32//5],
	[20, 17, 18, 18, 12, 1, 1, 17, 1, 1] => QQFieldElem[-2//5, 6//5, -6//5, 2//5],
	[20, 17, 18, 18, 19, 1, 1, 20, 1, 1] => QQFieldElem[3//5, 2//5, 2//5, 3//5],
	[20, 17, 18, 18, 19, 2, 1, 19, 2, 1] => QQFieldElem[-1//10, 4//5, -3//10, 3//5],
	[20, 17, 18, 18, 11, 1, 1, 20, 1, 1] => QQFieldElem[0, 6, -4, 6],
	[20, 17, 18, 18, 18, 1, 1, 11, 1, 1] => QQFieldElem[-2, 0, -1, -1],
	[20, 17, 18, 18, 19, 2, 1, 17, 1, 1] => QQFieldElem[-4//5, 2//5, -2//5, -1//5],
	[20, 17, 18, 18, 7, 1, 1, 11, 1, 1] => QQFieldElem[-4//5, 2//5, -2//5, -1//5],
	[20, 17, 18, 18, 18, 1, 1, 5, 1, 1] => QQFieldElem[5, -1, 4, 2],
	[20, 17, 18, 18, 18, 1, 1, 19, 1, 1] => QQFieldElem[-16, 4, -12, -8],
	[20, 17, 18, 18, 7, 1, 1, 5, 1, 1] => QQFieldElem[2, -1, 2, 0],
	[20, 17, 18, 18, 7, 1, 1, 19, 1, 1] => QQFieldElem[6, 6, 0, 10],
	[20, 17, 18, 18, 18, 1, 1, 19, 2, 1] => QQFieldElem[4, -1, 3, 2],
	[20, 17, 18, 18, 7, 1, 1, 19, 2, 1] => QQFieldElem[32//5, 4//5, 16//5, 28//5],
	[20, 17, 18, 18, 20, 1, 1, 7, 1, 1] => QQFieldElem[-3//10, -1//10, 1//10, -1//5],
	[20, 17, 18, 18, 12, 1, 1, 7, 1, 1] => QQFieldElem[0, -4, 2, -4],
	[20, 17, 18, 18, 18, 1, 1, 17, 1, 1] => QQFieldElem[3, 0, 2, 2],
	[20, 17, 18, 18, 3, 1, 1, 11, 1, 1] => QQFieldElem[12//5, 4//5, 16//5, 8//5],
	[20, 17, 18, 18, 20, 1, 1, 12, 1, 1] => QQFieldElem[-4//5, -1//5, -1//5, -4//5],
	[20, 17, 18, 18, 12, 1, 1, 12, 1, 1] => QQFieldElem[-28//5, -56//5, 16//5, -72//5],
	[20, 17, 18, 18, 7, 1, 1, 17, 1, 1] => QQFieldElem[3//5, 1//5, 4//5, 2//5],
	[20, 17, 18, 18, 19, 1, 1, 11, 1, 1] => QQFieldElem[0, -1//5, -1//10, -1//5],
	[20, 17, 18, 18, 11, 1, 1, 11, 1, 1] => QQFieldElem[3, 0, 2, 2],
	[20, 17, 18, 18, 3, 1, 1, 5, 1, 1] => QQFieldElem[-8, 4, -8, 0],
	[20, 17, 18, 18, 3, 1, 1, 19, 1, 1] => QQFieldElem[56//5, 32//5, 8//5, 64//5],
	[20, 17, 18, 18, 20, 1, 1, 20, 1, 1] => QQFieldElem[4//5, 0, 3//5, 3//5],
	[20, 17, 18, 18, 12, 1, 1, 20, 1, 1] => QQFieldElem[44//5, 28//5, 12//5, 56//5],
	[20, 17, 18, 18, 19, 2, 1, 7, 1, 1] => QQFieldElem[1, -1, 1, 0],
	[20, 17, 18, 18, 11, 1, 1, 5, 1, 1] => QQFieldElem[-5, 1, -4, -2],
	[20, 17, 18, 18, 19, 1, 1, 5, 1, 1] => QQFieldElem[1//10, 1//5, -1//5, 2//5],
	[20, 17, 18, 18, 19, 1, 1, 19, 1, 1] => QQFieldElem[-13, -1, -7, -9],
	[20, 17, 18, 18, 11, 1, 1, 19, 1, 1] => QQFieldElem[-6, -6, 0, -10],
	[20, 17, 18, 18, 3, 1, 1, 19, 2, 1] => QQFieldElem[-14//5, -8//5, -2//5, -16//5],
	[20, 17, 18, 18, 19, 2, 1, 12, 1, 1] => QQFieldElem[8//5, -14//5, 14//5, -8//5],
	[20, 17, 18, 18, 19, 1, 1, 19, 2, 1] => QQFieldElem[15, 1, 9, 10],
	[20, 17, 18, 18, 11, 1, 1, 19, 2, 1] => QQFieldElem[4//5, 0, 3//5, 3//5],
	[20, 17, 18, 18, 19, 2, 1, 20, 1, 1] => QQFieldElem[6//5, 12//5, -2//5, 14//5],
	[20, 17, 18, 18, 3, 1, 1, 17, 1, 1] => QQFieldElem[-12//5, -4//5, -16//5, -8//5])