Dict(
	[20, 22, 12, 9, 21, 1, 1, 21, 2, 1] => QQFieldElem[0, 1//2, -1//2, 0],
	[20, 22, 12, 9, 16, 1, 1, 21, 2, 1] => QQFieldElem[0, 1//2, 1//2, 0],
	[20, 22, 12, 9, 21, 1, 1, 22, 2, 1] => QQFieldElem[2, 3//2, 1, 3],
	[20, 22, 12, 9, 16, 1, 1, 22, 2, 1] => QQFieldElem[1, 1//2, 0, 1],
	[20, 22, 12, 9, 14, 1, 1, 21, 2, 1] => QQFieldElem[2, 1//2, 1//2, 2],
	[20, 22, 12, 9, 14, 1, 1, 22, 2, 1] => QQFieldElem[1, 1//2, 0, 1],
	[20, 22, 12, 9, 22, 1, 1, 21, 1, 1] => QQFieldElem[-1//4, 0, 0, 1//4],
	[20, 22, 12, 9, 22, 1, 1, 22, 1, 1] => QQFieldElem[1//4, 1//4, 1//2, 1//4],
	[20, 22, 12, 9, 21, 1, 1, 21, 1, 1] => QQFieldElem[3//4, 1//2, 0, 5//4],
	[20, 22, 12, 9, 16, 1, 1, 21, 1, 1] => QQFieldElem[1//4, 0, 1//2, 1//4],
	[20, 22, 12, 9, 21, 1, 1, 22, 1, 1] => QQFieldElem[-1//4, -1//4, 0, -3//4],
	[20, 22, 12, 9, 22, 1, 1, 21, 2, 1] => QQFieldElem[0, 1//2, -1//2, 0],
	[20, 22, 12, 9, 16, 1, 1, 22, 1, 1] => QQFieldElem[1//4, 1//4, 0, 1//4],
	[20, 22, 12, 9, 14, 1, 1, 21, 1, 1] => QQFieldElem[-3//4, -1//2, -1//2, -3//4],
	[20, 22, 12, 9, 22, 1, 1, 22, 2, 1] => QQFieldElem[0, -1//2, -1, -1],
	[20, 22, 12, 9, 14, 1, 1, 22, 1, 1] => QQFieldElem[3//4, -1//4, 1//2, 1//4])