Dict(
	[20, 11, 14, 22, 15, 1, 1, 8, 1, 1] => QQFieldElem[4, 0, 4, 2],
	[20, 11, 14, 22, 15, 1, 1, 18, 1, 1] => QQFieldElem[8//5, -4//5, 4//5, -8//5],
	[20, 11, 14, 22, 15, 2, 1, 6, 1, 1] => QQFieldElem[0, 0, 0, 0],
	[20, 11, 14, 22, 15, 1, 1, 17, 1, 1] => QQFieldElem[8//11, -4//11, -8//11, -2//11],
	[20, 11, 14, 22, 15, 2, 1, 19, 1, 2] => QQFieldElem[-1, -1, 0, -1],
	[20, 11, 14, 22, 13, 1, 1, 19, 1, 1] => QQFieldElem[-4, -4, -8, -4],
	[20, 11, 14, 22, 13, 2, 1, 12, 1, 1] => QQFieldElem[5//22, -7//110, 19//110, 13//110],
	[20, 11, 14, 22, 22, 1, 1, 19, 1, 1] => QQFieldElem[-3//5, -1//5, 1//5, 3//5],
	[20, 11, 14, 22, 22, 2, 1, 12, 1, 1] => QQFieldElem[-5//22, 7//110, -19//110, -13//110],
	[20, 11, 14, 22, 13, 2, 1, 20, 1, 1] => QQFieldElem[-2//5, -3//5, -3//5, -2//5],
	[20, 11, 14, 22, 13, 1, 1, 8, 1, 1] => QQFieldElem[0, -4, 4, -4],
	[20, 11, 14, 22, 21, 1, 1, 12, 1, 1] => QQFieldElem[0, 0, 0, 0],
	[20, 11, 14, 22, 13, 1, 1, 18, 1, 1] => QQFieldElem[-16//5, 8//5, 32//5, 16//5],
	[20, 11, 14, 22, 21, 2, 1, 19, 1, 1] => QQFieldElem[4//5, 2//5, 4//5, 0],
	[20, 11, 14, 22, 13, 2, 1, 6, 1, 1] => QQFieldElem[7//10, 3//10, 3//10, 7//10],
	[20, 11, 14, 22, 13, 1, 1, 17, 1, 1] => QQFieldElem[-32//11, -28//11, -12//11, -36//11],
	[20, 11, 14, 22, 13, 2, 1, 19, 1, 2] => QQFieldElem[-1//2, 0, -1//2, 1//2],
	[20, 11, 14, 22, 22, 2, 1, 20, 1, 1] => QQFieldElem[1//5, 1//5, 0, 3//5],
	[20, 11, 14, 22, 21, 1, 1, 20, 1, 1] => QQFieldElem[1//10, 1//5, 3//10, -1//10],
	[20, 11, 14, 22, 22, 1, 1, 8, 1, 1] => QQFieldElem[0, 0, 0, 0],
	[20, 11, 14, 22, 22, 1, 1, 18, 1, 1] => QQFieldElem[2//5, 4//5, 6//5, 8//5],
	[20, 11, 14, 22, 22, 2, 1, 6, 1, 1] => QQFieldElem[-7//10, -3//10, -3//10, -7//10],
	[20, 11, 14, 22, 21, 1, 1, 6, 1, 1] => QQFieldElem[0, 0, 0, 0],
	[20, 11, 14, 22, 22, 1, 1, 17, 1, 1] => QQFieldElem[0, 0, 0, 0],
	[20, 11, 14, 22, 21, 2, 1, 8, 1, 1] => QQFieldElem[2, -2, 0, 0],
	[20, 11, 14, 22, 21, 2, 1, 18, 1, 1] => QQFieldElem[0, 0, -4, 0],
	[20, 11, 14, 22, 21, 1, 1, 19, 1, 2] => QQFieldElem[-8//5, 4//5, -4//5, 8//5],
	[20, 11, 14, 22, 22, 2, 1, 19, 1, 2] => QQFieldElem[-4//5, -2//5, -4//5, 0],
	[20, 11, 14, 22, 21, 2, 1, 17, 1, 1] => QQFieldElem[10//11, 6//11, 12//11, -8//11],
	[20, 11, 14, 22, 15, 1, 1, 12, 1, 1] => QQFieldElem[-26//55, 13//55, -18//55, 1//55],
	[20, 11, 14, 22, 15, 2, 1, 19, 1, 1] => QQFieldElem[4, 2, 2, 2],
	[20, 11, 14, 22, 15, 1, 1, 20, 1, 1] => QQFieldElem[8//5, 6//5, 4//5, 2//5],
	[20, 11, 14, 22, 15, 1, 1, 6, 1, 1] => QQFieldElem[-8//5, -1//5, -4//5, -7//5],
	[20, 11, 14, 22, 15, 2, 1, 8, 1, 1] => QQFieldElem[1, 1//2, 1//2, 3//2],
	[20, 11, 14, 22, 15, 2, 1, 18, 1, 1] => QQFieldElem[-3//5, -1//5, 1//5, -7//5],
	[20, 11, 14, 22, 15, 1, 1, 19, 1, 2] => QQFieldElem[0, -1, 0, 0],
	[20, 11, 14, 22, 15, 2, 1, 17, 1, 1] => QQFieldElem[1, 1//2, 1//2, 3//2],
	[20, 11, 14, 22, 13, 1, 1, 12, 1, 1] => QQFieldElem[38//55, 36//55, -16//55, 62//55],
	[20, 11, 14, 22, 13, 2, 1, 19, 1, 1] => QQFieldElem[6//5, 7//5, 3//5, 4//5],
	[20, 11, 14, 22, 13, 1, 1, 20, 1, 1] => QQFieldElem[4//5, -12//5, -8//5, -4//5],
	[20, 11, 14, 22, 22, 1, 1, 12, 1, 1] => QQFieldElem[0, 0, 0, 0],
	[20, 11, 14, 22, 22, 2, 1, 19, 1, 1] => QQFieldElem[0, 0, -4, 0],
	[20, 11, 14, 22, 21, 1, 1, 19, 1, 1] => QQFieldElem[16//5, -8//5, -32//5, -16//5],
	[20, 11, 14, 22, 13, 1, 1, 6, 1, 1] => QQFieldElem[-6//5, 8//5, -8//5, 6//5],
	[20, 11, 14, 22, 21, 2, 1, 12, 1, 1] => QQFieldElem[-1//11, -5//11, 1//11, 3//11],
	[20, 11, 14, 22, 13, 2, 1, 8, 1, 1] => QQFieldElem[-2, 0, -1, -1],
	[20, 11, 14, 22, 13, 2, 1, 18, 1, 1] => QQFieldElem[-4//5, -2//5, -4//5, 0],
	[20, 11, 14, 22, 13, 1, 1, 19, 1, 2] => QQFieldElem[-4, -2, 0, -2],
	[20, 11, 14, 22, 22, 1, 1, 20, 1, 1] => QQFieldElem[-2//5, 1//5, 4//5, 2//5],
	[20, 11, 14, 22, 13, 2, 1, 17, 1, 1] => QQFieldElem[-4//55, 2//55, -7//55, -21//55],
	[20, 11, 14, 22, 22, 1, 1, 6, 1, 1] => QQFieldElem[0, 0, 0, 0],
	[20, 11, 14, 22, 21, 2, 1, 20, 1, 1] => QQFieldElem[0, -2, -2, -2],
	[20, 11, 14, 22, 22, 2, 1, 8, 1, 1] => QQFieldElem[8//5, 1//5, 4//5, 7//5],
	[20, 11, 14, 22, 21, 1, 1, 8, 1, 1] => QQFieldElem[0, -1//2, 1//2, -1//2],
	[20, 11, 14, 22, 22, 2, 1, 18, 1, 1] => QQFieldElem[4//5, 2//5, 4//5, 0],
	[20, 11, 14, 22, 22, 1, 1, 19, 1, 2] => QQFieldElem[2//5, 4//5, 6//5, 8//5],
	[20, 11, 14, 22, 21, 1, 1, 18, 1, 1] => QQFieldElem[-3//5, -1//5, 1//5, 3//5],
	[20, 11, 14, 22, 21, 2, 1, 6, 1, 1] => QQFieldElem[-1, -1, -1, -1],
	[20, 11, 14, 22, 22, 2, 1, 17, 1, 1] => QQFieldElem[26//55, -13//55, 18//55, -1//55],
	[20, 11, 14, 22, 21, 1, 1, 17, 1, 1] => QQFieldElem[0, -1//2, 1//2, -1//2],
	[20, 11, 14, 22, 21, 2, 1, 19, 1, 2] => QQFieldElem[-3//5, -1//5, 1//5, -7//5],
	[20, 11, 14, 22, 15, 1, 1, 19, 1, 1] => QQFieldElem[1//2, 0, -1//2, -1//2],
	[20, 11, 14, 22, 15, 2, 1, 12, 1, 1] => QQFieldElem[0, 0, 0, 0],
	[20, 11, 14, 22, 15, 2, 1, 20, 1, 1] => QQFieldElem[11//10, 1//5, 3//10, 9//10])