Dict(
	[20, 20, 4, 4, 20, 1, 1, 8, 2, 1] => QQFieldElem[8//5, 2//5, 2//5, 8//5],
	[20, 20, 4, 4, 12, 1, 1, 8, 2, 1] => QQFieldElem[7//5, 4//5, 1//5, 8//5],
	[20, 20, 4, 4, 20, 1, 1, 1, 1, 1] => QQFieldElem[-1, 0, -1, -1],
	[20, 20, 4, 4, 12, 1, 1, 1, 1, 1] => QQFieldElem[-1, -1//2, -1//2, -1//2],
	[20, 20, 4, 4, 11, 1, 1, 8, 1, 1] => QQFieldElem[-1, 0, 0, 1],
	[20, 20, 4, 4, 11, 1, 1, 6, 1, 1] => QQFieldElem[-1, 0, -1//2, -1],
	[20, 20, 4, 4, 7, 1, 1, 6, 1, 1] => QQFieldElem[-2, 0, -2, -2],
	[20, 20, 4, 4, 7, 1, 1, 8, 1, 1] => QQFieldElem[0, 0, -4, 0],
	[20, 20, 4, 4, 11, 1, 1, 8, 2, 1] => QQFieldElem[0, 2, 0, 2],
	[20, 20, 4, 4, 7, 1, 1, 8, 2, 1] => QQFieldElem[0, 1, -1, 0],
	[20, 20, 4, 4, 11, 1, 1, 1, 1, 1] => QQFieldElem[-1, -1//2, -1//2, -1//2],
	[20, 20, 4, 4, 7, 1, 1, 1, 1, 1] => QQFieldElem[-2, 0, -2, -2],
	[20, 20, 4, 4, 20, 1, 1, 6, 1, 1] => QQFieldElem[-1, 0, -1, -1],
	[20, 20, 4, 4, 20, 1, 1, 8, 1, 1] => QQFieldElem[4//5, 3//5, 2//5, 6//5],
	[20, 20, 4, 4, 12, 1, 1, 8, 1, 1] => QQFieldElem[12//5, 8//5, 8//5, 12//5],
	[20, 20, 4, 4, 12, 1, 1, 6, 1, 1] => QQFieldElem[-1, 0, -1//2, -1])