Dict(
	[20, 22, 13, 8, 20, 1, 1, 13, 1, 1] => QQFieldElem[-3//20, -1//10, -1//10, -3//20],
	[20, 22, 13, 8, 11, 1, 1, 10, 1, 1] => QQFieldElem[-4, -4, 0, -4],
	[20, 22, 13, 8, 12, 1, 1, 13, 1, 1] => QQFieldElem[-3//20, -1//10, -1//10, -3//20],
	[20, 22, 13, 8, 20, 2, 2, 13, 1, 1] => QQFieldElem[0, 0, 0, 0],
	[20, 22, 13, 8, 20, 2, 1, 13, 1, 1] => QQFieldElem[1//5, 1//10, 1//5, 0],
	[20, 22, 13, 8, 20, 1, 2, 15, 1, 1] => QQFieldElem[-2, 0, -2, 0],
	[20, 22, 13, 8, 20, 1, 1, 15, 1, 1] => QQFieldElem[1//5, 1//10, 1//5, 0],
	[20, 22, 13, 8, 12, 1, 1, 15, 1, 1] => QQFieldElem[1//5, 1//10, 1//5, 0],
	[20, 22, 13, 8, 20, 1, 2, 13, 2, 1] => QQFieldElem[0, 0, 0, 1//8],
	[20, 22, 13, 8, 20, 2, 2, 15, 1, 1] => QQFieldElem[-2, 0, -2, 0],
	[20, 22, 13, 8, 20, 1, 1, 13, 2, 1] => QQFieldElem[0, 0, 0, -1//8],
	[20, 22, 13, 8, 12, 1, 1, 13, 2, 1] => QQFieldElem[-1//5, -1//10, -1//5, 0],
	[20, 22, 13, 8, 20, 2, 1, 15, 1, 1] => QQFieldElem[-6//5, -1//5, -1, -3//5],
	[20, 22, 13, 8, 20, 2, 2, 13, 2, 1] => QQFieldElem[0, 0, 0, 0],
	[20, 22, 13, 8, 20, 2, 1, 13, 2, 1] => QQFieldElem[0, 0, 0, 0],
	[20, 22, 13, 8, 20, 1, 2, 9, 1, 1] => QQFieldElem[1//2, 1//4, 1//4, 1//4],
	[20, 22, 13, 8, 20, 1, 1, 9, 1, 1] => QQFieldElem[-1//2, -1//4, -1//4, -1//4],
	[20, 22, 13, 8, 20, 1, 1, 15, 2, 1] => QQFieldElem[0, 0, 0, 1//4],
	[20, 22, 13, 8, 12, 1, 1, 15, 2, 1] => QQFieldElem[6//5, 1//5, 1, 3//5],
	[20, 22, 13, 8, 20, 1, 2, 15, 2, 1] => QQFieldElem[0, 0, 0, -1//4],
	[20, 22, 13, 8, 20, 2, 2, 9, 1, 1] => QQFieldElem[-1//2, 0, 0, 1//2],
	[20, 22, 13, 8, 20, 2, 2, 15, 2, 1] => QQFieldElem[1//2, 0, 1//2, 1//2],
	[20, 22, 13, 8, 20, 2, 1, 9, 1, 1] => QQFieldElem[-1//2, 0, 0, 1//2],
	[20, 22, 13, 8, 12, 1, 1, 9, 1, 1] => QQFieldElem[0, 0, 2, -2],
	[20, 22, 13, 8, 20, 2, 1, 15, 2, 1] => QQFieldElem[1//2, 0, 1//2, 1//2],
	[20, 22, 13, 8, 11, 1, 1, 13, 1, 1] => QQFieldElem[0, 2//5, -4//5, 2//5],
	[20, 22, 13, 8, 20, 1, 2, 10, 1, 1] => QQFieldElem[0, 0, 0, -1//2],
	[20, 22, 13, 8, 20, 1, 1, 10, 1, 1] => QQFieldElem[0, 0, 0, -1//2],
	[20, 22, 13, 8, 12, 1, 1, 10, 1, 1] => QQFieldElem[4, 4, 0, 4],
	[20, 22, 13, 8, 11, 1, 1, 15, 1, 1] => QQFieldElem[12//5, -4//5, 12//5, 0],
	[20, 22, 13, 8, 20, 2, 2, 10, 1, 1] => QQFieldElem[0, 1, 0, 1],
	[20, 22, 13, 8, 20, 2, 1, 10, 1, 1] => QQFieldElem[0, -1, 0, -1],
	[20, 22, 13, 8, 11, 1, 1, 13, 2, 1] => QQFieldElem[0, -2//5, 4//5, -2//5],
	[20, 22, 13, 8, 11, 1, 1, 9, 1, 1] => QQFieldElem[0, 0, 2, -2],
	[20, 22, 13, 8, 11, 1, 1, 15, 2, 1] => QQFieldElem[-12//5, 4//5, -12//5, 0],
	[20, 22, 13, 8, 20, 1, 2, 13, 1, 1] => QQFieldElem[0, 0, 0, 0])