Dict(
	[20, 18, 22, 14, 9, 1, 1, 19, 2, 1] => QQFieldElem[-10//11, -16//11, -2//11, -20//11],
	[20, 18, 22, 14, 16, 1, 1, 18, 1, 1] => QQFieldElem[-3//44, 3//44, -9//44, 1//11],
	[20, 18, 22, 14, 21, 1, 2, 17, 1, 1] => QQFieldElem[1//2, 1, 0, 1],
	[20, 18, 22, 14, 21, 1, 1, 19, 1, 2] => QQFieldElem[-3//10, -3//5, -2//5, -1//5],
	[20, 18, 22, 14, 16, 1, 1, 17, 1, 1] => QQFieldElem[-1//4, 1//4, -1//4, 1//4],
	[20, 18, 22, 14, 22, 1, 2, 19, 2, 2] => QQFieldElem[0, 0, 1, 0],
	[20, 18, 22, 14, 14, 1, 1, 19, 1, 2] => QQFieldElem[0, 0, 0, 0],
	[20, 18, 22, 14, 9, 1, 1, 18, 1, 1] => QQFieldElem[-17//11, -5//11, -7//11, -14//11],
	[20, 18, 22, 14, 15, 1, 1, 12, 1, 1] => QQFieldElem[0, 0, 0, 0],
	[20, 18, 22, 14, 21, 1, 1, 19, 2, 2] => QQFieldElem[1//2, 0, 0, 0],
	[20, 18, 22, 14, 9, 1, 1, 17, 1, 1] => QQFieldElem[1, 1, 0, 2],
	[20, 18, 22, 14, 14, 1, 1, 19, 2, 2] => QQFieldElem[0, 3, 0, 2],
	[20, 18, 22, 14, 15, 1, 1, 20, 1, 1] => QQFieldElem[7//10, 9//10, 1//10, 13//10],
	[20, 18, 22, 14, 15, 1, 1, 19, 1, 2] => QQFieldElem[0, 1, 0, 0],
	[20, 18, 22, 14, 22, 1, 2, 11, 1, 1] => QQFieldElem[1, 0, 1//2, 1],
	[20, 18, 22, 14, 15, 1, 1, 19, 2, 2] => QQFieldElem[-2//5, 1//5, -1//5, 2//5],
	[20, 18, 22, 14, 13, 1, 1, 12, 1, 1] => QQFieldElem[-2, 0, 0, -2],
	[20, 18, 22, 14, 21, 1, 1, 11, 1, 1] => QQFieldElem[1//2, 0, -1//2, 0],
	[20, 18, 22, 14, 14, 1, 1, 11, 1, 1] => QQFieldElem[7//2, 1, 3//2, 3],
	[20, 18, 22, 14, 22, 1, 2, 19, 1, 1] => QQFieldElem[2//5, -1//5, 6//5, -2//5],
	[20, 18, 22, 14, 22, 1, 1, 12, 1, 1] => QQFieldElem[0, 1, 0, 1],
	[20, 18, 22, 14, 13, 1, 1, 20, 1, 1] => QQFieldElem[-2, 0, -2, -2],
	[20, 18, 22, 14, 21, 1, 2, 12, 1, 1] => QQFieldElem[0, 0, 1//2, 0],
	[20, 18, 22, 14, 21, 1, 1, 19, 1, 1] => QQFieldElem[3//2, 1//2, 3//2, 3//2],
	[20, 18, 22, 14, 16, 1, 1, 12, 1, 1] => QQFieldElem[-1//4, -1//4, -1//4, -1//2],
	[20, 18, 22, 14, 22, 1, 2, 19, 2, 1] => QQFieldElem[-1//2, -1//2, -1//2, 0],
	[20, 18, 22, 14, 14, 1, 1, 19, 1, 1] => QQFieldElem[8//11, -3//22, 6//11, 5//11],
	[20, 18, 22, 14, 13, 1, 1, 19, 1, 2] => QQFieldElem[-1//22, -3//11, 1//11, -1//11],
	[20, 18, 22, 14, 22, 1, 1, 20, 1, 1] => QQFieldElem[3//5, 1//5, 4//5, 7//5],
	[20, 18, 22, 14, 21, 1, 1, 19, 2, 1] => QQFieldElem[0, 1//4, 1//4, 1//4],
	[20, 18, 22, 14, 21, 1, 2, 20, 1, 1] => QQFieldElem[-11//10, -1//5, -4//5, -2//5],
	[20, 18, 22, 14, 9, 1, 1, 12, 1, 1] => QQFieldElem[1, -1, 1, 0],
	[20, 18, 22, 14, 22, 1, 2, 18, 1, 1] => QQFieldElem[12//11, -1//11, 3//11, 6//11],
	[20, 18, 22, 14, 16, 1, 1, 20, 1, 1] => QQFieldElem[-1//2, -1//4, -3//4, -3//4],
	[20, 18, 22, 14, 14, 1, 1, 19, 2, 1] => QQFieldElem[2//5, -6//5, 6//5, -2//5],
	[20, 18, 22, 14, 13, 1, 1, 19, 2, 2] => QQFieldElem[-10//11, 6//11, -2//11, 2//11],
	[20, 18, 22, 14, 22, 1, 2, 17, 1, 1] => QQFieldElem[-1, -1//2, 0, -1],
	[20, 18, 22, 14, 21, 1, 1, 18, 1, 1] => QQFieldElem[3//22, -3//22, -1//11, 7//22],
	[20, 18, 22, 14, 15, 1, 1, 11, 1, 1] => QQFieldElem[1//2, 0, 1//2, 0],
	[20, 18, 22, 14, 22, 1, 1, 19, 1, 2] => QQFieldElem[0, -1, 0, 0],
	[20, 18, 22, 14, 21, 1, 2, 19, 1, 2] => QQFieldElem[-1//5, 3//5, 2//5, 1//5],
	[20, 18, 22, 14, 21, 1, 1, 17, 1, 1] => QQFieldElem[0, 0, 1//2, -1//2],
	[20, 18, 22, 14, 14, 1, 1, 18, 1, 1] => QQFieldElem[36//11, 8//11, 20//11, 29//11],
	[20, 18, 22, 14, 9, 1, 1, 20, 1, 1] => QQFieldElem[-8//5, -1//5, -4//5, -7//5],
	[20, 18, 22, 14, 16, 1, 1, 19, 1, 2] => QQFieldElem[-4//5, -3//5, -2//5, -1//5],
	[20, 18, 22, 14, 14, 1, 1, 17, 1, 1] => QQFieldElem[-3//2, -1, 0, -2],
	[20, 18, 22, 14, 22, 1, 1, 19, 2, 2] => QQFieldElem[2//5, 4//5, 6//5, -2//5],
	[20, 18, 22, 14, 21, 1, 2, 19, 2, 2] => QQFieldElem[-2//5, 6//5, -6//5, 2//5],
	[20, 18, 22, 14, 15, 1, 1, 19, 1, 1] => QQFieldElem[2//5, -1//5, -4//5, -2//5],
	[20, 18, 22, 14, 16, 1, 1, 19, 2, 2] => QQFieldElem[2//5, 4//5, 6//5, -2//5],
	[20, 18, 22, 14, 9, 1, 1, 19, 1, 2] => QQFieldElem[7//2, 0, 2, 2],
	[20, 18, 22, 14, 15, 1, 1, 19, 2, 1] => QQFieldElem[1//2, 1//2, 1//2, 0],
	[20, 18, 22, 14, 9, 1, 1, 19, 2, 2] => QQFieldElem[-1//22, -3//11, 1//11, -1//11],
	[20, 18, 22, 14, 15, 1, 1, 18, 1, 1] => QQFieldElem[2//11, -2//11, 6//11, 1//11],
	[20, 18, 22, 14, 13, 1, 1, 11, 1, 1] => QQFieldElem[0, -2, 0, -2],
	[20, 18, 22, 14, 15, 1, 1, 17, 1, 1] => QQFieldElem[3//2, 0, 1, 1],
	[20, 18, 22, 14, 22, 1, 1, 11, 1, 1] => QQFieldElem[-1, 0, -1, -1],
	[20, 18, 22, 14, 13, 1, 1, 19, 1, 1] => QQFieldElem[1//44, 17//44, 9//44, 13//44],
	[20, 18, 22, 14, 21, 1, 2, 11, 1, 1] => QQFieldElem[1//2, 0, 0, 0],
	[20, 18, 22, 14, 16, 1, 1, 11, 1, 1] => QQFieldElem[0, 1//4, -1//4, 0],
	[20, 18, 22, 14, 13, 1, 1, 19, 2, 1] => QQFieldElem[6//11, 3//11, 9//22, 13//22],
	[20, 18, 22, 14, 22, 1, 2, 12, 1, 1] => QQFieldElem[0, 0, 0, 0],
	[20, 18, 22, 14, 22, 1, 1, 19, 1, 1] => QQFieldElem[0, 0, 0, 0],
	[20, 18, 22, 14, 21, 1, 2, 19, 1, 1] => QQFieldElem[3//10, 1//10, -1//10, -3//10],
	[20, 18, 22, 14, 21, 1, 1, 12, 1, 1] => QQFieldElem[-1//2, -1//2, -1, -1//2],
	[20, 18, 22, 14, 9, 1, 1, 11, 1, 1] => QQFieldElem[-2, -1, -1, -2],
	[20, 18, 22, 14, 16, 1, 1, 19, 1, 1] => QQFieldElem[2//5, 4//5, 6//5, -2//5],
	[20, 18, 22, 14, 13, 1, 1, 18, 1, 1] => QQFieldElem[-6//11, -16//11, 4//11, -14//11],
	[20, 18, 22, 14, 22, 1, 1, 19, 2, 1] => QQFieldElem[4//5, 3//5, 2//5, 6//5],
	[20, 18, 22, 14, 14, 1, 1, 12, 1, 1] => QQFieldElem[0, 0, 0, 0],
	[20, 18, 22, 14, 13, 1, 1, 17, 1, 1] => QQFieldElem[-2, 0, -2, 0],
	[20, 18, 22, 14, 21, 1, 2, 19, 2, 1] => QQFieldElem[1//2, 1, 1, 1//2],
	[20, 18, 22, 14, 22, 1, 2, 20, 1, 1] => QQFieldElem[1//2, 0, 1, 0],
	[20, 18, 22, 14, 16, 1, 1, 19, 2, 1] => QQFieldElem[0, 0, -1, 0],
	[20, 18, 22, 14, 9, 1, 1, 19, 1, 1] => QQFieldElem[-17//11, -3//11, -10//11, -12//11],
	[20, 18, 22, 14, 21, 1, 1, 20, 1, 1] => QQFieldElem[1//2, 0, 0, 1//2],
	[20, 18, 22, 14, 22, 1, 1, 18, 1, 1] => QQFieldElem[-10//11, -1//11, -8//11, -5//11],
	[20, 18, 22, 14, 14, 1, 1, 20, 1, 1] => QQFieldElem[11//10, -3//10, 13//10, -1//10],
	[20, 18, 22, 14, 22, 1, 2, 19, 1, 2] => QQFieldElem[-2//5, 1//5, -1//5, 2//5],
	[20, 18, 22, 14, 21, 1, 2, 18, 1, 1] => QQFieldElem[2//11, -2//11, 1//22, 1//11],
	[20, 18, 22, 14, 22, 1, 1, 17, 1, 1] => QQFieldElem[0, 0, 0, 0])