Dict(
	[20, 17, 19, 4, 20, 1, 2, 19, 2, 1] => QQFieldElem[6//5, -8//5, 8//5, -6//5],
	[20, 17, 19, 4, 20, 1, 1, 19, 2, 1] => QQFieldElem[0, -2//5, -1//5, -2//5],
	[20, 17, 19, 4, 12, 1, 1, 19, 2, 1] => QQFieldElem[16//5, 4//5, 4//5, 16//5],
	[20, 17, 19, 4, 20, 1, 2, 18, 1, 1] => QQFieldElem[0, 0, 0, 0],
	[20, 17, 19, 4, 11, 1, 1, 19, 1, 1] => QQFieldElem[-14//5, -6//5, -6//5, -14//5],
	[20, 17, 19, 4, 20, 1, 1, 18, 1, 1] => QQFieldElem[1//5, 2//5, -2//5, -1//5],
	[20, 17, 19, 4, 12, 1, 1, 18, 1, 1] => QQFieldElem[-1, 0, -1, -1],
	[20, 17, 19, 4, 20, 1, 2, 17, 1, 1] => QQFieldElem[1, 0, 1, 1],
	[20, 17, 19, 4, 20, 1, 1, 17, 1, 1] => QQFieldElem[0, 0, 0, 0],
	[20, 17, 19, 4, 12, 1, 1, 17, 1, 1] => QQFieldElem[-1//2, 0, -1//2, -1//2],
	[20, 17, 19, 4, 11, 1, 1, 19, 2, 1] => QQFieldElem[-14//5, -6//5, -6//5, -14//5],
	[20, 17, 19, 4, 11, 1, 1, 18, 1, 1] => QQFieldElem[1, 0, 1, 1],
	[20, 17, 19, 4, 20, 1, 2, 19, 1, 1] => QQFieldElem[3//5, 6//5, -1//5, 7//5],
	[20, 17, 19, 4, 20, 1, 1, 19, 1, 1] => QQFieldElem[-11//5, 8//5, -13//5, 1//5],
	[20, 17, 19, 4, 12, 1, 1, 19, 1, 1] => QQFieldElem[0, 0, 0, 0],
	[20, 17, 19, 4, 11, 1, 1, 17, 1, 1] => QQFieldElem[-1//2, 0, -1//2, -1//2])