Dict(
	[20, 21, 16, 11, 19, 1, 2, 13, 1, 1] => QQFieldElem[-3//20, -3//10, 1//20, -7//20],
	[20, 21, 16, 11, 6, 1, 1, 15, 2, 1] => QQFieldElem[-1, 0, 0, -1],
	[20, 21, 16, 11, 18, 1, 1, 15, 1, 1] => QQFieldElem[13//44, 3//11, 7//44, -7//44],
	[20, 21, 16, 11, 19, 1, 2, 13, 2, 1] => QQFieldElem[7//20, 1//5, 1//20, 2//5],
	[20, 21, 16, 11, 19, 1, 1, 21, 1, 1] => QQFieldElem[0, -1//8, 0, 0],
	[20, 21, 16, 11, 18, 1, 1, 15, 2, 1] => QQFieldElem[-4//11, -2//11, 5//22, 3//11],
	[20, 21, 16, 11, 19, 1, 1, 22, 1, 1] => QQFieldElem[1//2, 1//2, 0, 1//2],
	[20, 21, 16, 11, 8, 1, 1, 21, 1, 1] => QQFieldElem[-3//4, 0, -1//4, -1//4],
	[20, 21, 16, 11, 19, 1, 1, 21, 2, 1] => QQFieldElem[0, 0, 0, 0],
	[20, 21, 16, 11, 8, 1, 1, 22, 1, 1] => QQFieldElem[-1//4, 1//2, -1//4, 0],
	[20, 21, 16, 11, 19, 1, 1, 22, 2, 1] => QQFieldElem[-1, -1, 0, -3//2],
	[20, 21, 16, 11, 6, 1, 1, 13, 1, 1] => QQFieldElem[-1, -1//4, -1//2, -3//4],
	[20, 21, 16, 11, 17, 1, 1, 21, 1, 1] => QQFieldElem[-1//2, 1//4, -1//2, -1//2],
	[20, 21, 16, 11, 8, 1, 1, 21, 2, 1] => QQFieldElem[0, 0, 1//2, 0],
	[20, 21, 16, 11, 17, 1, 1, 22, 1, 1] => QQFieldElem[0, 3//4, -1//4, 3//4],
	[20, 21, 16, 11, 8, 1, 1, 22, 2, 1] => QQFieldElem[0, 0, 0, 0],
	[20, 21, 16, 11, 6, 1, 1, 13, 2, 1] => QQFieldElem[-1//2, 1//2, -1//2, 0],
	[20, 21, 16, 11, 17, 1, 1, 21, 2, 1] => QQFieldElem[1//2, 1//2, 0, 1//2],
	[20, 21, 16, 11, 18, 1, 1, 13, 1, 1] => QQFieldElem[0, 1//8, -1//8, 1//8],
	[20, 21, 16, 11, 17, 1, 1, 22, 2, 1] => QQFieldElem[1//2, 0, 1//2, 1//2],
	[20, 21, 16, 11, 18, 1, 1, 13, 2, 1] => QQFieldElem[3//20, 3//10, -1//20, 7//20],
	[20, 21, 16, 11, 19, 1, 1, 15, 1, 1] => QQFieldElem[-13//44, -3//11, -7//44, 7//44],
	[20, 21, 16, 11, 8, 1, 1, 15, 1, 1] => QQFieldElem[-1//2, -1//2, -1//2, -1],
	[20, 21, 16, 11, 19, 1, 1, 15, 2, 1] => QQFieldElem[1//11, -9//44, 7//22, -7//22],
	[20, 21, 16, 11, 17, 1, 1, 15, 1, 1] => QQFieldElem[1, 1//2, 0, 1],
	[20, 21, 16, 11, 8, 1, 1, 15, 2, 1] => QQFieldElem[1, 0, 0, 1],
	[20, 21, 16, 11, 17, 1, 1, 15, 2, 1] => QQFieldElem[2, 0, 1, 1],
	[20, 21, 16, 11, 20, 1, 1, 21, 1, 1] => QQFieldElem[0, 0, 0, 0],
	[20, 21, 16, 11, 12, 1, 1, 21, 1, 1] => QQFieldElem[1//2, -1//4, 1//2, 1//2],
	[20, 21, 16, 11, 20, 1, 1, 22, 1, 1] => QQFieldElem[-1, -1, 0, -3//2],
	[20, 21, 16, 11, 12, 1, 1, 22, 1, 1] => QQFieldElem[0, -3//4, 1//4, -3//4],
	[20, 21, 16, 11, 19, 1, 1, 13, 1, 1] => QQFieldElem[0, 1//8, -1//8, 1//8],
	[20, 21, 16, 11, 20, 1, 1, 21, 2, 1] => QQFieldElem[0, 0, 0, 0],
	[20, 21, 16, 11, 12, 1, 1, 21, 2, 1] => QQFieldElem[1//2, 1//2, 0, 1//2],
	[20, 21, 16, 11, 20, 1, 1, 22, 2, 1] => QQFieldElem[-7//5, 1//5, -6//5, -3//5],
	[20, 21, 16, 11, 12, 1, 1, 22, 2, 1] => QQFieldElem[1//2, 0, 1//2, 1//2],
	[20, 21, 16, 11, 8, 1, 1, 13, 1, 1] => QQFieldElem[-1, -1//4, -1//2, -3//4],
	[20, 21, 16, 11, 19, 1, 1, 13, 2, 1] => QQFieldElem[0, -1//8, 1//8, -1//8],
	[20, 21, 16, 11, 19, 1, 2, 21, 1, 1] => QQFieldElem[0, 0, 0, 0],
	[20, 21, 16, 11, 19, 1, 2, 22, 1, 1] => QQFieldElem[-2//5, 1//5, -1//5, -3//5],
	[20, 21, 16, 11, 17, 1, 1, 13, 1, 1] => QQFieldElem[3//2, 1//4, 3//4, 5//4],
	[20, 21, 16, 11, 8, 1, 1, 13, 2, 1] => QQFieldElem[1//2, -1//2, 1//2, 0],
	[20, 21, 16, 11, 19, 1, 2, 21, 2, 1] => QQFieldElem[0, 0, 0, 0],
	[20, 21, 16, 11, 19, 1, 2, 22, 2, 1] => QQFieldElem[7//5, -1//5, 6//5, 3//5],
	[20, 21, 16, 11, 17, 1, 1, 13, 2, 1] => QQFieldElem[0, -1, 1//2, -1],
	[20, 21, 16, 11, 20, 1, 1, 15, 1, 1] => QQFieldElem[-1//11, 9//44, -7//22, 7//22],
	[20, 21, 16, 11, 12, 1, 1, 15, 1, 1] => QQFieldElem[1, 1//2, 0, 1],
	[20, 21, 16, 11, 6, 1, 1, 21, 1, 1] => QQFieldElem[3//4, 0, 1//4, 1//4],
	[20, 21, 16, 11, 20, 1, 1, 15, 2, 1] => QQFieldElem[9//22, -1//22, 2//11, 7//22],
	[20, 21, 16, 11, 12, 1, 1, 15, 2, 1] => QQFieldElem[-2, 0, -1, -1],
	[20, 21, 16, 11, 6, 1, 1, 22, 1, 1] => QQFieldElem[1//4, -1//2, 1//4, 0],
	[20, 21, 16, 11, 6, 1, 1, 21, 2, 1] => QQFieldElem[0, 0, 1//2, 0],
	[20, 21, 16, 11, 19, 1, 2, 15, 1, 1] => QQFieldElem[-4//11, -2//11, 5//22, 3//11],
	[20, 21, 16, 11, 6, 1, 1, 22, 2, 1] => QQFieldElem[0, 0, 0, 0],
	[20, 21, 16, 11, 18, 1, 1, 21, 1, 1] => QQFieldElem[0, 1//8, 0, 0],
	[20, 21, 16, 11, 18, 1, 1, 22, 1, 1] => QQFieldElem[1//2, 1//2, 0, 1//2],
	[20, 21, 16, 11, 19, 1, 2, 15, 2, 1] => QQFieldElem[9//22, -1//22, 2//11, 7//22],
	[20, 21, 16, 11, 18, 1, 1, 21, 2, 1] => QQFieldElem[0, 0, 0, 0],
	[20, 21, 16, 11, 18, 1, 1, 22, 2, 1] => QQFieldElem[2//5, -1//5, 1//5, 3//5],
	[20, 21, 16, 11, 20, 1, 1, 13, 1, 1] => QQFieldElem[0, -1//8, 1//8, -1//8],
	[20, 21, 16, 11, 12, 1, 1, 13, 1, 1] => QQFieldElem[3//2, 1//4, 3//4, 5//4],
	[20, 21, 16, 11, 6, 1, 1, 15, 1, 1] => QQFieldElem[-1//2, -1//2, -1//2, -1],
	[20, 21, 16, 11, 20, 1, 1, 13, 2, 1] => QQFieldElem[-7//20, -1//5, -1//20, -2//5],
	[20, 21, 16, 11, 12, 1, 1, 13, 2, 1] => QQFieldElem[0, 1, -1//2, 1])