Dict(
	[20, 22, 19, 10, 16, 1, 1, 13, 1, 1] => QQFieldElem[13//10, 3//5, 2//5, 6//5],
	[20, 22, 19, 10, 14, 1, 2, 13, 1, 1] => QQFieldElem[14//5, 3//5, 7//5, 11//5],
	[20, 22, 19, 10, 22, 1, 1, 13, 2, 1] => QQFieldElem[0, -3//4, 1//2, -1],
	[20, 22, 19, 10, 22, 1, 2, 21, 1, 1] => QQFieldElem[-3//2, 0, -1//2, -1//2],
	[20, 22, 19, 10, 21, 1, 2, 13, 2, 1] => QQFieldElem[3//2, 1, 1//2, 2],
	[20, 22, 19, 10, 22, 1, 2, 22, 1, 1] => QQFieldElem[-11//2, 0, -7//2, -7//2],
	[20, 22, 19, 10, 16, 1, 1, 13, 2, 1] => QQFieldElem[-3//2, 0, -1, -1],
	[20, 22, 19, 10, 21, 1, 1, 21, 1, 1] => QQFieldElem[0, -1//4, 0, 0],
	[20, 22, 19, 10, 16, 1, 2, 21, 1, 1] => QQFieldElem[0, 0, 0, 0],
	[20, 22, 19, 10, 14, 1, 2, 13, 2, 1] => QQFieldElem[0, -1, 1, -1],
	[20, 22, 19, 10, 21, 1, 1, 22, 1, 1] => QQFieldElem[3, -1//4, 2, 3//2],
	[20, 22, 19, 10, 16, 1, 2, 22, 1, 1] => QQFieldElem[4, 4, 0, 6],
	[20, 22, 19, 10, 22, 1, 2, 21, 2, 1] => QQFieldElem[1//2, 0, 1//2, 1//2],
	[20, 22, 19, 10, 14, 1, 1, 21, 1, 1] => QQFieldElem[-1//2, 0, -1//2, -1//2],
	[20, 22, 19, 10, 22, 1, 2, 22, 2, 1] => QQFieldElem[-3//2, 0, -1//2, -1//2],
	[20, 22, 19, 10, 14, 1, 1, 22, 1, 1] => QQFieldElem[-5//2, -2, -1//2, -7//2],
	[20, 22, 19, 10, 21, 1, 1, 21, 2, 1] => QQFieldElem[0, -1//4, 0, 0],
	[20, 22, 19, 10, 16, 1, 2, 21, 2, 1] => QQFieldElem[8//5, -4//5, 4//5, 2//5],
	[20, 22, 19, 10, 21, 1, 1, 22, 2, 1] => QQFieldElem[-2, -1//4, -1, -3//2],
	[20, 22, 19, 10, 16, 1, 2, 22, 2, 1] => QQFieldElem[0, 0, 0, 0],
	[20, 22, 19, 10, 14, 1, 1, 21, 2, 1] => QQFieldElem[9//10, -1//5, 7//10, 1//10],
	[20, 22, 19, 10, 14, 1, 1, 22, 2, 1] => QQFieldElem[1//2, 1, -1//2, 3//2],
	[20, 22, 19, 10, 22, 1, 2, 15, 1, 1] => QQFieldElem[-29//22, -3//11, -7//11, -8//11],
	[20, 22, 19, 10, 21, 1, 1, 15, 1, 1] => QQFieldElem[5//11, 3//44, 9//22, 19//44],
	[20, 22, 19, 10, 16, 1, 2, 15, 1, 1] => QQFieldElem[4//11, 5//11, -3//11, 6//11],
	[20, 22, 19, 10, 22, 1, 2, 15, 2, 1] => QQFieldElem[5//22, -1//11, 5//11, 1//11],
	[20, 22, 19, 10, 14, 1, 1, 15, 1, 1] => QQFieldElem[-13//22, -4//11, -2//11, -7//11],
	[20, 22, 19, 10, 21, 1, 1, 15, 2, 1] => QQFieldElem[3//22, -9//44, 3//11, -13//44],
	[20, 22, 19, 10, 16, 1, 2, 15, 2, 1] => QQFieldElem[58//55, 1//55, 39//55, 32//55],
	[20, 22, 19, 10, 14, 1, 1, 15, 2, 1] => QQFieldElem[129//110, -6//55, 41//55, 28//55],
	[20, 22, 19, 10, 22, 1, 2, 13, 1, 1] => QQFieldElem[-3//2, -1, 0, -2],
	[20, 22, 19, 10, 21, 1, 1, 13, 1, 1] => QQFieldElem[2, 5//4, 1//2, 11//4],
	[20, 22, 19, 10, 16, 1, 2, 13, 1, 1] => QQFieldElem[-4//5, 7//5, -7//5, 4//5],
	[20, 22, 19, 10, 22, 1, 2, 13, 2, 1] => QQFieldElem[-1//2, -1, 0, -1],
	[20, 22, 19, 10, 14, 1, 1, 13, 1, 1] => QQFieldElem[7//10, -8//5, 8//5, -6//5],
	[20, 22, 19, 10, 22, 1, 1, 21, 1, 1] => QQFieldElem[1//4, 1//4, 1//4, 1//4],
	[20, 22, 19, 10, 21, 1, 1, 13, 2, 1] => QQFieldElem[-1//2, -3//4, 0, -5//4],
	[20, 22, 19, 10, 16, 1, 2, 13, 2, 1] => QQFieldElem[-2, -1, -1, -2],
	[20, 22, 19, 10, 22, 1, 1, 22, 1, 1] => QQFieldElem[7//4, 3//4, 3//4, 7//4],
	[20, 22, 19, 10, 21, 1, 2, 21, 1, 1] => QQFieldElem[-1//2, 0, -1//2, 0],
	[20, 22, 19, 10, 21, 1, 2, 22, 1, 1] => QQFieldElem[3//2, 1, 1//2, 2],
	[20, 22, 19, 10, 14, 1, 1, 13, 2, 1] => QQFieldElem[-3//2, 0, -1, -1],
	[20, 22, 19, 10, 16, 1, 1, 21, 1, 1] => QQFieldElem[-3//5, -1//5, -3//10, -2//5],
	[20, 22, 19, 10, 14, 1, 2, 21, 1, 1] => QQFieldElem[-1, 1, -1, 0],
	[20, 22, 19, 10, 22, 1, 1, 21, 2, 1] => QQFieldElem[-1//4, -1//4, -1//4, -1//4],
	[20, 22, 19, 10, 16, 1, 1, 22, 1, 1] => QQFieldElem[0, -1, 1//2, -1],
	[20, 22, 19, 10, 14, 1, 2, 22, 1, 1] => QQFieldElem[1, -1, 1, 0],
	[20, 22, 19, 10, 22, 1, 1, 22, 2, 1] => QQFieldElem[-7//4, -3//4, -3//4, -7//4],
	[20, 22, 19, 10, 21, 1, 2, 21, 2, 1] => QQFieldElem[1//2, 0, 1//2, 0],
	[20, 22, 19, 10, 21, 1, 2, 22, 2, 1] => QQFieldElem[9//2, -1, 7//2, 2],
	[20, 22, 19, 10, 16, 1, 1, 21, 2, 1] => QQFieldElem[3//5, 1//5, 3//10, 2//5],
	[20, 22, 19, 10, 14, 1, 2, 21, 2, 1] => QQFieldElem[-3//5, -1//5, 1//5, -2//5],
	[20, 22, 19, 10, 16, 1, 1, 22, 2, 1] => QQFieldElem[0, 1, -1//2, 1],
	[20, 22, 19, 10, 14, 1, 2, 22, 2, 1] => QQFieldElem[-5, -3, -1, -6],
	[20, 22, 19, 10, 22, 1, 1, 15, 1, 1] => QQFieldElem[-1//22, 3//44, -1//11, 2//11],
	[20, 22, 19, 10, 21, 1, 2, 15, 1, 1] => QQFieldElem[3//22, 6//11, -5//22, 5//11],
	[20, 22, 19, 10, 16, 1, 1, 15, 1, 1] => QQFieldElem[-13//22, -4//11, -2//11, -7//11],
	[20, 22, 19, 10, 14, 1, 2, 15, 1, 1] => QQFieldElem[-8//11, 1//11, -5//11, -1//11],
	[20, 22, 19, 10, 22, 1, 1, 15, 2, 1] => QQFieldElem[-1//2, -1//4, 0, -1//2],
	[20, 22, 19, 10, 21, 1, 2, 15, 2, 1] => QQFieldElem[-1//22, -2//11, 9//22, 2//11],
	[20, 22, 19, 10, 16, 1, 1, 15, 2, 1] => QQFieldElem[1//10, 1//5, -1//5, 2//5],
	[20, 22, 19, 10, 14, 1, 2, 15, 2, 1] => QQFieldElem[-38//55, -31//55, 1//55, -57//55],
	[20, 22, 19, 10, 22, 1, 1, 13, 1, 1] => QQFieldElem[0, 3//4, -1//2, 1//2],
	[20, 22, 19, 10, 21, 1, 2, 13, 1, 1] => QQFieldElem[-1//2, 1, -1//2, 1])