Dict(
	[20, 22, 10, 12, 19, 1, 1, 21, 2, 1] => QQFieldElem[0, -1//2, 0, 0],
	[20, 22, 10, 12, 11, 1, 1, 21, 2, 1] => QQFieldElem[0, 0, 0, -1//2],
	[20, 22, 10, 12, 19, 1, 1, 22, 2, 1] => QQFieldElem[1//5, 2//5, -2//5, 4//5],
	[20, 22, 10, 12, 11, 1, 1, 22, 2, 1] => QQFieldElem[0, -1//2, -1//2, -1//2],
	[20, 22, 10, 12, 17, 1, 1, 21, 1, 1] => QQFieldElem[-1//4, -1//2, 1//4, -3//4],
	[20, 22, 10, 12, 17, 1, 1, 22, 1, 1] => QQFieldElem[1//2, 0, 1//2, 1//4],
	[20, 22, 10, 12, 20, 1, 1, 21, 1, 1] => QQFieldElem[1//4, 1//4, 1//4, 1//2],
	[20, 22, 10, 12, 17, 1, 1, 21, 2, 1] => QQFieldElem[-1, 0, -1, -1//2],
	[20, 22, 10, 12, 20, 1, 1, 22, 1, 1] => QQFieldElem[1//2, 1//2, 0, 1],
	[20, 22, 10, 12, 17, 1, 1, 22, 2, 1] => QQFieldElem[1, 1//2, 1//2, 1//2],
	[20, 22, 10, 12, 20, 1, 1, 21, 2, 1] => QQFieldElem[1, 1//2, 0, 1],
	[20, 22, 10, 12, 20, 1, 1, 22, 2, 1] => QQFieldElem[3, 0, 2, 2],
	[20, 22, 10, 12, 19, 1, 1, 21, 1, 1] => QQFieldElem[-1//4, -1//4, -1//4, 0],
	[20, 22, 10, 12, 11, 1, 1, 21, 1, 1] => QQFieldElem[-1//4, 0, -1//4, -1//4],
	[20, 22, 10, 12, 19, 1, 1, 22, 1, 1] => QQFieldElem[3//10, 1//10, 2//5, 1//5],
	[20, 22, 10, 12, 11, 1, 1, 22, 1, 1] => QQFieldElem[0, 0, 0, 1//4])