Dict(
	[20, 19, 17, 12, 8, 1, 1, 18, 1, 1] => QQFieldElem[0, 0, 0, 0],
	[20, 19, 17, 12, 19, 1, 1, 18, 2, 1] => QQFieldElem[1//2, 1//2, 1, 1//2],
	[20, 19, 17, 12, 11, 1, 1, 18, 2, 1] => QQFieldElem[0, 1//2, -1//2, 0],
	[20, 19, 17, 12, 8, 1, 1, 17, 1, 1] => QQFieldElem[-1//2, -1//2, -1, -1//2],
	[20, 19, 17, 12, 19, 1, 1, 17, 2, 1] => QQFieldElem[0, 0, 0, 0],
	[20, 19, 17, 12, 11, 1, 1, 17, 2, 1] => QQFieldElem[1//2, -1//2, 0, 0],
	[20, 19, 17, 12, 17, 1, 1, 18, 1, 1] => QQFieldElem[1, 1//2, 1//2, 1//2],
	[20, 19, 17, 12, 8, 1, 1, 18, 2, 1] => QQFieldElem[-4, 0, -4, -2],
	[20, 19, 17, 12, 4, 1, 1, 19, 1, 1] => QQFieldElem[0, 0, 0, 0],
	[20, 19, 17, 12, 6, 1, 1, 20, 1, 1] => QQFieldElem[0, 0, 0, 0],
	[20, 19, 17, 12, 18, 1, 1, 12, 1, 1] => QQFieldElem[0, 2, -2, 0],
	[20, 19, 17, 12, 17, 1, 1, 17, 1, 1] => QQFieldElem[-1//2, -3//2, 1//2, -1],
	[20, 19, 17, 12, 8, 1, 1, 17, 2, 1] => QQFieldElem[2, 2, 2, 4],
	[20, 19, 17, 12, 17, 1, 1, 18, 2, 1] => QQFieldElem[0, 0, 0, 0],
	[20, 19, 17, 12, 4, 1, 1, 19, 2, 1] => QQFieldElem[1//4, -1//4, -1//4, 1//4],
	[20, 19, 17, 12, 6, 1, 1, 20, 2, 1] => QQFieldElem[0, 4, -3, 4],
	[20, 19, 17, 12, 17, 1, 1, 17, 2, 1] => QQFieldElem[5, 3, 1, 6],
	[20, 19, 17, 12, 18, 1, 1, 20, 1, 1] => QQFieldElem[1, 1, 0, 3//2],
	[20, 19, 17, 12, 4, 1, 1, 18, 1, 1] => QQFieldElem[1, 2, -1, 3],
	[20, 19, 17, 12, 18, 1, 1, 20, 2, 1] => QQFieldElem[3//5, -4//5, 4//5, -3//5],
	[20, 19, 17, 12, 4, 1, 1, 17, 1, 1] => QQFieldElem[3, -1, 2, 1],
	[20, 19, 17, 12, 20, 1, 2, 12, 1, 1] => QQFieldElem[0, -1//2, 1//2, 0],
	[20, 19, 17, 12, 20, 1, 1, 19, 1, 1] => QQFieldElem[-16, -4, -4, -16],
	[20, 19, 17, 12, 4, 1, 1, 18, 2, 1] => QQFieldElem[-1//4, -1//2, 0, -1//2],
	[20, 19, 17, 12, 4, 1, 1, 17, 2, 1] => QQFieldElem[-1, 0, -3//4, -3//4],
	[20, 19, 17, 12, 20, 1, 1, 19, 2, 1] => QQFieldElem[0, 0, 0, 0],
	[20, 19, 17, 12, 20, 1, 2, 20, 1, 1] => QQFieldElem[0, 0, 0, 0],
	[20, 19, 17, 12, 19, 1, 1, 12, 1, 1] => QQFieldElem[0, 0, 0, 0],
	[20, 19, 17, 12, 11, 1, 1, 12, 1, 1] => QQFieldElem[-1//4, -1//4, 0, 1//2],
	[20, 19, 17, 12, 20, 1, 1, 18, 1, 1] => QQFieldElem[2, 4, 2, 2],
	[20, 19, 17, 12, 20, 1, 2, 20, 2, 1] => QQFieldElem[-1, 0, -1, -1],
	[20, 19, 17, 12, 20, 1, 1, 17, 1, 1] => QQFieldElem[-2, 2, -2, 2],
	[20, 19, 17, 12, 8, 1, 1, 12, 1, 1] => QQFieldElem[1//2, 0, 1//2, 0],
	[20, 19, 17, 12, 20, 1, 1, 18, 2, 1] => QQFieldElem[0, 0, 0, 0],
	[20, 19, 17, 12, 19, 1, 1, 20, 1, 1] => QQFieldElem[1, 0, 1, 1//2],
	[20, 19, 17, 12, 11, 1, 1, 20, 1, 1] => QQFieldElem[0, 0, 0, 0],
	[20, 19, 17, 12, 20, 1, 1, 17, 2, 1] => QQFieldElem[1//2, 1, 0, 1],
	[20, 19, 17, 12, 17, 1, 1, 12, 1, 1] => QQFieldElem[1//2, 0, -1//2, 0],
	[20, 19, 17, 12, 8, 1, 1, 20, 1, 1] => QQFieldElem[0, 0, 0, 0],
	[20, 19, 17, 12, 19, 1, 1, 20, 2, 1] => QQFieldElem[1, 0, 0, 1],
	[20, 19, 17, 12, 11, 1, 1, 20, 2, 1] => QQFieldElem[10, 6, 2, 12],
	[20, 19, 17, 12, 6, 1, 1, 19, 1, 1] => QQFieldElem[-1//2, -1//2, 0, -1//2],
	[20, 19, 17, 12, 17, 1, 1, 20, 1, 1] => QQFieldElem[4, -6, 6, -4],
	[20, 19, 17, 12, 8, 1, 1, 20, 2, 1] => QQFieldElem[16, 32, -8, 40],
	[20, 19, 17, 12, 6, 1, 1, 19, 2, 1] => QQFieldElem[-3//4, -1//4, 1//4, 3//4],
	[20, 19, 17, 12, 17, 1, 1, 20, 2, 1] => QQFieldElem[0, 0, 0, 0],
	[20, 19, 17, 12, 4, 1, 1, 12, 1, 1] => QQFieldElem[3, 2, 1, 4],
	[20, 19, 17, 12, 18, 1, 1, 19, 1, 1] => QQFieldElem[2, -3//2, 2, 0],
	[20, 19, 17, 12, 6, 1, 1, 18, 1, 1] => QQFieldElem[0, 0, 0, 0],
	[20, 19, 17, 12, 18, 1, 1, 19, 2, 1] => QQFieldElem[-4, -1, -2, -3],
	[20, 19, 17, 12, 6, 1, 1, 17, 1, 1] => QQFieldElem[1//2, 1//2, 0, 1//2],
	[20, 19, 17, 12, 4, 1, 1, 20, 1, 1] => QQFieldElem[40, 8, 20, 32],
	[20, 19, 17, 12, 6, 1, 1, 18, 2, 1] => QQFieldElem[-1//4, 0, -1//2, -1//2],
	[20, 19, 17, 12, 6, 1, 1, 17, 2, 1] => QQFieldElem[1//2, 1, 1//4, 3//4],
	[20, 19, 17, 12, 18, 1, 1, 18, 1, 1] => QQFieldElem[-3//4, -1//4, -3//4, -3//4],
	[20, 19, 17, 12, 4, 1, 1, 20, 2, 1] => QQFieldElem[-10, -2, -5, -8],
	[20, 19, 17, 12, 18, 1, 1, 17, 1, 1] => QQFieldElem[-1//2, -1//4, 0, -1//2],
	[20, 19, 17, 12, 20, 1, 2, 19, 1, 1] => QQFieldElem[-4, -1, -1, -4],
	[20, 19, 17, 12, 20, 1, 1, 12, 1, 1] => QQFieldElem[1//2, 3//2, -1//2, 1],
	[20, 19, 17, 12, 18, 1, 1, 18, 2, 1] => QQFieldElem[1//2, 1//2, 0, 1//2],
	[20, 19, 17, 12, 18, 1, 1, 17, 2, 1] => QQFieldElem[0, 0, 0, 0],
	[20, 19, 17, 12, 20, 1, 2, 19, 2, 1] => QQFieldElem[0, 0, 0, 0],
	[20, 19, 17, 12, 20, 1, 1, 20, 1, 1] => QQFieldElem[0, 0, 0, 0],
	[20, 19, 17, 12, 19, 1, 1, 19, 1, 1] => QQFieldElem[2, 3//2, 1, 3],
	[20, 19, 17, 12, 20, 1, 2, 18, 1, 1] => QQFieldElem[1//2, 1, 1//2, 1//2],
	[20, 19, 17, 12, 11, 1, 1, 19, 1, 1] => QQFieldElem[-1//2, -1, -1//2, -1//2],
	[20, 19, 17, 12, 20, 1, 1, 20, 2, 1] => QQFieldElem[0, 1, 0, 1],
	[20, 19, 17, 12, 20, 1, 2, 17, 1, 1] => QQFieldElem[0, 0, 0, 0],
	[20, 19, 17, 12, 8, 1, 1, 19, 1, 1] => QQFieldElem[-1//2, -1//2, -1, -1//2],
	[20, 19, 17, 12, 19, 1, 1, 19, 2, 1] => QQFieldElem[0, 1, -2, 1],
	[20, 19, 17, 12, 20, 1, 2, 18, 2, 1] => QQFieldElem[0, 0, 0, 0],
	[20, 19, 17, 12, 11, 1, 1, 19, 2, 1] => QQFieldElem[0, 0, 0, 0],
	[20, 19, 17, 12, 20, 1, 2, 17, 2, 1] => QQFieldElem[1, 0, 1, 1//2],
	[20, 19, 17, 12, 17, 1, 1, 19, 1, 1] => QQFieldElem[0, 0, 0, 0],
	[20, 19, 17, 12, 8, 1, 1, 19, 2, 1] => QQFieldElem[-2, -4, -2, -2],
	[20, 19, 17, 12, 19, 1, 1, 18, 1, 1] => QQFieldElem[-3//4, -5//4, -1//4, -1//4],
	[20, 19, 17, 12, 11, 1, 1, 18, 1, 1] => QQFieldElem[0, 0, 0, 0],
	[20, 19, 17, 12, 19, 1, 1, 17, 1, 1] => QQFieldElem[-1//2, -1//4, -1//2, 0],
	[20, 19, 17, 12, 11, 1, 1, 17, 1, 1] => QQFieldElem[0, 0, 0, 0],
	[20, 19, 17, 12, 17, 1, 1, 19, 2, 1] => QQFieldElem[0, 0, 0, 0],
	[20, 19, 17, 12, 6, 1, 1, 12, 1, 1] => QQFieldElem[-1//4, 1//4, 0, 0])