Dict(
	[21, 18, 3, 22, 17, 2, 1, 22, 1, 1] => QQFieldElem[-1//10, 3//10, 1//5, 1//10],
	[21, 18, 3, 22, 20, 1, 1, 21, 1, 1] => QQFieldElem[-1//4, -1//2, 1//4, -3//4],
	[21, 18, 3, 22, 17, 1, 1, 21, 2, 1] => QQFieldElem[0, 1, -2, 1],
	[21, 18, 3, 22, 6, 1, 1, 21, 1, 1] => QQFieldElem[6, 4, 2, 8],
	[21, 18, 3, 22, 20, 1, 1, 22, 1, 1] => QQFieldElem[1//4, 1//2, 0, 1//2],
	[21, 18, 3, 22, 20, 2, 1, 21, 1, 1] => QQFieldElem[-3//2, 0, -1, -1],
	[21, 18, 3, 22, 17, 1, 1, 22, 2, 1] => QQFieldElem[-3//5, -1//5, -4//5, -2//5],
	[21, 18, 3, 22, 6, 1, 1, 22, 1, 1] => QQFieldElem[0, -12//5, 4//5, -12//5],
	[21, 18, 3, 22, 17, 2, 1, 21, 2, 1] => QQFieldElem[2, 1, 1, 2],
	[21, 18, 3, 22, 20, 2, 1, 22, 1, 1] => QQFieldElem[1//2, 0, 0, 1//2],
	[21, 18, 3, 22, 17, 2, 1, 22, 2, 1] => QQFieldElem[-4//5, -3//5, -2//5, -6//5],
	[21, 18, 3, 22, 20, 1, 1, 21, 2, 1] => QQFieldElem[1//4, 1//2, 3//4, -1//4],
	[21, 18, 3, 22, 6, 1, 1, 21, 2, 1] => QQFieldElem[0, -7//2, 2, -7//2],
	[21, 18, 3, 22, 20, 1, 1, 22, 2, 1] => QQFieldElem[-1//4, -1//2, 0, 1//2],
	[21, 18, 3, 22, 20, 2, 1, 21, 2, 1] => QQFieldElem[-1//2, -1, 0, -1],
	[21, 18, 3, 22, 6, 1, 1, 22, 2, 1] => QQFieldElem[-3//2, 1//2, -1, -1//2],
	[21, 18, 3, 22, 20, 2, 1, 22, 2, 1] => QQFieldElem[1//2, 0, 0, 1//2],
	[21, 18, 3, 22, 17, 1, 1, 15, 1, 1] => QQFieldElem[3//4, -1//4, 1//2, 1//4],
	[21, 18, 3, 22, 17, 2, 1, 15, 1, 1] => QQFieldElem[-1//2, -1//2, 0, -1],
	[21, 18, 3, 22, 17, 1, 1, 21, 1, 1] => QQFieldElem[-4, -1, -2, -3],
	[21, 18, 3, 22, 20, 1, 1, 15, 1, 1] => QQFieldElem[1//4, 1//4, 1//2, 1//4],
	[21, 18, 3, 22, 17, 1, 1, 22, 1, 1] => QQFieldElem[1, 1, 0, 2],
	[21, 18, 3, 22, 17, 2, 1, 21, 1, 1] => QQFieldElem[0, 1//2, -1, 1//2],
	[21, 18, 3, 22, 6, 1, 1, 15, 1, 1] => QQFieldElem[0, 1, -1, 1],
	[21, 18, 3, 22, 20, 2, 1, 15, 1, 1] => QQFieldElem[1//2, -1//2, 0, 0])