Dict(
	[21, 16, 18, 12, 16, 1, 1, 18, 1, 1] => QQFieldElem[2, 6, -2, 8],
	[21, 16, 18, 12, 21, 1, 1, 17, 1, 1] => QQFieldElem[-1, 0, 0, 0],
	[21, 16, 18, 12, 13, 1, 1, 19, 1, 1] => QQFieldElem[-1//2, -1//2, 0, -1],
	[21, 16, 18, 12, 14, 1, 1, 18, 1, 1] => QQFieldElem[3//10, 1//10, 2//5, 1//5],
	[21, 16, 18, 12, 16, 1, 1, 17, 1, 1] => QQFieldElem[-6, 0, -2, -2],
	[21, 16, 18, 12, 10, 1, 1, 19, 2, 1] => QQFieldElem[3//2, 3//2, 1, 1],
	[21, 16, 18, 12, 13, 1, 1, 12, 1, 1] => QQFieldElem[3, -1, 5//2, 1//2],
	[21, 16, 18, 12, 14, 1, 1, 17, 1, 1] => QQFieldElem[1//2, 1//2, 0, 1//2],
	[21, 16, 18, 12, 10, 1, 1, 20, 1, 1] => QQFieldElem[16//55, -3//55, 23//55, -1//55],
	[21, 16, 18, 12, 13, 1, 1, 19, 2, 1] => QQFieldElem[-2, -2, -2, -4],
	[21, 16, 18, 12, 22, 1, 1, 19, 1, 1] => QQFieldElem[0, 0, -1, 0],
	[21, 16, 18, 12, 22, 1, 1, 12, 1, 1] => QQFieldElem[-3, 0, -2, -2],
	[21, 16, 18, 12, 13, 1, 1, 20, 1, 1] => QQFieldElem[2, 0, 3//2, 3//2],
	[21, 16, 18, 12, 10, 1, 1, 18, 1, 1] => QQFieldElem[-1//5, -2//5, 2//5, -4//5],
	[21, 16, 18, 12, 10, 1, 1, 17, 1, 1] => QQFieldElem[1, 0, 0, 0],
	[21, 16, 18, 12, 21, 1, 1, 19, 1, 1] => QQFieldElem[-1, 0, -1//2, -1//2],
	[21, 16, 18, 12, 21, 1, 1, 12, 1, 1] => QQFieldElem[0, 1, -1, 1],
	[21, 16, 18, 12, 16, 1, 1, 19, 1, 1] => QQFieldElem[0, -1, -1, -1],
	[21, 16, 18, 12, 16, 1, 1, 12, 1, 1] => QQFieldElem[0, 8, -6, 8],
	[21, 16, 18, 12, 13, 1, 1, 18, 1, 1] => QQFieldElem[3//2, -3//2, 1, -1],
	[21, 16, 18, 12, 22, 1, 1, 19, 2, 1] => QQFieldElem[-1, 0, -1, -1],
	[21, 16, 18, 12, 14, 1, 1, 19, 1, 1] => QQFieldElem[-1, 0, -1, -1],
	[21, 16, 18, 12, 14, 1, 1, 12, 1, 1] => QQFieldElem[1, 0, 1//2, 1//2],
	[21, 16, 18, 12, 13, 1, 1, 17, 1, 1] => QQFieldElem[5//2, 3//2, 1, 5//2],
	[21, 16, 18, 12, 22, 1, 1, 20, 1, 1] => QQFieldElem[-69//55, -18//55, -27//55, -61//55],
	[21, 16, 18, 12, 21, 1, 1, 19, 2, 1] => QQFieldElem[-2, -2, -4, -2],
	[21, 16, 18, 12, 16, 1, 1, 19, 2, 1] => QQFieldElem[0, -1, 1//2, 1//2],
	[21, 16, 18, 12, 21, 1, 1, 20, 1, 1] => QQFieldElem[-18//55, 24//55, -19//55, 8//55],
	[21, 16, 18, 12, 14, 1, 1, 19, 2, 1] => QQFieldElem[-1, -1, 0, -1],
	[21, 16, 18, 12, 16, 1, 1, 20, 1, 1] => QQFieldElem[-30//11, 18//11, -28//11, 6//11],
	[21, 16, 18, 12, 22, 1, 1, 18, 1, 1] => QQFieldElem[-7//5, 1//5, -6//5, -3//5],
	[21, 16, 18, 12, 10, 1, 1, 19, 1, 1] => QQFieldElem[1, 0, 0, 0],
	[21, 16, 18, 12, 10, 1, 1, 12, 1, 1] => QQFieldElem[0, -1, 1, -1],
	[21, 16, 18, 12, 14, 1, 1, 20, 1, 1] => QQFieldElem[13//55, 1//55, 3//110, 19//110],
	[21, 16, 18, 12, 22, 1, 1, 17, 1, 1] => QQFieldElem[-1, -1, 0, -2],
	[21, 16, 18, 12, 21, 1, 1, 18, 1, 1] => QQFieldElem[3//5, 6//5, -1//5, 7//5])