Dict(
	[21, 19, 9, 7, 15, 1, 1, 16, 1, 1] => QQFieldElem[0, 1//4, -1//2, -1],
	[21, 19, 9, 7, 13, 1, 1, 16, 2, 1] => QQFieldElem[0, 0, 1//2, 1//2],
	[21, 19, 9, 7, 22, 1, 1, 16, 1, 1] => QQFieldElem[0, 1//4, 1//2, 1//2],
	[21, 19, 9, 7, 21, 1, 1, 16, 1, 1] => QQFieldElem[1//2, -1//4, -1, -1//2],
	[21, 19, 9, 7, 15, 1, 1, 16, 2, 1] => QQFieldElem[0, 0, -1//2, 1//2],
	[21, 19, 9, 7, 22, 1, 1, 16, 2, 1] => QQFieldElem[0, 0, 1//2, 1//2],
	[21, 19, 9, 7, 13, 1, 1, 14, 1, 1] => QQFieldElem[-1//4, -1//4, 0, 1//2],
	[21, 19, 9, 7, 21, 1, 1, 16, 2, 1] => QQFieldElem[0, 0, -1//2, 1//2],
	[21, 19, 9, 7, 15, 1, 1, 14, 1, 1] => QQFieldElem[-1//4, -1//4, 0, 1//2],
	[21, 19, 9, 7, 13, 1, 1, 14, 2, 1] => QQFieldElem[0, 1//2, 0, 1//2],
	[21, 19, 9, 7, 22, 1, 1, 14, 1, 1] => QQFieldElem[-3//4, -3//4, -1//2, -1//2],
	[21, 19, 9, 7, 21, 1, 1, 14, 1, 1] => QQFieldElem[1//4, 5//4, 1//2, 1//2],
	[21, 19, 9, 7, 15, 1, 1, 14, 2, 1] => QQFieldElem[0, -1//2, 0, 1//2],
	[21, 19, 9, 7, 13, 1, 1, 16, 1, 1] => QQFieldElem[1//2, 3//4, 0, 0],
	[21, 19, 9, 7, 22, 1, 1, 14, 2, 1] => QQFieldElem[0, 1//2, 0, 1//2],
	[21, 19, 9, 7, 21, 1, 1, 14, 2, 1] => QQFieldElem[0, -1//2, 0, 1//2])