Dict(
	[21, 22, 18, 20, 15, 1, 1, 17, 1, 1] => QQFieldElem[65//22, 8//11, 35//22, 32//11],
	[21, 22, 18, 20, 15, 1, 1, 18, 2, 1] => QQFieldElem[-6//5, -4, 8//5, -22//5],
	[21, 22, 18, 20, 22, 1, 1, 11, 1, 1] => QQFieldElem[0, 0, -1//2, 1//2],
	[21, 22, 18, 20, 15, 2, 1, 19, 2, 2] => QQFieldElem[1, 2, -1//2, 5//2],
	[21, 22, 18, 20, 13, 2, 1, 12, 1, 1] => QQFieldElem[23//110, 3//55, 9//110, 1//55],
	[21, 22, 18, 20, 22, 1, 1, 5, 1, 1] => QQFieldElem[-1//4, 0, -1//4, -1//4],
	[21, 22, 18, 20, 21, 2, 1, 11, 1, 1] => QQFieldElem[-1, 3//2, -3//2, 1],
	[21, 22, 18, 20, 15, 2, 1, 3, 1, 1] => QQFieldElem[-1//4, -1//2, 1//4, -1//2],
	[21, 22, 18, 20, 21, 2, 1, 5, 1, 1] => QQFieldElem[-1, -1//2, -1//2, -1],
	[21, 22, 18, 20, 13, 2, 1, 20, 1, 1] => QQFieldElem[4, 4, 0, 6],
	[21, 22, 18, 20, 9, 1, 1, 11, 1, 1] => QQFieldElem[-2, 0, -2, 0],
	[21, 22, 18, 20, 21, 1, 1, 12, 1, 1] => QQFieldElem[5//44, 5//88, 1//44, 9//88],
	[21, 22, 18, 20, 16, 1, 1, 19, 1, 1] => QQFieldElem[1//4, -1, 1//2, -1//2],
	[21, 22, 18, 20, 22, 1, 1, 19, 2, 1] => QQFieldElem[-14//5, 2//5, -12//5, -6//5],
	[21, 22, 18, 20, 13, 1, 1, 17, 1, 1] => QQFieldElem[4//11, 2//11, 3//11, 8//11],
	[21, 22, 18, 20, 9, 1, 1, 5, 1, 1] => QQFieldElem[-11//5, -7//5, -3//5, -14//5],
	[21, 22, 18, 20, 13, 1, 1, 18, 2, 1] => QQFieldElem[32//5, -56//5, 56//5, -32//5],
	[21, 22, 18, 20, 21, 1, 1, 20, 1, 1] => QQFieldElem[-1, -1, 0, -1],
	[21, 22, 18, 20, 21, 2, 1, 19, 2, 1] => QQFieldElem[-16//5, 8//5, -8//5, -4//5],
	[21, 22, 18, 20, 22, 1, 1, 18, 1, 1] => QQFieldElem[-2, -3//2, -1//2, -5//2],
	[21, 22, 18, 20, 22, 1, 2, 20, 2, 1] => QQFieldElem[-1//4, 0, -1//4, -1//4],
	[21, 22, 18, 20, 13, 2, 1, 19, 2, 2] => QQFieldElem[4//5, -2//5, 2//5, -4//5],
	[21, 22, 18, 20, 9, 1, 1, 19, 2, 1] => QQFieldElem[-68//5, 0, -36//5, -36//5],
	[21, 22, 18, 20, 22, 2, 2, 17, 1, 1] => QQFieldElem[-13//22, -9//22, -3//11, -6//11],
	[21, 22, 18, 20, 22, 2, 1, 19, 1, 2] => QQFieldElem[8//5, -4//5, 9//5, 2//5],
	[21, 22, 18, 20, 21, 2, 1, 18, 1, 1] => QQFieldElem[84//5, 68//5, 12//5, 116//5],
	[21, 22, 18, 20, 15, 1, 1, 7, 1, 1] => QQFieldElem[-4, 0, -4, -2],
	[21, 22, 18, 20, 21, 2, 2, 20, 2, 1] => QQFieldElem[1, 0, 1//2, 1//2],
	[21, 22, 18, 20, 14, 1, 1, 20, 2, 1] => QQFieldElem[0, -1//2, 0, 0],
	[21, 22, 18, 20, 22, 2, 2, 18, 2, 1] => QQFieldElem[2, 2, 0, 3],
	[21, 22, 18, 20, 13, 2, 1, 3, 1, 1] => QQFieldElem[2, 0, 1, 1],
	[21, 22, 18, 20, 21, 1, 2, 17, 2, 1] => QQFieldElem[-1//22, -9//44, 5//44, -1//44],
	[21, 22, 18, 20, 9, 1, 1, 18, 1, 1] => QQFieldElem[144//5, 0, 88//5, 88//5],
	[21, 22, 18, 20, 21, 1, 1, 19, 2, 2] => QQFieldElem[-6//5, -4//5, -4//5, -6//5],
	[21, 22, 18, 20, 21, 1, 1, 3, 1, 1] => QQFieldElem[3//4, 1//2, 1//4, 1],
	[21, 22, 18, 20, 13, 1, 1, 7, 1, 1] => QQFieldElem[-4, -2, 0, -2],
	[21, 22, 18, 20, 15, 2, 1, 17, 2, 1] => QQFieldElem[6//11, 3//11, 9//22, 13//22],
	[21, 22, 18, 20, 22, 2, 2, 7, 1, 1] => QQFieldElem[-3//2, 0, 0, -1],
	[21, 22, 18, 20, 22, 1, 2, 19, 1, 1] => QQFieldElem[-4//5, 4//5, 4//5, -4//5],
	[21, 22, 18, 20, 21, 2, 2, 19, 1, 1] => QQFieldElem[16//5, 0, -8//5, -8//5],
	[21, 22, 18, 20, 16, 1, 1, 12, 1, 1] => QQFieldElem[0, 0, 0, 0],
	[21, 22, 18, 20, 14, 1, 1, 19, 1, 1] => QQFieldElem[-22//5, 0, -14//5, -14//5],
	[21, 22, 18, 20, 16, 1, 1, 20, 1, 1] => QQFieldElem[6//5, 12//5, -2//5, 14//5],
	[21, 22, 18, 20, 22, 1, 1, 20, 2, 1] => QQFieldElem[-1//2, 0, -1//2, 0],
	[21, 22, 18, 20, 13, 2, 1, 17, 2, 1] => QQFieldElem[25//44, -1//11, 4//11, 3//22],
	[21, 22, 18, 20, 15, 1, 1, 11, 1, 1] => QQFieldElem[0, 0, -2, 2],
	[21, 22, 18, 20, 21, 1, 2, 19, 1, 2] => QQFieldElem[22//5, -6//5, 16//5, 8//5],
	[21, 22, 18, 20, 22, 2, 1, 17, 1, 1] => QQFieldElem[56//11, 9//22, 61//22, 39//11],
	[21, 22, 18, 20, 21, 2, 1, 20, 2, 1] => QQFieldElem[2, 2, 0, 2],
	[21, 22, 18, 20, 15, 1, 1, 5, 1, 1] => QQFieldElem[-1, 0, -1, -1],
	[21, 22, 18, 20, 22, 2, 1, 18, 2, 1] => QQFieldElem[-28//5, -26//5, -4//5, -42//5],
	[21, 22, 18, 20, 21, 1, 1, 17, 2, 1] => QQFieldElem[-31//11, -2//11, -16//11, -21//11],
	[21, 22, 18, 20, 9, 1, 1, 20, 2, 1] => QQFieldElem[4//5, 8//5, 12//5, -4//5],
	[21, 22, 18, 20, 16, 1, 1, 19, 2, 2] => QQFieldElem[-16//5, -12//5, -3//5, -19//5],
	[21, 22, 18, 20, 15, 1, 1, 19, 2, 1] => QQFieldElem[-5, -3, -1, -6],
	[21, 22, 18, 20, 16, 1, 1, 3, 1, 1] => QQFieldElem[1//2, 1//2, 0, 1//2],
	[21, 22, 18, 20, 15, 1, 1, 18, 1, 1] => QQFieldElem[10, -2, 8, 4],
	[21, 22, 18, 20, 13, 1, 1, 11, 1, 1] => QQFieldElem[2, 0, 2, 0],
	[21, 22, 18, 20, 13, 1, 1, 5, 1, 1] => QQFieldElem[-3//5, -1//5, 1//5, -2//5],
	[21, 22, 18, 20, 15, 2, 1, 19, 1, 2] => QQFieldElem[1//5, -3//5, 11//10, -7//10],
	[21, 22, 18, 20, 22, 2, 2, 11, 1, 1] => QQFieldElem[0, 1, -1, 0],
	[21, 22, 18, 20, 22, 2, 1, 7, 1, 1] => QQFieldElem[3, 1, 1, 3],
	[21, 22, 18, 20, 13, 1, 1, 19, 2, 1] => QQFieldElem[-2//5, -2//5, 0, -6//5],
	[21, 22, 18, 20, 22, 2, 2, 5, 1, 1] => QQFieldElem[-1//4, 0, 0, -1//4],
	[21, 22, 18, 20, 22, 1, 2, 12, 1, 1] => QQFieldElem[1//22, 1//44, 3//88, 1//11],
	[21, 22, 18, 20, 22, 1, 1, 19, 1, 1] => QQFieldElem[6//5, 2//5, 8//5, 4//5],
	[21, 22, 18, 20, 21, 2, 2, 12, 1, 1] => QQFieldElem[1//55, 13//220, -2//55, -7//110],
	[21, 22, 18, 20, 21, 2, 1, 19, 1, 1] => QQFieldElem[2, 3//2, 1//2, 3//2],
	[21, 22, 18, 20, 13, 1, 1, 18, 1, 1] => QQFieldElem[72//5, 0, 44//5, 44//5],
	[21, 22, 18, 20, 14, 1, 1, 12, 1, 1] => QQFieldElem[-6//11, 5//22, -9//22, -1//11],
	[21, 22, 18, 20, 22, 2, 2, 19, 2, 1] => QQFieldElem[0, -2//5, -1//5, -2//5],
	[21, 22, 18, 20, 22, 1, 2, 20, 1, 1] => QQFieldElem[1//4, 0, 0, 0],
	[21, 22, 18, 20, 13, 2, 1, 19, 1, 2] => QQFieldElem[-7//10, -9//10, 2//5, -13//10],
	[21, 22, 18, 20, 9, 1, 1, 19, 1, 1] => QQFieldElem[68//5, 0, 36//5, 36//5],
	[21, 22, 18, 20, 21, 2, 2, 20, 1, 1] => QQFieldElem[-4//5, 2//5, -2//5, -1//5],
	[21, 22, 18, 20, 14, 1, 1, 20, 1, 1] => QQFieldElem[0, 0, 0, 0],
	[21, 22, 18, 20, 22, 2, 2, 18, 1, 1] => QQFieldElem[32//5, -11//5, 26//5, 8//5],
	[21, 22, 18, 20, 21, 1, 2, 17, 1, 1] => QQFieldElem[14//11, 8//11, -2//11, -4//11],
	[21, 22, 18, 20, 21, 1, 1, 19, 1, 2] => QQFieldElem[-2//5, -2//5, 0, 4//5],
	[21, 22, 18, 20, 22, 1, 2, 19, 2, 2] => QQFieldElem[-1//5, 1//10, -1//10, 1//5],
	[21, 22, 18, 20, 21, 1, 2, 18, 2, 1] => QQFieldElem[-2, 7//2, -7//2, 5//2],
	[21, 22, 18, 20, 22, 1, 2, 3, 1, 1] => QQFieldElem[1//4, 1//2, 0, 1//2],
	[21, 22, 18, 20, 16, 1, 1, 17, 2, 1] => QQFieldElem[-7//44, 13//44, -2//11, -3//44],
	[21, 22, 18, 20, 21, 2, 2, 19, 2, 2] => QQFieldElem[1//5, 2//5, -2//5, -1//5],
	[21, 22, 18, 20, 14, 1, 1, 19, 2, 2] => QQFieldElem[48//5, 36//5, 14//5, 62//5],
	[21, 22, 18, 20, 21, 2, 2, 3, 1, 1] => QQFieldElem[-1, 0, -1//2, -1//2],
	[21, 22, 18, 20, 14, 1, 1, 3, 1, 1] => QQFieldElem[-5, 1, -4, -2],
	[21, 22, 18, 20, 15, 1, 1, 20, 2, 1] => QQFieldElem[1//5, 2//5, -2//5, 4//5],
	[21, 22, 18, 20, 15, 2, 1, 17, 1, 1] => QQFieldElem[-1//44, 5//44, 1//22, 9//44],
	[21, 22, 18, 20, 15, 2, 1, 18, 2, 1] => QQFieldElem[2//5, -6//5, 6//5, -2//5],
	[21, 22, 18, 20, 22, 2, 1, 11, 1, 1] => QQFieldElem[1, 0, 1, 0],
	[21, 22, 18, 20, 21, 1, 2, 7, 1, 1] => QQFieldElem[-1//4, -1//4, 0, -3//4],
	[21, 22, 18, 20, 22, 2, 1, 5, 1, 1] => QQFieldElem[7//10, 2//5, 1//10, 4//5],
	[21, 22, 18, 20, 22, 1, 1, 12, 1, 1] => QQFieldElem[3//44, -1//11, 5//44, -5//44],
	[21, 22, 18, 20, 21, 2, 1, 12, 1, 1] => QQFieldElem[6//11, -5//22, 9//22, 1//11],
	[21, 22, 18, 20, 13, 1, 1, 20, 2, 1] => QQFieldElem[-4, -4, -4, -4],
	[21, 22, 18, 20, 22, 1, 1, 20, 1, 1] => QQFieldElem[-1//4, 0, -1//4, -1//4],
	[21, 22, 18, 20, 22, 2, 1, 19, 2, 1] => QQFieldElem[4//5, 8//5, 12//5, -4//5],
	[21, 22, 18, 20, 13, 2, 1, 17, 1, 1] => QQFieldElem[-15//11, -13//11, -3//11, -19//11],
	[21, 22, 18, 20, 9, 1, 1, 12, 1, 1] => QQFieldElem[19//55, -7//55, 17//55, 16//55],
	[21, 22, 18, 20, 13, 2, 1, 18, 2, 1] => QQFieldElem[18//5, 17//5, 2//5, 28//5],
	[21, 22, 18, 20, 21, 2, 1, 20, 1, 1] => QQFieldElem[-4, 0, -2, -2],
	[21, 22, 18, 20, 22, 2, 1, 18, 1, 1] => QQFieldElem[-4, 4, -5, 2],
	[21, 22, 18, 20, 22, 2, 2, 20, 2, 1] => QQFieldElem[0, 1//2, -1//2, 1//2],
	[21, 22, 18, 20, 21, 1, 1, 17, 1, 1] => QQFieldElem[19//22, 2//11, 3//11, 8//11],
	[21, 22, 18, 20, 9, 1, 1, 20, 1, 1] => QQFieldElem[-4, -8, 4, -12],
	[21, 22, 18, 20, 16, 1, 1, 19, 1, 2] => QQFieldElem[1//2, 1, 1//2, 1],
	[21, 22, 18, 20, 22, 1, 2, 17, 2, 1] => QQFieldElem[-3//44, 3//44, -9//44, 1//11],
	[21, 22, 18, 20, 22, 1, 1, 19, 2, 2] => QQFieldElem[3//5, 1//5, 4//5, -3//5],
	[21, 22, 18, 20, 21, 1, 1, 18, 2, 1] => QQFieldElem[-6, -6, 0, -10],
	[21, 22, 18, 20, 15, 2, 1, 7, 1, 1] => QQFieldElem[-1//4, 0, 0, 0],
	[21, 22, 18, 20, 15, 1, 1, 19, 1, 1] => QQFieldElem[-72//5, -44//5, -26//5, -78//5],
	[21, 22, 18, 20, 22, 1, 1, 3, 1, 1] => QQFieldElem[1//2, -1, 1, -1//2],
	[21, 22, 18, 20, 21, 2, 2, 17, 2, 1] => QQFieldElem[2//11, 7//22, 1//22, 1//11],
	[21, 22, 18, 20, 21, 2, 1, 19, 2, 2] => QQFieldElem[2//5, -6//5, 6//5, -2//5],
	[21, 22, 18, 20, 14, 1, 1, 17, 2, 1] => QQFieldElem[-7//44, 1//22, -2//11, 2//11],
	[21, 22, 18, 20, 21, 2, 1, 3, 1, 1] => QQFieldElem[13//2, -3//2, 5, 5//2],
	[21, 22, 18, 20, 9, 1, 1, 19, 2, 2] => QQFieldElem[-36//5, 8//5, -28//5, -14//5],
	[21, 22, 18, 20, 9, 1, 1, 3, 1, 1] => QQFieldElem[6, 0, 4, 4],
	[21, 22, 18, 20, 13, 2, 1, 7, 1, 1] => QQFieldElem[-4, -2, -1, -4],
	[21, 22, 18, 20, 13, 1, 1, 19, 1, 1] => QQFieldElem[4, -4, 4, -4],
	[21, 22, 18, 20, 21, 1, 2, 11, 1, 1] => QQFieldElem[1//2, 1//4, 0, 1//2],
	[21, 22, 18, 20, 21, 1, 1, 7, 1, 1] => QQFieldElem[-1//4, -1//2, 0, -1//2],
	[21, 22, 18, 20, 21, 1, 2, 5, 1, 1] => QQFieldElem[0, 0, 0, -1//8],
	[21, 22, 18, 20, 22, 2, 2, 19, 1, 1] => QQFieldElem[2//5, -4//5, 2//5, 0],
	[21, 22, 18, 20, 21, 1, 2, 19, 2, 1] => QQFieldElem[16//5, -8//5, 8//5, -16//5],
	[21, 22, 18, 20, 22, 1, 2, 19, 1, 2] => QQFieldElem[1//10, -3//10, 3//10, -1//10],
	[21, 22, 18, 20, 21, 1, 2, 18, 1, 1] => QQFieldElem[-148//5, -76//5, -44//5, -172//5],
	[21, 22, 18, 20, 22, 2, 1, 20, 2, 1] => QQFieldElem[4//5, -2//5, 7//5, 1//5],
	[21, 22, 18, 20, 15, 2, 1, 11, 1, 1] => QQFieldElem[-1, -3//4, -1//4, -5//4],
	[21, 22, 18, 20, 16, 1, 1, 17, 1, 1] => QQFieldElem[-13//11, -1//11, -7//11, -15//11],
	[21, 22, 18, 20, 21, 2, 2, 19, 1, 2] => QQFieldElem[2//5, -1//5, 1//5, 3//5],
	[21, 22, 18, 20, 22, 1, 1, 17, 2, 1] => QQFieldElem[12//11, -1//11, 17//22, 1//22],
	[21, 22, 18, 20, 14, 1, 1, 19, 1, 2] => QQFieldElem[9//5, -7//5, 2//5, 1//5],
	[21, 22, 18, 20, 16, 1, 1, 18, 2, 1] => QQFieldElem[-3//5, 4//5, -4//5, 3//5],
	[21, 22, 18, 20, 15, 2, 1, 5, 1, 1] => QQFieldElem[0, 1//8, 0, 1//8],
	[21, 22, 18, 20, 15, 1, 1, 12, 1, 1] => QQFieldElem[-5//11, -8//11, -1//11, 1//11],
	[21, 22, 18, 20, 21, 2, 1, 17, 2, 1] => QQFieldElem[12//11, -12//11, 14//11, 6//11],
	[21, 22, 18, 20, 15, 2, 1, 19, 2, 1] => QQFieldElem[10, 2, 8, 6],
	[21, 22, 18, 20, 9, 1, 1, 17, 2, 1] => QQFieldElem[-4//11, -2//11, 8//11, 14//11],
	[21, 22, 18, 20, 15, 1, 1, 20, 1, 1] => QQFieldElem[-4, -4, 0, -6],
	[21, 22, 18, 20, 15, 2, 1, 18, 1, 1] => QQFieldElem[-8//5, -11//5, 1//5, -17//5],
	[21, 22, 18, 20, 13, 2, 1, 11, 1, 1] => QQFieldElem[-1, 0, -1, 0],
	[21, 22, 18, 20, 13, 2, 1, 5, 1, 1] => QQFieldElem[-7//10, -2//5, -1//10, -4//5],
	[21, 22, 18, 20, 15, 1, 1, 19, 2, 2] => QQFieldElem[-3//4, -1//2, -1//4, -3//4],
	[21, 22, 18, 20, 13, 1, 1, 12, 1, 1] => QQFieldElem[27//55, 19//55, 1//55, -12//55],
	[21, 22, 18, 20, 21, 1, 1, 11, 1, 1] => QQFieldElem[-1//2, -1//4, -1//4, -1//4],
	[21, 22, 18, 20, 15, 1, 1, 3, 1, 1] => QQFieldElem[2, -2, 2, -2],
	[21, 22, 18, 20, 16, 1, 1, 7, 1, 1] => QQFieldElem[1//2, 0, 1//2, 0],
	[21, 22, 18, 20, 21, 1, 1, 5, 1, 1] => QQFieldElem[0, -1//8, 0, -1//8],
	[21, 22, 18, 20, 13, 2, 1, 19, 2, 1] => QQFieldElem[2//5, 3//10, 1//5, 3//5],
	[21, 22, 18, 20, 13, 1, 1, 20, 1, 1] => QQFieldElem[-6//5, -12//5, 2//5, -14//5],
	[21, 22, 18, 20, 22, 2, 2, 12, 1, 1] => QQFieldElem[7//44, -1//22, 2//11, 3//44],
	[21, 22, 18, 20, 22, 2, 1, 19, 1, 1] => QQFieldElem[4//5, -12//5, 12//5, -4//5],
	[21, 22, 18, 20, 13, 2, 1, 18, 1, 1] => QQFieldElem[-72//5, 16//5, -56//5, -28//5],
	[21, 22, 18, 20, 21, 1, 1, 19, 2, 1] => QQFieldElem[16//5, 0, 12//5, 12//5],
	[21, 22, 18, 20, 22, 2, 2, 20, 1, 1] => QQFieldElem[4//5, 1//10, 2//5, 7//10],
	[21, 22, 18, 20, 13, 1, 1, 19, 2, 2] => QQFieldElem[-1//5, -8//5, 4//5, -2],
	[21, 22, 18, 20, 22, 1, 2, 17, 1, 1] => QQFieldElem[5//22, 1//44, 2//11, 4//11],
	[21, 22, 18, 20, 22, 1, 1, 19, 1, 2] => QQFieldElem[1//5, -1//10, 1//10, 3//10],
	[21, 22, 18, 20, 21, 1, 1, 18, 1, 1] => QQFieldElem[22//5, -6//5, 16//5, 8//5],
	[21, 22, 18, 20, 21, 1, 2, 20, 2, 1] => QQFieldElem[-3//4, -1//2, -1//4, -3//4],
	[21, 22, 18, 20, 13, 1, 1, 3, 1, 1] => QQFieldElem[2, 0, 0, 0],
	[21, 22, 18, 20, 22, 1, 2, 18, 2, 1] => QQFieldElem[-1, -1//2, -1//2, -1],
	[21, 22, 18, 20, 21, 2, 2, 17, 1, 1] => QQFieldElem[9//11, 2//11, 5//11, 10//11],
	[21, 22, 18, 20, 21, 2, 1, 19, 1, 2] => QQFieldElem[4//5, 3//5, 2//5, 6//5],
	[21, 22, 18, 20, 14, 1, 1, 17, 1, 1] => QQFieldElem[5//22, 4//11, 1//22, 5//11],
	[21, 22, 18, 20, 22, 2, 2, 19, 2, 2] => QQFieldElem[4//5, -2//5, 2//5, 1//5],
	[21, 22, 18, 20, 21, 2, 2, 18, 2, 1] => QQFieldElem[0, -2, 1, -2],
	[21, 22, 18, 20, 14, 1, 1, 18, 2, 1] => QQFieldElem[4//5, 3//5, 2//5, 6//5],
	[21, 22, 18, 20, 9, 1, 1, 19, 1, 2] => QQFieldElem[34//5, 0, 18//5, 18//5],
	[21, 22, 18, 20, 22, 2, 2, 3, 1, 1] => QQFieldElem[2, 0, 2, 1],
	[21, 22, 18, 20, 15, 2, 1, 20, 2, 1] => QQFieldElem[-2, 0, 0, -2],
	[21, 22, 18, 20, 15, 1, 1, 17, 2, 1] => QQFieldElem[-7//11, -7//22, -5//22, -3//11],
	[21, 22, 18, 20, 22, 1, 2, 7, 1, 1] => QQFieldElem[1//4, 1//4, 1//2, 1//4],
	[21, 22, 18, 20, 16, 1, 1, 11, 1, 1] => QQFieldElem[1, 1//2, 1//2, 1],
	[21, 22, 18, 20, 21, 2, 2, 7, 1, 1] => QQFieldElem[1, 1//2, 1//2, 1],
	[21, 22, 18, 20, 16, 1, 1, 5, 1, 1] => QQFieldElem[0, 0, 0, 0],
	[21, 22, 18, 20, 14, 1, 1, 7, 1, 1] => QQFieldElem[7, 3, 3, 7],
	[21, 22, 18, 20, 21, 1, 2, 19, 1, 1] => QQFieldElem[16, 0, 8, 8],
	[21, 22, 18, 20, 22, 2, 1, 12, 1, 1] => QQFieldElem[-23//110, -3//55, -9//110, -1//55],
	[21, 22, 18, 20, 13, 2, 1, 20, 2, 1] => QQFieldElem[0, 1//2, 0, 0],
	[21, 22, 18, 20, 16, 1, 1, 19, 2, 1] => QQFieldElem[14//5, -9//10, 12//5, 7//10],
	[21, 22, 18, 20, 22, 2, 1, 20, 1, 1] => QQFieldElem[-1, 1, -3//2, 1//2],
	[21, 22, 18, 20, 13, 1, 1, 17, 2, 1] => QQFieldElem[32//11, 16//11, 24//11, -2//11],
	[21, 22, 18, 20, 22, 1, 1, 17, 1, 1] => QQFieldElem[4//11, 17//44, -7//44, 19//44],
	[21, 22, 18, 20, 16, 1, 1, 18, 1, 1] => QQFieldElem[-56//5, 0, -32//5, -32//5],
	[21, 22, 18, 20, 21, 1, 1, 20, 2, 1] => QQFieldElem[1, -1, 1, 0],
	[21, 22, 18, 20, 22, 1, 1, 18, 2, 1] => QQFieldElem[-1, 1, -2, 1],
	[21, 22, 18, 20, 21, 2, 1, 17, 1, 1] => QQFieldElem[50//11, 16//11, 18//11, 36//11],
	[21, 22, 18, 20, 22, 2, 2, 17, 2, 1] => QQFieldElem[12//11, -1//11, 3//11, 6//11],
	[21, 22, 18, 20, 22, 2, 1, 19, 2, 2] => QQFieldElem[0, 2//5, -4//5, 2//5],
	[21, 22, 18, 20, 21, 2, 1, 18, 2, 1] => QQFieldElem[20, 0, 12, 12],
	[21, 22, 18, 20, 15, 2, 1, 19, 1, 1] => QQFieldElem[6, 4, 2, 7],
	[21, 22, 18, 20, 9, 1, 1, 17, 1, 1] => QQFieldElem[20//11, 10//11, 4//11, 18//11],
	[21, 22, 18, 20, 22, 2, 1, 3, 1, 1] => QQFieldElem[-3, 0, -2, -2],
	[21, 22, 18, 20, 9, 1, 1, 18, 2, 1] => QQFieldElem[-144//5, 0, -88//5, -88//5],
	[21, 22, 18, 20, 15, 1, 1, 19, 1, 2] => QQFieldElem[-21//20, 7//5, -33//20, 11//20],
	[21, 22, 18, 20, 22, 1, 2, 11, 1, 1] => QQFieldElem[-1//4, -1//4, -1//4, -1//2],
	[21, 22, 18, 20, 13, 2, 1, 19, 1, 1] => QQFieldElem[6//5, 13//10, -1//5, 11//5],
	[21, 22, 18, 20, 22, 1, 1, 7, 1, 1] => QQFieldElem[-2, 0, -3//2, -3//2],
	[21, 22, 18, 20, 22, 1, 2, 5, 1, 1] => QQFieldElem[0, 0, 1//8, 0],
	[21, 22, 18, 20, 21, 2, 2, 11, 1, 1] => QQFieldElem[1//2, 1//2, 0, 1],
	[21, 22, 18, 20, 14, 1, 1, 11, 1, 1] => QQFieldElem[1, -2, 2, -1],
	[21, 22, 18, 20, 21, 2, 1, 7, 1, 1] => QQFieldElem[-11//2, -2, -5//2, -5],
	[21, 22, 18, 20, 21, 2, 2, 5, 1, 1] => QQFieldElem[1//5, 3//20, 1//10, 3//10],
	[21, 22, 18, 20, 21, 1, 2, 12, 1, 1] => QQFieldElem[1//11, 1//22, 3//44, 5//88],
	[21, 22, 18, 20, 21, 1, 1, 19, 1, 1] => QQFieldElem[-1//4, 0, -1//4, -1//4],
	[21, 22, 18, 20, 14, 1, 1, 5, 1, 1] => QQFieldElem[1, 1//2, 1//2, 1],
	[21, 22, 18, 20, 22, 1, 2, 19, 2, 1] => QQFieldElem[1//5, 1//2, -1//10, 9//10],
	[21, 22, 18, 20, 9, 1, 1, 7, 1, 1] => QQFieldElem[-12, -6, -4, -14],
	[21, 22, 18, 20, 13, 1, 1, 19, 1, 2] => QQFieldElem[22//5, -6//5, 16//5, 8//5],
	[21, 22, 18, 20, 21, 1, 2, 20, 1, 1] => QQFieldElem[-4//5, -8//5, -2//5, -6//5],
	[21, 22, 18, 20, 21, 2, 2, 19, 2, 1] => QQFieldElem[2//5, 1//5, 2//5, 0],
	[21, 22, 18, 20, 14, 1, 1, 19, 2, 1] => QQFieldElem[-1//5, 1//10, -3//5, 1//5],
	[21, 22, 18, 20, 22, 1, 2, 18, 1, 1] => QQFieldElem[1//2, -3//2, 3//2, -3//2],
	[21, 22, 18, 20, 22, 2, 2, 19, 1, 2] => QQFieldElem[2//5, 1//5, 2//5, 0],
	[21, 22, 18, 20, 21, 2, 2, 18, 1, 1] => QQFieldElem[58//5, 36//5, 14//5, 72//5],
	[21, 22, 18, 20, 16, 1, 1, 20, 2, 1] => QQFieldElem[0, -1//2, 0, 0],
	[21, 22, 18, 20, 14, 1, 1, 18, 1, 1] => QQFieldElem[-6//5, -6//5, 0, -8//5],
	[21, 22, 18, 20, 21, 1, 2, 19, 2, 2] => QQFieldElem[-24//5, 0, -8//5, -8//5],
	[21, 22, 18, 20, 22, 2, 1, 17, 2, 1] => QQFieldElem[-25//11, -8//11, -9//11, -18//11],
	[21, 22, 18, 20, 15, 2, 1, 12, 1, 1] => QQFieldElem[-5//44, -5//88, -1//44, -9//88],
	[21, 22, 18, 20, 21, 1, 2, 3, 1, 1] => QQFieldElem[1//2, 0, 1//4, 1//2],
	[21, 22, 18, 20, 15, 2, 1, 20, 1, 1] => QQFieldElem[-1//2, -1//2, 0, -1//2])