Dict(
	[21, 12, 12, 22, 18, 1, 1, 13, 1, 1] => QQFieldElem[-1//2, 0, -1//2, -1//4],
	[21, 12, 12, 22, 7, 1, 1, 14, 1, 1] => QQFieldElem[2, 0, 1, 1],
	[21, 12, 12, 22, 7, 1, 1, 13, 1, 1] => QQFieldElem[1, 0, 1, 1//2],
	[21, 12, 12, 22, 12, 1, 1, 10, 1, 1] => QQFieldElem[-1//4, -1//4, 0, -1//2],
	[21, 12, 12, 22, 18, 2, 1, 21, 1, 1] => QQFieldElem[0, 0, 0, 0],
	[21, 12, 12, 22, 8, 1, 1, 15, 1, 1] => QQFieldElem[-1//2, 0, 0, 0],
	[21, 12, 12, 22, 18, 2, 1, 9, 1, 1] => QQFieldElem[-1//8, -1//8, 0, -3//8],
	[21, 12, 12, 22, 18, 2, 1, 22, 1, 1] => QQFieldElem[0, 0, 0, -1//4],
	[21, 12, 12, 22, 17, 1, 1, 15, 1, 1] => QQFieldElem[1//2, 0, 0, 0],
	[21, 12, 12, 22, 8, 1, 1, 16, 1, 1] => QQFieldElem[3//20, 1//20, 1//5, 1//10],
	[21, 12, 12, 22, 17, 1, 1, 16, 1, 1] => QQFieldElem[-3//20, -1//20, -1//5, -1//10],
	[21, 12, 12, 22, 12, 1, 1, 21, 1, 1] => QQFieldElem[-11//10, 3//10, -4//5, -2//5],
	[21, 12, 12, 22, 12, 1, 1, 9, 1, 1] => QQFieldElem[1//4, 0, 1//4, 1//8],
	[21, 12, 12, 22, 12, 1, 1, 22, 1, 1] => QQFieldElem[11//20, -3//20, 2//5, 1//5],
	[21, 12, 12, 22, 17, 2, 1, 10, 1, 1] => QQFieldElem[-1//4, -1//4, 0, -1//2],
	[21, 12, 12, 22, 2, 1, 1, 10, 1, 1] => QQFieldElem[1, 0, 1, 1//2],
	[21, 12, 12, 22, 8, 1, 1, 14, 1, 1] => QQFieldElem[-3//10, -3//5, 1//10, -7//10],
	[21, 12, 12, 22, 18, 2, 1, 15, 1, 1] => QQFieldElem[0, 0, 0, 0],
	[21, 12, 12, 22, 8, 1, 1, 13, 1, 1] => QQFieldElem[-1//4, -1//4, 0, -1//2],
	[21, 12, 12, 22, 17, 1, 1, 14, 1, 1] => QQFieldElem[-3//10, -3//5, 1//10, -7//10],
	[21, 12, 12, 22, 17, 1, 1, 13, 1, 1] => QQFieldElem[-1//4, -1//4, 0, -1//2],
	[21, 12, 12, 22, 18, 2, 1, 16, 1, 1] => QQFieldElem[0, 0, 0, 1//4],
	[21, 12, 12, 22, 18, 1, 1, 10, 1, 1] => QQFieldElem[1//2, 0, 1//2, 1//4],
	[21, 12, 12, 22, 7, 1, 1, 10, 1, 1] => QQFieldElem[-1, 0, -1, -1//2],
	[21, 12, 12, 22, 12, 1, 1, 15, 1, 1] => QQFieldElem[-1//2, 0, 0, 0],
	[21, 12, 12, 22, 17, 2, 1, 21, 1, 1] => QQFieldElem[11//10, -3//10, 4//5, 2//5],
	[21, 12, 12, 22, 2, 1, 1, 21, 1, 1] => QQFieldElem[6, 6, 0, 10],
	[21, 12, 12, 22, 17, 2, 1, 9, 1, 1] => QQFieldElem[1//4, 0, 1//4, 1//8],
	[21, 12, 12, 22, 17, 2, 1, 22, 1, 1] => QQFieldElem[-11//20, 3//20, -2//5, -1//5],
	[21, 12, 12, 22, 2, 1, 1, 9, 1, 1] => QQFieldElem[3//4, 3//4, 0, 1],
	[21, 12, 12, 22, 2, 1, 1, 22, 1, 1] => QQFieldElem[-3, -3, 0, -9//2],
	[21, 12, 12, 22, 18, 2, 1, 14, 1, 1] => QQFieldElem[3//2, 0, 1, 1],
	[21, 12, 12, 22, 12, 1, 1, 16, 1, 1] => QQFieldElem[-3//20, -1//20, -1//5, -1//10],
	[21, 12, 12, 22, 18, 2, 1, 13, 1, 1] => QQFieldElem[1//2, 0, 1//2, 1//4],
	[21, 12, 12, 22, 18, 1, 1, 21, 1, 1] => QQFieldElem[0, 0, 0, 0],
	[21, 12, 12, 22, 18, 1, 1, 9, 1, 1] => QQFieldElem[1//8, 1//8, 0, 3//8],
	[21, 12, 12, 22, 18, 1, 1, 22, 1, 1] => QQFieldElem[0, 0, 0, -1//4],
	[21, 12, 12, 22, 7, 1, 1, 21, 1, 1] => QQFieldElem[6, 6, 0, 10],
	[21, 12, 12, 22, 7, 1, 1, 9, 1, 1] => QQFieldElem[-3//4, -3//4, 0, -1],
	[21, 12, 12, 22, 7, 1, 1, 22, 1, 1] => QQFieldElem[-3, -3, 0, -9//2],
	[21, 12, 12, 22, 12, 1, 1, 14, 1, 1] => QQFieldElem[3//10, 3//5, -1//10, 7//10],
	[21, 12, 12, 22, 12, 1, 1, 13, 1, 1] => QQFieldElem[1//4, 1//4, 0, 1//4],
	[21, 12, 12, 22, 17, 2, 1, 15, 1, 1] => QQFieldElem[1//2, 0, 0, 0],
	[21, 12, 12, 22, 2, 1, 1, 15, 1, 1] => QQFieldElem[0, 0, 0, 0],
	[21, 12, 12, 22, 8, 1, 1, 10, 1, 1] => QQFieldElem[1//4, 1//4, 0, 1//4],
	[21, 12, 12, 22, 17, 2, 1, 16, 1, 1] => QQFieldElem[3//20, 1//20, 1//5, 1//10],
	[21, 12, 12, 22, 2, 1, 1, 16, 1, 1] => QQFieldElem[0, 0, 0, 1//2],
	[21, 12, 12, 22, 17, 1, 1, 10, 1, 1] => QQFieldElem[1//4, 1//4, 0, 1//4],
	[21, 12, 12, 22, 18, 1, 1, 15, 1, 1] => QQFieldElem[0, 0, 0, 0],
	[21, 12, 12, 22, 7, 1, 1, 15, 1, 1] => QQFieldElem[0, 0, 0, 0],
	[21, 12, 12, 22, 18, 1, 1, 16, 1, 1] => QQFieldElem[0, 0, 0, 1//4],
	[21, 12, 12, 22, 17, 2, 1, 14, 1, 1] => QQFieldElem[3//10, 3//5, -1//10, 7//10],
	[21, 12, 12, 22, 2, 1, 1, 14, 1, 1] => QQFieldElem[-2, 0, -1, -1],
	[21, 12, 12, 22, 7, 1, 1, 16, 1, 1] => QQFieldElem[0, 0, 0, 1//2],
	[21, 12, 12, 22, 8, 1, 1, 21, 1, 1] => QQFieldElem[11//10, -3//10, 4//5, 2//5],
	[21, 12, 12, 22, 17, 2, 1, 13, 1, 1] => QQFieldElem[1//4, 1//4, 0, 1//4],
	[21, 12, 12, 22, 2, 1, 1, 13, 1, 1] => QQFieldElem[-1, 0, -1, -1//2],
	[21, 12, 12, 22, 8, 1, 1, 9, 1, 1] => QQFieldElem[-1//4, 0, -1//4, -1//8],
	[21, 12, 12, 22, 8, 1, 1, 22, 1, 1] => QQFieldElem[-11//20, 3//20, -2//5, -1//5],
	[21, 12, 12, 22, 18, 2, 1, 10, 1, 1] => QQFieldElem[-1//2, 0, -1//2, -1//4],
	[21, 12, 12, 22, 17, 1, 1, 21, 1, 1] => QQFieldElem[-11//10, 3//10, -4//5, -2//5],
	[21, 12, 12, 22, 17, 1, 1, 9, 1, 1] => QQFieldElem[-1//4, 0, -1//4, -1//8],
	[21, 12, 12, 22, 17, 1, 1, 22, 1, 1] => QQFieldElem[11//20, -3//20, 2//5, 1//5],
	[21, 12, 12, 22, 18, 1, 1, 14, 1, 1] => QQFieldElem[-3//2, 0, -1, -1])