Dict(
	[21, 8, 12, 13, 12, 1, 1, 14, 1, 1] => QQFieldElem[1, -1//2, 1//2, 1//2],
	[21, 8, 12, 13, 20, 2, 1, 14, 1, 1] => QQFieldElem[-1//2, 1//2, -1//2, 0],
	[21, 8, 12, 13, 20, 1, 1, 21, 1, 1] => QQFieldElem[0, 0, 0, 0],
	[21, 8, 12, 13, 12, 1, 1, 21, 1, 1] => QQFieldElem[1//55, -28//55, -12//55, -36//55],
	[21, 8, 12, 13, 20, 1, 1, 22, 1, 1] => QQFieldElem[0, 1//2, 0, 1//2],
	[21, 8, 12, 13, 12, 1, 1, 22, 1, 1] => QQFieldElem[3//11, -3//22, 5//22, -7//22],
	[21, 8, 12, 13, 20, 2, 1, 21, 1, 1] => QQFieldElem[0, 0, 0, 0],
	[21, 8, 12, 13, 7, 1, 1, 14, 1, 1] => QQFieldElem[0, -1//2, 1//2, -1//2],
	[21, 8, 12, 13, 20, 1, 1, 16, 1, 1] => QQFieldElem[0, 1, -1, 1],
	[21, 8, 12, 13, 12, 1, 1, 16, 1, 1] => QQFieldElem[1, -1, 0, -1],
	[21, 8, 12, 13, 20, 2, 1, 22, 1, 1] => QQFieldElem[0, -1//2, 0, -1//2],
	[21, 8, 12, 13, 20, 2, 1, 16, 1, 1] => QQFieldElem[0, 1, -1, 1],
	[21, 8, 12, 13, 7, 1, 1, 21, 1, 1] => QQFieldElem[27//55, 14//55, 6//55, 18//55],
	[21, 8, 12, 13, 7, 1, 1, 22, 1, 1] => QQFieldElem[4//11, 7//22, 3//22, 9//22],
	[21, 8, 12, 13, 7, 1, 1, 16, 1, 1] => QQFieldElem[-1, -1, 0, -1],
	[21, 8, 12, 13, 20, 1, 1, 14, 1, 1] => QQFieldElem[-1//2, 1//2, -1//2, 0])