Dict(
	[21, 7, 21, 19, 13, 1, 1, 21, 1, 2] => QQFieldElem[0, 0, 0, 0],
	[21, 7, 21, 19, 13, 1, 1, 22, 1, 2] => QQFieldElem[4//5, -2//5, 2//5, -4//5],
	[21, 7, 21, 19, 13, 1, 1, 13, 1, 1] => QQFieldElem[-1, 0, -1, 0],
	[21, 7, 21, 19, 15, 1, 1, 21, 1, 2] => QQFieldElem[0, 0, 0, 0],
	[21, 7, 21, 19, 13, 1, 1, 15, 1, 1] => QQFieldElem[0, 0, 0, 0],
	[21, 7, 21, 19, 15, 1, 1, 22, 1, 2] => QQFieldElem[0, 2, 0, 0],
	[21, 7, 21, 19, 22, 1, 1, 21, 1, 2] => QQFieldElem[-7//4, 0, -1, 1//4],
	[21, 7, 21, 19, 15, 1, 1, 13, 1, 1] => QQFieldElem[0, 0, 0, 0],
	[21, 7, 21, 19, 22, 1, 1, 22, 1, 2] => QQFieldElem[1//4, 1, -1//2, 5//4],
	[21, 7, 21, 19, 22, 2, 1, 21, 1, 2] => QQFieldElem[1//2, 0, 0, 2],
	[21, 7, 21, 19, 13, 1, 1, 21, 1, 1] => QQFieldElem[-4//5, 2//5, -2//5, 4//5],
	[21, 7, 21, 19, 22, 1, 1, 13, 1, 1] => QQFieldElem[3//2, 2, 1//4, 5//2],
	[21, 7, 21, 19, 21, 1, 1, 21, 1, 2] => QQFieldElem[-3//2, -1//2, 0, -1],
	[21, 7, 21, 19, 22, 2, 1, 22, 1, 2] => QQFieldElem[3//2, 0, 1, 1],
	[21, 7, 21, 19, 15, 1, 1, 15, 1, 1] => QQFieldElem[-1, 0, -1, 0],
	[21, 7, 21, 19, 21, 2, 1, 21, 1, 2] => QQFieldElem[-1//2, 1//2, 0, 0],
	[21, 7, 21, 19, 13, 1, 1, 22, 1, 1] => QQFieldElem[0, 0, 0, 0],
	[21, 7, 21, 19, 21, 1, 1, 13, 1, 1] => QQFieldElem[-1//2, 0, -1//4, -1//2],
	[21, 7, 21, 19, 22, 2, 1, 13, 1, 1] => QQFieldElem[2, 0, 2, 1],
	[21, 7, 21, 19, 21, 1, 1, 22, 1, 2] => QQFieldElem[-1//2, 1//2, 0, 0],
	[21, 7, 21, 19, 22, 1, 1, 15, 1, 1] => QQFieldElem[1//2, 0, 1//4, 1//2],
	[21, 7, 21, 19, 21, 2, 1, 22, 1, 2] => QQFieldElem[-3//10, -1//10, -2//5, -1//5],
	[21, 7, 21, 19, 15, 1, 1, 21, 1, 1] => QQFieldElem[1//2, 0, 0, 0],
	[21, 7, 21, 19, 21, 2, 1, 13, 1, 1] => QQFieldElem[0, 0, 0, 0],
	[21, 7, 21, 19, 22, 2, 1, 15, 1, 1] => QQFieldElem[0, 0, 0, 0],
	[21, 7, 21, 19, 21, 1, 1, 15, 1, 1] => QQFieldElem[-3//2, -2, -1//4, -5//2],
	[21, 7, 21, 19, 15, 1, 1, 22, 1, 1] => QQFieldElem[1//2, 0, 0, 2],
	[21, 7, 21, 19, 22, 1, 1, 21, 1, 1] => QQFieldElem[-1//4, -1, 0, -5//4],
	[21, 7, 21, 19, 21, 2, 1, 15, 1, 1] => QQFieldElem[2, 0, 2, 1],
	[21, 7, 21, 19, 22, 1, 1, 22, 1, 1] => QQFieldElem[-1//4, 0, 1//2, -1//4],
	[21, 7, 21, 19, 22, 2, 1, 21, 1, 1] => QQFieldElem[3//2, 0, 1, 1],
	[21, 7, 21, 19, 21, 1, 1, 21, 1, 1] => QQFieldElem[1//2, 0, 0, 2],
	[21, 7, 21, 19, 22, 2, 1, 22, 1, 1] => QQFieldElem[1//2, 0, 0, 0],
	[21, 7, 21, 19, 21, 1, 1, 22, 1, 1] => QQFieldElem[1//2, 0, 0, 0],
	[21, 7, 21, 19, 21, 2, 1, 21, 1, 1] => QQFieldElem[0, -2, 0, 0],
	[21, 7, 21, 19, 21, 2, 1, 22, 1, 1] => QQFieldElem[0, 0, 0, 0])