Dict(
	[21, 12, 22, 17, 9, 1, 1, 21, 1, 1] => QQFieldElem[-6//5, 0, -2//5, -2//5],
	[21, 12, 22, 17, 9, 1, 1, 22, 1, 1] => QQFieldElem[-2, 0, -2, -2],
	[21, 12, 22, 17, 15, 1, 1, 14, 1, 1] => QQFieldElem[-1//8, -1//8, 0, -1//4],
	[21, 12, 22, 17, 13, 1, 1, 15, 1, 1] => QQFieldElem[-45//88, 3//22, -9//22, -17//88],
	[21, 12, 22, 17, 15, 1, 1, 13, 1, 1] => QQFieldElem[-1//8, 0, 0, -1//8],
	[21, 12, 22, 17, 22, 2, 1, 21, 1, 2] => QQFieldElem[0, 0, 0, -1//4],
	[21, 12, 22, 17, 21, 1, 1, 21, 1, 2] => QQFieldElem[1//8, -1//8, 1//8, 0],
	[21, 12, 22, 17, 22, 2, 1, 22, 1, 2] => QQFieldElem[-3//4, -3//4, 0, -1],
	[21, 12, 22, 17, 21, 1, 1, 22, 1, 2] => QQFieldElem[-1//8, -1//8, -1//8, -1//4],
	[21, 12, 22, 17, 13, 1, 1, 16, 1, 1] => QQFieldElem[3//8, 3//8, 0, 1//2],
	[21, 12, 22, 17, 14, 1, 1, 21, 1, 2] => QQFieldElem[1//4, 1//4, 0, 3//8],
	[21, 12, 22, 17, 22, 1, 1, 15, 1, 1] => QQFieldElem[-17//176, 3//88, 1//44, -3//176],
	[21, 12, 22, 17, 14, 1, 1, 22, 1, 2] => QQFieldElem[0, 0, 0, 1//8],
	[21, 12, 22, 17, 16, 1, 1, 15, 1, 1] => QQFieldElem[13//88, 9//88, 3//44, 3//22],
	[21, 12, 22, 17, 21, 2, 1, 15, 1, 1] => QQFieldElem[-1//11, -3//88, -1//44, -1//22],
	[21, 12, 22, 17, 22, 1, 1, 16, 1, 1] => QQFieldElem[7//176, 9//176, -7//88, 3//176],
	[21, 12, 22, 17, 16, 1, 1, 16, 1, 1] => QQFieldElem[3//44, 3//88, 5//44, 1//88],
	[21, 12, 22, 17, 9, 1, 1, 15, 1, 1] => QQFieldElem[3//11, -3//11, 9//11, -4//11],
	[21, 12, 22, 17, 21, 2, 1, 16, 1, 1] => QQFieldElem[-1//88, -3//44, 1//44, -1//44],
	[21, 12, 22, 17, 13, 1, 1, 14, 1, 1] => QQFieldElem[-7//8, -3//8, -1//4, -1],
	[21, 12, 22, 17, 22, 2, 1, 10, 1, 1] => QQFieldElem[7//2, 0, 2, 2],
	[21, 12, 22, 17, 21, 1, 1, 10, 1, 1] => QQFieldElem[1//2, 1//2, 0, 7//8],
	[21, 12, 22, 17, 13, 1, 1, 13, 1, 1] => QQFieldElem[5//8, 0, 1//4, 3//8],
	[21, 12, 22, 17, 15, 1, 1, 21, 1, 2] => QQFieldElem[0, 0, 0, -1//8],
	[21, 12, 22, 17, 14, 1, 1, 10, 1, 1] => QQFieldElem[-1, 3//4, -5//4, 1//4],
	[21, 12, 22, 17, 9, 1, 1, 16, 1, 1] => QQFieldElem[-12//11, -6//11, -9//11, -13//11],
	[21, 12, 22, 17, 15, 1, 1, 22, 1, 2] => QQFieldElem[1//4, 1//4, 0, 1//8],
	[21, 12, 22, 17, 22, 1, 1, 14, 1, 1] => QQFieldElem[-1//16, -1//16, 0, -3//16],
	[21, 12, 22, 17, 22, 1, 1, 13, 1, 1] => QQFieldElem[3//16, 1//8, 1//8, 3//16],
	[21, 12, 22, 17, 16, 1, 1, 14, 1, 1] => QQFieldElem[0, -1//8, 0, -1//8],
	[21, 12, 22, 17, 21, 2, 1, 14, 1, 1] => QQFieldElem[1//8, 1//4, 0, 1//4],
	[21, 12, 22, 17, 16, 1, 1, 13, 1, 1] => QQFieldElem[-1//8, -1//8, 0, -1//4],
	[21, 12, 22, 17, 21, 2, 1, 13, 1, 1] => QQFieldElem[1//4, 1//8, 0, 1//4],
	[21, 12, 22, 17, 9, 1, 1, 14, 1, 1] => QQFieldElem[2, 0, 1, 1],
	[21, 12, 22, 17, 22, 2, 1, 21, 1, 1] => QQFieldElem[0, 0, 0, 0],
	[21, 12, 22, 17, 21, 1, 1, 21, 1, 1] => QQFieldElem[-3//40, 9//40, -9//40, 1//5],
	[21, 12, 22, 17, 9, 1, 1, 13, 1, 1] => QQFieldElem[-1, 1, -1, 0],
	[21, 12, 22, 17, 22, 2, 1, 22, 1, 1] => QQFieldElem[1//4, 1//4, 0, 1//4],
	[21, 12, 22, 17, 21, 1, 1, 22, 1, 1] => QQFieldElem[-21//40, 13//40, -23//40, 3//20],
	[21, 12, 22, 17, 15, 1, 1, 10, 1, 1] => QQFieldElem[-1//4, -1//4, 0, -1//2],
	[21, 12, 22, 17, 14, 1, 1, 21, 1, 1] => QQFieldElem[0, 1//10, -1//5, 1//10],
	[21, 12, 22, 17, 13, 1, 1, 21, 1, 2] => QQFieldElem[-1//10, -1//10, 0, -3//10],
	[21, 12, 22, 17, 14, 1, 1, 22, 1, 1] => QQFieldElem[0, 0, 0, 0],
	[21, 12, 22, 17, 13, 1, 1, 22, 1, 2] => QQFieldElem[0, 0, 0, 0],
	[21, 12, 22, 17, 22, 1, 1, 21, 1, 2] => QQFieldElem[-1//16, -1//8, -1//16, 0],
	[21, 12, 22, 17, 22, 1, 1, 22, 1, 2] => QQFieldElem[-1//16, 1//8, -1//16, 0],
	[21, 12, 22, 17, 16, 1, 1, 21, 1, 2] => QQFieldElem[-1, -1, 0, -2],
	[21, 12, 22, 17, 21, 2, 1, 21, 1, 2] => QQFieldElem[-1//4, 0, -1//8, -1//8],
	[21, 12, 22, 17, 16, 1, 1, 22, 1, 2] => QQFieldElem[-1, -1, 0, -2],
	[21, 12, 22, 17, 21, 2, 1, 22, 1, 2] => QQFieldElem[0, 0, 1//8, -1//8],
	[21, 12, 22, 17, 15, 1, 1, 21, 1, 1] => QQFieldElem[0, 0, 0, 0],
	[21, 12, 22, 17, 22, 2, 1, 15, 1, 1] => QQFieldElem[5//44, -65//88, 15//44, -25//44],
	[21, 12, 22, 17, 21, 1, 1, 15, 1, 1] => QQFieldElem[41//176, 7//88, 3//22, 37//176],
	[21, 12, 22, 17, 15, 1, 1, 22, 1, 1] => QQFieldElem[0, 0, 0, 0],
	[21, 12, 22, 17, 13, 1, 1, 10, 1, 1] => QQFieldElem[-7//4, -3//4, -1//2, -2],
	[21, 12, 22, 17, 9, 1, 1, 21, 1, 2] => QQFieldElem[0, 0, 0, 0],
	[21, 12, 22, 17, 14, 1, 1, 15, 1, 1] => QQFieldElem[3//8, 3//8, 0, 1//2],
	[21, 12, 22, 17, 9, 1, 1, 22, 1, 2] => QQFieldElem[9//10, 3//10, 1//5, 11//10],
	[21, 12, 22, 17, 22, 2, 1, 16, 1, 1] => QQFieldElem[-95//88, -5//22, -15//44, -10//11],
	[21, 12, 22, 17, 21, 1, 1, 16, 1, 1] => QQFieldElem[-13//176, -23//176, 1//44, -37//176],
	[21, 12, 22, 17, 22, 1, 1, 10, 1, 1] => QQFieldElem[-1//4, -1//4, 0, -1//8],
	[21, 12, 22, 17, 14, 1, 1, 16, 1, 1] => QQFieldElem[6//11, -9//88, 9//22, 19//88],
	[21, 12, 22, 17, 16, 1, 1, 10, 1, 1] => QQFieldElem[0, 1//4, -1//4, 1//4],
	[21, 12, 22, 17, 21, 2, 1, 10, 1, 1] => QQFieldElem[0, 0, 0, 0],
	[21, 12, 22, 17, 13, 1, 1, 21, 1, 1] => QQFieldElem[0, 0, 0, 0],
	[21, 12, 22, 17, 22, 2, 1, 14, 1, 1] => QQFieldElem[7//8, 0, 1//2, 1//2],
	[21, 12, 22, 17, 21, 1, 1, 14, 1, 1] => QQFieldElem[3//16, -1//16, 1//8, 1//16],
	[21, 12, 22, 17, 9, 1, 1, 10, 1, 1] => QQFieldElem[4, 0, 2, 2],
	[21, 12, 22, 17, 15, 1, 1, 15, 1, 1] => QQFieldElem[-7//88, -1//22, -5//44, -9//88],
	[21, 12, 22, 17, 13, 1, 1, 22, 1, 1] => QQFieldElem[3//5, -3//10, 4//5, -1//10],
	[21, 12, 22, 17, 22, 2, 1, 13, 1, 1] => QQFieldElem[-1//2, 3//8, -1//2, 0],
	[21, 12, 22, 17, 21, 1, 1, 13, 1, 1] => QQFieldElem[1//16, -1//8, 1//8, -1//16],
	[21, 12, 22, 17, 14, 1, 1, 14, 1, 1] => QQFieldElem[-1//4, 3//8, -1//4, 1//8],
	[21, 12, 22, 17, 14, 1, 1, 13, 1, 1] => QQFieldElem[-1//8, -5//8, 1//4, -3//4],
	[21, 12, 22, 17, 22, 1, 1, 21, 1, 1] => QQFieldElem[-3//16, 1//8, -3//16, 0],
	[21, 12, 22, 17, 15, 1, 1, 16, 1, 1] => QQFieldElem[3//88, 7//88, -3//44, 3//44],
	[21, 12, 22, 17, 22, 1, 1, 22, 1, 1] => QQFieldElem[1//16, -1//8, 1//16, 0],
	[21, 12, 22, 17, 16, 1, 1, 21, 1, 1] => QQFieldElem[1//2, 0, 1//2, 1//2],
	[21, 12, 22, 17, 21, 2, 1, 21, 1, 1] => QQFieldElem[9//20, 3//20, 9//40, 17//40],
	[21, 12, 22, 17, 16, 1, 1, 22, 1, 1] => QQFieldElem[-3//2, 0, -1//2, -1//2],
	[21, 12, 22, 17, 21, 2, 1, 22, 1, 1] => QQFieldElem[9//10, 1//20, 23//40, 29//40])