Dict(
	[21, 18, 18, 21, 5, 1, 1, 21, 2, 1] => QQFieldElem[-1//4, 0, -1//8, -1//8],
	[21, 18, 18, 21, 20, 1, 1, 14, 1, 1] => QQFieldElem[0, 17//2, -23//4, 17//2],
	[21, 18, 18, 21, 19, 2, 1, 16, 1, 1] => QQFieldElem[-12, 0, -31//4, -31//4],
	[21, 18, 18, 21, 17, 1, 1, 21, 2, 2] => QQFieldElem[0, 0, 0, 0],
	[21, 18, 18, 21, 12, 1, 1, 14, 1, 1] => QQFieldElem[1//2, 0, 1//4, 1//2],
	[21, 18, 18, 21, 5, 1, 1, 22, 2, 1] => QQFieldElem[0, 0, 0, 0],
	[21, 18, 18, 21, 20, 1, 1, 13, 1, 1] => QQFieldElem[0, 17//2, -23//4, 17//2],
	[21, 18, 18, 21, 17, 1, 1, 22, 2, 2] => QQFieldElem[0, 0, 0, 0],
	[21, 18, 18, 21, 7, 1, 1, 21, 2, 1] => QQFieldElem[0, -48, 32, -48],
	[21, 18, 18, 21, 11, 1, 1, 10, 1, 1] => QQFieldElem[11//16, 0, 7//16, 7//16],
	[21, 18, 18, 21, 17, 2, 1, 15, 1, 1] => QQFieldElem[1, 0, 1//2, 1//2],
	[21, 18, 18, 21, 7, 1, 1, 22, 2, 1] => QQFieldElem[40, 0, 24, 24],
	[21, 18, 18, 21, 12, 1, 1, 13, 1, 1] => QQFieldElem[-1//2, 0, -1//4, -1//2],
	[21, 18, 18, 21, 1, 1, 1, 21, 1, 2] => QQFieldElem[7, 0, 9//2, 9//2],
	[21, 18, 18, 21, 19, 1, 1, 10, 1, 1] => QQFieldElem[-53//16, 0, -31//16, -31//16],
	[21, 18, 18, 21, 1, 1, 1, 22, 1, 2] => QQFieldElem[0, 0, 0, 0],
	[21, 18, 18, 21, 6, 1, 1, 15, 1, 1] => QQFieldElem[16, 0, 19//2, 19//2],
	[21, 18, 18, 21, 8, 1, 1, 10, 1, 1] => QQFieldElem[5//4, 0, 3//4, 3//4],
	[21, 18, 18, 21, 17, 2, 1, 16, 1, 1] => QQFieldElem[1, 0, 1//2, 1//2],
	[21, 18, 18, 21, 1, 1, 1, 21, 2, 2] => QQFieldElem[-2//5, 0, -3//10, -3//10],
	[21, 18, 18, 21, 20, 2, 1, 21, 1, 1] => QQFieldElem[0, 0, 0, 0],
	[21, 18, 18, 21, 17, 1, 1, 10, 1, 1] => QQFieldElem[0, 0, 0, 0],
	[21, 18, 18, 21, 1, 1, 1, 22, 2, 2] => QQFieldElem[0, 0, 0, 0],
	[21, 18, 18, 21, 6, 1, 1, 16, 1, 1] => QQFieldElem[14, 0, 9, 9],
	[21, 18, 18, 21, 20, 2, 1, 22, 1, 1] => QQFieldElem[-1//2, 0, -1//2, -1//4],
	[21, 18, 18, 21, 19, 2, 1, 14, 1, 1] => QQFieldElem[0, -17//2, 23//4, -17//2],
	[21, 18, 18, 21, 5, 1, 1, 15, 1, 1] => QQFieldElem[14, 0, 9, 9],
	[21, 18, 18, 21, 19, 2, 1, 13, 1, 1] => QQFieldElem[0, -17//2, 23//4, -17//2],
	[21, 18, 18, 21, 20, 2, 1, 21, 2, 1] => QQFieldElem[-1//5, 0, 1//10, 1//10],
	[21, 18, 18, 21, 7, 1, 1, 15, 1, 1] => QQFieldElem[-2, 0, -1, -1],
	[21, 18, 18, 21, 20, 2, 1, 22, 2, 1] => QQFieldElem[-1//2, 0, -1//2, -1//2],
	[21, 18, 18, 21, 19, 1, 1, 21, 1, 1] => QQFieldElem[0, 54, -33, 54],
	[21, 18, 18, 21, 11, 1, 1, 21, 1, 1] => QQFieldElem[0, 0, 0, 0],
	[21, 18, 18, 21, 5, 1, 1, 16, 1, 1] => QQFieldElem[16, 0, 19//2, 19//2],
	[21, 18, 18, 21, 19, 1, 1, 22, 1, 1] => QQFieldElem[1//2, 0, -1//2, 0],
	[21, 18, 18, 21, 1, 1, 1, 10, 1, 1] => QQFieldElem[26, 0, 16, 16],
	[21, 18, 18, 21, 17, 2, 1, 14, 1, 1] => QQFieldElem[0, 1//2, -1//2, 1//2],
	[21, 18, 18, 21, 11, 1, 1, 22, 1, 1] => QQFieldElem[1//2, 0, 1//2, 1//4],
	[21, 18, 18, 21, 20, 1, 1, 21, 1, 2] => QQFieldElem[7//2, 0, 7//4, 7//4],
	[21, 18, 18, 21, 12, 1, 1, 21, 1, 2] => QQFieldElem[0, 128, -80, 128],
	[21, 18, 18, 21, 8, 1, 1, 21, 1, 1] => QQFieldElem[0, -1, 1, -1],
	[21, 18, 18, 21, 7, 1, 1, 16, 1, 1] => QQFieldElem[-1, 0, -1//2, -1//2],
	[21, 18, 18, 21, 19, 1, 1, 21, 2, 1] => QQFieldElem[0, 116, -72, 116],
	[21, 18, 18, 21, 11, 1, 1, 21, 2, 1] => QQFieldElem[0, 1, 0, 1],
	[21, 18, 18, 21, 12, 1, 1, 22, 1, 2] => QQFieldElem[0, 0, 0, 0],
	[21, 18, 18, 21, 8, 1, 1, 22, 1, 1] => QQFieldElem[1, 0, 1//2, 1//2],
	[21, 18, 18, 21, 20, 1, 1, 22, 1, 2] => QQFieldElem[-7, 0, -37//8, -37//8],
	[21, 18, 18, 21, 19, 1, 1, 22, 2, 1] => QQFieldElem[0, 0, 0, 0],
	[21, 18, 18, 21, 17, 2, 1, 13, 1, 1] => QQFieldElem[0, 1//2, -1//2, 1//2],
	[21, 18, 18, 21, 6, 1, 1, 13, 1, 1] => QQFieldElem[0, 23//2, -7, 23//2],
	[21, 18, 18, 21, 6, 1, 1, 14, 1, 1] => QQFieldElem[0, 9, -5, 9],
	[21, 18, 18, 21, 11, 1, 1, 22, 2, 1] => QQFieldElem[-1//2, 0, -1//2, -1//2],
	[21, 18, 18, 21, 20, 1, 1, 21, 2, 2] => QQFieldElem[7, 0, 9//2, 9//2],
	[21, 18, 18, 21, 12, 1, 1, 21, 2, 2] => QQFieldElem[0, -60, 37, -60],
	[21, 18, 18, 21, 8, 1, 1, 21, 2, 1] => QQFieldElem[0, -1, 1, -1],
	[21, 18, 18, 21, 17, 1, 1, 21, 1, 1] => QQFieldElem[0, -60, 37, -60],
	[21, 18, 18, 21, 20, 1, 1, 22, 2, 2] => QQFieldElem[-16, -1//2, -39//4, -10],
	[21, 18, 18, 21, 12, 1, 1, 22, 2, 2] => QQFieldElem[0, 0, 0, 0],
	[21, 18, 18, 21, 8, 1, 1, 22, 2, 1] => QQFieldElem[1//2, 0, 1//2, 1//2],
	[21, 18, 18, 21, 17, 1, 1, 22, 1, 1] => QQFieldElem[0, 0, 0, 0],
	[21, 18, 18, 21, 20, 2, 1, 15, 1, 1] => QQFieldElem[-27, 0, -33//2, -33//2],
	[21, 18, 18, 21, 5, 1, 1, 14, 1, 1] => QQFieldElem[0, 23//2, -7, 23//2],
	[21, 18, 18, 21, 17, 1, 1, 21, 2, 1] => QQFieldElem[0, 2, -1, 2],
	[21, 18, 18, 21, 5, 1, 1, 13, 1, 1] => QQFieldElem[0, 9, -5, 9],
	[21, 18, 18, 21, 19, 2, 1, 21, 1, 2] => QQFieldElem[83//10, 0, 51//10, 51//10],
	[21, 18, 18, 21, 17, 1, 1, 22, 2, 1] => QQFieldElem[0, 0, 0, 0],
	[21, 18, 18, 21, 7, 1, 1, 14, 1, 1] => QQFieldElem[0, -1//2, 0, -1//2],
	[21, 18, 18, 21, 19, 2, 1, 22, 1, 2] => QQFieldElem[-16, 0, -19//2, -19//2],
	[21, 18, 18, 21, 7, 1, 1, 13, 1, 1] => QQFieldElem[0, -1, 1, -1],
	[21, 18, 18, 21, 1, 1, 1, 21, 1, 1] => QQFieldElem[-88//5, 0, -56//5, -56//5],
	[21, 18, 18, 21, 20, 2, 1, 16, 1, 1] => QQFieldElem[-27, 0, -33//2, -33//2],
	[21, 18, 18, 21, 20, 1, 1, 10, 1, 1] => QQFieldElem[-29//4, 0, -9//2, -9//2],
	[21, 18, 18, 21, 19, 1, 1, 15, 1, 1] => QQFieldElem[41//8, 0, 4, 4],
	[21, 18, 18, 21, 1, 1, 1, 22, 1, 1] => QQFieldElem[0, 0, 0, 0],
	[21, 18, 18, 21, 11, 1, 1, 15, 1, 1] => QQFieldElem[-7//8, 0, -1//2, -1//2],
	[21, 18, 18, 21, 19, 2, 1, 21, 2, 2] => QQFieldElem[-3//10, 0, -1//10, -1//10],
	[21, 18, 18, 21, 12, 1, 1, 10, 1, 1] => QQFieldElem[0, 0, 0, 0],
	[21, 18, 18, 21, 19, 2, 1, 22, 2, 2] => QQFieldElem[1, 0, 1//2, 1//2],
	[21, 18, 18, 21, 1, 1, 1, 21, 2, 1] => QQFieldElem[7, 0, 9//2, 9//2],
	[21, 18, 18, 21, 8, 1, 1, 15, 1, 1] => QQFieldElem[-1, 0, -1//2, -1//2],
	[21, 18, 18, 21, 17, 2, 1, 21, 1, 2] => QQFieldElem[0, 0, 0, 0],
	[21, 18, 18, 21, 1, 1, 1, 22, 2, 1] => QQFieldElem[0, 0, 0, 0],
	[21, 18, 18, 21, 19, 1, 1, 16, 1, 1] => QQFieldElem[41//8, 0, 4, 4],
	[21, 18, 18, 21, 11, 1, 1, 16, 1, 1] => QQFieldElem[-7//8, 0, -1//2, -1//2],
	[21, 18, 18, 21, 17, 2, 1, 22, 1, 2] => QQFieldElem[-1//2, 0, -1//2, 0],
	[21, 18, 18, 21, 6, 1, 1, 21, 1, 2] => QQFieldElem[-6, 0, -7//2, -7//2],
	[21, 18, 18, 21, 17, 1, 1, 15, 1, 1] => QQFieldElem[0, 0, -1//4, 1//4],
	[21, 18, 18, 21, 6, 1, 1, 22, 1, 2] => QQFieldElem[-1//2, -1//2, -1, -1//2],
	[21, 18, 18, 21, 17, 2, 1, 21, 2, 2] => QQFieldElem[0, -99//4, 63//4, -99//4],
	[21, 18, 18, 21, 20, 2, 1, 14, 1, 1] => QQFieldElem[0, -39//2, 23//2, -39//2],
	[21, 18, 18, 21, 8, 1, 1, 16, 1, 1] => QQFieldElem[-2, 0, -1, -1],
	[21, 18, 18, 21, 19, 2, 1, 10, 1, 1] => QQFieldElem[29//4, 0, 9//2, 9//2],
	[21, 18, 18, 21, 20, 2, 1, 13, 1, 1] => QQFieldElem[0, -39//2, 23//2, -39//2],
	[21, 18, 18, 21, 17, 2, 1, 22, 2, 2] => QQFieldElem[0, 0, 0, 0],
	[21, 18, 18, 21, 6, 1, 1, 21, 2, 2] => QQFieldElem[6, 0, 7//2, 7//2],
	[21, 18, 18, 21, 6, 1, 1, 22, 2, 2] => QQFieldElem[-1//2, -1//2, -1, -1//2],
	[21, 18, 18, 21, 17, 1, 1, 16, 1, 1] => QQFieldElem[0, 0, 1//4, -1//4],
	[21, 18, 18, 21, 5, 1, 1, 21, 1, 2] => QQFieldElem[0, 0, 0, 0],
	[21, 18, 18, 21, 20, 1, 1, 21, 1, 1] => QQFieldElem[-1//2, 0, -1//4, -1//4],
	[21, 18, 18, 21, 12, 1, 1, 21, 1, 1] => QQFieldElem[0, 16, -12, 16],
	[21, 18, 18, 21, 5, 1, 1, 22, 1, 2] => QQFieldElem[-1//2, -1//2, 0, -1//2],
	[21, 18, 18, 21, 11, 1, 1, 14, 1, 1] => QQFieldElem[0, -1//2, 3//8, -1//2],
	[21, 18, 18, 21, 1, 1, 1, 15, 1, 1] => QQFieldElem[-40, 0, -24, -24],
	[21, 18, 18, 21, 12, 1, 1, 22, 1, 1] => QQFieldElem[-31//2, 1//2, -19//2, -37//4],
	[21, 18, 18, 21, 19, 1, 1, 14, 1, 1] => QQFieldElem[0, 4, -19//8, 4],
	[21, 18, 18, 21, 7, 1, 1, 21, 1, 2] => QQFieldElem[0, 19, -13, 19],
	[21, 18, 18, 21, 19, 1, 1, 13, 1, 1] => QQFieldElem[0, 4, -19//8, 4],
	[21, 18, 18, 21, 7, 1, 1, 22, 1, 2] => QQFieldElem[-16, 0, -19//2, -19//2],
	[21, 18, 18, 21, 20, 1, 1, 22, 1, 1] => QQFieldElem[1//2, 0, 3//8, 3//8],
	[21, 18, 18, 21, 17, 2, 1, 10, 1, 1] => QQFieldElem[-3//4, 0, -1//2, -1//2],
	[21, 18, 18, 21, 20, 1, 1, 21, 2, 1] => QQFieldElem[0, 0, 0, 0],
	[21, 18, 18, 21, 5, 1, 1, 21, 2, 2] => QQFieldElem[0, 0, 0, 0],
	[21, 18, 18, 21, 8, 1, 1, 14, 1, 1] => QQFieldElem[0, -1, 1, -1],
	[21, 18, 18, 21, 12, 1, 1, 21, 2, 1] => QQFieldElem[0, -37, 24, -37],
	[21, 18, 18, 21, 5, 1, 1, 22, 2, 2] => QQFieldElem[1//2, 1//2, 0, 1//2],
	[21, 18, 18, 21, 20, 1, 1, 22, 2, 1] => QQFieldElem[1//2, 0, 1//4, 1//2],
	[21, 18, 18, 21, 12, 1, 1, 22, 2, 1] => QQFieldElem[69//2, 0, 43//2, 43//2],
	[21, 18, 18, 21, 6, 1, 1, 10, 1, 1] => QQFieldElem[-37//4, 0, -23//4, -23//4],
	[21, 18, 18, 21, 8, 1, 1, 13, 1, 1] => QQFieldElem[0, -1//2, 0, -1//2],
	[21, 18, 18, 21, 1, 1, 1, 16, 1, 1] => QQFieldElem[-40, 0, -24, -24],
	[21, 18, 18, 21, 7, 1, 1, 21, 2, 2] => QQFieldElem[0, 19, -13, 19],
	[21, 18, 18, 21, 7, 1, 1, 22, 2, 2] => QQFieldElem[-37//2, 0, -23//2, -23//2],
	[21, 18, 18, 21, 11, 1, 1, 13, 1, 1] => QQFieldElem[0, -1//2, 3//8, -1//2],
	[21, 18, 18, 21, 17, 1, 1, 14, 1, 1] => QQFieldElem[1//2, 0, 1//4, 1//2],
	[21, 18, 18, 21, 19, 2, 1, 21, 1, 1] => QQFieldElem[0, -54, 33, -54],
	[21, 18, 18, 21, 17, 1, 1, 13, 1, 1] => QQFieldElem[-1//2, 0, -1//4, -1//2],
	[21, 18, 18, 21, 19, 2, 1, 22, 1, 1] => QQFieldElem[1//2, 0, -1//2, 0],
	[21, 18, 18, 21, 5, 1, 1, 10, 1, 1] => QQFieldElem[-37//4, 0, -23//4, -23//4],
	[21, 18, 18, 21, 20, 2, 1, 21, 1, 2] => QQFieldElem[-7, 0, -9//2, -9//2],
	[21, 18, 18, 21, 19, 2, 1, 21, 2, 1] => QQFieldElem[-88//5, 0, -56//5, -56//5],
	[21, 18, 18, 21, 20, 2, 1, 22, 1, 2] => QQFieldElem[31//2, -1//2, 19//2, 37//4],
	[21, 18, 18, 21, 7, 1, 1, 10, 1, 1] => QQFieldElem[5//4, 0, 3//4, 3//4],
	[21, 18, 18, 21, 19, 2, 1, 22, 2, 1] => QQFieldElem[40, 0, 24, 24],
	[21, 18, 18, 21, 20, 1, 1, 15, 1, 1] => QQFieldElem[12, 0, 31//4, 31//4],
	[21, 18, 18, 21, 12, 1, 1, 15, 1, 1] => QQFieldElem[0, 0, -1//4, 1//4],
	[21, 18, 18, 21, 1, 1, 1, 14, 1, 1] => QQFieldElem[0, -24, 16, -24],
	[21, 18, 18, 21, 20, 2, 1, 21, 2, 2] => QQFieldElem[-15, 0, -19//2, -19//2],
	[21, 18, 18, 21, 17, 2, 1, 21, 1, 1] => QQFieldElem[0, 2, -1, 2],
	[21, 18, 18, 21, 1, 1, 1, 13, 1, 1] => QQFieldElem[0, -24, 16, -24],
	[21, 18, 18, 21, 20, 2, 1, 22, 2, 2] => QQFieldElem[69//2, 0, 43//2, 43//2],
	[21, 18, 18, 21, 17, 2, 1, 22, 1, 1] => QQFieldElem[0, 0, 0, 0],
	[21, 18, 18, 21, 19, 1, 1, 21, 1, 2] => QQFieldElem[83//10, 0, 51//10, 51//10],
	[21, 18, 18, 21, 6, 1, 1, 21, 1, 1] => QQFieldElem[1//5, 0, 2//5, 2//5],
	[21, 18, 18, 21, 11, 1, 1, 21, 1, 2] => QQFieldElem[0, 15//2, -5, 15//2],
	[21, 18, 18, 21, 19, 1, 1, 22, 1, 2] => QQFieldElem[-37//2, 0, -23//2, -23//2],
	[21, 18, 18, 21, 12, 1, 1, 16, 1, 1] => QQFieldElem[0, 0, 1//4, -1//4],
	[21, 18, 18, 21, 20, 1, 1, 16, 1, 1] => QQFieldElem[12, 0, 31//4, 31//4],
	[21, 18, 18, 21, 6, 1, 1, 22, 1, 1] => QQFieldElem[0, 0, 0, 0],
	[21, 18, 18, 21, 11, 1, 1, 22, 1, 2] => QQFieldElem[-7, 0, -37//8, -37//8],
	[21, 18, 18, 21, 17, 2, 1, 21, 2, 1] => QQFieldElem[0, 11//4, -7//4, 11//4],
	[21, 18, 18, 21, 17, 2, 1, 22, 2, 1] => QQFieldElem[0, 0, 0, 0],
	[21, 18, 18, 21, 8, 1, 1, 21, 1, 2] => QQFieldElem[0, -1//2, 1, -1//2],
	[21, 18, 18, 21, 19, 1, 1, 21, 2, 2] => QQFieldElem[-3//10, 0, -1//10, -1//10],
	[21, 18, 18, 21, 6, 1, 1, 21, 2, 1] => QQFieldElem[9//4, 0, 19//8, 19//8],
	[21, 18, 18, 21, 11, 1, 1, 21, 2, 2] => QQFieldElem[0, -16, 12, -16],
	[21, 18, 18, 21, 8, 1, 1, 22, 1, 2] => QQFieldElem[1//2, 0, 3//8, 3//8],
	[21, 18, 18, 21, 19, 1, 1, 22, 2, 2] => QQFieldElem[1//2, 0, 1//2, 1//2],
	[21, 18, 18, 21, 6, 1, 1, 22, 2, 1] => QQFieldElem[0, 0, 0, 0],
	[21, 18, 18, 21, 11, 1, 1, 22, 2, 2] => QQFieldElem[16, 1//2, 39//4, 10],
	[21, 18, 18, 21, 20, 2, 1, 10, 1, 1] => QQFieldElem[65//4, 0, 10, 10],
	[21, 18, 18, 21, 19, 2, 1, 15, 1, 1] => QQFieldElem[-12, 0, -31//4, -31//4],
	[21, 18, 18, 21, 5, 1, 1, 21, 1, 1] => QQFieldElem[-2//5, 0, -3//10, -3//10],
	[21, 18, 18, 21, 17, 1, 1, 21, 1, 2] => QQFieldElem[0, 0, 0, 0],
	[21, 18, 18, 21, 8, 1, 1, 21, 2, 2] => QQFieldElem[0, 0, 0, 0],
	[21, 18, 18, 21, 5, 1, 1, 22, 1, 1] => QQFieldElem[0, 0, 0, 0],
	[21, 18, 18, 21, 17, 1, 1, 22, 1, 2] => QQFieldElem[1//2, 0, 1//2, 0],
	[21, 18, 18, 21, 7, 1, 1, 21, 1, 1] => QQFieldElem[-13, 0, -8, -8],
	[21, 18, 18, 21, 8, 1, 1, 22, 2, 2] => QQFieldElem[-1//2, 0, -1//4, -1//2],
	[21, 18, 18, 21, 7, 1, 1, 22, 1, 1] => QQFieldElem[0, 0, 0, 0])