Dict(
	[21, 12, 11, 21, 19, 1, 1, 16, 1, 1] => QQFieldElem[3//8, 5//8, -1//8, 7//8],
	[21, 12, 11, 21, 20, 2, 1, 14, 1, 1] => QQFieldElem[-1//4, -1//4, 0, -3//4],
	[21, 12, 11, 21, 19, 2, 1, 10, 1, 1] => QQFieldElem[0, 1//2, -1//4, 1//2],
	[21, 12, 11, 21, 20, 2, 1, 13, 1, 1] => QQFieldElem[0, 1//4, -1//2, 1//4],
	[21, 12, 11, 21, 3, 1, 1, 14, 1, 1] => QQFieldElem[1, -1, 0, 0],
	[21, 12, 11, 21, 20, 1, 1, 21, 1, 1] => QQFieldElem[3//4, -1//2, 3//4, 0],
	[21, 12, 11, 21, 3, 1, 1, 13, 1, 1] => QQFieldElem[2, 1, 1, 1],
	[21, 12, 11, 21, 20, 1, 1, 9, 1, 1] => QQFieldElem[-1//4, -1//2, 1//4, -3//4],
	[21, 12, 11, 21, 20, 1, 1, 22, 1, 1] => QQFieldElem[-5//4, -1//4, -5//8, -1],
	[21, 12, 11, 21, 19, 1, 1, 14, 1, 1] => QQFieldElem[0, 1//4, -1//4, 1//4],
	[21, 12, 11, 21, 19, 1, 1, 13, 1, 1] => QQFieldElem[0, 1//4, 0, 0],
	[21, 12, 11, 21, 4, 1, 1, 15, 1, 1] => QQFieldElem[-3//5, 4//5, -4//5, 3//5],
	[21, 12, 11, 21, 6, 1, 1, 10, 1, 1] => QQFieldElem[0, -1//2, 1//4, -1//2],
	[21, 12, 11, 21, 4, 1, 1, 16, 1, 1] => QQFieldElem[3//2, 1, 1//2, 3//2],
	[21, 12, 11, 21, 19, 2, 1, 21, 1, 1] => QQFieldElem[-11//10, -1//5, -11//20, -9//10],
	[21, 12, 11, 21, 19, 2, 1, 9, 1, 1] => QQFieldElem[-1//4, 1//4, -1//4, 0],
	[21, 12, 11, 21, 19, 2, 1, 22, 1, 1] => QQFieldElem[3//4, 1//2, 1//8, 1],
	[21, 12, 11, 21, 5, 1, 1, 10, 1, 1] => QQFieldElem[1//2, 0, 1//4, 1//4],
	[21, 12, 11, 21, 20, 1, 1, 15, 1, 1] => QQFieldElem[5//4, 1//2, 1//2, 5//4],
	[21, 12, 11, 21, 4, 1, 1, 14, 1, 1] => QQFieldElem[-1, -1, 0, 0],
	[21, 12, 11, 21, 6, 1, 1, 21, 1, 1] => QQFieldElem[11//10, 1//5, 11//20, 9//10],
	[21, 12, 11, 21, 4, 1, 1, 13, 1, 1] => QQFieldElem[0, 1, 1, 1],
	[21, 12, 11, 21, 6, 1, 1, 9, 1, 1] => QQFieldElem[-1//4, 1//4, -1//4, 0],
	[21, 12, 11, 21, 20, 1, 1, 16, 1, 1] => QQFieldElem[3//8, -5//8, 5//8, -3//8],
	[21, 12, 11, 21, 6, 1, 1, 22, 1, 1] => QQFieldElem[-3//4, -1//2, -1//8, -1],
	[21, 12, 11, 21, 20, 2, 1, 10, 1, 1] => QQFieldElem[-1//4, 1//2, -1//4, 0],
	[21, 12, 11, 21, 19, 2, 1, 15, 1, 1] => QQFieldElem[-3//20, -3//10, 1//20, -7//20],
	[21, 12, 11, 21, 5, 1, 1, 21, 1, 1] => QQFieldElem[3//20, 3//10, -1//20, 7//20],
	[21, 12, 11, 21, 5, 1, 1, 9, 1, 1] => QQFieldElem[-3//4, -1//4, -1//4, -3//4],
	[21, 12, 11, 21, 5, 1, 1, 22, 1, 1] => QQFieldElem[1//4, -1//8, 1//4, 0],
	[21, 12, 11, 21, 3, 1, 1, 10, 1, 1] => QQFieldElem[-5, -3, -1, -6],
	[21, 12, 11, 21, 20, 1, 1, 14, 1, 1] => QQFieldElem[3//4, -1//4, 1//2, 1//4],
	[21, 12, 11, 21, 19, 2, 1, 16, 1, 1] => QQFieldElem[-3//8, 0, -1//4, -1//4],
	[21, 12, 11, 21, 19, 1, 1, 10, 1, 1] => QQFieldElem[1//2, 0, 1//4, 1//4],
	[21, 12, 11, 21, 20, 1, 1, 13, 1, 1] => QQFieldElem[1, 1//4, 1//2, 3//4],
	[21, 12, 11, 21, 6, 1, 1, 15, 1, 1] => QQFieldElem[-3//20, -3//10, 1//20, -7//20],
	[21, 12, 11, 21, 20, 2, 1, 21, 1, 1] => QQFieldElem[-3//4, -1//2, -1//4, -1],
	[21, 12, 11, 21, 19, 2, 1, 14, 1, 1] => QQFieldElem[-1//4, -1//4, -1//4, -1//4],
	[21, 12, 11, 21, 6, 1, 1, 16, 1, 1] => QQFieldElem[-3//8, 0, -1//4, -1//4],
	[21, 12, 11, 21, 20, 2, 1, 22, 1, 1] => QQFieldElem[0, 1//2, -3//8, 1//2],
	[21, 12, 11, 21, 20, 2, 1, 9, 1, 1] => QQFieldElem[3//4, 0, 1//4, 1//4],
	[21, 12, 11, 21, 5, 1, 1, 15, 1, 1] => QQFieldElem[9//10, -1//5, 7//10, 7//20],
	[21, 12, 11, 21, 19, 2, 1, 13, 1, 1] => QQFieldElem[-1//4, -1//4, 0, -1//2],
	[21, 12, 11, 21, 3, 1, 1, 21, 1, 1] => QQFieldElem[3, -2, 3, 0],
	[21, 12, 11, 21, 3, 1, 1, 9, 1, 1] => QQFieldElem[-2, -4, 1, -5],
	[21, 12, 11, 21, 3, 1, 1, 22, 1, 1] => QQFieldElem[-9//2, 0, -5//2, -3],
	[21, 12, 11, 21, 19, 1, 1, 21, 1, 1] => QQFieldElem[3//20, 3//10, -1//20, 7//20],
	[21, 12, 11, 21, 19, 1, 1, 9, 1, 1] => QQFieldElem[3//4, 1//4, 1//4, 3//4],
	[21, 12, 11, 21, 5, 1, 1, 16, 1, 1] => QQFieldElem[-3//8, -5//8, 1//8, -7//8],
	[21, 12, 11, 21, 19, 1, 1, 22, 1, 1] => QQFieldElem[1//4, -1//8, 1//4, 0],
	[21, 12, 11, 21, 4, 1, 1, 10, 1, 1] => QQFieldElem[-1, 1, -1, 0],
	[21, 12, 11, 21, 6, 1, 1, 14, 1, 1] => QQFieldElem[1//4, 1//4, 1//4, 1//4],
	[21, 12, 11, 21, 6, 1, 1, 13, 1, 1] => QQFieldElem[-1//4, -1//4, 0, -1//2],
	[21, 12, 11, 21, 20, 2, 1, 15, 1, 1] => QQFieldElem[-1//4, 1//2, -1//2, 1//4],
	[21, 12, 11, 21, 5, 1, 1, 14, 1, 1] => QQFieldElem[0, 1//4, -1//4, 1//4],
	[21, 12, 11, 21, 5, 1, 1, 13, 1, 1] => QQFieldElem[0, -1//4, 0, 0],
	[21, 12, 11, 21, 3, 1, 1, 15, 1, 1] => QQFieldElem[5, 2, 2, 5],
	[21, 12, 11, 21, 20, 2, 1, 16, 1, 1] => QQFieldElem[7//8, 3//8, 3//8, 7//8],
	[21, 12, 11, 21, 20, 1, 1, 10, 1, 1] => QQFieldElem[-3//4, -1//2, -1//4, -1],
	[21, 12, 11, 21, 19, 1, 1, 15, 1, 1] => QQFieldElem[-9//10, 1//5, -7//10, -7//20],
	[21, 12, 11, 21, 4, 1, 1, 21, 1, 1] => QQFieldElem[-7//5, -4//5, -1//5, -8//5],
	[21, 12, 11, 21, 3, 1, 1, 16, 1, 1] => QQFieldElem[5//2, -2, 5//2, -1//2],
	[21, 12, 11, 21, 4, 1, 1, 9, 1, 1] => QQFieldElem[2, 0, 1, 1],
	[21, 12, 11, 21, 4, 1, 1, 22, 1, 1] => QQFieldElem[1//2, 1, -1//2, 1])