Dict(
	[21, 20, 17, 10, 20, 1, 1, 13, 2, 1] => QQFieldElem[-4, 0, -2, -2],
	[21, 20, 17, 10, 12, 1, 1, 13, 2, 1] => QQFieldElem[0, -4, 2, -4],
	[21, 20, 17, 10, 18, 1, 1, 14, 1, 1] => QQFieldElem[-4, -8, 2, -10],
	[21, 20, 17, 10, 19, 1, 2, 14, 1, 1] => QQFieldElem[-11, -4, -4, -11],
	[21, 20, 17, 10, 19, 1, 1, 14, 1, 1] => QQFieldElem[16, -4, 12, 6],
	[21, 20, 17, 10, 20, 1, 1, 22, 1, 1] => QQFieldElem[-11, 0, -7, -7],
	[21, 20, 17, 10, 11, 1, 1, 14, 1, 1] => QQFieldElem[44, 0, 28, 28],
	[21, 20, 17, 10, 12, 1, 1, 22, 1, 1] => QQFieldElem[1, 0, 0, 1],
	[21, 20, 17, 10, 18, 1, 1, 13, 1, 1] => QQFieldElem[-3, -2, -1, -4],
	[21, 20, 17, 10, 19, 1, 2, 13, 1, 1] => QQFieldElem[1//2, 3//2, 1//2, 0],
	[21, 20, 17, 10, 19, 1, 1, 13, 1, 1] => QQFieldElem[4, 2, 0, 4],
	[21, 20, 17, 10, 11, 1, 1, 13, 1, 1] => QQFieldElem[8, -12, 12, -8],
	[21, 20, 17, 10, 20, 1, 1, 10, 1, 1] => QQFieldElem[3, 0, 2, 2],
	[21, 20, 17, 10, 12, 1, 1, 10, 1, 1] => QQFieldElem[-1//2, -1, -1//2, -1//2],
	[21, 20, 17, 10, 20, 1, 1, 22, 2, 1] => QQFieldElem[32, 20, 8, 40],
	[21, 20, 17, 10, 12, 1, 1, 22, 2, 1] => QQFieldElem[0, 2, -1, 2],
	[21, 20, 17, 10, 18, 1, 1, 13, 2, 1] => QQFieldElem[6, 6, 0, 10],
	[21, 20, 17, 10, 19, 1, 2, 13, 2, 1] => QQFieldElem[2, 1, 1, 2],
	[21, 20, 17, 10, 19, 1, 1, 13, 2, 1] => QQFieldElem[1, 0, 1, 0],
	[21, 20, 17, 10, 11, 1, 1, 13, 2, 1] => QQFieldElem[3, 2, 1, 4],
	[21, 20, 17, 10, 18, 1, 1, 22, 1, 1] => QQFieldElem[3//2, 1, 1//2, 2],
	[21, 20, 17, 10, 19, 1, 2, 22, 1, 1] => QQFieldElem[8, 1, 4, 7],
	[21, 20, 17, 10, 19, 1, 1, 22, 1, 1] => QQFieldElem[0, -44, 28, -44],
	[21, 20, 17, 10, 11, 1, 1, 22, 1, 1] => QQFieldElem[-2, 4, -4, 2],
	[21, 20, 17, 10, 20, 1, 1, 14, 1, 1] => QQFieldElem[-10, 16, -16, 10],
	[21, 20, 17, 10, 12, 1, 1, 14, 1, 1] => QQFieldElem[3, 2, 2, 3],
	[21, 20, 17, 10, 18, 1, 1, 10, 1, 1] => QQFieldElem[-1, 1, -1, 0],
	[21, 20, 17, 10, 18, 1, 1, 22, 2, 1] => QQFieldElem[-3, -3, 0, -5],
	[21, 20, 17, 10, 19, 1, 2, 10, 1, 1] => QQFieldElem[1//2, 1, 0, 1],
	[21, 20, 17, 10, 19, 1, 2, 22, 2, 1] => QQFieldElem[-6, -12, 4, -16],
	[21, 20, 17, 10, 20, 1, 1, 13, 1, 1] => QQFieldElem[1//2, -1//2, 1//2, -1//2],
	[21, 20, 17, 10, 11, 1, 1, 10, 1, 1] => QQFieldElem[-6, -4, -2, -8],
	[21, 20, 17, 10, 11, 1, 1, 22, 2, 1] => QQFieldElem[-1, -1//2, 0, -1],
	[21, 20, 17, 10, 19, 1, 1, 22, 2, 1] => QQFieldElem[-20, -4, -10, -16],
	[21, 20, 17, 10, 12, 1, 1, 13, 1, 1] => QQFieldElem[-4, -2, -2, -4],
	[21, 20, 17, 10, 19, 1, 1, 10, 1, 1] => QQFieldElem[-2, -1, -1, -2])