Dict(
	[21, 17, 11, 14, 17, 1, 1, 21, 1, 1] => QQFieldElem[-13//110, -9//110, -1//220, -7//44],
	[21, 17, 11, 14, 19, 2, 1, 22, 2, 1] => QQFieldElem[2, 0, 2, 1],
	[21, 17, 11, 14, 20, 1, 1, 15, 1, 1] => QQFieldElem[1//5, -1//10, 1//10, 3//10],
	[21, 17, 11, 14, 17, 1, 1, 22, 1, 1] => QQFieldElem[-7//55, 9//220, 21//220, -21//110],
	[21, 17, 11, 14, 20, 1, 1, 21, 1, 1] => QQFieldElem[1//110, 3//22, 1//55, 7//110],
	[21, 17, 11, 14, 17, 1, 1, 21, 2, 1] => QQFieldElem[1, -1//2, 1//2, 1//2],
	[21, 17, 11, 14, 18, 1, 1, 13, 1, 1] => QQFieldElem[-1//4, 0, -1//4, -1//4],
	[21, 17, 11, 14, 20, 1, 1, 22, 1, 1] => QQFieldElem[1//20, 1//10, 3//20, 1//5],
	[21, 17, 11, 14, 17, 1, 1, 22, 2, 1] => QQFieldElem[3//2, -1//2, 1, 1//2],
	[21, 17, 11, 14, 19, 1, 1, 13, 1, 1] => QQFieldElem[0, -3//2, 1//2, -3//2],
	[21, 17, 11, 14, 11, 1, 1, 13, 1, 1] => QQFieldElem[-1, 0, -1//2, -1],
	[21, 17, 11, 14, 20, 1, 1, 21, 2, 1] => QQFieldElem[0, 0, 0, 0],
	[21, 17, 11, 14, 18, 1, 1, 15, 1, 1] => QQFieldElem[0, 0, -1//4, -1//4],
	[21, 17, 11, 14, 19, 2, 1, 13, 1, 1] => QQFieldElem[1//4, 0, 1//4, 1//4],
	[21, 17, 11, 14, 20, 1, 1, 22, 2, 1] => QQFieldElem[0, 0, 0, 0],
	[21, 17, 11, 14, 11, 1, 1, 15, 1, 1] => QQFieldElem[1//5, 2//5, 1//10, -1//5],
	[21, 17, 11, 14, 19, 1, 1, 15, 1, 1] => QQFieldElem[0, -1//2, 1//2, -1//2],
	[21, 17, 11, 14, 18, 1, 1, 21, 1, 1] => QQFieldElem[2//55, 7//110, 13//220, 3//44],
	[21, 17, 11, 14, 19, 2, 1, 15, 1, 1] => QQFieldElem[-1//10, 0, 1//20, 1//20],
	[21, 17, 11, 14, 18, 1, 1, 22, 1, 1] => QQFieldElem[8//55, 29//220, 31//220, 12//55],
	[21, 17, 11, 14, 11, 1, 1, 21, 1, 1] => QQFieldElem[-7//55, -4//55, 13//110, 2//55],
	[21, 17, 11, 14, 19, 1, 1, 21, 1, 1] => QQFieldElem[0, 0, 0, 0],
	[21, 17, 11, 14, 19, 1, 1, 22, 1, 1] => QQFieldElem[-1//2, -1//2, 0, 0],
	[21, 17, 11, 14, 19, 2, 1, 21, 1, 1] => QQFieldElem[0, 0, 0, 0],
	[21, 17, 11, 14, 17, 1, 1, 13, 1, 1] => QQFieldElem[1, 1, -1//2, 1],
	[21, 17, 11, 14, 11, 1, 1, 22, 1, 1] => QQFieldElem[-1//2, -1//2, 0, -1//2],
	[21, 17, 11, 14, 18, 1, 1, 21, 2, 1] => QQFieldElem[-6//55, 1//110, 19//110, 27//110],
	[21, 17, 11, 14, 19, 2, 1, 22, 1, 1] => QQFieldElem[-1//2, 1//2, -1, 0],
	[21, 17, 11, 14, 19, 1, 1, 21, 2, 1] => QQFieldElem[17//110, 7//22, 17//55, 9//110],
	[21, 17, 11, 14, 18, 1, 1, 22, 2, 1] => QQFieldElem[1//2, 1//2, 0, 1//2],
	[21, 17, 11, 14, 11, 1, 1, 21, 2, 1] => QQFieldElem[-17//55, 6//55, -47//110, -3//55],
	[21, 17, 11, 14, 17, 1, 1, 15, 1, 1] => QQFieldElem[1//5, 2//5, 1//10, 4//5],
	[21, 17, 11, 14, 20, 1, 1, 13, 1, 1] => QQFieldElem[1, 1//2, 1//2, 1//2],
	[21, 17, 11, 14, 19, 1, 1, 22, 2, 1] => QQFieldElem[-3//20, -3//10, -9//20, -3//5],
	[21, 17, 11, 14, 19, 2, 1, 21, 2, 1] => QQFieldElem[0, 0, 0, 0],
	[21, 17, 11, 14, 11, 1, 1, 22, 2, 1] => QQFieldElem[-1//2, 1//2, 0, 1//2])