Dict(
	[21, 6, 20, 15, 20, 1, 1, 21, 1, 1] => QQFieldElem[1//4, 1, 0, 5//4],
	[21, 6, 20, 15, 12, 1, 1, 21, 1, 1] => QQFieldElem[0, 0, 0, 0],
	[21, 6, 20, 15, 11, 1, 1, 21, 1, 2] => QQFieldElem[-1//8, -3//16, 0, 0],
	[21, 6, 20, 15, 20, 1, 1, 22, 1, 1] => QQFieldElem[-3//4, 1//4, -3//4, -1//4],
	[21, 6, 20, 15, 20, 2, 1, 21, 1, 1] => QQFieldElem[1, 1, 0, 3//2],
	[21, 6, 20, 15, 20, 1, 1, 16, 1, 1] => QQFieldElem[1//8, -1//16, 0, -1//16],
	[21, 6, 20, 15, 12, 1, 1, 16, 1, 1] => QQFieldElem[0, 1//4, -1//8, 1//4],
	[21, 6, 20, 15, 12, 1, 1, 22, 1, 1] => QQFieldElem[3//5, 2//5, 2//5, 3//5],
	[21, 6, 20, 15, 11, 1, 1, 22, 1, 2] => QQFieldElem[2//5, 3//10, 1//5, 3//5],
	[21, 6, 20, 15, 20, 2, 1, 22, 1, 1] => QQFieldElem[-1, 1//2, -1, 0],
	[21, 6, 20, 15, 7, 1, 1, 22, 1, 2] => QQFieldElem[-9//5, -11//10, -2//5, -11//5],
	[21, 6, 20, 15, 20, 2, 1, 16, 1, 1] => QQFieldElem[0, 0, -1//8, 0],
	[21, 6, 20, 15, 7, 1, 1, 21, 1, 2] => QQFieldElem[0, 3//16, -1//8, 1//4],
	[21, 6, 20, 15, 11, 1, 1, 21, 1, 1] => QQFieldElem[1//4, 1//4, 0, 1//2],
	[21, 6, 20, 15, 7, 1, 1, 21, 1, 1] => QQFieldElem[-1//4, -1//4, 0, -1//2],
	[21, 6, 20, 15, 11, 1, 1, 22, 1, 1] => QQFieldElem[-11//5, -4//5, -4//5, -11//5],
	[21, 6, 20, 15, 11, 1, 1, 16, 1, 1] => QQFieldElem[-1//8, 3//16, -1//8, 1//16],
	[21, 6, 20, 15, 7, 1, 1, 22, 1, 1] => QQFieldElem[14//5, 6//5, 6//5, 14//5],
	[21, 6, 20, 15, 20, 1, 1, 21, 1, 2] => QQFieldElem[1//4, 0, 0, -1//4],
	[21, 6, 20, 15, 12, 1, 1, 21, 1, 2] => QQFieldElem[-1, -1, 0, -2],
	[21, 6, 20, 15, 7, 1, 1, 16, 1, 1] => QQFieldElem[0, -1//4, 1//4, -1//4],
	[21, 6, 20, 15, 20, 1, 1, 22, 1, 2] => QQFieldElem[1//4, 1//4, 1//4, -1//4],
	[21, 6, 20, 15, 12, 1, 1, 22, 1, 2] => QQFieldElem[3//5, -4//5, 4//5, -3//5],
	[21, 6, 20, 15, 20, 2, 1, 21, 1, 2] => QQFieldElem[0, 0, 0, 1//2],
	[21, 6, 20, 15, 20, 2, 1, 22, 1, 2] => QQFieldElem[-2//5, -3//10, -1//5, -3//5])