Dict(
	[22, 20, 5, 13, 18, 1, 1, 13, 2, 1] => QQFieldElem[-10//11, 6//11, -2//11, 2//11],
	[22, 20, 5, 13, 20, 1, 1, 22, 2, 1] => QQFieldElem[3//2, 0, 1, 0],
	[22, 20, 5, 13, 20, 2, 1, 22, 2, 1] => QQFieldElem[0, 1, 0, 1],
	[22, 20, 5, 13, 18, 1, 1, 22, 1, 1] => QQFieldElem[-1, -1, 0, -2],
	[22, 20, 5, 13, 17, 1, 1, 13, 1, 1] => QQFieldElem[-5//22, 7//11, 5//11, 1//22],
	[22, 20, 5, 13, 18, 1, 1, 22, 2, 1] => QQFieldElem[12//5, 4//5, 6//5, 8//5],
	[22, 20, 5, 13, 20, 1, 1, 13, 1, 1] => QQFieldElem[-1//2, 0, 0, 1//2],
	[22, 20, 5, 13, 17, 1, 1, 13, 2, 1] => QQFieldElem[5//11, -3//11, 1//11, -1//11],
	[22, 20, 5, 13, 20, 2, 1, 13, 1, 1] => QQFieldElem[-1, -1, -1, -1],
	[22, 20, 5, 13, 17, 1, 1, 22, 1, 1] => QQFieldElem[1, 1, 0, 2],
	[22, 20, 5, 13, 20, 1, 1, 13, 2, 1] => QQFieldElem[1//2, 1//2, 1, 1//2],
	[22, 20, 5, 13, 20, 2, 1, 13, 2, 1] => QQFieldElem[0, 0, 0, 0],
	[22, 20, 5, 13, 18, 1, 1, 13, 1, 1] => QQFieldElem[25//22, 7//22, 8//11, 17//22],
	[22, 20, 5, 13, 20, 1, 1, 22, 1, 1] => QQFieldElem[-1, 0, -3//2, 0],
	[22, 20, 5, 13, 17, 1, 1, 22, 2, 1] => QQFieldElem[-16//5, -2//5, -8//5, -14//5],
	[22, 20, 5, 13, 20, 2, 1, 22, 1, 1] => QQFieldElem[-1, -1, 0, -2])