Dict(
	[22, 21, 14, 13, 20, 1, 1, 19, 2, 1] => QQFieldElem[3//2, 0, 0, 1],
	[22, 21, 14, 13, 12, 1, 1, 19, 2, 1] => QQFieldElem[-1//10, 1//10, 1//10, -1//10],
	[22, 21, 14, 13, 19, 1, 2, 19, 1, 1] => QQFieldElem[0, 2, 0, 0],
	[22, 21, 14, 13, 20, 2, 1, 20, 1, 1] => QQFieldElem[9//5, -2//5, 7//5, 6//5],
	[22, 21, 14, 13, 19, 1, 1, 12, 1, 1] => QQFieldElem[-1, 0, 0, 0],
	[22, 21, 14, 13, 11, 1, 1, 12, 1, 1] => QQFieldElem[0, 0, 0, 0],
	[22, 21, 14, 13, 20, 1, 1, 17, 1, 1] => QQFieldElem[3//11, 7//11, -1//22, 23//22],
	[22, 21, 14, 13, 12, 1, 1, 17, 1, 1] => QQFieldElem[0, 1//2, 0, 1//2],
	[22, 21, 14, 13, 19, 1, 2, 19, 2, 1] => QQFieldElem[1//5, 2//5, 3//5, -1//5],
	[22, 21, 14, 13, 20, 2, 1, 20, 2, 1] => QQFieldElem[-3//5, -1//5, 1//5, -2//5],
	[22, 21, 14, 13, 19, 1, 1, 20, 1, 1] => QQFieldElem[0, 1, -1, 1],
	[22, 21, 14, 13, 11, 1, 1, 20, 1, 1] => QQFieldElem[2//5, 4//5, -4//5, 8//5],
	[22, 21, 14, 13, 20, 1, 1, 17, 2, 1] => QQFieldElem[1//22, -5//22, -1//11, 1//11],
	[22, 21, 14, 13, 12, 1, 1, 17, 2, 1] => QQFieldElem[-3//55, 4//55, 6//55, -17//55],
	[22, 21, 14, 13, 17, 1, 1, 12, 1, 1] => QQFieldElem[-2, 0, -1, -1],
	[22, 21, 14, 13, 19, 1, 1, 20, 2, 1] => QQFieldElem[-2, 1//2, -3//2, -1],
	[22, 21, 14, 13, 11, 1, 1, 20, 2, 1] => QQFieldElem[4//5, -12//5, 12//5, -4//5],
	[22, 21, 14, 13, 19, 1, 2, 17, 1, 1] => QQFieldElem[4//11, 2//11, 14//11, 8//11],
	[22, 21, 14, 13, 18, 1, 1, 11, 1, 1] => QQFieldElem[3//5, 1//5, 4//5, 2//5],
	[22, 21, 14, 13, 17, 1, 1, 20, 1, 1] => QQFieldElem[11//5, 7//5, 3//5, 14//5],
	[22, 21, 14, 13, 19, 1, 2, 17, 2, 1] => QQFieldElem[-3//55, 4//55, 6//55, -17//55],
	[22, 21, 14, 13, 17, 1, 1, 20, 2, 1] => QQFieldElem[8//5, -6//5, 8//5, 0],
	[22, 21, 14, 13, 18, 1, 1, 19, 1, 1] => QQFieldElem[7//20, -1//20, 1//20, 3//20],
	[22, 21, 14, 13, 18, 1, 1, 19, 2, 1] => QQFieldElem[1//10, -1//5, 1//10, 0],
	[22, 21, 14, 13, 20, 2, 1, 11, 1, 1] => QQFieldElem[1//5, 2//5, 3//5, -1//5],
	[22, 21, 14, 13, 18, 1, 1, 17, 1, 1] => QQFieldElem[21//22, 5//22, 1//11, 10//11],
	[22, 21, 14, 13, 20, 1, 1, 12, 1, 1] => QQFieldElem[2, 0, 2, 1],
	[22, 21, 14, 13, 12, 1, 1, 12, 1, 1] => QQFieldElem[0, 0, -4, 0],
	[22, 21, 14, 13, 20, 2, 1, 19, 1, 1] => QQFieldElem[1//5, 2//5, 3//5, -1//5],
	[22, 21, 14, 13, 19, 1, 1, 11, 1, 1] => QQFieldElem[1, 1//2, 1//2, 1//2],
	[22, 21, 14, 13, 11, 1, 1, 11, 1, 1] => QQFieldElem[1, 1, 1, 1],
	[22, 21, 14, 13, 18, 1, 1, 17, 2, 1] => QQFieldElem[38//55, -14//55, 34//55, 32//55],
	[22, 21, 14, 13, 20, 1, 1, 20, 1, 1] => QQFieldElem[1, 3//2, 0, 5//2],
	[22, 21, 14, 13, 12, 1, 1, 20, 1, 1] => QQFieldElem[0, 2, -1, 2],
	[22, 21, 14, 13, 20, 2, 1, 19, 2, 1] => QQFieldElem[3//5, -4//5, 4//5, 2//5],
	[22, 21, 14, 13, 19, 1, 2, 12, 1, 1] => QQFieldElem[-4//5, 2//5, -2//5, 4//5],
	[22, 21, 14, 13, 19, 1, 1, 19, 1, 1] => QQFieldElem[0, 0, -1, 1],
	[22, 21, 14, 13, 11, 1, 1, 19, 1, 1] => QQFieldElem[-1//10, -1//5, -3//10, 1//10],
	[22, 21, 14, 13, 17, 1, 1, 11, 1, 1] => QQFieldElem[-1, -1//2, 0, -1],
	[22, 21, 14, 13, 12, 1, 1, 20, 2, 1] => QQFieldElem[-8//5, -2//5, -2//5, -8//5],
	[22, 21, 14, 13, 20, 1, 1, 20, 2, 1] => QQFieldElem[1//2, -1//2, 1//2, 0],
	[22, 21, 14, 13, 19, 1, 1, 19, 2, 1] => QQFieldElem[0, 1//2, 1//2, 1//2],
	[22, 21, 14, 13, 20, 2, 1, 17, 1, 1] => QQFieldElem[38//55, -14//55, 34//55, 32//55],
	[22, 21, 14, 13, 11, 1, 1, 19, 2, 1] => QQFieldElem[1//5, 2//5, -2//5, -1//5],
	[22, 21, 14, 13, 19, 1, 2, 20, 1, 1] => QQFieldElem[2, -2, 0, 0],
	[22, 21, 14, 13, 17, 1, 1, 19, 1, 1] => QQFieldElem[0, 0, 0, -1//4],
	[22, 21, 14, 13, 20, 2, 1, 17, 2, 1] => QQFieldElem[0, 0, 0, 0],
	[22, 21, 14, 13, 19, 1, 2, 20, 2, 1] => QQFieldElem[-1//5, -2//5, 2//5, -4//5],
	[22, 21, 14, 13, 19, 1, 1, 17, 1, 1] => QQFieldElem[1//11, 6//11, -2//11, 2//11],
	[22, 21, 14, 13, 11, 1, 1, 17, 1, 1] => QQFieldElem[1//11, 6//11, -2//11, 2//11],
	[22, 21, 14, 13, 17, 1, 1, 19, 2, 1] => QQFieldElem[1//10, 3//10, 1//10, 0],
	[22, 21, 14, 13, 19, 1, 1, 17, 2, 1] => QQFieldElem[-4//11, 7//22, -3//11, -5//22],
	[22, 21, 14, 13, 11, 1, 1, 17, 2, 1] => QQFieldElem[-4//11, -2//11, -14//11, -8//11],
	[22, 21, 14, 13, 18, 1, 1, 12, 1, 1] => QQFieldElem[0, 0, 0, 0],
	[22, 21, 14, 13, 17, 1, 1, 17, 1, 1] => QQFieldElem[2//11, 1//11, 3//22, -3//22],
	[22, 21, 14, 13, 17, 1, 1, 17, 2, 1] => QQFieldElem[0, 0, 0, 0],
	[22, 21, 14, 13, 18, 1, 1, 20, 1, 1] => QQFieldElem[-3//5, -1//5, 1//5, -2//5],
	[22, 21, 14, 13, 20, 1, 1, 11, 1, 1] => QQFieldElem[0, 0, 1//2, 1//2],
	[22, 21, 14, 13, 12, 1, 1, 11, 1, 1] => QQFieldElem[0, 0, 0, 0],
	[22, 21, 14, 13, 18, 1, 1, 20, 2, 1] => QQFieldElem[-2//5, 4//5, -2//5, 0],
	[22, 21, 14, 13, 20, 1, 1, 19, 1, 1] => QQFieldElem[1//2, 0, 1//2, 0],
	[22, 21, 14, 13, 12, 1, 1, 19, 1, 1] => QQFieldElem[0, 1//4, 0, 1//4],
	[22, 21, 14, 13, 19, 1, 2, 11, 1, 1] => QQFieldElem[1//5, 2//5, 3//5, -1//5],
	[22, 21, 14, 13, 20, 2, 1, 12, 1, 1] => QQFieldElem[4//5, -2//5, 2//5, -4//5])