Dict(
	[22, 21, 17, 8, 21, 1, 1, 18, 2, 1] => QQFieldElem[-3//4, 3//4, -1//2, 1//4],
	[22, 21, 17, 8, 16, 1, 1, 18, 2, 1] => QQFieldElem[0, 11, -7, 11],
	[22, 21, 17, 8, 21, 1, 2, 17, 2, 1] => QQFieldElem[2//11, 7//22, 1//22, 1//11],
	[22, 21, 17, 8, 21, 1, 1, 17, 2, 1] => QQFieldElem[1//2, 1//4, 1//4, 1//4],
	[22, 21, 17, 8, 14, 1, 1, 18, 2, 1] => QQFieldElem[-6, -1, -3, -5],
	[22, 21, 17, 8, 16, 1, 1, 17, 2, 1] => QQFieldElem[0, -1//2, 1//2, 0],
	[22, 21, 17, 8, 22, 1, 2, 19, 1, 1] => QQFieldElem[0, 0, -1//2, 1//2],
	[22, 21, 17, 8, 22, 1, 1, 19, 1, 1] => QQFieldElem[-3//4, 1//4, -1//2, -1//4],
	[22, 21, 17, 8, 14, 1, 1, 17, 2, 1] => QQFieldElem[1, 1//2, 1//2, 1],
	[22, 21, 17, 8, 21, 1, 2, 19, 1, 1] => QQFieldElem[0, -2, 2, 0],
	[22, 21, 17, 8, 21, 1, 1, 19, 1, 1] => QQFieldElem[1, 0, 2, 2],
	[22, 21, 17, 8, 16, 1, 1, 19, 1, 1] => QQFieldElem[-4, 0, -3, -3],
	[22, 21, 17, 8, 22, 1, 2, 19, 2, 1] => QQFieldElem[0, 0, 1, 0],
	[22, 21, 17, 8, 22, 1, 1, 19, 2, 1] => QQFieldElem[3//2, 1, 1, 3//2],
	[22, 21, 17, 8, 14, 1, 1, 19, 1, 1] => QQFieldElem[4, 1, 1, 4],
	[22, 21, 17, 8, 21, 1, 2, 19, 2, 1] => QQFieldElem[1, 0, 1//2, 1//2],
	[22, 21, 17, 8, 21, 1, 1, 19, 2, 1] => QQFieldElem[-5//4, -3//4, 0, -7//4],
	[22, 21, 17, 8, 16, 1, 1, 19, 2, 1] => QQFieldElem[0, 3, -1, 3],
	[22, 21, 17, 8, 22, 1, 2, 18, 1, 1] => QQFieldElem[-1, 0, -1//2, -1//2],
	[22, 21, 17, 8, 14, 1, 1, 19, 2, 1] => QQFieldElem[-2, -1, -1, -1],
	[22, 21, 17, 8, 22, 1, 1, 18, 1, 1] => QQFieldElem[-5//4, -5//4, 0, -9//4],
	[22, 21, 17, 8, 22, 1, 2, 17, 1, 1] => QQFieldElem[25//11, 5//22, 29//22, 18//11],
	[22, 21, 17, 8, 21, 1, 2, 18, 1, 1] => QQFieldElem[4, -6, 6, -4],
	[22, 21, 17, 8, 22, 1, 1, 17, 1, 1] => QQFieldElem[13//11, 69//44, -9//44, 103//44],
	[22, 21, 17, 8, 21, 1, 1, 18, 1, 1] => QQFieldElem[7, 0, 4, 4],
	[22, 21, 17, 8, 16, 1, 1, 18, 1, 1] => QQFieldElem[-29, 0, -18, -18],
	[22, 21, 17, 8, 21, 1, 2, 17, 1, 1] => QQFieldElem[0, 0, 0, 0],
	[22, 21, 17, 8, 22, 1, 2, 18, 2, 1] => QQFieldElem[6//5, 2//5, 3//5, 4//5],
	[22, 21, 17, 8, 21, 1, 1, 17, 1, 1] => QQFieldElem[1//2, 1, 0, 1],
	[22, 21, 17, 8, 22, 1, 1, 18, 2, 1] => QQFieldElem[1//2, 0, 0, 1//2],
	[22, 21, 17, 8, 14, 1, 1, 18, 1, 1] => QQFieldElem[7, 7, 0, 11],
	[22, 21, 17, 8, 16, 1, 1, 17, 1, 1] => QQFieldElem[1//2, 1//4, 1//4, 1//4],
	[22, 21, 17, 8, 22, 1, 2, 17, 2, 1] => QQFieldElem[-16//11, -6//11, -4//11, -8//11],
	[22, 21, 17, 8, 21, 1, 2, 18, 2, 1] => QQFieldElem[0, 0, 1//2, -1//2],
	[22, 21, 17, 8, 22, 1, 1, 17, 2, 1] => QQFieldElem[3//22, -7//11, 10//11, -2//11],
	[22, 21, 17, 8, 14, 1, 1, 17, 1, 1] => QQFieldElem[-1, -5//4, 1//4, -7//4])