Dict(
	[22, 14, 17, 20, 13, 2, 1, 11, 1, 1] => QQFieldElem[11//2, 3//2, 5//2, 5],
	[22, 14, 17, 20, 10, 1, 1, 19, 1, 1] => QQFieldElem[0, -1, 0, -1],
	[22, 14, 17, 20, 13, 1, 1, 12, 1, 1] => QQFieldElem[0, 0, 0, 0],
	[22, 14, 17, 20, 10, 1, 1, 19, 2, 1] => QQFieldElem[0, 0, 2, 0],
	[22, 14, 17, 20, 22, 2, 1, 11, 1, 1] => QQFieldElem[1//10, 1//5, -1//5, 2//5],
	[22, 14, 17, 20, 13, 2, 1, 19, 1, 1] => QQFieldElem[-2, -2, 0, -2],
	[22, 14, 17, 20, 21, 1, 1, 11, 1, 1] => QQFieldElem[4, 2, 2, 4],
	[22, 14, 17, 20, 14, 1, 1, 11, 1, 1] => QQFieldElem[-1//2, 1//2, -1//2, 0],
	[22, 14, 17, 20, 10, 1, 1, 18, 1, 1] => QQFieldElem[-8//5, -1//5, -4//5, -7//5],
	[22, 14, 17, 20, 22, 1, 1, 12, 1, 1] => QQFieldElem[0, 0, 0, 0],
	[22, 14, 17, 20, 13, 1, 1, 20, 1, 1] => QQFieldElem[-38//55, 14//55, -34//55, -32//55],
	[22, 14, 17, 20, 13, 2, 1, 19, 2, 1] => QQFieldElem[0, 0, 1, 0],
	[22, 14, 17, 20, 22, 2, 1, 19, 1, 1] => QQFieldElem[0, 0, 0, 0],
	[22, 14, 17, 20, 10, 1, 1, 17, 1, 1] => QQFieldElem[-8//5, -1//5, -4//5, -7//5],
	[22, 14, 17, 20, 21, 1, 1, 19, 1, 1] => QQFieldElem[1, 1, 1//2, 3//2],
	[22, 14, 17, 20, 16, 1, 1, 12, 1, 1] => QQFieldElem[0, 3//10, 2//5, 3//10],
	[22, 14, 17, 20, 21, 2, 1, 12, 1, 1] => QQFieldElem[-1//10, 0, 1//20, 1//20],
	[22, 14, 17, 20, 14, 1, 1, 19, 1, 1] => QQFieldElem[0, 0, 0, 0],
	[22, 14, 17, 20, 13, 2, 1, 18, 1, 1] => QQFieldElem[4, 1//2, 5//2, 3],
	[22, 14, 17, 20, 13, 1, 1, 19, 1, 2] => QQFieldElem[-1//10, 3//10, 1//5, 1//10],
	[22, 14, 17, 20, 22, 1, 1, 20, 1, 1] => QQFieldElem[-19//55, 7//55, -17//55, -16//55],
	[22, 14, 17, 20, 21, 1, 1, 19, 2, 1] => QQFieldElem[-1, -2, -1, -1],
	[22, 14, 17, 20, 22, 2, 1, 19, 2, 1] => QQFieldElem[12//55, 10//11, 64//55, 24//55],
	[22, 14, 17, 20, 13, 2, 1, 17, 1, 1] => QQFieldElem[19//5, 1//10, 12//5, 11//5],
	[22, 14, 17, 20, 14, 1, 1, 19, 2, 1] => QQFieldElem[4//5, -2//5, -8//5, -4//5],
	[22, 14, 17, 20, 16, 1, 1, 20, 1, 1] => QQFieldElem[13//55, 12//55, 7//55, -7//55],
	[22, 14, 17, 20, 13, 1, 1, 19, 2, 2] => QQFieldElem[-4//5, -8//5, -12//5, -16//5],
	[22, 14, 17, 20, 21, 2, 1, 20, 1, 1] => QQFieldElem[14//55, 7//55, -6//55, -1//11],
	[22, 14, 17, 20, 22, 2, 1, 18, 1, 1] => QQFieldElem[1//10, 1//10, 0, 3//10],
	[22, 14, 17, 20, 21, 1, 1, 18, 1, 1] => QQFieldElem[6//5, 2//5, 8//5, 14//5],
	[22, 14, 17, 20, 22, 1, 1, 19, 1, 2] => QQFieldElem[-16//55, -52//55, -188//55, -164//55],
	[22, 14, 17, 20, 22, 2, 1, 17, 1, 1] => QQFieldElem[3//10, 2//5, 3//10, 1//2],
	[22, 14, 17, 20, 21, 1, 1, 17, 1, 1] => QQFieldElem[2, 0, 2, 2],
	[22, 14, 17, 20, 14, 1, 1, 18, 1, 1] => QQFieldElem[-1//5, 1//10, -1//10, 1//5],
	[22, 14, 17, 20, 16, 1, 1, 19, 1, 2] => QQFieldElem[-1, -2, 0, -2],
	[22, 14, 17, 20, 21, 2, 1, 19, 1, 2] => QQFieldElem[-1, -1, -1, 0],
	[22, 14, 17, 20, 14, 1, 1, 17, 1, 1] => QQFieldElem[-1//5, 1//10, -3//5, 1//5],
	[22, 14, 17, 20, 22, 1, 1, 19, 2, 2] => QQFieldElem[46//55, 12//55, 18//55, 4//55],
	[22, 14, 17, 20, 16, 1, 1, 19, 2, 2] => QQFieldElem[-2, -2, -2, 0],
	[22, 14, 17, 20, 21, 2, 1, 19, 2, 2] => QQFieldElem[-38//55, 14//55, -34//55, -32//55],
	[22, 14, 17, 20, 13, 1, 1, 11, 1, 1] => QQFieldElem[-4, -2, -2, -4],
	[22, 14, 17, 20, 10, 1, 1, 12, 1, 1] => QQFieldElem[2//5, -1//5, 1//5, 1//10],
	[22, 14, 17, 20, 22, 1, 1, 11, 1, 1] => QQFieldElem[-1, 0, 0, -1],
	[22, 14, 17, 20, 13, 1, 1, 19, 1, 1] => QQFieldElem[0, -1, -1, -1],
	[22, 14, 17, 20, 13, 2, 1, 12, 1, 1] => QQFieldElem[-9//20, 1//10, -7//20, -1//20],
	[22, 14, 17, 20, 10, 1, 1, 20, 1, 1] => QQFieldElem[-43//55, -16//55, -24//55, -42//55],
	[22, 14, 17, 20, 16, 1, 1, 11, 1, 1] => QQFieldElem[1//5, -3//5, -2//5, -1//5],
	[22, 14, 17, 20, 21, 2, 1, 11, 1, 1] => QQFieldElem[3//10, 1//10, -1//10, 1//5],
	[22, 14, 17, 20, 13, 1, 1, 19, 2, 1] => QQFieldElem[0, 0, 0, 0],
	[22, 14, 17, 20, 22, 1, 1, 19, 1, 1] => QQFieldElem[92//55, 24//55, 36//55, 8//55],
	[22, 14, 17, 20, 22, 2, 1, 12, 1, 1] => QQFieldElem[-1//10, -3//20, -3//20, -1//10],
	[22, 14, 17, 20, 13, 2, 1, 20, 1, 1] => QQFieldElem[2, 0, 3//2, 3//2],
	[22, 14, 17, 20, 21, 1, 1, 12, 1, 1] => QQFieldElem[0, 0, 0, 0],
	[22, 14, 17, 20, 16, 1, 1, 19, 1, 1] => QQFieldElem[-2//5, -4//5, -6//5, -8//5],
	[22, 14, 17, 20, 10, 1, 1, 19, 1, 2] => QQFieldElem[0, 1//2, -1//2, 1],
	[22, 14, 17, 20, 13, 1, 1, 18, 1, 1] => QQFieldElem[-12//5, -4//5, -6//5, -8//5],
	[22, 14, 17, 20, 21, 2, 1, 19, 1, 1] => QQFieldElem[1, 0, 1//2, 1//2],
	[22, 14, 17, 20, 22, 1, 1, 19, 2, 1] => QQFieldElem[0, 0, 0, 0],
	[22, 14, 17, 20, 14, 1, 1, 12, 1, 1] => QQFieldElem[1//20, 1//10, 3//20, -1//20],
	[22, 14, 17, 20, 13, 1, 1, 17, 1, 1] => QQFieldElem[-2, 0, -2, -2],
	[22, 14, 17, 20, 10, 1, 1, 19, 2, 2] => QQFieldElem[1, 1//2, 1//2, 1],
	[22, 14, 17, 20, 16, 1, 1, 19, 2, 1] => QQFieldElem[0, 0, 0, 0],
	[22, 14, 17, 20, 13, 2, 1, 19, 1, 2] => QQFieldElem[6//5, 2//5, -2//5, 4//5],
	[22, 14, 17, 20, 22, 2, 1, 20, 1, 1] => QQFieldElem[3//110, -2//55, -3//55, 17//110],
	[22, 14, 17, 20, 21, 2, 1, 19, 2, 1] => QQFieldElem[0, 0, -2, 0],
	[22, 14, 17, 20, 21, 1, 1, 20, 1, 1] => QQFieldElem[64//55, -12//55, -18//55, -4//55],
	[22, 14, 17, 20, 22, 1, 1, 18, 1, 1] => QQFieldElem[-6//5, -2//5, -3//5, -4//5],
	[22, 14, 17, 20, 14, 1, 1, 20, 1, 1] => QQFieldElem[-2//11, -1//11, -3//22, 3//22],
	[22, 14, 17, 20, 22, 1, 1, 17, 1, 1] => QQFieldElem[-1, 0, 0, 0],
	[22, 14, 17, 20, 13, 2, 1, 19, 2, 2] => QQFieldElem[0, 0, 0, 0],
	[22, 14, 17, 20, 16, 1, 1, 18, 1, 1] => QQFieldElem[0, 1//5, 3//5, 1//5],
	[22, 14, 17, 20, 22, 2, 1, 19, 1, 2] => QQFieldElem[8//11, 64//55, 52//55, 14//55],
	[22, 14, 17, 20, 21, 2, 1, 18, 1, 1] => QQFieldElem[2//5, 3//5, 3//5, 2//5],
	[22, 14, 17, 20, 21, 1, 1, 19, 1, 2] => QQFieldElem[0, 0, 0, 0],
	[22, 14, 17, 20, 16, 1, 1, 17, 1, 1] => QQFieldElem[-1//5, -3//5, -1//5, 0],
	[22, 14, 17, 20, 21, 2, 1, 17, 1, 1] => QQFieldElem[1//10, -1//10, -1//10, 1//10],
	[22, 14, 17, 20, 14, 1, 1, 19, 1, 2] => QQFieldElem[-8//5, 4//5, -4//5, -12//5],
	[22, 14, 17, 20, 22, 2, 1, 19, 2, 2] => QQFieldElem[0, 0, 0, 0],
	[22, 14, 17, 20, 21, 1, 1, 19, 2, 2] => QQFieldElem[1//10, 1//5, -1//5, -1//10],
	[22, 14, 17, 20, 14, 1, 1, 19, 2, 2] => QQFieldElem[0, 0, 0, 0],
	[22, 14, 17, 20, 10, 1, 1, 11, 1, 1] => QQFieldElem[-3, -1, -1, -3])