Dict(
	[22, 11, 9, 18, 21, 1, 1, 13, 1, 1] => QQFieldElem[-16, 0, -10, -10],
	[22, 11, 9, 18, 21, 2, 1, 13, 1, 1] => QQFieldElem[-4, -2, -2, -4],
	[22, 11, 9, 18, 22, 1, 1, 22, 1, 1] => QQFieldElem[-14//5, 2//5, -12//5, -6//5],
	[22, 11, 9, 18, 22, 2, 1, 22, 1, 1] => QQFieldElem[7, 0, 4, 4],
	[22, 11, 9, 18, 21, 1, 1, 22, 1, 1] => QQFieldElem[-8, 0, -6, -6],
	[22, 11, 9, 18, 21, 2, 1, 22, 1, 1] => QQFieldElem[-16//5, -2//5, -8//5, -14//5],
	[22, 11, 9, 18, 22, 1, 1, 10, 1, 1] => QQFieldElem[-2, -2, 0, -4],
	[22, 11, 9, 18, 22, 2, 1, 10, 1, 1] => QQFieldElem[0, 4, -4, 4],
	[22, 11, 9, 18, 21, 1, 1, 10, 1, 1] => QQFieldElem[0, -8, 8, -8],
	[22, 11, 9, 18, 21, 2, 1, 10, 1, 1] => QQFieldElem[2, -2, 2, 0],
	[22, 11, 9, 18, 22, 1, 1, 14, 1, 1] => QQFieldElem[6//5, 2//5, 8//5, 4//5],
	[22, 11, 9, 18, 22, 2, 1, 14, 1, 1] => QQFieldElem[0, 0, 0, 0],
	[22, 11, 9, 18, 21, 1, 1, 14, 1, 1] => QQFieldElem[0, 0, 0, 0],
	[22, 11, 9, 18, 22, 1, 1, 13, 1, 1] => QQFieldElem[-2, 2, -2, 0],
	[22, 11, 9, 18, 22, 2, 1, 13, 1, 1] => QQFieldElem[7, 0, 4, 4],
	[22, 11, 9, 18, 21, 2, 1, 14, 1, 1] => QQFieldElem[-6//5, -2//5, 2//5, -4//5])