Dict(
	[22, 22, 17, 3, 21, 1, 2, 4, 1, 1] => QQFieldElem[1, 0, 1, 0],
	[22, 22, 17, 3, 21, 1, 1, 4, 1, 1] => QQFieldElem[1//2, 1, 0, 3//2],
	[22, 22, 17, 3, 15, 1, 1, 20, 1, 1] => QQFieldElem[-84, -52, -20, -104],
	[22, 22, 17, 3, 22, 1, 2, 20, 1, 1] => QQFieldElem[-3//5, -6//5, 1//5, -7//5],
	[22, 22, 17, 3, 22, 1, 1, 20, 1, 1] => QQFieldElem[13//5, 6//5, 4//5, 12//5],
	[22, 22, 17, 3, 15, 1, 1, 18, 1, 1] => QQFieldElem[4, 4, 4, 8],
	[22, 22, 17, 3, 21, 1, 2, 20, 1, 1] => QQFieldElem[3, -23, 16, -21],
	[22, 22, 17, 3, 21, 1, 1, 20, 1, 1] => QQFieldElem[12, 2, 6, 10],
	[22, 22, 17, 3, 15, 1, 1, 20, 2, 1] => QQFieldElem[-15, 6, -13, -3],
	[22, 22, 17, 3, 22, 1, 2, 18, 1, 1] => QQFieldElem[1, 0, 1, 1],
	[22, 22, 17, 3, 22, 1, 1, 18, 1, 1] => QQFieldElem[0, 1, 0, 1],
	[22, 22, 17, 3, 22, 1, 2, 20, 2, 1] => QQFieldElem[4//5, -2//5, 2//5, 1//5],
	[22, 22, 17, 3, 22, 1, 1, 20, 2, 1] => QQFieldElem[-24//5, -1//10, -29//10, -16//5],
	[22, 22, 17, 3, 21, 1, 2, 18, 1, 1] => QQFieldElem[1, 3, -2, 3],
	[22, 22, 17, 3, 21, 1, 1, 18, 1, 1] => QQFieldElem[-4, -2, -2, -2],
	[22, 22, 17, 3, 15, 1, 1, 18, 2, 1] => QQFieldElem[3, -2, 3, 1],
	[22, 22, 17, 3, 21, 1, 2, 20, 2, 1] => QQFieldElem[-18//5, 34//5, -34//5, 18//5],
	[22, 22, 17, 3, 21, 1, 1, 20, 2, 1] => QQFieldElem[4, 8, -2, 10],
	[22, 22, 17, 3, 22, 1, 2, 18, 2, 1] => QQFieldElem[0, 0, 0, 1],
	[22, 22, 17, 3, 15, 1, 1, 4, 1, 1] => QQFieldElem[-2, 0, -2, -2],
	[22, 22, 17, 3, 22, 1, 1, 18, 2, 1] => QQFieldElem[0, -1//2, 1//2, -1],
	[22, 22, 17, 3, 22, 1, 2, 4, 1, 1] => QQFieldElem[0, 0, 0, 0],
	[22, 22, 17, 3, 21, 1, 2, 18, 2, 1] => QQFieldElem[-2, -2, -2, -2],
	[22, 22, 17, 3, 22, 1, 1, 4, 1, 1] => QQFieldElem[-3//2, -1, -1//2, -2],
	[22, 22, 17, 3, 21, 1, 1, 18, 2, 1] => QQFieldElem[0, 0, -2, 2])