Dict(
	[22, 15, 12, 20, 21, 2, 1, 17, 1, 1] => QQFieldElem[-1, 0, 0, -1],
	[22, 15, 12, 20, 21, 2, 1, 20, 2, 1] => QQFieldElem[-1//10, -1//5, -3//10, 1//10],
	[22, 15, 12, 20, 21, 1, 1, 11, 1, 1] => QQFieldElem[0, -1//2, 1//2, -1//2],
	[22, 15, 12, 20, 14, 1, 1, 17, 1, 1] => QQFieldElem[0, 0, -1, 0],
	[22, 15, 12, 20, 21, 2, 1, 18, 1, 1] => QQFieldElem[6//5, 2//5, -2//5, 4//5],
	[22, 15, 12, 20, 16, 1, 1, 11, 1, 1] => QQFieldElem[-3//11, -5//22, -7//22, -3//22],
	[22, 15, 12, 20, 22, 2, 1, 11, 1, 1] => QQFieldElem[3//11, 8//11, -2//11, -4//11],
	[22, 15, 12, 20, 21, 2, 1, 11, 1, 1] => QQFieldElem[3//11, 8//11, -2//11, 7//11],
	[22, 15, 12, 20, 14, 1, 1, 11, 1, 1] => QQFieldElem[-4//11, 4//11, -1//11, -2//11],
	[22, 15, 12, 20, 22, 1, 1, 19, 1, 1] => QQFieldElem[-6, -2, -2, 0],
	[22, 15, 12, 20, 22, 2, 1, 19, 1, 1] => QQFieldElem[2, 2, 1, 0],
	[22, 15, 12, 20, 21, 1, 1, 19, 1, 1] => QQFieldElem[1//2, 2, 1//2, 5//2],
	[22, 15, 12, 20, 16, 1, 1, 19, 1, 1] => QQFieldElem[-1//2, 0, -1//2, -1//2],
	[22, 15, 12, 20, 21, 2, 1, 19, 1, 1] => QQFieldElem[-1, -2, 0, -2],
	[22, 15, 12, 20, 14, 1, 1, 19, 1, 1] => QQFieldElem[0, -1, -1, 0],
	[22, 15, 12, 20, 22, 1, 1, 20, 1, 1] => QQFieldElem[-7//10, -7//5, -1//10, -13//10],
	[22, 15, 12, 20, 22, 2, 1, 20, 1, 1] => QQFieldElem[1//5, 2//5, -2//5, 4//5],
	[22, 15, 12, 20, 21, 1, 1, 20, 1, 1] => QQFieldElem[0, 4, 0, 0],
	[22, 15, 12, 20, 16, 1, 1, 20, 1, 1] => QQFieldElem[-6//5, -7//5, -3//5, -4//5],
	[22, 15, 12, 20, 22, 1, 1, 18, 1, 1] => QQFieldElem[0, -4, 0, 0],
	[22, 15, 12, 20, 21, 2, 1, 20, 1, 1] => QQFieldElem[0, -2, -2, -2],
	[22, 15, 12, 20, 22, 1, 1, 20, 2, 1] => QQFieldElem[-2, -2, -2, 0],
	[22, 15, 12, 20, 14, 1, 1, 20, 1, 1] => QQFieldElem[-2//5, -4//5, 4//5, 2//5],
	[22, 15, 12, 20, 22, 2, 1, 18, 1, 1] => QQFieldElem[0, 2, 2, 2],
	[22, 15, 12, 20, 22, 1, 1, 17, 1, 1] => QQFieldElem[2, 4, 2, 2],
	[22, 15, 12, 20, 21, 1, 1, 18, 1, 1] => QQFieldElem[-6//5, -7//5, -3//5, -4//5],
	[22, 15, 12, 20, 22, 2, 1, 20, 2, 1] => QQFieldElem[0, 0, -1, 0],
	[22, 15, 12, 20, 16, 1, 1, 18, 1, 1] => QQFieldElem[2//5, -1//5, 1//5, -2//5],
	[22, 15, 12, 20, 21, 1, 1, 20, 2, 1] => QQFieldElem[-2//5, 1//5, -1//5, 2//5],
	[22, 15, 12, 20, 22, 2, 1, 17, 1, 1] => QQFieldElem[-1, -2, -2, 0],
	[22, 15, 12, 20, 21, 1, 1, 17, 1, 1] => QQFieldElem[1, 1//2, 1//2, 3//2],
	[22, 15, 12, 20, 16, 1, 1, 20, 2, 1] => QQFieldElem[6//5, 2//5, -2//5, 4//5],
	[22, 15, 12, 20, 14, 1, 1, 18, 1, 1] => QQFieldElem[2//5, 4//5, -4//5, -2//5],
	[22, 15, 12, 20, 22, 1, 1, 11, 1, 1] => QQFieldElem[-18//11, -4//11, -10//11, 2//11],
	[22, 15, 12, 20, 16, 1, 1, 17, 1, 1] => QQFieldElem[0, -1//2, -1//2, -1//2],
	[22, 15, 12, 20, 14, 1, 1, 20, 2, 1] => QQFieldElem[2//5, -1//5, 1//5, -2//5])