Dict(
	[22, 19, 11, 22, 5, 1, 1, 21, 1, 1] => QQFieldElem[3, 3, 0, 5],
	[22, 19, 11, 22, 19, 2, 1, 15, 1, 1] => QQFieldElem[-3, 0, -3//2, -3//2],
	[22, 19, 11, 22, 18, 1, 1, 9, 1, 1] => QQFieldElem[0, -1, 1//2, -3//4],
	[22, 19, 11, 22, 18, 1, 1, 22, 1, 1] => QQFieldElem[10, 2, 6, 8],
	[22, 19, 11, 22, 5, 1, 1, 9, 1, 1] => QQFieldElem[0, 2, -2, 2],
	[22, 19, 11, 22, 5, 1, 1, 22, 1, 1] => QQFieldElem[-14//5, -3//5, -7//5, -11//5],
	[22, 19, 11, 22, 7, 1, 1, 21, 1, 1] => QQFieldElem[0, 0, 0, 0],
	[22, 19, 11, 22, 7, 1, 1, 9, 1, 1] => QQFieldElem[1, -1//2, 1, 0],
	[22, 19, 11, 22, 18, 1, 1, 21, 2, 1] => QQFieldElem[-4, 1, -3, -3//2],
	[22, 19, 11, 22, 3, 1, 1, 10, 1, 1] => QQFieldElem[4, 2, 2, 4],
	[22, 19, 11, 22, 5, 1, 1, 21, 2, 1] => QQFieldElem[1//2, 1, 0, 1],
	[22, 19, 11, 22, 7, 1, 1, 22, 1, 1] => QQFieldElem[-11//5, -7//5, -3//5, -14//5],
	[22, 19, 11, 22, 12, 1, 1, 14, 1, 1] => QQFieldElem[-1//2, -1//2, -1, -1//2],
	[22, 19, 11, 22, 18, 1, 1, 22, 2, 1] => QQFieldElem[-5//2, -1, -1, -5//2],
	[22, 19, 11, 22, 19, 2, 1, 16, 1, 1] => QQFieldElem[0, 0, 0, 0],
	[22, 19, 11, 22, 20, 1, 1, 14, 1, 1] => QQFieldElem[-9, 2, -7, -7//2],
	[22, 19, 11, 22, 5, 1, 1, 22, 2, 1] => QQFieldElem[-5//2, 0, -3//2, -3//2],
	[22, 19, 11, 22, 19, 1, 1, 10, 1, 1] => QQFieldElem[1//4, -3//4, 3//4, -1//4],
	[22, 19, 11, 22, 12, 1, 1, 13, 1, 1] => QQFieldElem[-1, -3//4, -1//2, -3//2],
	[22, 19, 11, 22, 20, 1, 1, 13, 1, 1] => QQFieldElem[3, 1, 3//2, 13//4],
	[22, 19, 11, 22, 7, 1, 1, 21, 2, 1] => QQFieldElem[-3, -3, 0, -5],
	[22, 19, 11, 22, 17, 2, 1, 15, 1, 1] => QQFieldElem[7//5, -1//5, 6//5, 3//5],
	[22, 19, 11, 22, 7, 1, 1, 22, 2, 1] => QQFieldElem[-14//5, -3//5, -7//5, -11//5],
	[22, 19, 11, 22, 20, 1, 1, 14, 2, 1] => QQFieldElem[-27, -9, -11, -51//2],
	[22, 19, 11, 22, 12, 1, 1, 14, 2, 1] => QQFieldElem[1, -1, 1, 0],
	[22, 19, 11, 22, 19, 2, 1, 16, 2, 1] => QQFieldElem[0, -1//2, 0, -1//2],
	[22, 19, 11, 22, 17, 2, 1, 16, 1, 1] => QQFieldElem[-2, 0, -1, -1],
	[22, 19, 11, 22, 20, 2, 1, 21, 1, 1] => QQFieldElem[-11//2, 3//2, -4, -2],
	[22, 19, 11, 22, 17, 1, 1, 10, 1, 1] => QQFieldElem[0, 1, -1, 1],
	[22, 19, 11, 22, 20, 2, 1, 9, 1, 1] => QQFieldElem[-3//2, 1//2, -1, -1//2],
	[22, 19, 11, 22, 19, 2, 1, 14, 1, 1] => QQFieldElem[5, 10, -3, 13],
	[22, 19, 11, 22, 20, 2, 1, 22, 1, 1] => QQFieldElem[4, 5//2, 1, 5],
	[22, 19, 11, 22, 18, 1, 1, 15, 1, 1] => QQFieldElem[0, -1//4, 1//2, -1//2],
	[22, 19, 11, 22, 19, 2, 1, 13, 1, 1] => QQFieldElem[0, -2, 3//2, -2],
	[22, 19, 11, 22, 5, 1, 1, 15, 1, 1] => QQFieldElem[-2, 2, -2, 2],
	[22, 19, 11, 22, 3, 1, 1, 21, 1, 1] => QQFieldElem[8, 4, 4, 8],
	[22, 19, 11, 22, 17, 2, 1, 16, 2, 1] => QQFieldElem[-2, 0, -1, -1],
	[22, 19, 11, 22, 20, 2, 1, 21, 2, 1] => QQFieldElem[11//2, -3//2, 4, 2],
	[22, 19, 11, 22, 3, 1, 1, 9, 1, 1] => QQFieldElem[0, -2, 2, -2],
	[22, 19, 11, 22, 3, 1, 1, 22, 1, 1] => QQFieldElem[44//5, -12//5, 32//5, 16//5],
	[22, 19, 11, 22, 7, 1, 1, 15, 1, 1] => QQFieldElem[7//5, -1//5, 6//5, 3//5],
	[22, 19, 11, 22, 19, 2, 1, 14, 2, 1] => QQFieldElem[-5, 8, -8, 5],
	[22, 19, 11, 22, 20, 2, 1, 22, 2, 1] => QQFieldElem[4, 5//2, 1, 5],
	[22, 19, 11, 22, 19, 1, 1, 21, 1, 1] => QQFieldElem[-1//2, 1//2, -1//2, 1//2],
	[22, 19, 11, 22, 18, 1, 1, 16, 1, 1] => QQFieldElem[2, 2, 2, 2],
	[22, 19, 11, 22, 3, 1, 1, 21, 2, 1] => QQFieldElem[-8, -4, -4, -8],
	[22, 19, 11, 22, 19, 1, 1, 9, 1, 1] => QQFieldElem[0, 1, -3//4, 1],
	[22, 19, 11, 22, 5, 1, 1, 16, 1, 1] => QQFieldElem[4//5, -2//5, 2//5, 1//5],
	[22, 19, 11, 22, 17, 2, 1, 14, 1, 1] => QQFieldElem[-2, 3, -3, 2],
	[22, 19, 11, 22, 19, 1, 1, 22, 1, 1] => QQFieldElem[-1, -3//2, 1//2, -2],
	[22, 19, 11, 22, 3, 1, 1, 22, 2, 1] => QQFieldElem[44//5, -12//5, 32//5, 16//5],
	[22, 19, 11, 22, 7, 1, 1, 16, 1, 1] => QQFieldElem[6//5, 2//5, 3//5, 4//5],
	[22, 19, 11, 22, 17, 2, 1, 13, 1, 1] => QQFieldElem[1//2, 1, -1//2, 3//2],
	[22, 19, 11, 22, 19, 1, 1, 21, 2, 1] => QQFieldElem[-7//4, 1, -7//4, 0],
	[22, 19, 11, 22, 18, 1, 1, 16, 2, 1] => QQFieldElem[0, 0, 0, 0],
	[22, 19, 11, 22, 5, 1, 1, 16, 2, 1] => QQFieldElem[1//2, -1//2, 0, -1//2],
	[22, 19, 11, 22, 18, 2, 1, 10, 1, 1] => QQFieldElem[0, -1, 1, -1],
	[22, 19, 11, 22, 19, 1, 1, 22, 2, 1] => QQFieldElem[9//4, 3//4, 1, 9//4],
	[22, 19, 11, 22, 17, 2, 1, 14, 2, 1] => QQFieldElem[2, -3, 3, -2],
	[22, 19, 11, 22, 7, 1, 1, 16, 2, 1] => QQFieldElem[4//5, -2//5, 2//5, 1//5],
	[22, 19, 11, 22, 17, 1, 1, 21, 1, 1] => QQFieldElem[-11//2, -2, -2, -11//2],
	[22, 19, 11, 22, 17, 1, 1, 9, 1, 1] => QQFieldElem[0, 0, 0, 0],
	[22, 19, 11, 22, 17, 1, 1, 22, 1, 1] => QQFieldElem[-2, -1//2, -1, -3//2],
	[22, 19, 11, 22, 20, 2, 1, 15, 1, 1] => QQFieldElem[-3, 0, -3//2, -3//2],
	[22, 19, 11, 22, 18, 1, 1, 14, 1, 1] => QQFieldElem[-32, -20, -8, -40],
	[22, 19, 11, 22, 5, 1, 1, 14, 1, 1] => QQFieldElem[0, 2, -1, 2],
	[22, 19, 11, 22, 17, 1, 1, 21, 2, 1] => QQFieldElem[-11//2, -2, -2, -11//2],
	[22, 19, 11, 22, 18, 1, 1, 13, 1, 1] => QQFieldElem[1//2, 1//4, 1//2, 0],
	[22, 19, 11, 22, 5, 1, 1, 13, 1, 1] => QQFieldElem[4, 2, 0, 4],
	[22, 19, 11, 22, 17, 1, 1, 22, 2, 1] => QQFieldElem[3, -3//2, 3, 1//2],
	[22, 19, 11, 22, 3, 1, 1, 15, 1, 1] => QQFieldElem[-2, 2, -2, 2],
	[22, 19, 11, 22, 7, 1, 1, 14, 1, 1] => QQFieldElem[-1, 1, -1, 0],
	[22, 19, 11, 22, 20, 2, 1, 16, 1, 1] => QQFieldElem[0, 0, -1//2, 1//2],
	[22, 19, 11, 22, 18, 1, 1, 14, 2, 1] => QQFieldElem[5, 10, -3, 13],
	[22, 19, 11, 22, 5, 1, 1, 14, 2, 1] => QQFieldElem[1//2, 1//2, 0, 3//2],
	[22, 19, 11, 22, 7, 1, 1, 13, 1, 1] => QQFieldElem[-1//2, -1, 1//2, -3//2],
	[22, 19, 11, 22, 20, 1, 1, 10, 1, 1] => QQFieldElem[-15//4, -3//4, -9//4, -13//4],
	[22, 19, 11, 22, 12, 1, 1, 10, 1, 1] => QQFieldElem[5//4, 1//2, 1//2, 3//2],
	[22, 19, 11, 22, 19, 1, 1, 15, 1, 1] => QQFieldElem[3//4, 1//2, 0, 5//4],
	[22, 19, 11, 22, 7, 1, 1, 14, 2, 1] => QQFieldElem[0, -2, 1, -2],
	[22, 19, 11, 22, 3, 1, 1, 16, 1, 1] => QQFieldElem[-8//5, 4//5, -4//5, 8//5],
	[22, 19, 11, 22, 20, 2, 1, 16, 2, 1] => QQFieldElem[0, 0, -1//2, 1//2],
	[22, 19, 11, 22, 18, 2, 1, 21, 1, 1] => QQFieldElem[2, -4, 4, -2],
	[22, 19, 11, 22, 18, 2, 1, 9, 1, 1] => QQFieldElem[0, 0, 0, 0],
	[22, 19, 11, 22, 18, 2, 1, 22, 1, 1] => QQFieldElem[10, 2, 6, 8],
	[22, 19, 11, 22, 19, 1, 1, 16, 1, 1] => QQFieldElem[0, -1//2, 0, -1//2],
	[22, 19, 11, 22, 3, 1, 1, 16, 2, 1] => QQFieldElem[-8//5, 4//5, -4//5, 8//5],
	[22, 19, 11, 22, 18, 2, 1, 21, 2, 1] => QQFieldElem[-1//4, 1//2, -1//4, 0],
	[22, 19, 11, 22, 17, 1, 1, 15, 1, 1] => QQFieldElem[2, 1//2, 1, 3//2],
	[22, 19, 11, 22, 20, 2, 1, 14, 1, 1] => QQFieldElem[0, -18, 11, -18],
	[22, 19, 11, 22, 18, 2, 1, 22, 2, 1] => QQFieldElem[-9//4, -3//4, -1, -9//4],
	[22, 19, 11, 22, 19, 1, 1, 16, 2, 1] => QQFieldElem[1//2, 1//4, 0, 1//2],
	[22, 19, 11, 22, 19, 2, 1, 10, 1, 1] => QQFieldElem[3//2, 3, -1//2, 7//2],
	[22, 19, 11, 22, 20, 2, 1, 13, 1, 1] => QQFieldElem[0, 2, -3//2, 2],
	[22, 19, 11, 22, 3, 1, 1, 14, 1, 1] => QQFieldElem[4, 4, 0, 4],
	[22, 19, 11, 22, 20, 2, 1, 14, 2, 1] => QQFieldElem[0, -18, 11, -18],
	[22, 19, 11, 22, 17, 1, 1, 16, 1, 1] => QQFieldElem[1//2, 1//2, 1//2, 1],
	[22, 19, 11, 22, 3, 1, 1, 13, 1, 1] => QQFieldElem[-4, -2, 0, -4],
	[22, 19, 11, 22, 12, 1, 1, 21, 1, 1] => QQFieldElem[5//2, 1, 1, 3],
	[22, 19, 11, 22, 20, 1, 1, 21, 1, 1] => QQFieldElem[15//4, -5//2, 15//4, 0],
	[22, 19, 11, 22, 19, 1, 1, 14, 1, 1] => QQFieldElem[-5, 8, -8, 5],
	[22, 19, 11, 22, 12, 1, 1, 9, 1, 1] => QQFieldElem[1//2, 0, 1//2, 1//4],
	[22, 19, 11, 22, 12, 1, 1, 22, 1, 1] => QQFieldElem[5//2, 0, 3//2, 3//2],
	[22, 19, 11, 22, 20, 1, 1, 22, 1, 1] => QQFieldElem[-7//4, -3//4, -3//4, -7//4],
	[22, 19, 11, 22, 3, 1, 1, 14, 2, 1] => QQFieldElem[-4, -4, 0, -4],
	[22, 19, 11, 22, 20, 1, 1, 9, 1, 1] => QQFieldElem[0, 1, -3//4, 1],
	[22, 19, 11, 22, 17, 1, 1, 16, 2, 1] => QQFieldElem[1//2, 3//2, -1//2, 1],
	[22, 19, 11, 22, 19, 1, 1, 13, 1, 1] => QQFieldElem[-1, 1//2, -1//2, -1//4],
	[22, 19, 11, 22, 17, 2, 1, 10, 1, 1] => QQFieldElem[-1, -1, 0, -3//2],
	[22, 19, 11, 22, 20, 1, 1, 21, 2, 1] => QQFieldElem[-1//4, -3, 7//4, -7//2],
	[22, 19, 11, 22, 12, 1, 1, 21, 2, 1] => QQFieldElem[0, 0, 0, 0],
	[22, 19, 11, 22, 19, 1, 1, 14, 2, 1] => QQFieldElem[6, 1, 5//2, 11//2],
	[22, 19, 11, 22, 20, 1, 1, 22, 2, 1] => QQFieldElem[15//4, -3//4, 11//4, 7//4],
	[22, 19, 11, 22, 18, 2, 1, 15, 1, 1] => QQFieldElem[2, 1//2, 1, 3//2],
	[22, 19, 11, 22, 12, 1, 1, 22, 2, 1] => QQFieldElem[-11//5, -7//5, -3//5, -14//5],
	[22, 19, 11, 22, 17, 1, 1, 14, 1, 1] => QQFieldElem[2, 0, 3//2, 3//2],
	[22, 19, 11, 22, 19, 2, 1, 21, 1, 1] => QQFieldElem[4, -1, 3, 3//2],
	[22, 19, 11, 22, 17, 1, 1, 13, 1, 1] => QQFieldElem[1//2, -1, 1, -1//2],
	[22, 19, 11, 22, 18, 2, 1, 16, 1, 1] => QQFieldElem[2, 2, 2, 2],
	[22, 19, 11, 22, 19, 2, 1, 9, 1, 1] => QQFieldElem[3//2, -1//2, 1, 1//2],
	[22, 19, 11, 22, 19, 2, 1, 22, 1, 1] => QQFieldElem[-5//2, -1, -1, -5//2],
	[22, 19, 11, 22, 18, 1, 1, 10, 1, 1] => QQFieldElem[1//4, 1//2, 0, 1//2],
	[22, 19, 11, 22, 17, 1, 1, 14, 2, 1] => QQFieldElem[-5, -3, -3//2, -11//2],
	[22, 19, 11, 22, 5, 1, 1, 10, 1, 1] => QQFieldElem[-4, -2, -2, -4],
	[22, 19, 11, 22, 19, 2, 1, 21, 2, 1] => QQFieldElem[1//2, -1//2, 1//2, -1//2],
	[22, 19, 11, 22, 7, 1, 1, 10, 1, 1] => QQFieldElem[1, 1, 0, 3//2],
	[22, 19, 11, 22, 18, 2, 1, 16, 2, 1] => QQFieldElem[-1//2, -1//4, 0, -1//2],
	[22, 19, 11, 22, 19, 2, 1, 22, 2, 1] => QQFieldElem[-1, -3//2, 1//2, -2],
	[22, 19, 11, 22, 20, 1, 1, 15, 1, 1] => QQFieldElem[1//4, 3//2, -1, 7//4],
	[22, 19, 11, 22, 12, 1, 1, 15, 1, 1] => QQFieldElem[0, -3//4, 1//2, -1//2],
	[22, 19, 11, 22, 17, 2, 1, 21, 1, 1] => QQFieldElem[2, 4, -1, 5],
	[22, 19, 11, 22, 17, 2, 1, 9, 1, 1] => QQFieldElem[-1, 1//2, -1, 0],
	[22, 19, 11, 22, 17, 2, 1, 22, 1, 1] => QQFieldElem[5, 2, 2, 5],
	[22, 19, 11, 22, 18, 2, 1, 14, 1, 1] => QQFieldElem[-32, -20, -8, -40],
	[22, 19, 11, 22, 20, 1, 1, 16, 1, 1] => QQFieldElem[-3//4, -1//2, -1//2, -3//4],
	[22, 19, 11, 22, 12, 1, 1, 16, 1, 1] => QQFieldElem[-1//2, -1//2, -1, -1//2],
	[22, 19, 11, 22, 17, 2, 1, 21, 2, 1] => QQFieldElem[-2, -4, 1, -5],
	[22, 19, 11, 22, 18, 2, 1, 13, 1, 1] => QQFieldElem[-1//2, 1, -1, 1//2],
	[22, 19, 11, 22, 17, 2, 1, 22, 2, 1] => QQFieldElem[5, 2, 2, 5],
	[22, 19, 11, 22, 18, 2, 1, 14, 2, 1] => QQFieldElem[9, 4, 5//2, 19//2],
	[22, 19, 11, 22, 20, 1, 1, 16, 2, 1] => QQFieldElem[3//4, 1//2, 1//2, 3//4],
	[22, 19, 11, 22, 12, 1, 1, 16, 2, 1] => QQFieldElem[6//5, 2//5, 3//5, 4//5],
	[22, 19, 11, 22, 18, 1, 1, 21, 1, 1] => QQFieldElem[-2, 4, -4, 2],
	[22, 19, 11, 22, 20, 2, 1, 10, 1, 1] => QQFieldElem[-3//2, -3, 1//2, -7//2])