Dict(
	[22, 14, 18, 18, 21, 2, 1, 6, 1, 1] => QQFieldElem[0, 2, -2, 2],
	[22, 14, 18, 18, 14, 1, 1, 8, 1, 1] => QQFieldElem[-2, 2, -2, 0],
	[22, 14, 18, 18, 21, 1, 1, 17, 1, 1] => QQFieldElem[0, -4, 2, -4],
	[22, 14, 18, 18, 22, 2, 1, 17, 1, 1] => QQFieldElem[6//11, 14//11, -12//11, 12//11],
	[22, 14, 18, 18, 9, 1, 1, 20, 1, 1] => QQFieldElem[16//5, 72//5, -32//5, 64//5],
	[22, 14, 18, 18, 14, 1, 1, 17, 1, 1] => QQFieldElem[-14//55, -18//55, 28//55, -6//55],
	[22, 14, 18, 18, 9, 1, 1, 6, 1, 1] => QQFieldElem[4, 4, 0, 8],
	[22, 14, 18, 18, 15, 1, 1, 19, 1, 1] => QQFieldElem[-3, 0, -2, -2],
	[22, 14, 18, 18, 15, 1, 1, 19, 2, 1] => QQFieldElem[2//5, -6//5, 6//5, -2//5],
	[22, 14, 18, 18, 15, 1, 1, 8, 1, 1] => QQFieldElem[5, -1, 4, 2],
	[22, 14, 18, 18, 15, 1, 1, 17, 1, 1] => QQFieldElem[-4//11, 20//11, -14//11, 14//11],
	[22, 14, 18, 18, 22, 1, 1, 11, 1, 1] => QQFieldElem[-14//11, 3//11, -9//11, -7//11],
	[22, 14, 18, 18, 16, 1, 1, 11, 1, 1] => QQFieldElem[14//11, -14//11, 20//11, -4//11],
	[22, 14, 18, 18, 21, 2, 1, 11, 1, 1] => QQFieldElem[18//11, 4//11, 10//11, 20//11],
	[22, 14, 18, 18, 22, 1, 1, 19, 1, 1] => QQFieldElem[-8, 0, -6, -4],
	[22, 14, 18, 18, 22, 2, 1, 12, 1, 1] => QQFieldElem[-29//11, 2//11, -19//11, -14//11],
	[22, 14, 18, 18, 9, 1, 1, 11, 1, 1] => QQFieldElem[32//11, -32//11, 8//11, 16//11],
	[22, 14, 18, 18, 21, 1, 1, 12, 1, 1] => QQFieldElem[8, 0, 5, 5],
	[22, 14, 18, 18, 16, 1, 1, 19, 1, 1] => QQFieldElem[38//55, -14//55, 34//55, 32//55],
	[22, 14, 18, 18, 21, 2, 1, 19, 1, 1] => QQFieldElem[-14//5, 2//5, -12//5, -6//5],
	[22, 14, 18, 18, 22, 1, 1, 19, 2, 1] => QQFieldElem[8//5, -4//5, 4//5, 2//5],
	[22, 14, 18, 18, 14, 1, 1, 12, 1, 1] => QQFieldElem[38//55, -14//55, 34//55, 32//55],
	[22, 14, 18, 18, 16, 1, 1, 19, 2, 1] => QQFieldElem[13//11, 1//11, 7//11, 4//11],
	[22, 14, 18, 18, 22, 2, 1, 20, 1, 1] => QQFieldElem[-3//5, -21//5, 11//5, -22//5],
	[22, 14, 18, 18, 21, 1, 1, 20, 1, 1] => QQFieldElem[-1, 6, -4, 6],
	[22, 14, 18, 18, 9, 1, 1, 19, 1, 1] => QQFieldElem[32//55, 104//55, -64//55, -112//55],
	[22, 14, 18, 18, 21, 2, 1, 19, 2, 1] => QQFieldElem[-12//5, 16//5, -16//5, 12//5],
	[22, 14, 18, 18, 22, 1, 1, 8, 1, 1] => QQFieldElem[1, -1, 1, 0],
	[22, 14, 18, 18, 22, 2, 1, 6, 1, 1] => QQFieldElem[-3, -3, 0, -5],
	[22, 14, 18, 18, 21, 1, 1, 6, 1, 1] => QQFieldElem[6, 8, -1, 12],
	[22, 14, 18, 18, 14, 1, 1, 20, 1, 1] => QQFieldElem[1//5, 12//5, -7//5, 14//5],
	[22, 14, 18, 18, 22, 1, 1, 17, 1, 1] => QQFieldElem[16//55, 52//55, -32//55, 54//55],
	[22, 14, 18, 18, 16, 1, 1, 8, 1, 1] => QQFieldElem[0, 4, -2, 4],
	[22, 14, 18, 18, 9, 1, 1, 19, 2, 1] => QQFieldElem[-23//55, -6//55, -9//55, -2//55],
	[22, 14, 18, 18, 14, 1, 1, 6, 1, 1] => QQFieldElem[1, 1, 0, 2],
	[22, 14, 18, 18, 21, 2, 1, 8, 1, 1] => QQFieldElem[-2, 0, -2, -2],
	[22, 14, 18, 18, 16, 1, 1, 17, 1, 1] => QQFieldElem[-12//55, 16//55, 24//55, -68//55],
	[22, 14, 18, 18, 21, 2, 1, 17, 1, 1] => QQFieldElem[104//55, 8//55, 12//55, 76//55],
	[22, 14, 18, 18, 9, 1, 1, 8, 1, 1] => QQFieldElem[-8, 8, -8, 0],
	[22, 14, 18, 18, 15, 1, 1, 12, 1, 1] => QQFieldElem[-35//11, -1//11, -18//11, -26//11],
	[22, 14, 18, 18, 9, 1, 1, 17, 1, 1] => QQFieldElem[96//55, -128//55, -192//55, -336//55],
	[22, 14, 18, 18, 15, 1, 1, 20, 1, 1] => QQFieldElem[3, -3, 4, -1],
	[22, 14, 18, 18, 15, 1, 1, 6, 1, 1] => QQFieldElem[-2, -4, 1, -5],
	[22, 14, 18, 18, 22, 2, 1, 11, 1, 1] => QQFieldElem[-28//11, 6//11, -18//11, -14//11],
	[22, 14, 18, 18, 21, 1, 1, 11, 1, 1] => QQFieldElem[74//11, -8//11, 46//11, 48//11],
	[22, 14, 18, 18, 14, 1, 1, 11, 1, 1] => QQFieldElem[10//11, 1//11, 8//11, 5//11],
	[22, 14, 18, 18, 22, 1, 1, 12, 1, 1] => QQFieldElem[-103//55, 9//55, -69//55, -52//55],
	[22, 14, 18, 18, 22, 2, 1, 19, 1, 1] => QQFieldElem[-8//5, -16//5, -4//5, -12//5],
	[22, 14, 18, 18, 21, 1, 1, 19, 1, 1] => QQFieldElem[-64//5, 32//5, -32//5, -16//5],
	[22, 14, 18, 18, 16, 1, 1, 12, 1, 1] => QQFieldElem[20//11, -12//11, 26//11, -4//11],
	[22, 14, 18, 18, 21, 2, 1, 12, 1, 1] => QQFieldElem[138//55, 36//55, 54//55, 122//55],
	[22, 14, 18, 18, 14, 1, 1, 19, 1, 1] => QQFieldElem[25//11, 7//11, 16//11, 17//11],
	[22, 14, 18, 18, 22, 2, 1, 19, 2, 1] => QQFieldElem[22//5, -6//5, 16//5, 8//5],
	[22, 14, 18, 18, 21, 1, 1, 19, 2, 1] => QQFieldElem[4, 0, 2, 2],
	[22, 14, 18, 18, 22, 1, 1, 20, 1, 1] => QQFieldElem[-2//5, -4//5, 4//5, -8//5],
	[22, 14, 18, 18, 22, 1, 1, 6, 1, 1] => QQFieldElem[-2, -2, 0, -3],
	[22, 14, 18, 18, 9, 1, 1, 12, 1, 1] => QQFieldElem[152//55, -56//55, 136//55, 128//55],
	[22, 14, 18, 18, 14, 1, 1, 19, 2, 1] => QQFieldElem[0, 0, 0, 0],
	[22, 14, 18, 18, 16, 1, 1, 20, 1, 1] => QQFieldElem[28//5, 16//5, 4//5, 32//5],
	[22, 14, 18, 18, 21, 2, 1, 20, 1, 1] => QQFieldElem[-18//5, 14//5, -14//5, -2//5],
	[22, 14, 18, 18, 22, 2, 1, 8, 1, 1] => QQFieldElem[3, -2, 3, 0],
	[22, 14, 18, 18, 21, 1, 1, 8, 1, 1] => QQFieldElem[-6, 2, -5, -1],
	[22, 14, 18, 18, 16, 1, 1, 6, 1, 1] => QQFieldElem[6, 2, 2, 6],
	[22, 14, 18, 18, 15, 1, 1, 11, 1, 1] => QQFieldElem[-31//11, -2//11, -16//11, -21//11])