Dict(
	[22, 18, 12, 9, 19, 1, 1, 22, 1, 1] => QQFieldElem[-5//4, 0, -5//4, -5//4],
	[22, 18, 12, 9, 18, 1, 1, 21, 2, 1] => QQFieldElem[0, 1, 0, 1],
	[22, 18, 12, 9, 18, 1, 1, 22, 2, 1] => QQFieldElem[1//2, 0, 0, 0],
	[22, 18, 12, 9, 19, 1, 1, 21, 2, 1] => QQFieldElem[5//2, 0, 5//2, 5//2],
	[22, 18, 12, 9, 19, 1, 1, 22, 2, 1] => QQFieldElem[7//2, 0, 2, 2],
	[22, 18, 12, 9, 20, 1, 1, 21, 1, 1] => QQFieldElem[0, 0, 0, 0],
	[22, 18, 12, 9, 12, 1, 1, 21, 1, 1] => QQFieldElem[0, -3, 1, -3],
	[22, 18, 12, 9, 20, 1, 1, 22, 1, 1] => QQFieldElem[1//4, 1//2, 1//4, 1//4],
	[22, 18, 12, 9, 12, 1, 1, 22, 1, 1] => QQFieldElem[-5//4, 0, -5//4, -5//4],
	[22, 18, 12, 9, 20, 1, 1, 21, 2, 1] => QQFieldElem[1//2, 0, -1//2, -1//2],
	[22, 18, 12, 9, 12, 1, 1, 21, 2, 1] => QQFieldElem[0, 7, -4, 7],
	[22, 18, 12, 9, 20, 1, 1, 22, 2, 1] => QQFieldElem[1//2, 0, 0, 0],
	[22, 18, 12, 9, 12, 1, 1, 22, 2, 1] => QQFieldElem[7//2, 0, 2, 2],
	[22, 18, 12, 9, 18, 1, 1, 21, 1, 1] => QQFieldElem[0, 0, 0, 0],
	[22, 18, 12, 9, 18, 1, 1, 22, 1, 1] => QQFieldElem[-1//4, -1//2, -1//4, -1//4],
	[22, 18, 12, 9, 19, 1, 1, 21, 1, 1] => QQFieldElem[-3//2, 0, -1//2, -1//2])