Dict(
	[22, 18, 13, 17, 21, 1, 1, 22, 1, 1] => QQFieldElem[1, 1, -1, 2],
	[22, 18, 13, 17, 22, 2, 1, 21, 2, 1] => QQFieldElem[-56//11, -6//11, -31//11, -35//11],
	[22, 18, 13, 17, 21, 1, 1, 21, 2, 1] => QQFieldElem[41//11, 4//11, 28//11, 27//11],
	[22, 18, 13, 17, 22, 2, 1, 22, 2, 1] => QQFieldElem[0, 0, 0, 0],
	[22, 18, 13, 17, 21, 1, 1, 22, 2, 1] => QQFieldElem[-1//5, -2//5, 2//5, 1//5],
	[22, 18, 13, 17, 15, 1, 1, 21, 1, 1] => QQFieldElem[-2//5, 1//5, -1//5, -3//5],
	[22, 18, 13, 17, 22, 2, 1, 15, 1, 1] => QQFieldElem[-3//2, -1, 0, -5//2],
	[22, 18, 13, 17, 21, 1, 1, 15, 1, 1] => QQFieldElem[-1//4, -1//4, 1//4, 1//4],
	[22, 18, 13, 17, 15, 1, 1, 22, 1, 1] => QQFieldElem[2, -1, 1, 1],
	[22, 18, 13, 17, 15, 1, 1, 21, 2, 1] => QQFieldElem[2//11, 13//22, -4//11, -7//11],
	[22, 18, 13, 17, 15, 1, 1, 22, 2, 1] => QQFieldElem[0, -3//2, 0, 0],
	[22, 18, 13, 17, 13, 1, 1, 21, 1, 1] => QQFieldElem[4//11, -9//11, 3//11, -3//11],
	[22, 18, 13, 17, 22, 2, 1, 14, 1, 1] => QQFieldElem[-1//2, 1, -1, 1],
	[22, 18, 13, 17, 21, 1, 1, 14, 1, 1] => QQFieldElem[-1//2, 0, -3//4, -3//4],
	[22, 18, 13, 17, 15, 1, 1, 15, 1, 1] => QQFieldElem[3, 1, 1, 3],
	[22, 18, 13, 17, 13, 1, 1, 22, 1, 1] => QQFieldElem[0, -1, -1, -1],
	[22, 18, 13, 17, 22, 2, 1, 13, 1, 1] => QQFieldElem[1//2, 0, 0, 0],
	[22, 18, 13, 17, 21, 1, 1, 13, 1, 1] => QQFieldElem[-21//22, -23//22, -27//44, -65//44],
	[22, 18, 13, 17, 13, 1, 1, 21, 2, 1] => QQFieldElem[-10//11, -16//11, -2//11, -20//11],
	[22, 18, 13, 17, 22, 1, 1, 21, 1, 1] => QQFieldElem[-27//22, -49//44, -35//44, -21//22],
	[22, 18, 13, 17, 13, 1, 1, 22, 2, 1] => QQFieldElem[-14//5, -8//5, -2//5, -16//5],
	[22, 18, 13, 17, 22, 1, 1, 22, 1, 1] => QQFieldElem[-1, -3//4, -3//4, -1],
	[22, 18, 13, 17, 16, 1, 1, 21, 1, 1] => QQFieldElem[13//11, 1//11, 7//11, 4//11],
	[22, 18, 13, 17, 21, 2, 1, 21, 1, 1] => QQFieldElem[2, 0, 3//2, 3//2],
	[22, 18, 13, 17, 22, 1, 1, 21, 2, 1] => QQFieldElem[45//22, -21//44, 73//44, 12//11],
	[22, 18, 13, 17, 16, 1, 1, 22, 1, 1] => QQFieldElem[-1, 1, -1, 0],
	[22, 18, 13, 17, 21, 2, 1, 22, 1, 1] => QQFieldElem[0, 0, -1//2, -1//2],
	[22, 18, 13, 17, 22, 1, 1, 22, 2, 1] => QQFieldElem[0, 1//4, 1//4, -1//2],
	[22, 18, 13, 17, 16, 1, 1, 21, 2, 1] => QQFieldElem[-3//11, -3//22, -5//11, -6//11],
	[22, 18, 13, 17, 21, 2, 1, 21, 2, 1] => QQFieldElem[-1, -1, -1//2, -3//2],
	[22, 18, 13, 17, 16, 1, 1, 22, 2, 1] => QQFieldElem[-1, 1//2, -1, -1],
	[22, 18, 13, 17, 21, 2, 1, 22, 2, 1] => QQFieldElem[-1, -1, -1//2, -3//2],
	[22, 18, 13, 17, 15, 1, 1, 14, 1, 1] => QQFieldElem[0, 0, 0, 0],
	[22, 18, 13, 17, 13, 1, 1, 15, 1, 1] => QQFieldElem[0, 0, 0, 0],
	[22, 18, 13, 17, 15, 1, 1, 13, 1, 1] => QQFieldElem[0, 0, 0, 0],
	[22, 18, 13, 17, 22, 1, 1, 15, 1, 1] => QQFieldElem[7//4, -3//4, 5//4, 1//4],
	[22, 18, 13, 17, 16, 1, 1, 15, 1, 1] => QQFieldElem[0, 0, 0, 0],
	[22, 18, 13, 17, 21, 2, 1, 15, 1, 1] => QQFieldElem[-1//2, 0, 0, 1//2],
	[22, 18, 13, 17, 13, 1, 1, 14, 1, 1] => QQFieldElem[3//2, -1//2, 3//2, 0],
	[22, 18, 13, 17, 13, 1, 1, 13, 1, 1] => QQFieldElem[-15//22, -7//22, -1//22, -1//11],
	[22, 18, 13, 17, 22, 1, 1, 14, 1, 1] => QQFieldElem[2, 1//2, 3//4, 7//4],
	[22, 18, 13, 17, 22, 1, 1, 13, 1, 1] => QQFieldElem[0, 0, 1//4, -1//4],
	[22, 18, 13, 17, 16, 1, 1, 14, 1, 1] => QQFieldElem[-3//2, -1//2, -1//2, -1],
	[22, 18, 13, 17, 21, 2, 1, 14, 1, 1] => QQFieldElem[3//2, 0, 1, 1],
	[22, 18, 13, 17, 16, 1, 1, 13, 1, 1] => QQFieldElem[-17//22, -27//22, 15//22, -18//11],
	[22, 18, 13, 17, 21, 2, 1, 13, 1, 1] => QQFieldElem[43//22, 17//11, 4//11, 30//11],
	[22, 18, 13, 17, 22, 2, 1, 21, 1, 1] => QQFieldElem[18//11, 9//11, 8//11, 25//11],
	[22, 18, 13, 17, 21, 1, 1, 21, 1, 1] => QQFieldElem[-1//55, 93//55, -53//55, 86//55],
	[22, 18, 13, 17, 22, 2, 1, 22, 1, 1] => QQFieldElem[2, 1, 1, 2])