Dict(
	[3, 19, 5, 19, 8, 1, 1, 19, 1, 1] => QQFieldElem[0, 12//5, -4//5, 12//5],
	[3, 19, 5, 19, 8, 1, 1, 12, 1, 1] => QQFieldElem[-4, -4, 0, -4],
	[3, 19, 5, 19, 12, 1, 1, 11, 1, 1] => QQFieldElem[0, -1//2, 1//2, -1//2],
	[3, 19, 5, 19, 19, 1, 1, 8, 1, 1] => QQFieldElem[-1//4, 1//4, 1//4, -1//4],
	[3, 19, 5, 19, 11, 1, 1, 8, 1, 1] => QQFieldElem[0, 1, 0, 1],
	[3, 19, 5, 19, 12, 1, 1, 19, 1, 1] => QQFieldElem[0, 8//5, -6//5, 8//5],
	[3, 19, 5, 19, 12, 1, 1, 12, 1, 1] => QQFieldElem[-2, -2, 0, -4],
	[3, 19, 5, 19, 8, 1, 1, 8, 1, 1] => QQFieldElem[1, -1, 1, 0],
	[3, 19, 5, 19, 19, 1, 1, 11, 1, 1] => QQFieldElem[-3//4, 0, -1//4, -1//4],
	[3, 19, 5, 19, 11, 1, 1, 11, 1, 1] => QQFieldElem[1, 1, 0, 2],
	[3, 19, 5, 19, 8, 1, 1, 11, 1, 1] => QQFieldElem[0, -1, 1, -1],
	[3, 19, 5, 19, 19, 1, 1, 19, 1, 1] => QQFieldElem[2, 0, 1, 1],
	[3, 19, 5, 19, 12, 1, 1, 8, 1, 1] => QQFieldElem[1//2, -1//2, 1//2, 0],
	[3, 19, 5, 19, 11, 1, 1, 12, 1, 1] => QQFieldElem[4, 4, 4, 4],
	[3, 19, 5, 19, 11, 1, 1, 19, 1, 1] => QQFieldElem[-12//5, -12//5, 0, -16//5],
	[3, 19, 5, 19, 19, 1, 1, 12, 1, 1] => QQFieldElem[-2, -1, -2, 0])