Dict(
	[3, 22, 20, 21, 13, 1, 2, 22, 1, 1] => QQFieldElem[2, 2, 0, 2],
	[3, 22, 20, 21, 21, 1, 2, 22, 1, 2] => QQFieldElem[-1, 1, -1, 1],
	[3, 22, 20, 21, 13, 1, 1, 22, 1, 1] => QQFieldElem[1, 1, 1, 2],
	[3, 22, 20, 21, 21, 1, 1, 22, 1, 2] => QQFieldElem[0, 1, 1//2, 1],
	[3, 22, 20, 21, 22, 1, 2, 15, 1, 1] => QQFieldElem[1//2, -1, 1, -1//2],
	[3, 22, 20, 21, 22, 1, 1, 15, 1, 1] => QQFieldElem[3//4, -1//4, 3//4, 0],
	[3, 22, 20, 21, 21, 1, 2, 15, 1, 1] => QQFieldElem[1//5, -3//5, 3//5, -1//5],
	[3, 22, 20, 21, 22, 1, 2, 21, 1, 1] => QQFieldElem[-1//2, -1, 0, -1],
	[3, 22, 20, 21, 21, 1, 1, 15, 1, 1] => QQFieldElem[1//2, -1//2, 1//2, 0],
	[3, 22, 20, 21, 22, 1, 1, 21, 1, 1] => QQFieldElem[1//2, -1//2, 1//2, -1//2],
	[3, 22, 20, 21, 22, 1, 2, 22, 1, 1] => QQFieldElem[3//2, 0, 1, 1],
	[3, 22, 20, 21, 21, 1, 2, 21, 1, 1] => QQFieldElem[0, 0, 0, 0],
	[3, 22, 20, 21, 22, 1, 1, 22, 1, 1] => QQFieldElem[0, 0, 0, 0],
	[3, 22, 20, 21, 21, 1, 1, 21, 1, 1] => QQFieldElem[-1//2, 0, 0, 0],
	[3, 22, 20, 21, 13, 1, 2, 15, 1, 2] => QQFieldElem[-3, -1, -1, -3],
	[3, 22, 20, 21, 21, 1, 2, 22, 1, 1] => QQFieldElem[0, 0, 0, 0],
	[3, 22, 20, 21, 13, 1, 1, 15, 1, 2] => QQFieldElem[-5//2, -3//2, -1//2, -3],
	[3, 22, 20, 21, 21, 1, 1, 22, 1, 1] => QQFieldElem[1//2, 0, 1, 1],
	[3, 22, 20, 21, 13, 1, 2, 21, 1, 2] => QQFieldElem[0, 0, 0, 0],
	[3, 22, 20, 21, 13, 1, 1, 21, 1, 2] => QQFieldElem[-1//2, 0, 0, 0],
	[3, 22, 20, 21, 13, 1, 2, 22, 1, 2] => QQFieldElem[0, 0, 0, 0],
	[3, 22, 20, 21, 13, 1, 1, 22, 1, 2] => QQFieldElem[-3//2, 0, -1, -1],
	[3, 22, 20, 21, 22, 1, 2, 15, 1, 2] => QQFieldElem[1//2, 0, 0, 1//2],
	[3, 22, 20, 21, 22, 1, 1, 15, 1, 2] => QQFieldElem[3//4, -1//4, 1//4, 1//2],
	[3, 22, 20, 21, 13, 1, 2, 15, 1, 1] => QQFieldElem[14//5, 8//5, 2//5, 16//5],
	[3, 22, 20, 21, 21, 1, 2, 15, 1, 2] => QQFieldElem[0, 1, -1, 1],
	[3, 22, 20, 21, 21, 1, 1, 15, 1, 2] => QQFieldElem[0, 1//2, -1//2, 0],
	[3, 22, 20, 21, 13, 1, 1, 15, 1, 1] => QQFieldElem[1, 1, 0, 2],
	[3, 22, 20, 21, 22, 1, 1, 21, 1, 2] => QQFieldElem[0, 0, 0, 0],
	[3, 22, 20, 21, 22, 1, 2, 21, 1, 2] => QQFieldElem[-1//2, 0, 0, 0],
	[3, 22, 20, 21, 22, 1, 2, 22, 1, 2] => QQFieldElem[-1//2, -1, -1, 0],
	[3, 22, 20, 21, 13, 1, 2, 21, 1, 1] => QQFieldElem[2//5, 2//5, 0, 6//5],
	[3, 22, 20, 21, 22, 1, 1, 22, 1, 2] => QQFieldElem[1//2, -1//2, -1//2, 1//2],
	[3, 22, 20, 21, 13, 1, 1, 21, 1, 1] => QQFieldElem[3//5, 1//5, -1//5, 2//5],
	[3, 22, 20, 21, 21, 1, 1, 21, 1, 2] => QQFieldElem[-1, 0, -1//2, 0],
	[3, 22, 20, 21, 21, 1, 2, 21, 1, 2] => QQFieldElem[-1//5, 3//5, -3//5, 1//5])