Dict(
	[4, 22, 22, 18, 17, 1, 2, 21, 1, 2] => QQFieldElem[8//5, 1//5, 4//5, 2//5],
	[4, 22, 22, 18, 19, 1, 2, 21, 1, 1] => QQFieldElem[-2, 0, -3//2, -3//2],
	[4, 22, 22, 18, 17, 1, 1, 21, 1, 2] => QQFieldElem[2//5, 4//5, 1//5, -2//5],
	[4, 22, 22, 18, 19, 1, 1, 21, 1, 1] => QQFieldElem[0, 0, 0, -1//4],
	[4, 22, 22, 18, 5, 1, 1, 21, 1, 1] => QQFieldElem[4//5, 8//5, -8//5, 6//5],
	[4, 22, 22, 18, 17, 1, 2, 22, 1, 2] => QQFieldElem[3, -1, 3, 1],
	[4, 22, 22, 18, 5, 1, 1, 22, 1, 1] => QQFieldElem[0, 0, 0, 0],
	[4, 22, 22, 18, 5, 1, 1, 16, 1, 1] => QQFieldElem[-4, -2, -2, -6],
	[4, 22, 22, 18, 19, 1, 2, 16, 1, 1] => QQFieldElem[-1, -1, -1, 0],
	[4, 22, 22, 18, 17, 1, 1, 22, 1, 2] => QQFieldElem[3//5, 1//5, -1//5, -3//5],
	[4, 22, 22, 18, 19, 1, 1, 16, 1, 1] => QQFieldElem[0, -1//2, -1//2, -1],
	[4, 22, 22, 18, 19, 1, 1, 22, 1, 1] => QQFieldElem[-1//2, -1//2, -1//4, -3//4],
	[4, 22, 22, 18, 19, 1, 2, 22, 1, 1] => QQFieldElem[-9//2, 1, -7//2, -3//2],
	[4, 22, 22, 18, 17, 1, 2, 21, 1, 1] => QQFieldElem[-2//5, 1//5, 3//10, -1//10],
	[4, 22, 22, 18, 17, 1, 1, 21, 1, 1] => QQFieldElem[0, -2, 1, -2],
	[4, 22, 22, 18, 17, 1, 2, 22, 1, 1] => QQFieldElem[2//5, -1//5, -3//10, -2//5],
	[4, 22, 22, 18, 17, 1, 2, 16, 1, 1] => QQFieldElem[5, 3, 1, 6],
	[4, 22, 22, 18, 17, 1, 1, 22, 1, 1] => QQFieldElem[1, 1, 1, 1],
	[4, 22, 22, 18, 17, 1, 1, 16, 1, 1] => QQFieldElem[0, 1//2, -1//2, 0],
	[4, 22, 22, 18, 5, 1, 1, 21, 1, 2] => QQFieldElem[1, 0, 1//2, 1//2],
	[4, 22, 22, 18, 19, 1, 2, 21, 1, 2] => QQFieldElem[2//5, 4//5, 7//10, 1//10],
	[4, 22, 22, 18, 19, 1, 1, 21, 1, 2] => QQFieldElem[1//10, 1//5, 3//10, 3//20],
	[4, 22, 22, 18, 5, 1, 1, 22, 1, 2] => QQFieldElem[0, 0, 1//2, 0],
	[4, 22, 22, 18, 19, 1, 2, 22, 1, 2] => QQFieldElem[1//10, 1//5, 3//10, -1//10],
	[4, 22, 22, 18, 19, 1, 1, 22, 1, 2] => QQFieldElem[2//5, 3//10, 9//20, 7//20])