Dict(
	[5, 20, 17, 19, 12, 1, 1, 20, 1, 2] => QQFieldElem[-16, 8, -16, 0],
	[5, 20, 17, 19, 11, 1, 1, 18, 1, 1] => QQFieldElem[-2, 0, -2, -2],
	[5, 20, 17, 19, 19, 1, 1, 18, 1, 1] => QQFieldElem[-2//5, -4//5, 4//5, 2//5],
	[5, 20, 17, 19, 19, 1, 2, 17, 1, 1] => QQFieldElem[1, 0, 1, 1],
	[5, 20, 17, 19, 19, 1, 1, 17, 1, 1] => QQFieldElem[0, 0, 0, 0],
	[5, 20, 17, 19, 11, 1, 1, 17, 1, 1] => QQFieldElem[-1//2, 0, -1//2, -1//2],
	[5, 20, 17, 19, 19, 1, 2, 20, 1, 2] => QQFieldElem[0, 0, 0, 0],
	[5, 20, 17, 19, 12, 1, 1, 20, 1, 1] => QQFieldElem[0, 0, 0, 0],
	[5, 20, 17, 19, 19, 1, 1, 20, 1, 2] => QQFieldElem[2//5, -2//5, -2//5, 2//5],
	[5, 20, 17, 19, 11, 1, 1, 20, 1, 2] => QQFieldElem[12, -8, 12, 0],
	[5, 20, 17, 19, 12, 1, 1, 18, 1, 1] => QQFieldElem[2, 0, 2, 2],
	[5, 20, 17, 19, 12, 1, 1, 17, 1, 1] => QQFieldElem[-1//2, 0, -1//2, -1//2],
	[5, 20, 17, 19, 19, 1, 2, 20, 1, 1] => QQFieldElem[6//5, 12//5, -2//5, 14//5],
	[5, 20, 17, 19, 19, 1, 1, 20, 1, 1] => QQFieldElem[-6//5, -12//5, 2//5, -14//5],
	[5, 20, 17, 19, 11, 1, 1, 20, 1, 1] => QQFieldElem[12, -8, 12, 0],
	[5, 20, 17, 19, 19, 1, 2, 18, 1, 1] => QQFieldElem[0, 0, 0, 0])