Dict(
	[6, 17, 20, 18, 19, 1, 1, 5, 1, 1] => QQFieldElem[-1, -1, -1, -2],
	[6, 17, 20, 18, 18, 1, 1, 19, 1, 1] => QQFieldElem[-1, 0, 0, -1],
	[6, 17, 20, 18, 19, 1, 2, 19, 1, 1] => QQFieldElem[-4, 1, -3, -2],
	[6, 17, 20, 18, 19, 1, 1, 19, 1, 1] => QQFieldElem[-2, -6, 2, -8],
	[6, 17, 20, 18, 3, 1, 1, 17, 1, 1] => QQFieldElem[0, -2, 0, -2],
	[6, 17, 20, 18, 3, 1, 1, 19, 1, 2] => QQFieldElem[6//5, -8//5, 8//5, -6//5],
	[6, 17, 20, 18, 18, 1, 1, 17, 1, 1] => QQFieldElem[-2, 0, -1, -1],
	[6, 17, 20, 18, 18, 1, 1, 19, 1, 2] => QQFieldElem[2//5, 4//5, -4//5, 8//5],
	[6, 17, 20, 18, 19, 1, 2, 17, 1, 1] => QQFieldElem[1, 0, 1, 0],
	[6, 17, 20, 18, 19, 1, 2, 19, 1, 2] => QQFieldElem[1, -2, 2, -1],
	[6, 17, 20, 18, 19, 1, 1, 17, 1, 1] => QQFieldElem[0, 1//2, -1//2, 0],
	[6, 17, 20, 18, 19, 1, 1, 19, 1, 2] => QQFieldElem[1//2, 3//2, -1, 3//2],
	[6, 17, 20, 18, 3, 1, 1, 5, 1, 1] => QQFieldElem[8, 4, 4, 8],
	[6, 17, 20, 18, 18, 1, 1, 5, 1, 1] => QQFieldElem[0, -2, 0, -2],
	[6, 17, 20, 18, 3, 1, 1, 19, 1, 1] => QQFieldElem[28//5, 16//5, 4//5, 32//5],
	[6, 17, 20, 18, 19, 1, 2, 5, 1, 1] => QQFieldElem[2, 2, 0, 2])