Dict(
	[6, 20, 17, 18, 3, 1, 1, 20, 1, 1] => QQFieldElem[-1, 1, -1, 0],
	[6, 20, 17, 18, 18, 1, 1, 20, 1, 1] => QQFieldElem[3, -1, 2, 1],
	[6, 20, 17, 18, 19, 1, 2, 20, 1, 1] => QQFieldElem[-1//2, -1//4, 0, -1//2],
	[6, 20, 17, 18, 19, 1, 1, 20, 1, 1] => QQFieldElem[-1, -1, -1, -2],
	[6, 20, 17, 18, 3, 1, 1, 11, 1, 1] => QQFieldElem[-1, 0, -1, 0],
	[6, 20, 17, 18, 18, 1, 1, 11, 1, 1] => QQFieldElem[2, 0, 2, 1],
	[6, 20, 17, 18, 3, 1, 1, 7, 1, 1] => QQFieldElem[0, 2, -2, 2],
	[6, 20, 17, 18, 19, 1, 2, 11, 1, 1] => QQFieldElem[-1//2, -1//4, 0, -1//2],
	[6, 20, 17, 18, 19, 1, 1, 11, 1, 1] => QQFieldElem[-1, -1, -1, -2],
	[6, 20, 17, 18, 18, 1, 1, 7, 1, 1] => QQFieldElem[2, -2, 2, -2],
	[6, 20, 17, 18, 19, 1, 2, 7, 1, 1] => QQFieldElem[-1, -1//2, -1//2, -1//2],
	[6, 20, 17, 18, 19, 1, 1, 7, 1, 1] => QQFieldElem[-4, -2, -2, -2],
	[6, 20, 17, 18, 3, 1, 1, 12, 1, 1] => QQFieldElem[12, 2, 6, 10],
	[6, 20, 17, 18, 18, 1, 1, 12, 1, 1] => QQFieldElem[-14, -6, -6, -14],
	[6, 20, 17, 18, 19, 1, 2, 12, 1, 1] => QQFieldElem[0, 2, -3//2, 2],
	[6, 20, 17, 18, 19, 1, 1, 12, 1, 1] => QQFieldElem[0, 8, -6, 8])