Dict(
	[7, 16, 14, 20, 17, 1, 1, 9, 1, 1] => QQFieldElem[2, 0, 2, 0],
	[7, 16, 14, 20, 17, 1, 1, 16, 1, 1] => QQFieldElem[-4//5, -8//5, 8//5, -16//5],
	[7, 16, 14, 20, 4, 1, 1, 14, 1, 1] => QQFieldElem[-2//5, -4//5, -6//5, 2//5],
	[7, 16, 14, 20, 18, 1, 1, 14, 1, 1] => QQFieldElem[3//10, 1//10, 2//5, 1//5],
	[7, 16, 14, 20, 20, 1, 1, 9, 1, 1] => QQFieldElem[1//2, 1//2, 1//2, 1//2],
	[7, 16, 14, 20, 17, 1, 1, 10, 1, 1] => QQFieldElem[2, 0, 2, 2],
	[7, 16, 14, 20, 20, 1, 1, 16, 1, 1] => QQFieldElem[4//5, -2//5, 2//5, 1//5],
	[7, 16, 14, 20, 20, 1, 1, 10, 1, 1] => QQFieldElem[-1//2, -1//2, 0, 0],
	[7, 16, 14, 20, 4, 1, 1, 9, 1, 1] => QQFieldElem[-2, 0, -2, 0],
	[7, 16, 14, 20, 18, 1, 1, 9, 1, 1] => QQFieldElem[-1//2, -1//2, -1//2, -1//2],
	[7, 16, 14, 20, 17, 1, 1, 14, 1, 1] => QQFieldElem[-2//5, -4//5, -6//5, 2//5],
	[7, 16, 14, 20, 4, 1, 1, 16, 1, 1] => QQFieldElem[4//5, 8//5, -8//5, 16//5],
	[7, 16, 14, 20, 18, 1, 1, 16, 1, 1] => QQFieldElem[-4//5, 2//5, -2//5, -1//5],
	[7, 16, 14, 20, 4, 1, 1, 10, 1, 1] => QQFieldElem[2, 0, 2, 2],
	[7, 16, 14, 20, 18, 1, 1, 10, 1, 1] => QQFieldElem[-1//2, -1//2, 0, 0],
	[7, 16, 14, 20, 20, 1, 1, 14, 1, 1] => QQFieldElem[3//10, 1//10, 2//5, 1//5])