Dict(
	[7, 15, 18, 22, 15, 1, 1, 22, 1, 1] => QQFieldElem[0, -1//2, -1//4, -1//2],
	[7, 15, 18, 22, 22, 1, 1, 21, 1, 1] => QQFieldElem[0, 0, 1//4, -1//4],
	[7, 15, 18, 22, 22, 1, 1, 22, 1, 1] => QQFieldElem[1//22, -1//22, -5//44, -5//22],
	[7, 15, 18, 22, 21, 1, 1, 21, 1, 1] => QQFieldElem[1//2, 0, -1//4, -1//4],
	[7, 15, 18, 22, 21, 1, 1, 22, 1, 1] => QQFieldElem[-2//11, -29//22, -35//44, -1//11],
	[7, 15, 18, 22, 13, 1, 1, 21, 1, 2] => QQFieldElem[3//2, 0, 1, 1],
	[7, 15, 18, 22, 13, 1, 1, 22, 1, 2] => QQFieldElem[0, -1//2, 0, 1//2],
	[7, 15, 18, 22, 15, 1, 1, 21, 1, 2] => QQFieldElem[-1//2, 0, 0, 0],
	[7, 15, 18, 22, 15, 1, 1, 22, 1, 2] => QQFieldElem[0, -1//2, 0, 1//2],
	[7, 15, 18, 22, 22, 1, 1, 21, 1, 2] => QQFieldElem[1//2, 0, 0, 0],
	[7, 15, 18, 22, 22, 1, 1, 22, 1, 2] => QQFieldElem[1//11, 9//22, 3//11, 1//22],
	[7, 15, 18, 22, 13, 1, 1, 21, 1, 1] => QQFieldElem[1//2, 0, 3//4, 3//4],
	[7, 15, 18, 22, 21, 1, 1, 21, 1, 2] => QQFieldElem[1//2, 0, 1, 1],
	[7, 15, 18, 22, 21, 1, 1, 22, 1, 2] => QQFieldElem[9//11, -7//22, 5//11, 9//22],
	[7, 15, 18, 22, 13, 1, 1, 22, 1, 1] => QQFieldElem[1//2, 1//2, 1//4, 0],
	[7, 15, 18, 22, 15, 1, 1, 21, 1, 1] => QQFieldElem[0, 0, 1//4, -1//4])