Dict(
	[7, 14, 21, 19, 19, 1, 2, 9, 1, 1] => QQFieldElem[-1//2, 1//4, -1//4, -3//4],
	[7, 14, 21, 19, 19, 1, 1, 9, 1, 1] => QQFieldElem[1//2, -1//4, 1//4, 3//4],
	[7, 14, 21, 19, 19, 1, 2, 16, 1, 1] => QQFieldElem[2, 0, 2, 0],
	[7, 14, 21, 19, 11, 1, 1, 9, 1, 1] => QQFieldElem[0, 0, 2, -2],
	[7, 14, 21, 19, 19, 1, 1, 16, 1, 1] => QQFieldElem[0, 0, 0, 1//2],
	[7, 14, 21, 19, 19, 2, 2, 9, 1, 1] => QQFieldElem[1//2, 0, 0, -1//2],
	[7, 14, 21, 19, 11, 1, 1, 16, 1, 1] => QQFieldElem[-12//5, -4//5, -16//5, -8//5],
	[7, 14, 21, 19, 19, 2, 1, 9, 1, 1] => QQFieldElem[1//2, 0, 0, -1//2],
	[7, 14, 21, 19, 19, 2, 2, 16, 1, 1] => QQFieldElem[2, 0, 2, 0],
	[7, 14, 21, 19, 19, 1, 2, 14, 1, 2] => QQFieldElem[-1//2, 0, 0, 0],
	[7, 14, 21, 19, 12, 1, 1, 14, 1, 1] => QQFieldElem[-1, -1, 0, -1],
	[7, 14, 21, 19, 19, 2, 1, 16, 1, 1] => QQFieldElem[-2//5, 1//5, -1//5, 2//5],
	[7, 14, 21, 19, 11, 1, 1, 14, 1, 2] => QQFieldElem[-8//5, 16//5, -8//5, 0],
	[7, 14, 21, 19, 19, 1, 2, 10, 1, 1] => QQFieldElem[1, 0, 1, 1//2],
	[7, 14, 21, 19, 19, 1, 1, 14, 1, 2] => QQFieldElem[1//2, 0, 0, 0],
	[7, 14, 21, 19, 19, 1, 1, 10, 1, 1] => QQFieldElem[1, 0, 1, 1//2],
	[7, 14, 21, 19, 19, 2, 2, 14, 1, 2] => QQFieldElem[0, 0, 0, 0],
	[7, 14, 21, 19, 11, 1, 1, 10, 1, 1] => QQFieldElem[4, 4, 0, 4],
	[7, 14, 21, 19, 19, 2, 1, 14, 1, 2] => QQFieldElem[0, 0, 0, 0],
	[7, 14, 21, 19, 19, 2, 2, 10, 1, 1] => QQFieldElem[0, 1, 0, 1],
	[7, 14, 21, 19, 12, 1, 1, 16, 1, 2] => QQFieldElem[2//5, -1//5, 1//5, -2//5],
	[7, 14, 21, 19, 19, 2, 1, 10, 1, 1] => QQFieldElem[0, -1, 0, -1],
	[7, 14, 21, 19, 19, 1, 2, 14, 1, 1] => QQFieldElem[0, 0, 0, 0],
	[7, 14, 21, 19, 19, 1, 1, 14, 1, 1] => QQFieldElem[-1, -1, 0, -1],
	[7, 14, 21, 19, 12, 1, 1, 9, 1, 1] => QQFieldElem[0, 0, 2, -2],
	[7, 14, 21, 19, 11, 1, 1, 14, 1, 1] => QQFieldElem[8//5, -16//5, 8//5, 0],
	[7, 14, 21, 19, 19, 1, 2, 16, 1, 2] => QQFieldElem[-1//2, -1//2, 0, -1//4],
	[7, 14, 21, 19, 12, 1, 1, 16, 1, 1] => QQFieldElem[0, 0, 0, 1//2],
	[7, 14, 21, 19, 19, 2, 2, 14, 1, 1] => QQFieldElem[0, 0, 0, 0],
	[7, 14, 21, 19, 19, 2, 1, 14, 1, 1] => QQFieldElem[2//5, 0, 4//5, 4//5],
	[7, 14, 21, 19, 11, 1, 1, 16, 1, 2] => QQFieldElem[12//5, 4//5, 16//5, 8//5],
	[7, 14, 21, 19, 19, 1, 1, 16, 1, 2] => QQFieldElem[1//2, 1//2, 0, 1//4],
	[7, 14, 21, 19, 19, 2, 2, 16, 1, 2] => QQFieldElem[1//2, 0, 1//2, 1//2],
	[7, 14, 21, 19, 19, 2, 1, 16, 1, 2] => QQFieldElem[1//2, 0, 1//2, 1//2],
	[7, 14, 21, 19, 12, 1, 1, 14, 1, 2] => QQFieldElem[-2//5, 0, -4//5, -4//5],
	[7, 14, 21, 19, 12, 1, 1, 10, 1, 1] => QQFieldElem[-4, -4, 0, -4])