Dict(
	[7, 11, 16, 22, 21, 1, 1, 8, 1, 1] => QQFieldElem[0, -2, 0, 0],
	[7, 11, 16, 22, 22, 1, 1, 19, 1, 2] => QQFieldElem[1//5, 2//5, 3//5, -1//5],
	[7, 11, 16, 22, 15, 1, 1, 11, 1, 1] => QQFieldElem[2, 1, 1, 2],
	[7, 11, 16, 22, 22, 1, 1, 11, 1, 1] => QQFieldElem[-2//5, 1//5, -1//5, 2//5],
	[7, 11, 16, 22, 13, 1, 1, 19, 1, 1] => QQFieldElem[0, 1, 1, 0],
	[7, 11, 16, 22, 21, 1, 1, 19, 1, 2] => QQFieldElem[1, 0, 1, 1],
	[7, 11, 16, 22, 21, 1, 1, 11, 1, 1] => QQFieldElem[0, 2, 0, 0],
	[7, 11, 16, 22, 15, 1, 1, 19, 1, 1] => QQFieldElem[-2, -6, -6, -2],
	[7, 11, 16, 22, 22, 1, 1, 19, 1, 1] => QQFieldElem[2, 6, 6, 2],
	[7, 11, 16, 22, 21, 1, 1, 19, 1, 1] => QQFieldElem[0, 1, 1, 0],
	[7, 11, 16, 22, 13, 1, 1, 8, 1, 1] => QQFieldElem[-1, -1, 0, -1],
	[7, 11, 16, 22, 13, 1, 1, 19, 1, 2] => QQFieldElem[1, 0, 1, 1],
	[7, 11, 16, 22, 15, 1, 1, 8, 1, 1] => QQFieldElem[2, 1, 1, 2],
	[7, 11, 16, 22, 13, 1, 1, 11, 1, 1] => QQFieldElem[-1, -1, 0, -1],
	[7, 11, 16, 22, 22, 1, 1, 8, 1, 1] => QQFieldElem[2//5, -1//5, 1//5, -2//5],
	[7, 11, 16, 22, 15, 1, 1, 19, 1, 2] => QQFieldElem[-1//5, -2//5, -3//5, 1//5])