Dict(
	[7, 20, 22, 21, 15, 1, 1, 17, 1, 2] => QQFieldElem[1//2, 1//2, 1//2, 1//2],
	[7, 20, 22, 21, 13, 1, 1, 6, 1, 1] => QQFieldElem[18//5, 6//5, 4//5, 22//5],
	[7, 20, 22, 21, 13, 1, 2, 18, 1, 1] => QQFieldElem[-24//5, -48//5, -32//5, -16//5],
	[7, 20, 22, 21, 13, 1, 2, 17, 1, 1] => QQFieldElem[8//5, -4//5, 4//5, -8//5],
	[7, 20, 22, 21, 22, 1, 1, 20, 1, 1] => QQFieldElem[-1//4, -1//4, 0, 0],
	[7, 20, 22, 21, 21, 1, 2, 20, 1, 1] => QQFieldElem[-6//5, -2//5, 2//5, 6//5],
	[7, 20, 22, 21, 22, 1, 1, 6, 1, 1] => QQFieldElem[0, -1//4, -1//4, 0],
	[7, 20, 22, 21, 22, 1, 2, 18, 1, 1] => QQFieldElem[1, 0, 1//2, 0],
	[7, 20, 22, 21, 13, 1, 1, 4, 1, 1] => QQFieldElem[8//5, -4//5, 4//5, -8//5],
	[7, 20, 22, 21, 21, 1, 2, 6, 1, 1] => QQFieldElem[1, 0, 1, 1//2],
	[7, 20, 22, 21, 22, 1, 2, 17, 1, 1] => QQFieldElem[1, 0, 1, 1//2],
	[7, 20, 22, 21, 13, 1, 2, 20, 1, 2] => QQFieldElem[1//5, 2//5, -2//5, -1//5],
	[7, 20, 22, 21, 21, 1, 1, 18, 1, 1] => QQFieldElem[-2, -2, -2, -2],
	[7, 20, 22, 21, 21, 1, 1, 17, 1, 1] => QQFieldElem[-18//5, -6//5, -4//5, -22//5],
	[7, 20, 22, 21, 13, 1, 1, 18, 1, 2] => QQFieldElem[1//5, -1//10, 3//5, 3//10],
	[7, 20, 22, 21, 22, 1, 1, 4, 1, 1] => QQFieldElem[1//2, 1//2, 1//2, 1//2],
	[7, 20, 22, 21, 21, 1, 2, 4, 1, 1] => QQFieldElem[0, 0, 0, 0],
	[7, 20, 22, 21, 13, 1, 1, 17, 1, 2] => QQFieldElem[0, -1//2, 0, 0],
	[7, 20, 22, 21, 22, 1, 2, 20, 1, 2] => QQFieldElem[0, 1//2, 0, -1//2],
	[7, 20, 22, 21, 21, 1, 1, 20, 1, 2] => QQFieldElem[-1//20, -7//20, -2//5, -1//5],
	[7, 20, 22, 21, 22, 1, 1, 18, 1, 2] => QQFieldElem[0, 0, 0, 0],
	[7, 20, 22, 21, 21, 1, 2, 18, 1, 2] => QQFieldElem[-1//5, -2//5, -1//10, 1//5],
	[7, 20, 22, 21, 22, 1, 1, 17, 1, 2] => QQFieldElem[0, 1//4, 1//4, 0],
	[7, 20, 22, 21, 15, 1, 2, 20, 1, 1] => QQFieldElem[1, 2, 2, 1],
	[7, 20, 22, 21, 21, 1, 2, 17, 1, 2] => QQFieldElem[0, 0, 0, 1//2],
	[7, 20, 22, 21, 15, 1, 2, 6, 1, 1] => QQFieldElem[0, 0, 0, 1//2],
	[7, 20, 22, 21, 15, 1, 1, 18, 1, 1] => QQFieldElem[0, 1//2, 1, 1//2],
	[7, 20, 22, 21, 15, 1, 1, 17, 1, 1] => QQFieldElem[0, -1//2, 0, 0],
	[7, 20, 22, 21, 15, 1, 2, 4, 1, 1] => QQFieldElem[0, 0, 0, 0],
	[7, 20, 22, 21, 15, 1, 1, 20, 1, 2] => QQFieldElem[0, -1//2, 0, 1//2],
	[7, 20, 22, 21, 15, 1, 2, 18, 1, 2] => QQFieldElem[0, 0, 0, 0],
	[7, 20, 22, 21, 13, 1, 2, 20, 1, 1] => QQFieldElem[-24//5, -48//5, -32//5, -16//5],
	[7, 20, 22, 21, 15, 1, 2, 17, 1, 2] => QQFieldElem[0, 1, 1, 1],
	[7, 20, 22, 21, 13, 1, 2, 6, 1, 1] => QQFieldElem[-2//5, 6//5, 4//5, 2//5],
	[7, 20, 22, 21, 13, 1, 1, 18, 1, 1] => QQFieldElem[0, 0, 0, 0],
	[7, 20, 22, 21, 22, 1, 2, 20, 1, 1] => QQFieldElem[1, 0, 1//2, 0],
	[7, 20, 22, 21, 13, 1, 1, 17, 1, 1] => QQFieldElem[8//5, -4//5, 4//5, -8//5],
	[7, 20, 22, 21, 22, 1, 2, 6, 1, 1] => QQFieldElem[-1//2, 0, -1//2, -1],
	[7, 20, 22, 21, 21, 1, 1, 20, 1, 1] => QQFieldElem[2, 2, 2, 2],
	[7, 20, 22, 21, 13, 1, 2, 4, 1, 1] => QQFieldElem[8//5, -4//5, 4//5, -8//5],
	[7, 20, 22, 21, 22, 1, 1, 18, 1, 1] => QQFieldElem[-1//4, -1//4, 0, 0],
	[7, 20, 22, 21, 21, 1, 1, 6, 1, 1] => QQFieldElem[0, -1//4, -1//4, -1//4],
	[7, 20, 22, 21, 21, 1, 2, 18, 1, 1] => QQFieldElem[6//5, 2//5, -2//5, -6//5],
	[7, 20, 22, 21, 22, 1, 1, 17, 1, 1] => QQFieldElem[0, -1//4, -1//4, -1//4],
	[7, 20, 22, 21, 13, 1, 1, 20, 1, 2] => QQFieldElem[-1//5, 1//10, -3//5, -3//10],
	[7, 20, 22, 21, 21, 1, 2, 17, 1, 1] => QQFieldElem[2//5, -6//5, -4//5, -2//5],
	[7, 20, 22, 21, 13, 1, 2, 18, 1, 2] => QQFieldElem[-1//5, -2//5, 2//5, 1//5],
	[7, 20, 22, 21, 22, 1, 2, 4, 1, 1] => QQFieldElem[0, 1, 1, 1],
	[7, 20, 22, 21, 13, 1, 2, 17, 1, 2] => QQFieldElem[0, 0, 0, 0],
	[7, 20, 22, 21, 21, 1, 1, 4, 1, 1] => QQFieldElem[0, 1//2, 0, 0],
	[7, 20, 22, 21, 22, 1, 1, 20, 1, 2] => QQFieldElem[0, 0, 0, 0],
	[7, 20, 22, 21, 21, 1, 2, 20, 1, 2] => QQFieldElem[-1//5, -2//5, -1//10, 1//5],
	[7, 20, 22, 21, 22, 1, 2, 18, 1, 2] => QQFieldElem[0, -1//2, 0, 1//2],
	[7, 20, 22, 21, 22, 1, 2, 17, 1, 2] => QQFieldElem[1//2, 0, 1//2, 1],
	[7, 20, 22, 21, 21, 1, 1, 18, 1, 2] => QQFieldElem[-1//20, -7//20, -2//5, -1//5],
	[7, 20, 22, 21, 15, 1, 1, 20, 1, 1] => QQFieldElem[0, -1//2, -1, -1//2],
	[7, 20, 22, 21, 21, 1, 1, 17, 1, 2] => QQFieldElem[-1//2, -1//4, -1//4, -1//4],
	[7, 20, 22, 21, 15, 1, 1, 6, 1, 1] => QQFieldElem[-1//2, -1//4, -1//4, -1//4],
	[7, 20, 22, 21, 15, 1, 2, 18, 1, 1] => QQFieldElem[-1, -2, -2, -1],
	[7, 20, 22, 21, 15, 1, 2, 17, 1, 1] => QQFieldElem[0, 0, 0, 0],
	[7, 20, 22, 21, 15, 1, 1, 4, 1, 1] => QQFieldElem[0, 1//2, 0, 0],
	[7, 20, 22, 21, 15, 1, 2, 20, 1, 2] => QQFieldElem[0, 0, 0, 0],
	[7, 20, 22, 21, 15, 1, 1, 18, 1, 2] => QQFieldElem[0, -1//2, 0, 1//2],
	[7, 20, 22, 21, 13, 1, 1, 20, 1, 1] => QQFieldElem[0, 0, 0, 0])