Dict(
	[7, 12, 22, 14, 14, 1, 1, 19, 1, 2] => QQFieldElem[1//2, 1//2, 0, 1//2],
	[7, 12, 22, 14, 9, 1, 1, 8, 1, 1] => QQFieldElem[0, -1//2, 0, -1//2],
	[7, 12, 22, 14, 10, 1, 1, 8, 1, 1] => QQFieldElem[1, 1, 0, 1],
	[7, 12, 22, 14, 9, 1, 1, 19, 1, 2] => QQFieldElem[-1//2, -1//2, 0, -1//2],
	[7, 12, 22, 14, 10, 1, 1, 19, 1, 2] => QQFieldElem[1//4, 1//4, 0, 1//4],
	[7, 12, 22, 14, 16, 1, 1, 19, 1, 1] => QQFieldElem[0, 0, 0, -1//8],
	[7, 12, 22, 14, 16, 1, 1, 12, 1, 1] => QQFieldElem[-1//10, -1//5, -3//10, -2//5],
	[7, 12, 22, 14, 14, 1, 1, 19, 1, 1] => QQFieldElem[0, 0, 1//4, 0],
	[7, 12, 22, 14, 14, 1, 1, 12, 1, 1] => QQFieldElem[1//10, 1//5, 1//20, 3//20],
	[7, 12, 22, 14, 9, 1, 1, 19, 1, 1] => QQFieldElem[0, 0, -1//4, 0],
	[7, 12, 22, 14, 9, 1, 1, 12, 1, 1] => QQFieldElem[1//10, 1//5, 3//10, -1//10],
	[7, 12, 22, 14, 10, 1, 1, 19, 1, 1] => QQFieldElem[0, 0, 0, -1//8],
	[7, 12, 22, 14, 10, 1, 1, 12, 1, 1] => QQFieldElem[1//5, 2//5, 3//5, 4//5],
	[7, 12, 22, 14, 16, 1, 1, 8, 1, 1] => QQFieldElem[1//2, 1//2, 0, 1//2],
	[7, 12, 22, 14, 14, 1, 1, 8, 1, 1] => QQFieldElem[0, -1//4, 1//4, -1//4],
	[7, 12, 22, 14, 16, 1, 1, 19, 1, 2] => QQFieldElem[1//4, 1//4, 0, 1//4])