Dict(
	[8, 12, 19, 19, 17, 1, 1, 12, 1, 1] => QQFieldElem[0, 0, 0, 0],
	[8, 12, 19, 19, 3, 1, 1, 7, 1, 1] => QQFieldElem[0, 0, 0, 0],
	[8, 12, 19, 19, 17, 1, 1, 20, 1, 1] => QQFieldElem[1//8, 0, -1//8, 0],
	[8, 12, 19, 19, 18, 1, 1, 7, 1, 1] => QQFieldElem[1//2, 0, 0, 0],
	[8, 12, 19, 19, 3, 1, 1, 20, 1, 2] => QQFieldElem[0, 0, 0, 0],
	[8, 12, 19, 19, 5, 1, 1, 7, 1, 1] => QQFieldElem[0, -1//4, 0, 1//4],
	[8, 12, 19, 19, 17, 1, 1, 7, 1, 2] => QQFieldElem[0, 0, 0, 0],
	[8, 12, 19, 19, 19, 1, 1, 7, 1, 1] => QQFieldElem[-1, -1, -2, -1],
	[8, 12, 19, 19, 18, 1, 1, 20, 1, 2] => QQFieldElem[-1//5, 3//5, -3//5, 1//5],
	[8, 12, 19, 19, 3, 1, 1, 12, 1, 1] => QQFieldElem[1//8, 1//8, -1//8, -1//8],
	[8, 12, 19, 19, 5, 1, 1, 20, 1, 2] => QQFieldElem[1//2, 0, -1//2, 0],
	[8, 12, 19, 19, 19, 1, 1, 20, 1, 2] => QQFieldElem[0, 0, 0, 0],
	[8, 12, 19, 19, 18, 1, 1, 12, 1, 1] => QQFieldElem[1//2, 0, -1//2, 0],
	[8, 12, 19, 19, 5, 1, 1, 12, 1, 1] => QQFieldElem[0, 0, 0, 0],
	[8, 12, 19, 19, 19, 1, 1, 12, 1, 1] => QQFieldElem[1//8, 0, -1//8, 0],
	[8, 12, 19, 19, 3, 1, 1, 20, 1, 1] => QQFieldElem[-1//8, -1//8, 1//8, 1//8],
	[8, 12, 19, 19, 17, 1, 1, 7, 1, 1] => QQFieldElem[0, 0, 0, 0],
	[8, 12, 19, 19, 18, 1, 1, 20, 1, 1] => QQFieldElem[6//5, 0, 2//5, 2//5],
	[8, 12, 19, 19, 3, 1, 1, 7, 1, 2] => QQFieldElem[0, 0, 0, -1//2],
	[8, 12, 19, 19, 5, 1, 1, 20, 1, 1] => QQFieldElem[0, 0, 0, 0],
	[8, 12, 19, 19, 17, 1, 1, 20, 1, 2] => QQFieldElem[0, 0, 0, 0],
	[8, 12, 19, 19, 19, 1, 1, 20, 1, 1] => QQFieldElem[0, 0, 0, 0],
	[8, 12, 19, 19, 18, 1, 1, 7, 1, 2] => QQFieldElem[-1//4, 0, 0, 1//4],
	[8, 12, 19, 19, 5, 1, 1, 7, 1, 2] => QQFieldElem[-1, 0, 1, 0],
	[8, 12, 19, 19, 19, 1, 1, 7, 1, 2] => QQFieldElem[0, 0, 0, 0])