Dict(
	[8, 22, 19, 13, 13, 1, 1, 22, 1, 1] => QQFieldElem[2, 0, 1, 1],
	[8, 22, 19, 13, 13, 1, 1, 16, 1, 1] => QQFieldElem[0, -1//2, 0, -1//2],
	[8, 22, 19, 13, 15, 1, 1, 21, 1, 1] => QQFieldElem[2, 0, 1, 1],
	[8, 22, 19, 13, 15, 1, 1, 22, 1, 1] => QQFieldElem[0, 0, 0, 0],
	[8, 22, 19, 13, 15, 1, 1, 16, 1, 1] => QQFieldElem[-2, -1//2, -1, -3//2],
	[8, 22, 19, 13, 9, 1, 1, 14, 1, 1] => QQFieldElem[1, 1//2, 1//2, 1//2],
	[8, 22, 19, 13, 10, 1, 1, 14, 1, 1] => QQFieldElem[0, -1//2, 1//2, -1//2],
	[8, 22, 19, 13, 13, 1, 1, 14, 1, 1] => QQFieldElem[-1//2, 1, -1, 1//2],
	[8, 22, 19, 13, 9, 1, 1, 21, 1, 1] => QQFieldElem[-1//2, 1//2, 0, 0],
	[8, 22, 19, 13, 9, 1, 1, 22, 1, 1] => QQFieldElem[-1//2, -1//2, 0, 0],
	[8, 22, 19, 13, 10, 1, 1, 21, 1, 1] => QQFieldElem[-1//2, -1//2, 0, 0],
	[8, 22, 19, 13, 9, 1, 1, 16, 1, 1] => QQFieldElem[1, 0, 1//2, 1//2],
	[8, 22, 19, 13, 15, 1, 1, 14, 1, 1] => QQFieldElem[-1//2, 0, 0, -1//2],
	[8, 22, 19, 13, 10, 1, 1, 22, 1, 1] => QQFieldElem[-1//2, 1//2, 0, 0],
	[8, 22, 19, 13, 10, 1, 1, 16, 1, 1] => QQFieldElem[0, 0, -1//2, 1//2],
	[8, 22, 19, 13, 13, 1, 1, 21, 1, 1] => QQFieldElem[0, 0, 0, 0])