Dict(
	[8, 21, 17, 22, 22, 1, 2, 16, 1, 1] => QQFieldElem[26//11, -4//11, 35//22, 13//11],
	[8, 21, 17, 22, 22, 1, 1, 22, 1, 1] => QQFieldElem[-3//20, -1//20, -1//5, -1//10],
	[8, 21, 17, 22, 22, 1, 1, 16, 1, 1] => QQFieldElem[13//44, 5//11, 17//44, 23//44],
	[8, 21, 17, 22, 21, 1, 1, 21, 1, 1] => QQFieldElem[-4, 0, -5//2, -5//2],
	[8, 21, 17, 22, 21, 1, 2, 21, 1, 1] => QQFieldElem[0, 18, -11, 18],
	[8, 21, 17, 22, 16, 1, 1, 21, 1, 1] => QQFieldElem[-1, -2, 1//2, -5//2],
	[8, 21, 17, 22, 21, 1, 2, 22, 1, 1] => QQFieldElem[6, 2, 3, 4],
	[8, 21, 17, 22, 21, 1, 2, 16, 1, 1] => QQFieldElem[-2//11, 2//11, -1//22, -1//11],
	[8, 21, 17, 22, 21, 1, 1, 22, 1, 1] => QQFieldElem[0, 0, -1//2, 1//2],
	[8, 21, 17, 22, 21, 1, 1, 16, 1, 1] => QQFieldElem[-3//220, 7//110, -9//220, -7//220],
	[8, 21, 17, 22, 16, 1, 1, 22, 1, 1] => QQFieldElem[1, 0, 1//2, 1//2],
	[8, 21, 17, 22, 14, 1, 1, 21, 1, 1] => QQFieldElem[-3, -10, 4, -11],
	[8, 21, 17, 22, 16, 1, 1, 16, 1, 1] => QQFieldElem[0, 0, 0, 0],
	[8, 21, 17, 22, 14, 1, 1, 22, 1, 1] => QQFieldElem[-5, 0, -2, -3],
	[8, 21, 17, 22, 14, 1, 1, 16, 1, 1] => QQFieldElem[-13//11, 2//11, -6//11, -1//11],
	[8, 21, 17, 22, 22, 1, 2, 21, 1, 2] => QQFieldElem[-2, 0, -3//2, -3//2],
	[8, 21, 17, 22, 22, 1, 2, 14, 1, 1] => QQFieldElem[1, 0, 1//2, 1],
	[8, 21, 17, 22, 22, 1, 1, 21, 1, 2] => QQFieldElem[-1//20, -1//20, 0, -2//5],
	[8, 21, 17, 22, 22, 1, 1, 14, 1, 1] => QQFieldElem[-1//20, -1//10, -3//20, 1//20],
	[8, 21, 17, 22, 22, 1, 2, 22, 1, 2] => QQFieldElem[2, 0, 3//2, 3//2],
	[8, 21, 17, 22, 22, 1, 1, 22, 1, 2] => QQFieldElem[-1//4, -1//4, 0, 1//2],
	[8, 21, 17, 22, 21, 1, 2, 21, 1, 2] => QQFieldElem[9//5, 1//10, 9//10, 17//10],
	[8, 21, 17, 22, 21, 1, 2, 14, 1, 1] => QQFieldElem[1, 0, 1//2, 1],
	[8, 21, 17, 22, 21, 1, 1, 21, 1, 2] => QQFieldElem[1, -1//2, 1//2, 1//2],
	[8, 21, 17, 22, 21, 1, 1, 14, 1, 1] => QQFieldElem[-1//4, 0, -1//4, -1//4],
	[8, 21, 17, 22, 21, 1, 2, 22, 1, 2] => QQFieldElem[-1, -1//2, -1//2, -1//2],
	[8, 21, 17, 22, 16, 1, 1, 21, 1, 2] => QQFieldElem[0, 4, -3, 4],
	[8, 21, 17, 22, 21, 1, 1, 22, 1, 2] => QQFieldElem[-1, 1//2, -1//2, -1//2],
	[8, 21, 17, 22, 16, 1, 1, 14, 1, 1] => QQFieldElem[-1, 0, 0, -1],
	[8, 21, 17, 22, 14, 1, 1, 21, 1, 2] => QQFieldElem[5, -8, 8, -5],
	[8, 21, 17, 22, 16, 1, 1, 22, 1, 2] => QQFieldElem[-2, 0, -1, -2],
	[8, 21, 17, 22, 14, 1, 1, 14, 1, 1] => QQFieldElem[0, 0, 0, 0],
	[8, 21, 17, 22, 14, 1, 1, 22, 1, 2] => QQFieldElem[3, 2, 2, 3],
	[8, 21, 17, 22, 22, 1, 2, 21, 1, 1] => QQFieldElem[-1, 0, -1//2, -1//2],
	[8, 21, 17, 22, 22, 1, 1, 21, 1, 1] => QQFieldElem[1//4, -1//4, 0, 0],
	[8, 21, 17, 22, 22, 1, 2, 22, 1, 1] => QQFieldElem[1, 0, 1//2, 1//2])