Dict(
	[8, 20, 17, 17, 19, 1, 2, 11, 1, 1] => QQFieldElem[1, 0, 0, 0],
	[8, 20, 17, 17, 19, 1, 1, 11, 1, 1] => QQFieldElem[1//2, 0, -1//2, 0],
	[8, 20, 17, 17, 17, 1, 1, 20, 1, 1] => QQFieldElem[0, 0, 0, 0],
	[8, 20, 17, 17, 17, 1, 1, 20, 2, 1] => QQFieldElem[-24, -4, -12, -20],
	[8, 20, 17, 17, 18, 1, 1, 12, 1, 1] => QQFieldElem[0, -2, 0, 0],
	[8, 20, 17, 17, 19, 1, 2, 12, 1, 1] => QQFieldElem[1, 0, 0, 0],
	[8, 20, 17, 17, 19, 1, 1, 12, 1, 1] => QQFieldElem[-1//2, 0, 1//2, 0],
	[8, 20, 17, 17, 17, 1, 1, 11, 1, 1] => QQFieldElem[1, 3//2, 3//2, 1],
	[8, 20, 17, 17, 18, 1, 1, 20, 1, 1] => QQFieldElem[0, 3, -1, 3],
	[8, 20, 17, 17, 19, 1, 2, 20, 1, 1] => QQFieldElem[0, 0, 0, 0],
	[8, 20, 17, 17, 19, 1, 1, 20, 1, 1] => QQFieldElem[3//2, 1, 1, 3//2],
	[8, 20, 17, 17, 17, 1, 1, 12, 1, 1] => QQFieldElem[1, 3//2, 3//2, 1],
	[8, 20, 17, 17, 18, 1, 1, 20, 2, 1] => QQFieldElem[0, 0, 0, 0],
	[8, 20, 17, 17, 19, 1, 2, 20, 2, 1] => QQFieldElem[1, 0, 1, 1],
	[8, 20, 17, 17, 19, 1, 1, 20, 2, 1] => QQFieldElem[0, 0, 0, 0],
	[8, 20, 17, 17, 18, 1, 1, 11, 1, 1] => QQFieldElem[0, 2, 0, 0])