Dict(
	[8, 19, 19, 8, 1, 1, 1, 17, 1, 1] => QQFieldElem[2, 0, 0, 0],
	[8, 19, 19, 8, 4, 1, 1, 18, 1, 1] => QQFieldElem[0, 0, -1//2, 0],
	[8, 19, 19, 8, 2, 1, 1, 5, 1, 1] => QQFieldElem[0, -1, 1, -1],
	[8, 19, 19, 8, 4, 1, 1, 17, 1, 1] => QQFieldElem[1//2, 0, 0, 0],
	[8, 19, 19, 8, 2, 1, 1, 3, 1, 1] => QQFieldElem[2, 0, 1, 1],
	[8, 19, 19, 8, 6, 1, 1, 5, 1, 1] => QQFieldElem[0, -1//4, 0, -1//4],
	[8, 19, 19, 8, 2, 1, 1, 19, 1, 1] => QQFieldElem[4//5, 8//5, -8//5, 16//5],
	[8, 19, 19, 8, 6, 1, 1, 3, 1, 1] => QQFieldElem[-1//4, 0, -1//4, -1//4],
	[8, 19, 19, 8, 6, 1, 1, 19, 1, 1] => QQFieldElem[0, 0, 0, 0],
	[8, 19, 19, 8, 8, 1, 1, 18, 1, 1] => QQFieldElem[0, 0, 0, 0],
	[8, 19, 19, 8, 1, 1, 1, 5, 1, 1] => QQFieldElem[0, -1, 1, -1],
	[8, 19, 19, 8, 8, 1, 1, 17, 1, 1] => QQFieldElem[0, 0, 0, 0],
	[8, 19, 19, 8, 1, 1, 1, 3, 1, 1] => QQFieldElem[2, 0, 1, 1],
	[8, 19, 19, 8, 4, 1, 1, 5, 1, 1] => QQFieldElem[0, -1//4, 0, -1//4],
	[8, 19, 19, 8, 1, 1, 1, 19, 1, 1] => QQFieldElem[4//5, 8//5, -8//5, 16//5],
	[8, 19, 19, 8, 4, 1, 1, 3, 1, 1] => QQFieldElem[-1//4, 0, -1//4, -1//4],
	[8, 19, 19, 8, 4, 1, 1, 19, 1, 1] => QQFieldElem[0, 0, 0, 0],
	[8, 19, 19, 8, 2, 1, 1, 18, 1, 1] => QQFieldElem[0, 0, -2, 0],
	[8, 19, 19, 8, 8, 1, 1, 5, 1, 1] => QQFieldElem[1//4, 1//8, 1//4, 0],
	[8, 19, 19, 8, 6, 1, 1, 18, 1, 1] => QQFieldElem[0, 0, 1//2, 0],
	[8, 19, 19, 8, 2, 1, 1, 17, 1, 1] => QQFieldElem[-2, 0, 0, 0],
	[8, 19, 19, 8, 8, 1, 1, 3, 1, 1] => QQFieldElem[1//8, -1//8, -1//8, 1//8],
	[8, 19, 19, 8, 6, 1, 1, 17, 1, 1] => QQFieldElem[-1//2, 0, 0, 0],
	[8, 19, 19, 8, 8, 1, 1, 19, 1, 1] => QQFieldElem[0, 1//2, -1//2, 0],
	[8, 19, 19, 8, 1, 1, 1, 18, 1, 1] => QQFieldElem[0, 0, 2, 0])