Dict(
	[9, 20, 8, 22, 20, 1, 2, 21, 1, 1] => QQFieldElem[-7//20, -1//5, -1//20, -2//5],
	[9, 20, 8, 22, 20, 1, 1, 21, 1, 1] => QQFieldElem[-7//20, -1//5, -1//20, -2//5],
	[9, 20, 8, 22, 12, 1, 1, 21, 1, 1] => QQFieldElem[3//10, 1//10, 3//20, 1//5],
	[9, 20, 8, 22, 20, 1, 2, 22, 1, 1] => QQFieldElem[1, 0, 1//2, 1//2],
	[9, 20, 8, 22, 20, 1, 1, 22, 1, 1] => QQFieldElem[-1, 0, -1//2, -1//2],
	[9, 20, 8, 22, 12, 1, 1, 22, 1, 1] => QQFieldElem[1//2, 0, 1//2, 0],
	[9, 20, 8, 22, 20, 1, 1, 16, 1, 1] => QQFieldElem[0, 2, -2, 2],
	[9, 20, 8, 22, 12, 1, 1, 16, 1, 1] => QQFieldElem[-2, -2, 0, -4],
	[9, 20, 8, 22, 20, 1, 2, 16, 1, 1] => QQFieldElem[0, 2, -2, 2],
	[9, 20, 8, 22, 11, 1, 1, 14, 1, 1] => QQFieldElem[3//20, -1//5, 1//5, -3//20],
	[9, 20, 8, 22, 11, 1, 1, 21, 1, 1] => QQFieldElem[3//10, 1//10, 3//20, 1//5],
	[9, 20, 8, 22, 11, 1, 1, 22, 1, 1] => QQFieldElem[-1//2, 0, -1//2, 0],
	[9, 20, 8, 22, 11, 1, 1, 16, 1, 1] => QQFieldElem[-2, -2, 0, -4],
	[9, 20, 8, 22, 20, 1, 2, 14, 1, 1] => QQFieldElem[-7//20, 1//20, -3//10, -3//20],
	[9, 20, 8, 22, 20, 1, 1, 14, 1, 1] => QQFieldElem[7//20, -1//20, 3//10, 3//20],
	[9, 20, 8, 22, 12, 1, 1, 14, 1, 1] => QQFieldElem[-3//20, 1//5, -1//5, 3//20])