Dict(
	[9, 18, 18, 9, 1, 1, 1, 22, 1, 1] => QQFieldElem[2, 0, 2, 2],
	[9, 18, 18, 9, 6, 1, 1, 10, 1, 1] => QQFieldElem[-6, 0, -4, -4],
	[9, 18, 18, 9, 17, 1, 1, 14, 1, 1] => QQFieldElem[0, 8, -4, 8],
	[9, 18, 18, 9, 5, 1, 1, 22, 1, 1] => QQFieldElem[-2//5, 0, -4//5, -4//5],
	[9, 18, 18, 9, 1, 1, 1, 10, 1, 1] => QQFieldElem[36, 0, 22, 22],
	[9, 18, 18, 9, 17, 1, 1, 13, 1, 1] => QQFieldElem[0, 8, -4, 8],
	[9, 18, 18, 9, 6, 1, 1, 14, 1, 1] => QQFieldElem[0, -4, 0, -4],
	[9, 18, 18, 9, 5, 1, 1, 10, 1, 1] => QQFieldElem[-6, 0, -4, -4],
	[9, 18, 18, 9, 6, 1, 1, 13, 1, 1] => QQFieldElem[0, -4, 4, -4],
	[9, 18, 18, 9, 1, 1, 1, 14, 1, 1] => QQFieldElem[0, 16, -12, 16],
	[9, 18, 18, 9, 17, 1, 1, 22, 1, 1] => QQFieldElem[8//5, 0, 6//5, 6//5],
	[9, 18, 18, 9, 1, 1, 1, 13, 1, 1] => QQFieldElem[0, 16, -12, 16],
	[9, 18, 18, 9, 5, 1, 1, 14, 1, 1] => QQFieldElem[0, -4, 4, -4],
	[9, 18, 18, 9, 17, 1, 1, 10, 1, 1] => QQFieldElem[10, 0, 6, 6],
	[9, 18, 18, 9, 5, 1, 1, 13, 1, 1] => QQFieldElem[0, -4, 0, -4],
	[9, 18, 18, 9, 6, 1, 1, 22, 1, 1] => QQFieldElem[-2//5, 0, -4//5, -4//5])