Dict(
	[9, 11, 16, 19, 13, 1, 1, 21, 1, 2] => QQFieldElem[0, 0, 0, 0],
	[9, 11, 16, 19, 13, 1, 1, 22, 1, 2] => QQFieldElem[1//2, 1//2, 1//2, 1],
	[9, 11, 16, 19, 15, 1, 1, 21, 1, 2] => QQFieldElem[0, 0, -1, 0],
	[9, 11, 16, 19, 15, 1, 1, 22, 1, 2] => QQFieldElem[1//2, 1//2, 1//2, 0],
	[9, 11, 16, 19, 22, 1, 1, 21, 1, 2] => QQFieldElem[0, 0, 0, 0],
	[9, 11, 16, 19, 22, 1, 1, 22, 1, 2] => QQFieldElem[1//2, 1//2, 1//2, 1],
	[9, 11, 16, 19, 13, 1, 1, 21, 1, 1] => QQFieldElem[3, 0, 1, 1],
	[9, 11, 16, 19, 21, 1, 1, 21, 1, 2] => QQFieldElem[0, 0, -1, 0],
	[9, 11, 16, 19, 21, 1, 1, 22, 1, 2] => QQFieldElem[1//2, 1//2, 1//2, 0],
	[9, 11, 16, 19, 13, 1, 1, 22, 1, 1] => QQFieldElem[1, 1, 0, 3],
	[9, 11, 16, 19, 15, 1, 1, 21, 1, 1] => QQFieldElem[-1, 0, 1, -1],
	[9, 11, 16, 19, 15, 1, 1, 22, 1, 1] => QQFieldElem[1, -1, 0, -1],
	[9, 11, 16, 19, 22, 1, 1, 21, 1, 1] => QQFieldElem[3, 0, 1, 1],
	[9, 11, 16, 19, 22, 1, 1, 22, 1, 1] => QQFieldElem[-1, -1, -2, -1],
	[9, 11, 16, 19, 21, 1, 1, 21, 1, 1] => QQFieldElem[-1, 0, -3, -1],
	[9, 11, 16, 19, 21, 1, 1, 22, 1, 1] => QQFieldElem[3, 1, 2, -1])