Dict(
	[10, 10, 15, 12, 17, 1, 1, 17, 1, 1] => QQFieldElem[0, 0, 0, 0],
	[10, 10, 15, 12, 20, 1, 1, 6, 1, 1] => QQFieldElem[-8//3, 0, 8//3, 0],
	[10, 10, 15, 12, 20, 1, 1, 17, 1, 1] => QQFieldElem[-1//12, 0, -1//12, 0],
	[10, 10, 15, 12, 8, 1, 1, 21, 1, 1] => QQFieldElem[0, 0, 1//4, 0],
	[10, 10, 15, 12, 21, 1, 1, 21, 1, 1] => QQFieldElem[-1//12, 0, -1//12, 0],
	[10, 10, 15, 12, 17, 1, 1, 21, 1, 1] => QQFieldElem[-1//6, 0, 1//12, 0],
	[10, 10, 15, 12, 8, 1, 1, 20, 1, 1] => QQFieldElem[1//4, 0, -1//4, 0],
	[10, 10, 15, 12, 8, 1, 1, 6, 1, 1] => QQFieldElem[0, 0, 0, 0],
	[10, 10, 15, 12, 21, 1, 1, 20, 1, 1] => QQFieldElem[0, 0, 0, 0],
	[10, 10, 15, 12, 20, 1, 1, 21, 1, 1] => QQFieldElem[0, 0, 0, 0],
	[10, 10, 15, 12, 17, 1, 1, 20, 1, 1] => QQFieldElem[-1//12, 0, -1//12, 0],
	[10, 10, 15, 12, 21, 1, 1, 6, 1, 1] => QQFieldElem[0, 0, -8//3, 0],
	[10, 10, 15, 12, 8, 1, 1, 17, 1, 1] => QQFieldElem[-1//4, 0, 0, 0],
	[10, 10, 15, 12, 17, 1, 1, 6, 1, 1] => QQFieldElem[8//3, 0, 0, 0],
	[10, 10, 15, 12, 20, 1, 1, 20, 1, 1] => QQFieldElem[-1//6, 0, 1//12, 0],
	[10, 10, 15, 12, 21, 1, 1, 17, 1, 1] => QQFieldElem[-1//6, 0, 1//12, 0])