Dict(
	[10, 14, 12, 10, 21, 1, 1, 20, 1, 1] => QQFieldElem[-32//9, 0, 0, 0],
	[10, 14, 12, 10, 20, 1, 1, 21, 1, 1] => QQFieldElem[-32//9, 0, 0, 0],
	[10, 14, 12, 10, 6, 1, 1, 21, 1, 1] => QQFieldElem[-32//9, 0, 32//9, 0],
	[10, 14, 12, 10, 17, 1, 1, 20, 1, 1] => QQFieldElem[0, 0, -16//9, 0],
	[10, 14, 12, 10, 21, 1, 1, 8, 1, 1] => QQFieldElem[4, 0, -4, 0],
	[10, 14, 12, 10, 17, 1, 1, 8, 1, 1] => QQFieldElem[-4, 0, 0, 0],
	[10, 14, 12, 10, 20, 1, 1, 20, 1, 1] => QQFieldElem[-16//9, 0, 16//9, 0],
	[10, 14, 12, 10, 21, 1, 1, 17, 1, 1] => QQFieldElem[-16//9, 0, 16//9, 0],
	[10, 14, 12, 10, 6, 1, 1, 20, 1, 1] => QQFieldElem[0, 0, -32//9, 0],
	[10, 14, 12, 10, 17, 1, 1, 17, 1, 1] => QQFieldElem[-32//9, 0, 0, 0],
	[10, 14, 12, 10, 20, 1, 1, 8, 1, 1] => QQFieldElem[0, 0, 4, 0],
	[10, 14, 12, 10, 6, 1, 1, 8, 1, 1] => QQFieldElem[0, 0, 0, 0],
	[10, 14, 12, 10, 20, 1, 1, 17, 1, 1] => QQFieldElem[0, 0, -16//9, 0],
	[10, 14, 12, 10, 6, 1, 1, 17, 1, 1] => QQFieldElem[32//9, 0, 0, 0],
	[10, 14, 12, 10, 21, 1, 1, 21, 1, 1] => QQFieldElem[0, 0, -16//9, 0],
	[10, 14, 12, 10, 17, 1, 1, 21, 1, 1] => QQFieldElem[-16//9, 0, 16//9, 0])