Dict(
	[10, 12, 12, 15, 20, 1, 1, 21, 1, 1] => QQFieldElem[-2//3, 0, 0, 0],
	[10, 12, 12, 15, 21, 1, 1, 20, 1, 1] => QQFieldElem[-2//3, 0, 0, 0],
	[10, 12, 12, 15, 6, 1, 1, 21, 1, 1] => QQFieldElem[2//3, 0, -2//3, 0],
	[10, 12, 12, 15, 17, 1, 1, 20, 1, 1] => QQFieldElem[0, 0, -1//3, 0],
	[10, 12, 12, 15, 21, 1, 1, 8, 1, 1] => QQFieldElem[3//8, 0, -3//8, 0],
	[10, 12, 12, 15, 17, 1, 1, 8, 1, 1] => QQFieldElem[-3//8, 0, 0, 0],
	[10, 12, 12, 15, 20, 1, 1, 20, 1, 1] => QQFieldElem[-1//3, 0, 1//3, 0],
	[10, 12, 12, 15, 21, 1, 1, 17, 1, 1] => QQFieldElem[-1//3, 0, 1//3, 0],
	[10, 12, 12, 15, 6, 1, 1, 20, 1, 1] => QQFieldElem[0, 0, 2//3, 0],
	[10, 12, 12, 15, 17, 1, 1, 17, 1, 1] => QQFieldElem[-2//3, 0, 0, 0],
	[10, 12, 12, 15, 20, 1, 1, 8, 1, 1] => QQFieldElem[0, 0, 3//8, 0],
	[10, 12, 12, 15, 6, 1, 1, 8, 1, 1] => QQFieldElem[0, 0, 0, 0],
	[10, 12, 12, 15, 20, 1, 1, 17, 1, 1] => QQFieldElem[0, 0, -1//3, 0],
	[10, 12, 12, 15, 6, 1, 1, 17, 1, 1] => QQFieldElem[-2//3, 0, 0, 0],
	[10, 12, 12, 15, 21, 1, 1, 21, 1, 1] => QQFieldElem[0, 0, -1//3, 0],
	[10, 12, 12, 15, 17, 1, 1, 21, 1, 1] => QQFieldElem[-1//3, 0, 1//3, 0])