Dict(
	[10, 15, 15, 12, 21, 1, 1, 16, 1, 1] => QQFieldElem[0, 0, 0, 0],
	[10, 15, 15, 12, 5, 1, 1, 17, 1, 1] => QQFieldElem[-1//3, 0, 0, 0],
	[10, 15, 15, 12, 17, 1, 1, 16, 1, 1] => QQFieldElem[0, 0, 0, 0],
	[10, 15, 15, 12, 21, 1, 1, 20, 1, 1] => QQFieldElem[0, 0, 0, 0],
	[10, 15, 15, 12, 20, 1, 1, 21, 1, 1] => QQFieldElem[0, 0, 0, 0],
	[10, 15, 15, 12, 9, 1, 1, 21, 1, 1] => QQFieldElem[0, 0, 0, 0],
	[10, 15, 15, 12, 17, 1, 1, 20, 1, 1] => QQFieldElem[4//3, 0, 4//3, 0],
	[10, 15, 15, 12, 21, 1, 1, 6, 1, 1] => QQFieldElem[1//2, 0, 0, 0],
	[10, 15, 15, 12, 20, 1, 1, 16, 1, 1] => QQFieldElem[0, 0, 0, 0],
	[10, 15, 15, 12, 21, 1, 1, 8, 1, 1] => QQFieldElem[0, 0, 0, 0],
	[10, 15, 15, 12, 9, 1, 1, 16, 1, 1] => QQFieldElem[-16, 0, 0, 0],
	[10, 15, 15, 12, 17, 1, 1, 6, 1, 1] => QQFieldElem[1//2, 0, 0, 0],
	[10, 15, 15, 12, 17, 1, 1, 8, 1, 1] => QQFieldElem[0, 0, 0, 0],
	[10, 15, 15, 12, 20, 1, 1, 20, 1, 1] => QQFieldElem[-4//3, 0, -4//3, 0],
	[10, 15, 15, 12, 21, 1, 1, 17, 1, 1] => QQFieldElem[-1//9, 0, 2//9, 0],
	[10, 15, 15, 12, 3, 1, 1, 21, 1, 1] => QQFieldElem[0, 0, 4, 0],
	[10, 15, 15, 12, 9, 1, 1, 20, 1, 1] => QQFieldElem[0, 0, 0, 0],
	[10, 15, 15, 12, 17, 1, 1, 17, 1, 1] => QQFieldElem[0, 0, 0, 0],
	[10, 15, 15, 12, 20, 1, 1, 6, 1, 1] => QQFieldElem[1//2, 0, 0, 0],
	[10, 15, 15, 12, 20, 1, 1, 8, 1, 1] => QQFieldElem[0, 0, 0, 0],
	[10, 15, 15, 12, 3, 1, 1, 16, 1, 1] => QQFieldElem[-16, 0, 0, 0],
	[10, 15, 15, 12, 5, 1, 1, 21, 1, 1] => QQFieldElem[0, 0, 4, 0],
	[10, 15, 15, 12, 9, 1, 1, 6, 1, 1] => QQFieldElem[0, 0, 0, 0],
	[10, 15, 15, 12, 9, 1, 1, 8, 1, 1] => QQFieldElem[3//4, 0, 0, 0],
	[10, 15, 15, 12, 5, 1, 1, 16, 1, 1] => QQFieldElem[16, 0, 0, 0],
	[10, 15, 15, 12, 20, 1, 1, 17, 1, 1] => QQFieldElem[1//9, 0, -2//9, 0],
	[10, 15, 15, 12, 3, 1, 1, 20, 1, 1] => QQFieldElem[4, 0, -4, 0],
	[10, 15, 15, 12, 9, 1, 1, 17, 1, 1] => QQFieldElem[0, 0, 0, 0],
	[10, 15, 15, 12, 5, 1, 1, 20, 1, 1] => QQFieldElem[4, 0, -4, 0],
	[10, 15, 15, 12, 3, 1, 1, 8, 1, 1] => QQFieldElem[-3//4, 0, 0, 0],
	[10, 15, 15, 12, 3, 1, 1, 6, 1, 1] => QQFieldElem[0, 0, 0, 0],
	[10, 15, 15, 12, 5, 1, 1, 6, 1, 1] => QQFieldElem[0, 0, 0, 0],
	[10, 15, 15, 12, 5, 1, 1, 8, 1, 1] => QQFieldElem[3//4, 0, 0, 0],
	[10, 15, 15, 12, 21, 1, 1, 21, 1, 1] => QQFieldElem[-8//3, 0, 4//3, 0],
	[10, 15, 15, 12, 3, 1, 1, 17, 1, 1] => QQFieldElem[-1//3, 0, 0, 0],
	[10, 15, 15, 12, 17, 1, 1, 21, 1, 1] => QQFieldElem[8//3, 0, -4//3, 0])