Dict(
	[11, 14, 11, 10, 17, 1, 1, 16, 1, 1] => QQFieldElem[-32, 0, 0, 0],
	[11, 14, 11, 10, 21, 1, 1, 20, 1, 1] => QQFieldElem[0, 0, 0, 0],
	[11, 14, 11, 10, 20, 1, 1, 21, 1, 1] => QQFieldElem[0, 0, 0, 0],
	[11, 14, 11, 10, 16, 1, 1, 20, 1, 1] => QQFieldElem[0, 0, -1//32, 0],
	[11, 14, 11, 10, 17, 1, 1, 20, 1, 1] => QQFieldElem[-2//3, 0, 1//3, 0],
	[11, 14, 11, 10, 20, 1, 1, 16, 1, 1] => QQFieldElem[0, 0, 32, 0],
	[11, 14, 11, 10, 20, 1, 1, 20, 1, 1] => QQFieldElem[-1//3, 0, -1//3, 0],
	[11, 14, 11, 10, 21, 1, 1, 17, 1, 1] => QQFieldElem[-1//3, 0, -1//3, 0],
	[11, 14, 11, 10, 16, 1, 1, 17, 1, 1] => QQFieldElem[1//32, 0, 0, 0],
	[11, 14, 11, 10, 17, 1, 1, 17, 1, 1] => QQFieldElem[0, 0, 0, 0],
	[11, 14, 11, 10, 20, 1, 1, 17, 1, 1] => QQFieldElem[-2//3, 0, 1//3, 0],
	[11, 14, 11, 10, 21, 1, 1, 21, 1, 1] => QQFieldElem[-2//3, 0, 1//3, 0],
	[11, 14, 11, 10, 16, 1, 1, 21, 1, 1] => QQFieldElem[-1//32, 0, 1//32, 0],
	[11, 14, 11, 10, 17, 1, 1, 21, 1, 1] => QQFieldElem[-1//3, 0, -1//3, 0],
	[11, 14, 11, 10, 21, 1, 1, 16, 1, 1] => QQFieldElem[32, 0, -32, 0],
	[11, 14, 11, 10, 16, 1, 1, 16, 1, 1] => QQFieldElem[0, 0, 0, 0])