Dict(
	[11, 13, 16, 16, 15, 1, 1, 3, 1, 1] => QQFieldElem[1//64, 0, 0, 0],
	[11, 13, 16, 16, 18, 1, 1, 2, 1, 1] => QQFieldElem[0, 0, 0, 0],
	[11, 13, 16, 16, 10, 1, 1, 6, 1, 1] => QQFieldElem[-1//64, 0, 0, 0],
	[11, 13, 16, 16, 12, 1, 1, 3, 1, 2] => QQFieldElem[-2, 0, 0, 0],
	[11, 13, 16, 16, 19, 1, 1, 2, 1, 1] => QQFieldElem[0, 0, 0, 0],
	[11, 13, 16, 16, 14, 1, 1, 7, 1, 1] => QQFieldElem[1//12, 0, 0, 0],
	[11, 13, 16, 16, 10, 1, 1, 3, 1, 2] => QQFieldElem[2, 0, 0, 0],
	[11, 13, 16, 16, 15, 1, 1, 2, 1, 1] => QQFieldElem[1//12, 0, 0, 0],
	[11, 13, 16, 16, 14, 1, 1, 5, 1, 1] => QQFieldElem[1//12, 0, 0, 0],
	[11, 13, 16, 16, 18, 1, 1, 6, 1, 1] => QQFieldElem[0, 0, 0, 32//9],
	[11, 13, 16, 16, 12, 1, 1, 7, 1, 1] => QQFieldElem[1//144, 0, 0, 0],
	[11, 13, 16, 16, 14, 1, 1, 3, 1, 1] => QQFieldElem[0, 0, 0, 0],
	[11, 13, 16, 16, 19, 1, 1, 6, 1, 1] => QQFieldElem[0, 0, 0, 0],
	[11, 13, 16, 16, 12, 1, 1, 5, 1, 1] => QQFieldElem[-1//144, 0, 0, 0],
	[11, 13, 16, 16, 18, 1, 1, 3, 1, 2] => QQFieldElem[0, 0, 0, 0],
	[11, 13, 16, 16, 10, 1, 1, 7, 1, 1] => QQFieldElem[-1//64, 0, 0, 0],
	[11, 13, 16, 16, 15, 1, 1, 6, 1, 1] => QQFieldElem[0, 0, 0, 0],
	[11, 13, 16, 16, 19, 1, 1, 3, 1, 2] => QQFieldElem[-32//9, 0, 0, 0],
	[11, 13, 16, 16, 12, 1, 1, 3, 1, 1] => QQFieldElem[0, 0, 0, 0],
	[11, 13, 16, 16, 10, 1, 1, 5, 1, 1] => QQFieldElem[1//64, 0, 0, 0],
	[11, 13, 16, 16, 14, 1, 1, 2, 1, 1] => QQFieldElem[0, 0, 0, 0],
	[11, 13, 16, 16, 15, 1, 1, 3, 1, 2] => QQFieldElem[-1//144, 0, 0, 0],
	[11, 13, 16, 16, 10, 1, 1, 3, 1, 1] => QQFieldElem[9//4, 0, 0, 0],
	[11, 13, 16, 16, 18, 1, 1, 7, 1, 1] => QQFieldElem[0, 0, 0, -32//9],
	[11, 13, 16, 16, 12, 1, 1, 2, 1, 1] => QQFieldElem[1//12, 0, 0, 0],
	[11, 13, 16, 16, 19, 1, 1, 7, 1, 1] => QQFieldElem[0, 0, 0, 0],
	[11, 13, 16, 16, 18, 1, 1, 5, 1, 1] => QQFieldElem[0, 0, 0, 0],
	[11, 13, 16, 16, 14, 1, 1, 6, 1, 1] => QQFieldElem[1//12, 0, 0, 0],
	[11, 13, 16, 16, 19, 1, 1, 5, 1, 1] => QQFieldElem[32//9, 0, 0, 0],
	[11, 13, 16, 16, 18, 1, 1, 3, 1, 1] => QQFieldElem[1//12, 0, 0, 0],
	[11, 13, 16, 16, 10, 1, 1, 2, 1, 1] => QQFieldElem[3//32, 0, 0, 0],
	[11, 13, 16, 16, 15, 1, 1, 7, 1, 1] => QQFieldElem[0, 0, 0, 0],
	[11, 13, 16, 16, 19, 1, 1, 3, 1, 1] => QQFieldElem[0, 0, 0, 0],
	[11, 13, 16, 16, 12, 1, 1, 6, 1, 1] => QQFieldElem[1//144, 0, 0, 0],
	[11, 13, 16, 16, 14, 1, 1, 3, 1, 2] => QQFieldElem[0, 0, 0, 0],
	[11, 13, 16, 16, 15, 1, 1, 5, 1, 1] => QQFieldElem[0, 0, 0, 0])