Dict(
	[11, 19, 14, 19, 20, 1, 1, 20, 1, 1] => QQFieldElem[0, 0, 0, 1//3],
	[11, 19, 14, 19, 21, 1, 1, 17, 1, 1] => QQFieldElem[1//5, 0, 0, -1//15],
	[11, 19, 14, 19, 16, 1, 1, 17, 1, 1] => QQFieldElem[3//5, 0, 0, -1//5],
	[11, 19, 14, 19, 17, 1, 1, 17, 1, 1] => QQFieldElem[2//5, 0, 0, 8//15],
	[11, 19, 14, 19, 20, 1, 1, 17, 1, 1] => QQFieldElem[1//5, 0, 0, -1//15],
	[11, 19, 14, 19, 21, 1, 1, 21, 1, 1] => QQFieldElem[0, 0, 0, 1//3],
	[11, 19, 14, 19, 16, 1, 1, 21, 1, 1] => QQFieldElem[0, 0, 0, 1],
	[11, 19, 14, 19, 17, 1, 1, 21, 1, 1] => QQFieldElem[1//2, 0, 0, -1//6],
	[11, 19, 14, 19, 21, 1, 1, 16, 1, 1] => QQFieldElem[0, 0, 0, 1//3],
	[11, 19, 14, 19, 16, 1, 1, 16, 1, 1] => QQFieldElem[0, 0, 0, 0],
	[11, 19, 14, 19, 17, 1, 1, 16, 1, 1] => QQFieldElem[1//2, 0, 0, -1//6],
	[11, 19, 14, 19, 21, 1, 1, 20, 1, 1] => QQFieldElem[0, 0, 0, -2//3],
	[11, 19, 14, 19, 20, 1, 1, 21, 1, 1] => QQFieldElem[0, 0, 0, -2//3],
	[11, 19, 14, 19, 16, 1, 1, 20, 1, 1] => QQFieldElem[0, 0, 0, 1],
	[11, 19, 14, 19, 17, 1, 1, 20, 1, 1] => QQFieldElem[1//2, 0, 0, -1//6],
	[11, 19, 14, 19, 20, 1, 1, 16, 1, 1] => QQFieldElem[0, 0, 0, 1//3])