Dict(
	[11, 16, 16, 11, 4, 1, 1, 10, 1, 1] => QQFieldElem[1//3, 0, 0, 0],
	[11, 16, 16, 11, 1, 1, 1, 18, 1, 1] => QQFieldElem[0, 0, 0, 0],
	[11, 16, 16, 11, 3, 1, 2, 18, 1, 1] => QQFieldElem[0, 0, 0, 0],
	[11, 16, 16, 11, 9, 1, 1, 14, 1, 1] => QQFieldElem[1//8, 0, 0, 0],
	[11, 16, 16, 11, 3, 1, 1, 18, 1, 1] => QQFieldElem[0, 0, 0, 0],
	[11, 16, 16, 11, 4, 1, 1, 18, 1, 1] => QQFieldElem[0, 0, 0, 0],
	[11, 16, 16, 11, 1, 1, 1, 14, 1, 1] => QQFieldElem[1//1152, 0, 0, 0],
	[11, 16, 16, 11, 3, 1, 2, 14, 1, 1] => QQFieldElem[1//8, 0, 0, 0],
	[11, 16, 16, 11, 8, 1, 1, 10, 1, 1] => QQFieldElem[1//3, 0, 0, 0],
	[11, 16, 16, 11, 9, 1, 1, 15, 1, 1] => QQFieldElem[0, 0, 0, 0],
	[11, 16, 16, 11, 3, 1, 1, 14, 1, 1] => QQFieldElem[1//576, 0, 0, 0],
	[11, 16, 16, 11, 4, 1, 1, 14, 1, 1] => QQFieldElem[1//8, 0, 0, 0],
	[11, 16, 16, 11, 9, 1, 1, 19, 1, 1] => QQFieldElem[0, 0, 0, 0],
	[11, 16, 16, 11, 9, 1, 1, 12, 1, 1] => QQFieldElem[-3, 0, 0, 0],
	[11, 16, 16, 11, 8, 1, 1, 18, 1, 1] => QQFieldElem[0, 0, 0, -3],
	[11, 16, 16, 11, 1, 1, 1, 15, 1, 1] => QQFieldElem[1//768, 0, 0, 0],
	[11, 16, 16, 11, 3, 1, 2, 15, 1, 1] => QQFieldElem[0, 0, 0, 0],
	[11, 16, 16, 11, 3, 1, 1, 15, 1, 1] => QQFieldElem[-1//384, 0, 0, 0],
	[11, 16, 16, 11, 1, 1, 1, 19, 1, 1] => QQFieldElem[0, 0, 0, 0],
	[11, 16, 16, 11, 1, 1, 1, 12, 1, 1] => QQFieldElem[0, 0, 0, 0],
	[11, 16, 16, 11, 4, 1, 1, 15, 1, 1] => QQFieldElem[0, 0, 0, 0],
	[11, 16, 16, 11, 3, 1, 1, 19, 1, 1] => QQFieldElem[0, 0, 0, 0],
	[11, 16, 16, 11, 3, 1, 1, 12, 1, 1] => QQFieldElem[0, 0, 0, 0],
	[11, 16, 16, 11, 8, 1, 1, 14, 1, 1] => QQFieldElem[1//8, 0, 0, 0],
	[11, 16, 16, 11, 3, 1, 2, 12, 1, 1] => QQFieldElem[3, 0, 0, 0],
	[11, 16, 16, 11, 4, 1, 1, 19, 1, 1] => QQFieldElem[3, 0, 0, 0],
	[11, 16, 16, 11, 4, 1, 1, 12, 1, 1] => QQFieldElem[3, 0, 0, 0],
	[11, 16, 16, 11, 3, 1, 2, 19, 1, 1] => QQFieldElem[-3, 0, 0, 0],
	[11, 16, 16, 11, 9, 1, 1, 10, 1, 1] => QQFieldElem[1//3, 0, 0, 0],
	[11, 16, 16, 11, 8, 1, 1, 15, 1, 1] => QQFieldElem[0, 0, 0, 0],
	[11, 16, 16, 11, 9, 1, 1, 18, 1, 1] => QQFieldElem[0, 0, 0, 3],
	[11, 16, 16, 11, 1, 1, 1, 10, 1, 1] => QQFieldElem[-1//864, 0, 0, 0],
	[11, 16, 16, 11, 3, 1, 2, 10, 1, 1] => QQFieldElem[1//3, 0, 0, 0],
	[11, 16, 16, 11, 8, 1, 1, 19, 1, 1] => QQFieldElem[0, 0, 0, 0],
	[11, 16, 16, 11, 8, 1, 1, 12, 1, 1] => QQFieldElem[-3, 0, 0, 0],
	[11, 16, 16, 11, 3, 1, 1, 10, 1, 1] => QQFieldElem[-1//432, 0, 0, 0])