Dict(
	[12, 18, 19, 10, 9, 1, 1, 17, 1, 1] => QQFieldElem[0, 0, 0, 0],
	[12, 18, 19, 10, 2, 1, 1, 7, 1, 1] => QQFieldElem[0, 0, 0, 1//3],
	[12, 18, 19, 10, 21, 1, 1, 21, 1, 1] => QQFieldElem[-1//6, -1//3, 1//3, 1//6],
	[12, 18, 19, 10, 20, 1, 1, 7, 1, 1] => QQFieldElem[0, 0, 0, 2//9],
	[12, 18, 19, 10, 3, 1, 1, 17, 1, 1] => QQFieldElem[-1//5, 0, 0, -2//5],
	[12, 18, 19, 10, 21, 1, 1, 9, 1, 1] => QQFieldElem[-1//6, 0, 0, 0],
	[12, 18, 19, 10, 9, 1, 1, 7, 1, 1] => QQFieldElem[0, 0, 0, -1//3],
	[12, 18, 19, 10, 17, 1, 1, 21, 1, 1] => QQFieldElem[1//6, 1//3, -1//3, -1//6],
	[12, 18, 19, 10, 21, 1, 1, 16, 1, 1] => QQFieldElem[0, 0, 0, 0],
	[12, 18, 19, 10, 17, 1, 1, 9, 1, 1] => QQFieldElem[-1//6, 0, 0, 0],
	[12, 18, 19, 10, 17, 1, 1, 16, 1, 1] => QQFieldElem[0, 0, 0, 0],
	[12, 18, 19, 10, 2, 1, 1, 21, 1, 1] => QQFieldElem[-1//2, 0, 0, 1//2],
	[12, 18, 19, 10, 21, 1, 1, 20, 1, 1] => QQFieldElem[0, 0, 0, 0],
	[12, 18, 19, 10, 2, 1, 1, 9, 1, 1] => QQFieldElem[1//2, 0, 0, 0],
	[12, 18, 19, 10, 20, 1, 1, 21, 1, 1] => QQFieldElem[0, 0, 0, 0],
	[12, 18, 19, 10, 3, 1, 1, 7, 1, 1] => QQFieldElem[0, 0, 0, -1//3],
	[12, 18, 19, 10, 2, 1, 1, 16, 1, 1] => QQFieldElem[0, 0, 0, 8],
	[12, 18, 19, 10, 9, 1, 1, 21, 1, 1] => QQFieldElem[0, 0, 0, 0],
	[12, 18, 19, 10, 17, 1, 1, 20, 1, 1] => QQFieldElem[-1//6, -1//3, 1//3, 1//6],
	[12, 18, 19, 10, 20, 1, 1, 9, 1, 1] => QQFieldElem[-1//6, 0, 0, 0],
	[12, 18, 19, 10, 9, 1, 1, 9, 1, 1] => QQFieldElem[-1//2, 0, 0, 0],
	[12, 18, 19, 10, 20, 1, 1, 16, 1, 1] => QQFieldElem[0, 0, 0, 0],
	[12, 18, 19, 10, 9, 1, 1, 16, 1, 1] => QQFieldElem[0, 0, 0, 8],
	[12, 18, 19, 10, 2, 1, 1, 20, 1, 1] => QQFieldElem[-1//2, 0, 0, 1//2],
	[12, 18, 19, 10, 20, 1, 1, 20, 1, 1] => QQFieldElem[1//6, 1//3, -1//3, -1//6],
	[12, 18, 19, 10, 21, 1, 1, 17, 1, 1] => QQFieldElem[-2//15, 2//15, 4//15, -1//15],
	[12, 18, 19, 10, 3, 1, 1, 21, 1, 1] => QQFieldElem[-1//2, 0, 0, 1//2],
	[12, 18, 19, 10, 9, 1, 1, 20, 1, 1] => QQFieldElem[0, 0, 0, 0],
	[12, 18, 19, 10, 17, 1, 1, 17, 1, 1] => QQFieldElem[0, 0, 0, 0],
	[12, 18, 19, 10, 3, 1, 1, 9, 1, 1] => QQFieldElem[-1//2, 0, 0, 0],
	[12, 18, 19, 10, 3, 1, 1, 16, 1, 1] => QQFieldElem[0, 0, 0, -8],
	[12, 18, 19, 10, 2, 1, 1, 17, 1, 1] => QQFieldElem[-1//5, 0, 0, -2//5],
	[12, 18, 19, 10, 21, 1, 1, 7, 1, 1] => QQFieldElem[0, 0, 0, 2//9],
	[12, 18, 19, 10, 20, 1, 1, 17, 1, 1] => QQFieldElem[2//15, -2//15, -4//15, 1//15],
	[12, 18, 19, 10, 3, 1, 1, 20, 1, 1] => QQFieldElem[-1//2, 0, 0, 1//2],
	[12, 18, 19, 10, 17, 1, 1, 7, 1, 1] => QQFieldElem[0, 0, 0, 2//9])