Dict(
	[12, 11, 14, 15, 21, 1, 1, 4, 1, 1] => QQFieldElem[2//3, 0, -2//3, 0],
	[12, 11, 14, 15, 20, 1, 1, 17, 1, 1] => QQFieldElem[4//3, 0, -2//3, 0],
	[12, 11, 14, 15, 16, 1, 1, 4, 1, 1] => QQFieldElem[0, 0, 0, 0],
	[12, 11, 14, 15, 17, 1, 1, 4, 1, 1] => QQFieldElem[1//3, 0, 0, 0],
	[12, 11, 14, 15, 20, 1, 1, 4, 1, 1] => QQFieldElem[0, 0, 2//3, 0],
	[12, 11, 14, 15, 21, 1, 1, 21, 1, 1] => QQFieldElem[-2//3, 0, -2//3, 0],
	[12, 11, 14, 15, 16, 1, 1, 21, 1, 1] => QQFieldElem[-1//12, 0, 0, 0],
	[12, 11, 14, 15, 17, 1, 1, 21, 1, 1] => QQFieldElem[-1//3, 0, 2//3, 0],
	[12, 11, 14, 15, 20, 1, 1, 21, 1, 1] => QQFieldElem[0, 0, 0, 0],
	[12, 11, 14, 15, 21, 1, 1, 20, 1, 1] => QQFieldElem[0, 0, 0, 0],
	[12, 11, 14, 15, 16, 1, 1, 20, 1, 1] => QQFieldElem[-1//12, 0, 0, 0],
	[12, 11, 14, 15, 17, 1, 1, 20, 1, 1] => QQFieldElem[1//3, 0, -2//3, 0],
	[12, 11, 14, 15, 20, 1, 1, 20, 1, 1] => QQFieldElem[-4//3, 0, 2//3, 0],
	[12, 11, 14, 15, 21, 1, 1, 17, 1, 1] => QQFieldElem[2//3, 0, 2//3, 0],
	[12, 11, 14, 15, 16, 1, 1, 17, 1, 1] => QQFieldElem[-1//12, 0, 0, 0],
	[12, 11, 14, 15, 17, 1, 1, 17, 1, 1] => QQFieldElem[0, 0, 0, 0])