Dict(
	[12, 20, 20, 11, 17, 1, 1, 12, 1, 1] => QQFieldElem[0, 0, -9//2, 0],
	[12, 20, 20, 11, 5, 1, 1, 11, 1, 1] => QQFieldElem[1//4, 0, 0, 0],
	[12, 20, 20, 11, 4, 1, 1, 15, 1, 1] => QQFieldElem[0, 0, 0, 0],
	[12, 20, 20, 11, 4, 1, 1, 12, 1, 1] => QQFieldElem[-48, 0, 48, 0],
	[12, 20, 20, 11, 5, 1, 1, 19, 1, 1] => QQFieldElem[1//2, 0, 0, 0],
	[12, 20, 20, 11, 21, 1, 1, 11, 1, 1] => QQFieldElem[0, 0, 0, 0],
	[12, 20, 20, 11, 16, 1, 2, 11, 1, 1] => QQFieldElem[4//3, 0, 0, 0],
	[12, 20, 20, 11, 17, 1, 1, 14, 1, 1] => QQFieldElem[-1//4, 0, 1//2, 0],
	[12, 20, 20, 11, 17, 1, 1, 13, 1, 1] => QQFieldElem[0, 0, -6, 0],
	[12, 20, 20, 11, 20, 1, 2, 11, 1, 1] => QQFieldElem[0, 0, 0, 0],
	[12, 20, 20, 11, 16, 1, 1, 15, 1, 1] => QQFieldElem[0, 0, 0, 0],
	[12, 20, 20, 11, 5, 1, 1, 10, 1, 1] => QQFieldElem[0, 0, 0, 0],
	[12, 20, 20, 11, 21, 1, 1, 19, 1, 1] => QQFieldElem[0, 0, 0, -1//4],
	[12, 20, 20, 11, 16, 1, 2, 19, 1, 1] => QQFieldElem[-8//3, 0, 0, 0],
	[12, 20, 20, 11, 16, 1, 1, 12, 1, 1] => QQFieldElem[-9, 0, 9, 0],
	[12, 20, 20, 11, 5, 1, 1, 18, 1, 1] => QQFieldElem[0, 0, 0, 0],
	[12, 20, 20, 11, 20, 1, 1, 15, 1, 1] => QQFieldElem[0, 0, 0, 0],
	[12, 20, 20, 11, 20, 1, 2, 19, 1, 1] => QQFieldElem[0, 0, 0, 1//4],
	[12, 20, 20, 11, 20, 1, 1, 12, 1, 1] => QQFieldElem[0, 0, -9//2, 0],
	[12, 20, 20, 11, 4, 1, 1, 14, 1, 1] => QQFieldElem[-8//3, 0, 0, 0],
	[12, 20, 20, 11, 21, 1, 1, 10, 1, 1] => QQFieldElem[3//8, 0, 0, 0],
	[12, 20, 20, 11, 16, 1, 2, 10, 1, 1] => QQFieldElem[0, 0, 0, 0],
	[12, 20, 20, 11, 4, 1, 1, 13, 1, 1] => QQFieldElem[64, 0, -64, 0],
	[12, 20, 20, 11, 21, 1, 1, 18, 1, 1] => QQFieldElem[0, 0, 0, 1//4],
	[12, 20, 20, 11, 16, 1, 2, 18, 1, 1] => QQFieldElem[0, 0, 0, 0],
	[12, 20, 20, 11, 20, 1, 2, 10, 1, 1] => QQFieldElem[3//8, 0, 0, 0],
	[12, 20, 20, 11, 20, 1, 2, 18, 1, 1] => QQFieldElem[0, 0, 0, -1//4],
	[12, 20, 20, 11, 16, 1, 1, 14, 1, 1] => QQFieldElem[1//2, 0, 0, 0],
	[12, 20, 20, 11, 17, 1, 1, 11, 1, 1] => QQFieldElem[0, 0, 0, 0],
	[12, 20, 20, 11, 16, 1, 1, 13, 1, 1] => QQFieldElem[12, 0, -12, 0],
	[12, 20, 20, 11, 20, 1, 1, 14, 1, 1] => QQFieldElem[1//4, 0, -1//2, 0],
	[12, 20, 20, 11, 20, 1, 1, 13, 1, 1] => QQFieldElem[0, 0, -6, 0],
	[12, 20, 20, 11, 17, 1, 1, 19, 1, 1] => QQFieldElem[1//4, 0, -1//2, 0],
	[12, 20, 20, 11, 4, 1, 1, 11, 1, 1] => QQFieldElem[4//3, 0, 0, 0],
	[12, 20, 20, 11, 17, 1, 1, 10, 1, 1] => QQFieldElem[3//8, 0, 0, 0],
	[12, 20, 20, 11, 17, 1, 1, 18, 1, 1] => QQFieldElem[0, 0, 0, 0],
	[12, 20, 20, 11, 5, 1, 1, 15, 1, 1] => QQFieldElem[-3//8, 0, 0, 0],
	[12, 20, 20, 11, 4, 1, 1, 19, 1, 1] => QQFieldElem[-8//3, 0, 0, 0],
	[12, 20, 20, 11, 5, 1, 1, 12, 1, 1] => QQFieldElem[9, 0, -9, 0],
	[12, 20, 20, 11, 16, 1, 1, 11, 1, 1] => QQFieldElem[1//4, 0, 0, 0],
	[12, 20, 20, 11, 21, 1, 1, 15, 1, 1] => QQFieldElem[0, 0, 0, -3//16],
	[12, 20, 20, 11, 4, 1, 1, 10, 1, 1] => QQFieldElem[0, 0, 0, 0],
	[12, 20, 20, 11, 20, 1, 1, 11, 1, 1] => QQFieldElem[0, 0, 0, 0],
	[12, 20, 20, 11, 16, 1, 2, 15, 1, 1] => QQFieldElem[2, 0, 0, 0],
	[12, 20, 20, 11, 21, 1, 1, 12, 1, 1] => QQFieldElem[0, 0, 9//2, 0],
	[12, 20, 20, 11, 16, 1, 2, 12, 1, 1] => QQFieldElem[48, 0, -48, 0],
	[12, 20, 20, 11, 16, 1, 1, 19, 1, 1] => QQFieldElem[1//2, 0, 0, 0],
	[12, 20, 20, 11, 4, 1, 1, 18, 1, 1] => QQFieldElem[-8//3, 0, 0, 0],
	[12, 20, 20, 11, 20, 1, 2, 15, 1, 1] => QQFieldElem[0, 0, 0, 3//16],
	[12, 20, 20, 11, 20, 1, 2, 12, 1, 1] => QQFieldElem[0, 0, 9//2, 0],
	[12, 20, 20, 11, 20, 1, 1, 19, 1, 1] => QQFieldElem[-1//4, 0, 1//2, 0],
	[12, 20, 20, 11, 5, 1, 1, 14, 1, 1] => QQFieldElem[1//2, 0, 0, 0],
	[12, 20, 20, 11, 16, 1, 1, 10, 1, 1] => QQFieldElem[0, 0, 0, 0],
	[12, 20, 20, 11, 5, 1, 1, 13, 1, 1] => QQFieldElem[-12, 0, 12, 0],
	[12, 20, 20, 11, 16, 1, 1, 18, 1, 1] => QQFieldElem[1//2, 0, 0, 0],
	[12, 20, 20, 11, 20, 1, 1, 10, 1, 1] => QQFieldElem[3//8, 0, 0, 0],
	[12, 20, 20, 11, 21, 1, 1, 14, 1, 1] => QQFieldElem[0, 0, 0, -1//4],
	[12, 20, 20, 11, 16, 1, 2, 14, 1, 1] => QQFieldElem[-8//3, 0, 0, 0],
	[12, 20, 20, 11, 20, 1, 1, 18, 1, 1] => QQFieldElem[0, 0, 0, 0],
	[12, 20, 20, 11, 21, 1, 1, 13, 1, 1] => QQFieldElem[0, 0, 6, 0],
	[12, 20, 20, 11, 16, 1, 2, 13, 1, 1] => QQFieldElem[-64, 0, 64, 0],
	[12, 20, 20, 11, 20, 1, 2, 14, 1, 1] => QQFieldElem[0, 0, 0, 1//4],
	[12, 20, 20, 11, 17, 1, 1, 15, 1, 1] => QQFieldElem[0, 0, 0, 0],
	[12, 20, 20, 11, 20, 1, 2, 13, 1, 1] => QQFieldElem[0, 0, 6, 0])