Dict(
	[12, 11, 16, 16, 14, 1, 1, 16, 1, 1] => QQFieldElem[1//12, 0, 0, 0],
	[12, 11, 16, 16, 18, 1, 1, 16, 1, 2] => QQFieldElem[-1//48, 0, 0, 0],
	[12, 11, 16, 16, 18, 1, 1, 4, 1, 1] => QQFieldElem[-1//24, 0, 0, 0],
	[12, 11, 16, 16, 19, 1, 1, 16, 1, 2] => QQFieldElem[0, 0, 0, -4//3],
	[12, 11, 16, 16, 19, 1, 1, 4, 1, 1] => QQFieldElem[-4//3, 0, 0, 0],
	[12, 11, 16, 16, 18, 1, 1, 5, 1, 1] => QQFieldElem[1//24, 0, 0, 0],
	[12, 11, 16, 16, 15, 1, 1, 16, 1, 2] => QQFieldElem[0, 0, 0, 4//3],
	[12, 11, 16, 16, 19, 1, 1, 5, 1, 1] => QQFieldElem[4//3, 0, 0, 0],
	[12, 11, 16, 16, 15, 1, 1, 4, 1, 1] => QQFieldElem[1//48, 0, 0, 0],
	[12, 11, 16, 16, 15, 1, 1, 5, 1, 1] => QQFieldElem[1//48, 0, 0, 0],
	[12, 11, 16, 16, 18, 1, 1, 16, 1, 1] => QQFieldElem[1//12, 0, 0, 0],
	[12, 11, 16, 16, 19, 1, 1, 16, 1, 1] => QQFieldElem[0, 0, 0, 1//24],
	[12, 11, 16, 16, 14, 1, 1, 16, 1, 2] => QQFieldElem[-1//48, 0, 0, 0],
	[12, 11, 16, 16, 14, 1, 1, 4, 1, 1] => QQFieldElem[1//12, 0, 0, 0],
	[12, 11, 16, 16, 15, 1, 1, 16, 1, 1] => QQFieldElem[0, 0, 0, -1//24],
	[12, 11, 16, 16, 14, 1, 1, 5, 1, 1] => QQFieldElem[1//12, 0, 0, 0])