Dict(
	[12, 13, 10, 12, 4, 1, 1, 21, 1, 1] => QQFieldElem[-2//9, 0, 0, 0],
	[12, 13, 10, 12, 17, 1, 1, 17, 1, 1] => QQFieldElem[0, 0, 0, 0],
	[12, 13, 10, 12, 20, 1, 1, 17, 1, 1] => QQFieldElem[1//12, 0, -1//6, 0],
	[12, 13, 10, 12, 21, 1, 1, 5, 1, 1] => QQFieldElem[-1//8, 0, 0, 0],
	[12, 13, 10, 12, 4, 1, 1, 20, 1, 1] => QQFieldElem[-2//9, 0, 0, 0],
	[12, 13, 10, 12, 17, 1, 1, 5, 1, 1] => QQFieldElem[-1//8, 0, 0, 0],
	[12, 13, 10, 12, 21, 1, 1, 21, 1, 1] => QQFieldElem[1//12, 0, -1//6, 0],
	[12, 13, 10, 12, 17, 1, 1, 21, 1, 1] => QQFieldElem[-1//12, 0, 1//6, 0],
	[12, 13, 10, 12, 20, 1, 1, 5, 1, 1] => QQFieldElem[-1//8, 0, 0, 0],
	[12, 13, 10, 12, 4, 1, 1, 17, 1, 1] => QQFieldElem[-2//9, 0, 0, 0],
	[12, 13, 10, 12, 21, 1, 1, 20, 1, 1] => QQFieldElem[0, 0, 0, 0],
	[12, 13, 10, 12, 20, 1, 1, 21, 1, 1] => QQFieldElem[0, 0, 0, 0],
	[12, 13, 10, 12, 17, 1, 1, 20, 1, 1] => QQFieldElem[1//12, 0, -1//6, 0],
	[12, 13, 10, 12, 4, 1, 1, 5, 1, 1] => QQFieldElem[0, 0, 0, 0],
	[12, 13, 10, 12, 20, 1, 1, 20, 1, 1] => QQFieldElem[-1//12, 0, 1//6, 0],
	[12, 13, 10, 12, 21, 1, 1, 17, 1, 1] => QQFieldElem[-1//12, 0, 1//6, 0])