Dict(
	[12, 10, 20, 20, 19, 1, 1, 20, 1, 1] => QQFieldElem[0, 0, 0, 0],
	[12, 10, 20, 20, 11, 1, 1, 20, 1, 1] => QQFieldElem[-1//8, 0, 1//4, 0],
	[12, 10, 20, 20, 15, 1, 1, 20, 1, 1] => QQFieldElem[1//8, 0, -1//4, 0],
	[12, 10, 20, 20, 12, 1, 1, 20, 1, 2] => QQFieldElem[-2//9, 0, 0, 0],
	[12, 10, 20, 20, 10, 1, 1, 5, 1, 1] => QQFieldElem[1//2, 0, 0, 0],
	[12, 10, 20, 20, 12, 1, 1, 21, 1, 1] => QQFieldElem[1//8, 0, -1//4, 0],
	[12, 10, 20, 20, 12, 1, 1, 9, 1, 1] => QQFieldElem[-1//4, 0, 1//2, 0],
	[12, 10, 20, 20, 18, 1, 1, 5, 1, 1] => QQFieldElem[1//6, 0, 0, 0],
	[12, 10, 20, 20, 10, 1, 1, 2, 1, 1] => QQFieldElem[2, 0, 0, 0],
	[12, 10, 20, 20, 18, 1, 1, 2, 1, 1] => QQFieldElem[1//3, 0, 0, 0],
	[12, 10, 20, 20, 10, 1, 1, 8, 1, 1] => QQFieldElem[1//2, 0, 0, 0],
	[12, 10, 20, 20, 13, 1, 1, 20, 1, 1] => QQFieldElem[1//6, 0, 0, 0],
	[12, 10, 20, 20, 10, 1, 1, 17, 1, 1] => QQFieldElem[-1, 0, 0, 0],
	[12, 10, 20, 20, 14, 1, 1, 5, 1, 1] => QQFieldElem[1//24, 0, 0, 0],
	[12, 10, 20, 20, 18, 1, 1, 8, 1, 1] => QQFieldElem[-1//12, 0, 0, 0],
	[12, 10, 20, 20, 18, 1, 1, 17, 1, 1] => QQFieldElem[-1//6, 0, 0, 0],
	[12, 10, 20, 20, 10, 1, 1, 20, 1, 2] => QQFieldElem[1//12, 0, 0, 0],
	[12, 10, 20, 20, 14, 1, 1, 2, 1, 1] => QQFieldElem[-1//6, 0, 0, 0],
	[12, 10, 20, 20, 10, 1, 1, 21, 1, 1] => QQFieldElem[-1, 0, 0, 0],
	[12, 10, 20, 20, 18, 1, 1, 20, 1, 2] => QQFieldElem[0, 0, 0, 0],
	[12, 10, 20, 20, 10, 1, 1, 9, 1, 1] => QQFieldElem[2, 0, 0, 0],
	[12, 10, 20, 20, 14, 1, 1, 8, 1, 1] => QQFieldElem[1//24, 0, 0, 0],
	[12, 10, 20, 20, 19, 1, 1, 5, 1, 1] => QQFieldElem[1//24, 0, 0, 0],
	[12, 10, 20, 20, 12, 1, 1, 20, 1, 1] => QQFieldElem[-1//12, 0, 0, 0],
	[12, 10, 20, 20, 11, 1, 1, 5, 1, 1] => QQFieldElem[1//24, 0, 0, 0],
	[12, 10, 20, 20, 18, 1, 1, 21, 1, 1] => QQFieldElem[0, 0, 0, 0],
	[12, 10, 20, 20, 15, 1, 1, 5, 1, 1] => QQFieldElem[1//9, 0, 0, 0],
	[12, 10, 20, 20, 14, 1, 1, 17, 1, 1] => QQFieldElem[1//12, 0, 0, 0],
	[12, 10, 20, 20, 18, 1, 1, 9, 1, 1] => QQFieldElem[-2//3, 0, 0, 0],
	[12, 10, 20, 20, 19, 1, 1, 2, 1, 1] => QQFieldElem[-1//6, 0, 0, 0],
	[12, 10, 20, 20, 11, 1, 1, 2, 1, 1] => QQFieldElem[1//6, 0, 0, 0],
	[12, 10, 20, 20, 15, 1, 1, 2, 1, 1] => QQFieldElem[8//9, 0, 0, 0],
	[12, 10, 20, 20, 14, 1, 1, 20, 1, 2] => QQFieldElem[1//12, 0, 0, 0],
	[12, 10, 20, 20, 19, 1, 1, 8, 1, 1] => QQFieldElem[1//24, 0, 0, 0],
	[12, 10, 20, 20, 11, 1, 1, 8, 1, 1] => QQFieldElem[1//24, 0, 0, 0],
	[12, 10, 20, 20, 14, 1, 1, 21, 1, 1] => QQFieldElem[0, 1//6, 0, -1//12],
	[12, 10, 20, 20, 15, 1, 1, 8, 1, 1] => QQFieldElem[-2//9, 0, 0, 0],
	[12, 10, 20, 20, 14, 1, 1, 9, 1, 1] => QQFieldElem[-1//6, 0, 0, 0],
	[12, 10, 20, 20, 19, 1, 1, 17, 1, 1] => QQFieldElem[1//12, 0, 0, 0],
	[12, 10, 20, 20, 11, 1, 1, 17, 1, 1] => QQFieldElem[1//12, 0, 0, 0],
	[12, 10, 20, 20, 15, 1, 1, 17, 1, 1] => QQFieldElem[2//9, 0, 0, 0],
	[12, 10, 20, 20, 13, 1, 1, 5, 1, 1] => QQFieldElem[-1//16, 0, 0, 0],
	[12, 10, 20, 20, 19, 1, 1, 20, 1, 2] => QQFieldElem[0, 1//6, 0, -1//12],
	[12, 10, 20, 20, 11, 1, 1, 20, 1, 2] => QQFieldElem[1//8, 0, 0, 0],
	[12, 10, 20, 20, 15, 1, 1, 20, 1, 2] => QQFieldElem[-1//8, 0, 0, 0],
	[12, 10, 20, 20, 10, 1, 1, 20, 1, 1] => QQFieldElem[-1, 0, 0, 0],
	[12, 10, 20, 20, 19, 1, 1, 21, 1, 1] => QQFieldElem[0, -1//6, 0, 1//12],
	[12, 10, 20, 20, 11, 1, 1, 21, 1, 1] => QQFieldElem[1//12, 0, 0, 0],
	[12, 10, 20, 20, 13, 1, 1, 2, 1, 1] => QQFieldElem[1//4, 0, 0, 0],
	[12, 10, 20, 20, 19, 1, 1, 9, 1, 1] => QQFieldElem[-1//6, 0, 0, 0],
	[12, 10, 20, 20, 11, 1, 1, 9, 1, 1] => QQFieldElem[1//6, 0, 0, 0],
	[12, 10, 20, 20, 15, 1, 1, 21, 1, 1] => QQFieldElem[0, 0, 0, 0],
	[12, 10, 20, 20, 15, 1, 1, 9, 1, 1] => QQFieldElem[-4//9, 0, 0, 0],
	[12, 10, 20, 20, 18, 1, 1, 20, 1, 1] => QQFieldElem[0, -1//6, 0, 1//12],
	[12, 10, 20, 20, 13, 1, 1, 8, 1, 1] => QQFieldElem[1//16, 0, 0, 0],
	[12, 10, 20, 20, 12, 1, 1, 5, 1, 1] => QQFieldElem[-1//16, 0, 1//8, 0],
	[12, 10, 20, 20, 13, 1, 1, 17, 1, 1] => QQFieldElem[1//8, 0, 0, 0],
	[12, 10, 20, 20, 14, 1, 1, 20, 1, 1] => QQFieldElem[-1, 0, 0, 0],
	[12, 10, 20, 20, 12, 1, 1, 2, 1, 1] => QQFieldElem[1//4, 0, -1//2, 0],
	[12, 10, 20, 20, 13, 1, 1, 20, 1, 2] => QQFieldElem[-1//12, 0, 0, 0],
	[12, 10, 20, 20, 13, 1, 1, 21, 1, 1] => QQFieldElem[-1//8, 0, 0, 0],
	[12, 10, 20, 20, 12, 1, 1, 8, 1, 1] => QQFieldElem[1//16, 0, -1//8, 0],
	[12, 10, 20, 20, 13, 1, 1, 9, 1, 1] => QQFieldElem[-1//4, 0, 0, 0],
	[12, 10, 20, 20, 12, 1, 1, 17, 1, 1] => QQFieldElem[-1//8, 0, 1//4, 0])