Dict(
	[12, 12, 17, 17, 12, 1, 1, 1, 1, 1] => QQFieldElem[4//3, 0, 0, 0],
	[12, 12, 17, 17, 11, 1, 1, 6, 1, 1] => QQFieldElem[-1//24, 0, 0, 0],
	[12, 12, 17, 17, 15, 1, 1, 20, 1, 1] => QQFieldElem[0, 0, 0, 0],
	[12, 12, 17, 17, 15, 1, 1, 6, 1, 1] => QQFieldElem[-1//3, 0, 0, 0],
	[12, 12, 17, 17, 14, 1, 1, 17, 1, 2] => QQFieldElem[1//12, 0, 0, 0],
	[12, 12, 17, 17, 12, 1, 1, 21, 1, 1] => QQFieldElem[32//9, 0, 0, 0],
	[12, 12, 17, 17, 13, 1, 1, 7, 1, 1] => QQFieldElem[16//9, 0, 0, 0],
	[12, 12, 17, 17, 19, 1, 1, 4, 1, 1] => QQFieldElem[1//6, 0, 0, 0],
	[12, 12, 17, 17, 11, 1, 1, 4, 1, 1] => QQFieldElem[-1//24, 0, 0, 0],
	[12, 12, 17, 17, 15, 1, 1, 4, 1, 1] => QQFieldElem[2//3, 0, 0, 0],
	[12, 12, 17, 17, 19, 1, 1, 17, 1, 2] => QQFieldElem[1//3, 0, 0, 0],
	[12, 12, 17, 17, 11, 1, 1, 17, 1, 2] => QQFieldElem[-128//27, 0, 0, 0],
	[12, 12, 17, 17, 13, 1, 1, 20, 1, 1] => QQFieldElem[128//27, 0, 0, 0],
	[12, 12, 17, 17, 15, 1, 1, 17, 1, 2] => QQFieldElem[-128//27, 0, 0, 0],
	[12, 12, 17, 17, 10, 1, 1, 17, 1, 1] => QQFieldElem[3//4, 0, 0, 0],
	[12, 12, 17, 17, 13, 1, 1, 6, 1, 1] => QQFieldElem[64//27, 0, 0, 0],
	[12, 12, 17, 17, 12, 1, 1, 7, 1, 1] => QQFieldElem[-4//3, 0, 0, 0],
	[12, 12, 17, 17, 18, 1, 1, 17, 1, 1] => QQFieldElem[8//9, 0, 0, 0],
	[12, 12, 17, 17, 10, 1, 1, 1, 1, 1] => QQFieldElem[-9//32, 0, 0, 0],
	[12, 12, 17, 17, 13, 1, 1, 4, 1, 1] => QQFieldElem[-64//27, 0, 0, 0],
	[12, 12, 17, 17, 18, 1, 1, 1, 1, 1] => QQFieldElem[1//8, 0, 0, 0],
	[12, 12, 17, 17, 10, 1, 1, 21, 1, 1] => QQFieldElem[3//4, 0, 0, 0],
	[12, 12, 17, 17, 12, 1, 1, 20, 1, 1] => QQFieldElem[32//9, 0, 0, 0],
	[12, 12, 17, 17, 18, 1, 1, 21, 1, 1] => QQFieldElem[0, 2//3, 0, -1//3],
	[12, 12, 17, 17, 12, 1, 1, 6, 1, 1] => QQFieldElem[-16//9, 0, 0, 0],
	[12, 12, 17, 17, 14, 1, 1, 17, 1, 1] => QQFieldElem[3//4, 0, 0, 0],
	[12, 12, 17, 17, 13, 1, 1, 17, 1, 2] => QQFieldElem[-1//3, 0, 0, 0],
	[12, 12, 17, 17, 14, 1, 1, 1, 1, 1] => QQFieldElem[-2//3, 0, 0, 0],
	[12, 12, 17, 17, 12, 1, 1, 4, 1, 1] => QQFieldElem[16//9, 0, 0, 0],
	[12, 12, 17, 17, 14, 1, 1, 21, 1, 1] => QQFieldElem[0, 0, 0, 0],
	[12, 12, 17, 17, 10, 1, 1, 7, 1, 1] => QQFieldElem[-9//32, 0, 0, 0],
	[12, 12, 17, 17, 19, 1, 1, 17, 1, 1] => QQFieldElem[1//3, 0, 0, 0],
	[12, 12, 17, 17, 11, 1, 1, 17, 1, 1] => QQFieldElem[-32//9, 0, 0, 0],
	[12, 12, 17, 17, 15, 1, 1, 17, 1, 1] => QQFieldElem[-32//9, 0, 0, 0],
	[12, 12, 17, 17, 18, 1, 1, 7, 1, 1] => QQFieldElem[1//8, 0, 0, 0],
	[12, 12, 17, 17, 12, 1, 1, 17, 1, 2] => QQFieldElem[2//3, 0, 0, 0],
	[12, 12, 17, 17, 19, 1, 1, 1, 1, 1] => QQFieldElem[1//8, 0, 0, 0],
	[12, 12, 17, 17, 11, 1, 1, 1, 1, 1] => QQFieldElem[1//32, 0, 0, 0],
	[12, 12, 17, 17, 15, 1, 1, 1, 1, 1] => QQFieldElem[-1//4, 0, 0, 0],
	[12, 12, 17, 17, 10, 1, 1, 20, 1, 1] => QQFieldElem[3//4, 0, 0, 0],
	[12, 12, 17, 17, 19, 1, 1, 21, 1, 1] => QQFieldElem[0, -2//3, 0, 1//3],
	[12, 12, 17, 17, 11, 1, 1, 21, 1, 1] => QQFieldElem[1//12, 0, 0, 0],
	[12, 12, 17, 17, 10, 1, 1, 6, 1, 1] => QQFieldElem[3//8, 0, 0, 0],
	[12, 12, 17, 17, 15, 1, 1, 21, 1, 1] => QQFieldElem[0, 0, 0, 0],
	[12, 12, 17, 17, 18, 1, 1, 20, 1, 1] => QQFieldElem[0, -2//3, 0, 1//3],
	[12, 12, 17, 17, 14, 1, 1, 7, 1, 1] => QQFieldElem[1//3, 0, 0, 0],
	[12, 12, 17, 17, 18, 1, 1, 6, 1, 1] => QQFieldElem[1//6, 0, 0, 0],
	[12, 12, 17, 17, 13, 1, 1, 17, 1, 1] => QQFieldElem[-1//3, 0, 0, 0],
	[12, 12, 17, 17, 10, 1, 1, 4, 1, 1] => QQFieldElem[3//8, 0, 0, 0],
	[12, 12, 17, 17, 18, 1, 1, 4, 1, 1] => QQFieldElem[1//6, 0, 0, 0],
	[12, 12, 17, 17, 14, 1, 1, 20, 1, 1] => QQFieldElem[0, 0, 0, 0],
	[12, 12, 17, 17, 13, 1, 1, 1, 1, 1] => QQFieldElem[-16//9, 0, 0, 0],
	[12, 12, 17, 17, 19, 1, 1, 7, 1, 1] => QQFieldElem[1//8, 0, 0, 0],
	[12, 12, 17, 17, 11, 1, 1, 7, 1, 1] => QQFieldElem[1//32, 0, 0, 0],
	[12, 12, 17, 17, 14, 1, 1, 6, 1, 1] => QQFieldElem[-8//9, 0, 0, 0],
	[12, 12, 17, 17, 10, 1, 1, 17, 1, 2] => QQFieldElem[1//12, 0, 0, 0],
	[12, 12, 17, 17, 15, 1, 1, 7, 1, 1] => QQFieldElem[1//2, 0, 0, 0],
	[12, 12, 17, 17, 13, 1, 1, 21, 1, 1] => QQFieldElem[128//27, 0, 0, 0],
	[12, 12, 17, 17, 18, 1, 1, 17, 1, 2] => QQFieldElem[-2//3, 0, 0, 0],
	[12, 12, 17, 17, 12, 1, 1, 17, 1, 1] => QQFieldElem[-8//9, 0, 0, 0],
	[12, 12, 17, 17, 14, 1, 1, 4, 1, 1] => QQFieldElem[4//9, 0, 0, 0],
	[12, 12, 17, 17, 19, 1, 1, 20, 1, 1] => QQFieldElem[0, 2//3, 0, -1//3],
	[12, 12, 17, 17, 11, 1, 1, 20, 1, 1] => QQFieldElem[1//12, 0, 0, 0],
	[12, 12, 17, 17, 19, 1, 1, 6, 1, 1] => QQFieldElem[1//6, 0, 0, 0])