Dict(
	[12, 12, 13, 13, 20, 1, 1, 4, 1, 1] => QQFieldElem[0, 0, 0, 0],
	[12, 12, 13, 13, 17, 1, 1, 3, 1, 1] => QQFieldElem[3//8, 0, 0, 0],
	[12, 12, 13, 13, 21, 1, 1, 21, 1, 1] => QQFieldElem[-1//3, 0, 0, 0],
	[12, 12, 13, 13, 20, 1, 1, 1, 1, 1] => QQFieldElem[-1//8, 0, 0, 0],
	[12, 12, 13, 13, 16, 1, 1, 21, 1, 1] => QQFieldElem[0, 0, 0, 0],
	[12, 12, 13, 13, 17, 1, 1, 21, 1, 1] => QQFieldElem[-1//3, 0, 0, 0],
	[12, 12, 13, 13, 4, 1, 1, 17, 1, 1] => QQFieldElem[-3//8, 0, 0, 0],
	[12, 12, 13, 13, 20, 1, 1, 3, 1, 1] => QQFieldElem[3//8, 0, 0, 0],
	[12, 12, 13, 13, 5, 1, 1, 17, 1, 1] => QQFieldElem[-1//6, 0, 0, 0],
	[12, 12, 13, 13, 21, 1, 1, 20, 1, 1] => QQFieldElem[2//3, 0, 0, 0],
	[12, 12, 13, 13, 20, 1, 1, 21, 1, 1] => QQFieldElem[2//3, 0, 0, 0],
	[12, 12, 13, 13, 16, 1, 1, 20, 1, 1] => QQFieldElem[0, 0, 0, 0],
	[12, 12, 13, 13, 4, 1, 1, 4, 1, 1] => QQFieldElem[9//2, 0, 0, 0],
	[12, 12, 13, 13, 17, 1, 1, 20, 1, 1] => QQFieldElem[-1//3, 0, 0, 0],
	[12, 12, 13, 13, 5, 1, 1, 4, 1, 1] => QQFieldElem[-4, 0, 0, 0],
	[12, 12, 13, 13, 4, 1, 1, 1, 1, 1] => QQFieldElem[9//128, 0, 0, 0],
	[12, 12, 13, 13, 5, 1, 1, 1, 1, 1] => QQFieldElem[-1//16, 0, 0, 0],
	[12, 12, 13, 13, 20, 1, 1, 20, 1, 1] => QQFieldElem[-1//3, 0, 0, 0],
	[12, 12, 13, 13, 4, 1, 1, 3, 1, 1] => QQFieldElem[27//128, 0, 0, 0],
	[12, 12, 13, 13, 21, 1, 1, 17, 1, 1] => QQFieldElem[-1//3, 0, 0, 0],
	[12, 12, 13, 13, 5, 1, 1, 3, 1, 1] => QQFieldElem[-3//16, 0, 0, 0],
	[12, 12, 13, 13, 16, 1, 1, 17, 1, 1] => QQFieldElem[0, 0, 0, 0],
	[12, 12, 13, 13, 4, 1, 1, 21, 1, 1] => QQFieldElem[-3//8, 0, 0, 0],
	[12, 12, 13, 13, 17, 1, 1, 17, 1, 1] => QQFieldElem[2//3, 0, 0, 0],
	[12, 12, 13, 13, 5, 1, 1, 21, 1, 1] => QQFieldElem[-1//6, 0, 0, 0],
	[12, 12, 13, 13, 21, 1, 1, 4, 1, 1] => QQFieldElem[0, 0, 0, 0],
	[12, 12, 13, 13, 16, 1, 1, 4, 1, 1] => QQFieldElem[4, 0, 0, 0],
	[12, 12, 13, 13, 20, 1, 1, 17, 1, 1] => QQFieldElem[-1//3, 0, 0, 0],
	[12, 12, 13, 13, 21, 1, 1, 1, 1, 1] => QQFieldElem[-1//8, 0, 0, 0],
	[12, 12, 13, 13, 17, 1, 1, 4, 1, 1] => QQFieldElem[0, 0, 0, 0],
	[12, 12, 13, 13, 16, 1, 1, 1, 1, 1] => QQFieldElem[-1//16, 0, 0, 0],
	[12, 12, 13, 13, 4, 1, 1, 20, 1, 1] => QQFieldElem[-3//8, 0, 0, 0],
	[12, 12, 13, 13, 17, 1, 1, 1, 1, 1] => QQFieldElem[-1//8, 0, 0, 0],
	[12, 12, 13, 13, 5, 1, 1, 20, 1, 1] => QQFieldElem[-1//6, 0, 0, 0],
	[12, 12, 13, 13, 21, 1, 1, 3, 1, 1] => QQFieldElem[3//8, 0, 0, 0],
	[12, 12, 13, 13, 16, 1, 1, 3, 1, 1] => QQFieldElem[-3//16, 0, 0, 0])