Dict(
	[13, 11, 12, 12, 5, 1, 1, 17, 1, 1] => QQFieldElem[0, 0, 0, 0],
	[13, 11, 12, 12, 21, 1, 1, 20, 1, 1] => QQFieldElem[0, 0, 0, 0],
	[13, 11, 12, 12, 20, 1, 1, 21, 1, 1] => QQFieldElem[0, 0, 0, 0],
	[13, 11, 12, 12, 16, 1, 1, 20, 1, 1] => QQFieldElem[0, 0, 0, 0],
	[13, 11, 12, 12, 17, 1, 1, 20, 1, 1] => QQFieldElem[1//3, 0, -2//3, 0],
	[13, 11, 12, 12, 4, 1, 1, 7, 1, 1] => QQFieldElem[0, 0, 0, 0],
	[13, 11, 12, 12, 21, 1, 1, 6, 1, 1] => QQFieldElem[1//2, 0, 0, 0],
	[13, 11, 12, 12, 5, 1, 1, 7, 1, 1] => QQFieldElem[-128, 0, 0, 0],
	[13, 11, 12, 12, 16, 1, 1, 6, 1, 1] => QQFieldElem[-2//3, 0, 0, 0],
	[13, 11, 12, 12, 17, 1, 1, 6, 1, 1] => QQFieldElem[1//2, 0, 0, 0],
	[13, 11, 12, 12, 20, 1, 1, 20, 1, 1] => QQFieldElem[-1//3, 0, 2//3, 0],
	[13, 11, 12, 12, 21, 1, 1, 17, 1, 1] => QQFieldElem[-1//3, 0, 2//3, 0],
	[13, 11, 12, 12, 4, 1, 1, 3, 1, 1] => QQFieldElem[0, 0, 0, 0],
	[13, 11, 12, 12, 5, 1, 1, 3, 1, 1] => QQFieldElem[2//3, 0, 0, 0],
	[13, 11, 12, 12, 16, 1, 1, 17, 1, 1] => QQFieldElem[0, 0, 0, 0],
	[13, 11, 12, 12, 4, 1, 1, 21, 1, 1] => QQFieldElem[1//16, 0, 0, 0],
	[13, 11, 12, 12, 17, 1, 1, 17, 1, 1] => QQFieldElem[0, 0, 0, 0],
	[13, 11, 12, 12, 20, 1, 1, 6, 1, 1] => QQFieldElem[1//2, 0, 0, 0],
	[13, 11, 12, 12, 5, 1, 1, 21, 1, 1] => QQFieldElem[0, 0, 0, 0],
	[13, 11, 12, 12, 21, 1, 1, 7, 1, 1] => QQFieldElem[0, 0, 0, 0],
	[13, 11, 12, 12, 20, 1, 1, 17, 1, 1] => QQFieldElem[1//3, 0, -2//3, 0],
	[13, 11, 12, 12, 16, 1, 1, 7, 1, 1] => QQFieldElem[128, 0, 0, 0],
	[13, 11, 12, 12, 17, 1, 1, 7, 1, 1] => QQFieldElem[0, 0, 0, 0],
	[13, 11, 12, 12, 4, 1, 1, 20, 1, 1] => QQFieldElem[1//16, 0, 0, 0],
	[13, 11, 12, 12, 5, 1, 1, 20, 1, 1] => QQFieldElem[0, 0, 0, 0],
	[13, 11, 12, 12, 21, 1, 1, 3, 1, 1] => QQFieldElem[1//2, 0, 0, 0],
	[13, 11, 12, 12, 4, 1, 1, 6, 1, 1] => QQFieldElem[0, 0, 0, 0],
	[13, 11, 12, 12, 16, 1, 1, 3, 1, 1] => QQFieldElem[2//3, 0, 0, 0],
	[13, 11, 12, 12, 17, 1, 1, 3, 1, 1] => QQFieldElem[1//2, 0, 0, 0],
	[13, 11, 12, 12, 20, 1, 1, 7, 1, 1] => QQFieldElem[0, 0, 0, 0],
	[13, 11, 12, 12, 5, 1, 1, 6, 1, 1] => QQFieldElem[-2//3, 0, 0, 0],
	[13, 11, 12, 12, 21, 1, 1, 21, 1, 1] => QQFieldElem[1//3, 0, -2//3, 0],
	[13, 11, 12, 12, 16, 1, 1, 21, 1, 1] => QQFieldElem[0, 0, 0, 0],
	[13, 11, 12, 12, 17, 1, 1, 21, 1, 1] => QQFieldElem[-1//3, 0, 2//3, 0],
	[13, 11, 12, 12, 4, 1, 1, 17, 1, 1] => QQFieldElem[1//16, 0, 0, 0],
	[13, 11, 12, 12, 20, 1, 1, 3, 1, 1] => QQFieldElem[1//2, 0, 0, 0])