Dict(
	[13, 18, 19, 14, 9, 1, 1, 16, 1, 1] => QQFieldElem[0, 0, 0, 0],
	[13, 18, 19, 14, 20, 1, 1, 20, 1, 1] => QQFieldElem[-1//3, 0, 2//3, 0],
	[13, 18, 19, 14, 21, 1, 1, 17, 1, 1] => QQFieldElem[-2//15, 1//5, 1//15, 1//5],
	[13, 18, 19, 14, 9, 1, 1, 20, 1, 1] => QQFieldElem[0, 1, 0, -1],
	[13, 18, 19, 14, 17, 1, 1, 17, 1, 1] => QQFieldElem[0, 0, 0, 0],
	[13, 18, 19, 14, 20, 1, 1, 17, 1, 1] => QQFieldElem[-1//15, -1//5, -1//15, 2//5],
	[13, 18, 19, 14, 9, 1, 1, 17, 1, 1] => QQFieldElem[-3//5, 0, 0, -1//5],
	[13, 18, 19, 14, 21, 1, 1, 21, 1, 1] => QQFieldElem[1//3, 0, -2//3, 0],
	[13, 18, 19, 14, 17, 1, 1, 21, 1, 1] => QQFieldElem[1//6, 1//2, 1//6, -1],
	[13, 18, 19, 14, 21, 1, 1, 16, 1, 1] => QQFieldElem[0, 1//6, -1//6, -1//6],
	[13, 18, 19, 14, 17, 1, 1, 16, 1, 1] => QQFieldElem[-1//3, 0, 0, 1//6],
	[13, 18, 19, 14, 20, 1, 1, 21, 1, 1] => QQFieldElem[0, 0, 0, 0],
	[13, 18, 19, 14, 21, 1, 1, 20, 1, 1] => QQFieldElem[0, 0, 0, 0],
	[13, 18, 19, 14, 9, 1, 1, 21, 1, 1] => QQFieldElem[0, -1, 0, 0],
	[13, 18, 19, 14, 17, 1, 1, 20, 1, 1] => QQFieldElem[1//3, -1//2, -1//6, -1//2],
	[13, 18, 19, 14, 20, 1, 1, 16, 1, 1] => QQFieldElem[-1//6, -1//6, 1//6, 0])