Dict(
	[13, 11, 13, 13, 21, 1, 1, 20, 1, 1] => QQFieldElem[0, 0, 0, 0],
	[13, 11, 13, 13, 20, 1, 1, 21, 1, 1] => QQFieldElem[0, 0, 0, 0],
	[13, 11, 13, 13, 17, 1, 1, 20, 1, 1] => QQFieldElem[-16//9, 0, 32//9, 0],
	[13, 11, 13, 13, 3, 1, 1, 3, 1, 1] => QQFieldElem[0, 0, 0, 0],
	[13, 11, 13, 13, 20, 1, 1, 20, 1, 1] => QQFieldElem[16//9, 0, -32//9, 0],
	[13, 11, 13, 13, 21, 1, 1, 17, 1, 1] => QQFieldElem[16//9, 0, -32//9, 0],
	[13, 11, 13, 13, 3, 1, 1, 21, 1, 1] => QQFieldElem[2//3, 0, 0, 0],
	[13, 11, 13, 13, 17, 1, 1, 17, 1, 1] => QQFieldElem[0, 0, 0, 0],
	[13, 11, 13, 13, 20, 1, 1, 17, 1, 1] => QQFieldElem[-16//9, 0, 32//9, 0],
	[13, 11, 13, 13, 3, 1, 1, 20, 1, 1] => QQFieldElem[2//3, 0, 0, 0],
	[13, 11, 13, 13, 21, 1, 1, 3, 1, 1] => QQFieldElem[-2//3, 0, 0, 0],
	[13, 11, 13, 13, 17, 1, 1, 3, 1, 1] => QQFieldElem[-2//3, 0, 0, 0],
	[13, 11, 13, 13, 21, 1, 1, 21, 1, 1] => QQFieldElem[-16//9, 0, 32//9, 0],
	[13, 11, 13, 13, 3, 1, 1, 17, 1, 1] => QQFieldElem[2//3, 0, 0, 0],
	[13, 11, 13, 13, 17, 1, 1, 21, 1, 1] => QQFieldElem[16//9, 0, -32//9, 0],
	[13, 11, 13, 13, 20, 1, 1, 3, 1, 1] => QQFieldElem[-2//3, 0, 0, 0])