Dict(
	[13, 10, 10, 15, 20, 1, 1, 20, 1, 1] => QQFieldElem[1//12, 0, -1//12, 0],
	[13, 10, 10, 15, 21, 1, 1, 17, 1, 1] => QQFieldElem[1//12, 0, -1//12, 0],
	[13, 10, 10, 15, 17, 1, 1, 17, 1, 1] => QQFieldElem[1//6, 0, 0, 0],
	[13, 10, 10, 15, 7, 1, 1, 21, 1, 1] => QQFieldElem[-1//6, 0, 1//6, 0],
	[13, 10, 10, 15, 20, 1, 1, 17, 1, 1] => QQFieldElem[0, 0, 1//12, 0],
	[13, 10, 10, 15, 7, 1, 1, 16, 1, 1] => QQFieldElem[0, 0, 0, 0],
	[13, 10, 10, 15, 21, 1, 1, 21, 1, 1] => QQFieldElem[0, 0, 1//12, 0],
	[13, 10, 10, 15, 7, 1, 1, 20, 1, 1] => QQFieldElem[0, 0, -1//6, 0],
	[13, 10, 10, 15, 17, 1, 1, 21, 1, 1] => QQFieldElem[1//12, 0, -1//12, 0],
	[13, 10, 10, 15, 21, 1, 1, 16, 1, 1] => QQFieldElem[-1//3, 0, 1//3, 0],
	[13, 10, 10, 15, 17, 1, 1, 16, 1, 1] => QQFieldElem[1//3, 0, 0, 0],
	[13, 10, 10, 15, 21, 1, 1, 20, 1, 1] => QQFieldElem[1//6, 0, 0, 0],
	[13, 10, 10, 15, 20, 1, 1, 21, 1, 1] => QQFieldElem[1//6, 0, 0, 0],
	[13, 10, 10, 15, 7, 1, 1, 17, 1, 1] => QQFieldElem[1//6, 0, 0, 0],
	[13, 10, 10, 15, 17, 1, 1, 20, 1, 1] => QQFieldElem[0, 0, 1//12, 0],
	[13, 10, 10, 15, 20, 1, 1, 16, 1, 1] => QQFieldElem[0, 0, -1//3, 0])