Dict(
	[13, 20, 12, 16, 19, 1, 1, 14, 1, 1] => QQFieldElem[0, 0, 0, 0],
	[13, 20, 12, 16, 19, 1, 1, 11, 1, 1] => QQFieldElem[9//32, 0, -9//32, 0],
	[13, 20, 12, 16, 10, 1, 1, 19, 1, 1] => QQFieldElem[1//6, 0, -1//6, 0],
	[13, 20, 12, 16, 18, 1, 1, 13, 1, 1] => QQFieldElem[3//8, 0, -3//8, 0],
	[13, 20, 12, 16, 19, 1, 1, 13, 1, 1] => QQFieldElem[3//8, 0, -3//8, 0],
	[13, 20, 12, 16, 15, 1, 1, 14, 1, 1] => QQFieldElem[0, 0, -1//2, 0],
	[13, 20, 12, 16, 15, 1, 1, 11, 1, 1] => QQFieldElem[-9//32, 0, 9//32, 0],
	[13, 20, 12, 16, 18, 1, 1, 15, 1, 1] => QQFieldElem[0, 0, 0, 0],
	[13, 20, 12, 16, 15, 1, 1, 13, 1, 1] => QQFieldElem[3//8, 0, -3//8, 0],
	[13, 20, 12, 16, 18, 1, 1, 19, 1, 1] => QQFieldElem[0, 0, 1//2, 0],
	[13, 20, 12, 16, 14, 1, 1, 18, 1, 1] => QQFieldElem[0, 0, 0, 0],
	[13, 20, 12, 16, 19, 1, 1, 15, 1, 1] => QQFieldElem[0, 0, 0, 0],
	[13, 20, 12, 16, 19, 1, 1, 19, 1, 1] => QQFieldElem[0, 0, -1//2, 0],
	[13, 20, 12, 16, 15, 1, 1, 15, 1, 1] => QQFieldElem[0, 0, 1//2, 0],
	[13, 20, 12, 16, 12, 1, 1, 18, 1, 1] => QQFieldElem[2//3, 0, -2//3, 0],
	[13, 20, 12, 16, 15, 1, 1, 19, 1, 1] => QQFieldElem[0, 0, 0, 0],
	[13, 20, 12, 16, 14, 1, 1, 14, 1, 1] => QQFieldElem[0, 0, 1//2, 0],
	[13, 20, 12, 16, 14, 1, 1, 11, 1, 1] => QQFieldElem[-9//32, 0, 9//32, 0],
	[13, 20, 12, 16, 10, 1, 1, 18, 1, 1] => QQFieldElem[1//6, 0, -1//6, 0],
	[13, 20, 12, 16, 14, 1, 1, 13, 1, 1] => QQFieldElem[3//8, 0, -3//8, 0],
	[13, 20, 12, 16, 12, 1, 1, 14, 1, 1] => QQFieldElem[-2//3, 0, 2//3, 0],
	[13, 20, 12, 16, 12, 1, 1, 11, 1, 1] => QQFieldElem[0, 0, 0, 0],
	[13, 20, 12, 16, 14, 1, 1, 15, 1, 1] => QQFieldElem[0, 0, -1//2, 0],
	[13, 20, 12, 16, 12, 1, 1, 13, 1, 1] => QQFieldElem[0, 0, 0, 0],
	[13, 20, 12, 16, 10, 1, 1, 14, 1, 1] => QQFieldElem[1//6, 0, -1//6, 0],
	[13, 20, 12, 16, 18, 1, 1, 18, 1, 1] => QQFieldElem[0, 0, -1//2, 0],
	[13, 20, 12, 16, 14, 1, 1, 19, 1, 1] => QQFieldElem[0, 0, 0, 0],
	[13, 20, 12, 16, 10, 1, 1, 11, 1, 1] => QQFieldElem[0, 0, 0, 0],
	[13, 20, 12, 16, 19, 1, 1, 18, 1, 1] => QQFieldElem[0, 0, 1//2, 0],
	[13, 20, 12, 16, 12, 1, 1, 15, 1, 1] => QQFieldElem[-2//3, 0, 2//3, 0],
	[13, 20, 12, 16, 10, 1, 1, 13, 1, 1] => QQFieldElem[0, 0, 0, 0],
	[13, 20, 12, 16, 12, 1, 1, 19, 1, 1] => QQFieldElem[2//3, 0, -2//3, 0],
	[13, 20, 12, 16, 15, 1, 1, 18, 1, 1] => QQFieldElem[0, 0, 0, 0],
	[13, 20, 12, 16, 18, 1, 1, 14, 1, 1] => QQFieldElem[0, 0, 0, 0],
	[13, 20, 12, 16, 18, 1, 1, 11, 1, 1] => QQFieldElem[9//32, 0, -9//32, 0],
	[13, 20, 12, 16, 10, 1, 1, 15, 1, 1] => QQFieldElem[1//6, 0, -1//6, 0])