Dict(
	[14, 19, 17, 17, 18, 1, 1, 20, 1, 1] => QQFieldElem[1//15, 1//15, -1//15, 0],
	[14, 19, 17, 17, 12, 1, 1, 5, 1, 1] => QQFieldElem[2//3, 0, 0, -2//3],
	[14, 19, 17, 17, 13, 1, 1, 17, 1, 1] => QQFieldElem[1//5, -1//15, 1//5, 2//15],
	[14, 19, 17, 17, 10, 1, 1, 4, 1, 1] => QQFieldElem[-3//64, 0, 0, -1//64],
	[14, 19, 17, 17, 14, 1, 1, 16, 1, 1] => QQFieldElem[-3//64, 0, 0, -1//64],
	[14, 19, 17, 17, 13, 1, 1, 16, 1, 2] => QQFieldElem[0, 1//6, 1//6, -1//6],
	[14, 19, 17, 17, 18, 1, 1, 4, 1, 1] => QQFieldElem[1//8, -1//8, -1//8, 0],
	[14, 19, 17, 17, 14, 1, 1, 20, 1, 1] => QQFieldElem[-8//45, 0, 0, 16//45],
	[14, 19, 17, 17, 10, 1, 1, 17, 1, 2] => QQFieldElem[3//40, 0, 0, 1//40],
	[14, 19, 17, 17, 13, 1, 1, 21, 1, 1] => QQFieldElem[1//5, 0, 0, -3//5],
	[14, 19, 17, 17, 18, 1, 1, 17, 1, 2] => QQFieldElem[0, 0, 0, 0],
	[14, 19, 17, 17, 12, 1, 1, 17, 1, 1] => QQFieldElem[0, 0, 0, 0],
	[14, 19, 17, 17, 19, 1, 1, 16, 1, 1] => QQFieldElem[-1//8, 1//8, 1//8, 0],
	[14, 19, 17, 17, 11, 1, 1, 16, 1, 1] => QQFieldElem[-2//3, 0, 0, 2//3],
	[14, 19, 17, 17, 14, 1, 1, 4, 1, 1] => QQFieldElem[2//3, 0, 0, 1//3],
	[14, 19, 17, 17, 15, 1, 1, 16, 1, 1] => QQFieldElem[-1//2, 0, 0, 1//2],
	[14, 19, 17, 17, 19, 1, 1, 20, 1, 1] => QQFieldElem[0, -1//15, 1//15, 1//15],
	[14, 19, 17, 17, 11, 1, 1, 20, 1, 1] => QQFieldElem[1//40, 0, 0, -1//40],
	[14, 19, 17, 17, 12, 1, 1, 16, 1, 2] => QQFieldElem[4//3, 0, 0, 2//3],
	[14, 19, 17, 17, 15, 1, 1, 20, 1, 1] => QQFieldElem[2//15, 0, 0, -4//15],
	[14, 19, 17, 17, 10, 1, 1, 5, 1, 1] => QQFieldElem[1//16, 0, 0, 1//48],
	[14, 19, 17, 17, 14, 1, 1, 17, 1, 2] => QQFieldElem[-1//8, 0, 0, 1//8],
	[14, 19, 17, 17, 12, 1, 1, 21, 1, 1] => QQFieldElem[4//5, 0, 0, 4//15],
	[14, 19, 17, 17, 19, 1, 1, 4, 1, 1] => QQFieldElem[0, 1//8, 1//8, -1//8],
	[14, 19, 17, 17, 11, 1, 1, 4, 1, 1] => QQFieldElem[-3//64, 0, 0, -3//64],
	[14, 19, 17, 17, 18, 1, 1, 5, 1, 1] => QQFieldElem[-1//6, 1//6, 1//6, 0],
	[14, 19, 17, 17, 15, 1, 1, 4, 1, 1] => QQFieldElem[1, 0, 0, 1//2],
	[14, 19, 17, 17, 13, 1, 1, 16, 1, 1] => QQFieldElem[1//6, -1//6, -1//6, 0],
	[14, 19, 17, 17, 19, 1, 1, 17, 1, 2] => QQFieldElem[2//3, -1//3, -1//3, -1//3],
	[14, 19, 17, 17, 11, 1, 1, 17, 1, 2] => QQFieldElem[1//5, 0, 0, -3//5],
	[14, 19, 17, 17, 13, 1, 1, 20, 1, 1] => QQFieldElem[1//5, 0, 0, 1//5],
	[14, 19, 17, 17, 15, 1, 1, 17, 1, 2] => QQFieldElem[1, 0, 0, 1],
	[14, 19, 17, 17, 10, 1, 1, 17, 1, 1] => QQFieldElem[-7//120, 0, 0, 1//120],
	[14, 19, 17, 17, 14, 1, 1, 5, 1, 1] => QQFieldElem[16//9, 0, 0, 8//9],
	[14, 19, 17, 17, 10, 1, 1, 16, 1, 2] => QQFieldElem[1//16, 0, 0, 1//16],
	[14, 19, 17, 17, 18, 1, 1, 17, 1, 1] => QQFieldElem[0, 0, 0, 0],
	[14, 19, 17, 17, 18, 1, 1, 16, 1, 2] => QQFieldElem[1//2, 0, 0, 1//4],
	[14, 19, 17, 17, 13, 1, 1, 4, 1, 1] => QQFieldElem[3//8, 0, 0, 3//8],
	[14, 19, 17, 17, 12, 1, 1, 16, 1, 1] => QQFieldElem[8//9, 0, 0, 4//9],
	[14, 19, 17, 17, 10, 1, 1, 21, 1, 1] => QQFieldElem[7//120, 0, 0, -1//120],
	[14, 19, 17, 17, 19, 1, 1, 5, 1, 1] => QQFieldElem[0, -1//6, -1//6, 1//6],
	[14, 19, 17, 17, 11, 1, 1, 5, 1, 1] => QQFieldElem[1//16, 0, 0, 1//16],
	[14, 19, 17, 17, 12, 1, 1, 20, 1, 1] => QQFieldElem[-4//15, 0, 0, 4//15],
	[14, 19, 17, 17, 18, 1, 1, 21, 1, 1] => QQFieldElem[-1//15, 1//5, 1//15, 0],
	[14, 19, 17, 17, 15, 1, 1, 5, 1, 1] => QQFieldElem[2//3, 0, 0, 1//3],
	[14, 19, 17, 17, 14, 1, 1, 17, 1, 1] => QQFieldElem[1//24, 0, 0, -1//8],
	[14, 19, 17, 17, 13, 1, 1, 17, 1, 2] => QQFieldElem[2//5, 1//15, -1//5, 1//15],
	[14, 19, 17, 17, 14, 1, 1, 16, 1, 2] => QQFieldElem[-3//64, 0, 0, -3//64],
	[14, 19, 17, 17, 12, 1, 1, 4, 1, 1] => QQFieldElem[1//2, 0, 0, -1//2],
	[14, 19, 17, 17, 14, 1, 1, 21, 1, 1] => QQFieldElem[-8//9, 0, 0, 0],
	[14, 19, 17, 17, 19, 1, 1, 17, 1, 1] => QQFieldElem[1//3, 1//3, 1//3, -2//3],
	[14, 19, 17, 17, 11, 1, 1, 17, 1, 1] => QQFieldElem[4//5, 0, 0, 4//15],
	[14, 19, 17, 17, 15, 1, 1, 17, 1, 1] => QQFieldElem[-4//3, 0, 0, 4//3],
	[14, 19, 17, 17, 12, 1, 1, 17, 1, 2] => QQFieldElem[0, 0, 0, 0],
	[14, 19, 17, 17, 19, 1, 1, 16, 1, 2] => QQFieldElem[0, -1//8, -1//8, 1//8],
	[14, 19, 17, 17, 11, 1, 1, 16, 1, 2] => QQFieldElem[-1//2, 0, 0, -1//2],
	[14, 19, 17, 17, 13, 1, 1, 5, 1, 1] => QQFieldElem[1//2, 0, 0, 1//2],
	[14, 19, 17, 17, 15, 1, 1, 16, 1, 2] => QQFieldElem[-3//8, 0, 0, -3//8],
	[14, 19, 17, 17, 10, 1, 1, 16, 1, 1] => QQFieldElem[1//16, 0, 0, 1//48],
	[14, 19, 17, 17, 10, 1, 1, 20, 1, 1] => QQFieldElem[-1//120, 0, 0, 1//40],
	[14, 19, 17, 17, 19, 1, 1, 21, 1, 1] => QQFieldElem[0, -1//5, -1//15, 1//5],
	[14, 19, 17, 17, 11, 1, 1, 21, 1, 1] => QQFieldElem[-3//40, 0, 0, -1//40],
	[14, 19, 17, 17, 18, 1, 1, 16, 1, 1] => QQFieldElem[4//3, 0, 0, 2//3],
	[14, 19, 17, 17, 15, 1, 1, 21, 1, 1] => QQFieldElem[2//3, 0, 0, 0])