Dict(
	[14, 13, 10, 11, 21, 1, 1, 20, 1, 1] => QQFieldElem[-1//6, 0, 0, 0],
	[14, 13, 10, 11, 20, 1, 1, 21, 1, 1] => QQFieldElem[-1//6, 0, 0, 0],
	[14, 13, 10, 11, 16, 1, 1, 20, 1, 1] => QQFieldElem[-1//4, 0, 1//4, 0],
	[14, 13, 10, 11, 17, 1, 1, 20, 1, 1] => QQFieldElem[-1//12, 0, 1//12, 0],
	[14, 13, 10, 11, 20, 1, 1, 16, 1, 1] => QQFieldElem[-1//8, 0, 1//8, 0],
	[14, 13, 10, 11, 20, 1, 1, 20, 1, 1] => QQFieldElem[0, 0, -1//12, 0],
	[14, 13, 10, 11, 21, 1, 1, 17, 1, 1] => QQFieldElem[0, 0, -1//12, 0],
	[14, 13, 10, 11, 16, 1, 1, 17, 1, 1] => QQFieldElem[1//4, 0, 0, 0],
	[14, 13, 10, 11, 17, 1, 1, 17, 1, 1] => QQFieldElem[-1//6, 0, 0, 0],
	[14, 13, 10, 11, 20, 1, 1, 17, 1, 1] => QQFieldElem[-1//12, 0, 1//12, 0],
	[14, 13, 10, 11, 21, 1, 1, 21, 1, 1] => QQFieldElem[-1//12, 0, 1//12, 0],
	[14, 13, 10, 11, 16, 1, 1, 21, 1, 1] => QQFieldElem[0, 0, -1//4, 0],
	[14, 13, 10, 11, 17, 1, 1, 21, 1, 1] => QQFieldElem[0, 0, -1//12, 0],
	[14, 13, 10, 11, 21, 1, 1, 16, 1, 1] => QQFieldElem[0, 0, -1//8, 0],
	[14, 13, 10, 11, 16, 1, 1, 16, 1, 1] => QQFieldElem[0, 0, 0, 0],
	[14, 13, 10, 11, 17, 1, 1, 16, 1, 1] => QQFieldElem[1//8, 0, 0, 0])