Dict(
	[14, 11, 20, 20, 12, 1, 1, 21, 1, 1] => QQFieldElem[0, -2//3, -2//3, 2//3],
	[14, 11, 20, 20, 12, 1, 1, 9, 1, 1] => QQFieldElem[-2//3, 0, 2//3, 0],
	[14, 11, 20, 20, 13, 1, 1, 7, 1, 1] => QQFieldElem[3//8, 0, 0, 0],
	[14, 11, 20, 20, 13, 1, 1, 16, 1, 1] => QQFieldElem[0, 0, 0, 0],
	[14, 11, 20, 20, 13, 1, 1, 20, 1, 1] => QQFieldElem[2//3, 0, -2//3, 0],
	[14, 11, 20, 20, 10, 1, 1, 17, 1, 1] => QQFieldElem[-16//3, 0, 8//3, 0],
	[14, 11, 20, 20, 12, 1, 1, 7, 1, 1] => QQFieldElem[-1//2, 0, 0, 0],
	[14, 11, 20, 20, 10, 1, 1, 16, 1, 2] => QQFieldElem[0, 0, 1//2, 0],
	[14, 11, 20, 20, 18, 1, 1, 17, 1, 1] => QQFieldElem[2//3, 0, 0, 0],
	[14, 11, 20, 20, 10, 1, 1, 20, 1, 2] => QQFieldElem[0, 0, 0, 0],
	[14, 11, 20, 20, 18, 1, 1, 16, 1, 2] => QQFieldElem[-1//3, 0, 0, 0],
	[14, 11, 20, 20, 12, 1, 1, 16, 1, 1] => QQFieldElem[-1//3, 0, 1//6, 0],
	[14, 11, 20, 20, 10, 1, 1, 21, 1, 1] => QQFieldElem[0, 0, 0, 0],
	[14, 11, 20, 20, 18, 1, 1, 20, 1, 2] => QQFieldElem[0, 8//9, 8//9, -8//9],
	[14, 11, 20, 20, 10, 1, 1, 9, 1, 1] => QQFieldElem[-16//3, 0, 8//3, 0],
	[14, 11, 20, 20, 12, 1, 1, 20, 1, 1] => QQFieldElem[-1//6, 0, 0, 0],
	[14, 11, 20, 20, 18, 1, 1, 21, 1, 1] => QQFieldElem[0, -1//3, 1//3, 1//3],
	[14, 11, 20, 20, 14, 1, 1, 17, 1, 1] => QQFieldElem[0, 0, -1//6, 0],
	[14, 11, 20, 20, 18, 1, 1, 9, 1, 1] => QQFieldElem[-1//3, 0, 0, 0],
	[14, 11, 20, 20, 14, 1, 1, 16, 1, 2] => QQFieldElem[0, 0, 0, 0],
	[14, 11, 20, 20, 14, 1, 1, 20, 1, 2] => QQFieldElem[1//2, 1//2, -1//2, 0],
	[14, 11, 20, 20, 14, 1, 1, 21, 1, 1] => QQFieldElem[-1//6, -1//6, 1//6, 0],
	[14, 11, 20, 20, 10, 1, 1, 7, 1, 1] => QQFieldElem[0, 0, 0, 0],
	[14, 11, 20, 20, 14, 1, 1, 9, 1, 1] => QQFieldElem[0, 0, -1//6, 0],
	[14, 11, 20, 20, 19, 1, 1, 17, 1, 1] => QQFieldElem[-1//6, 0, 1//6, 0],
	[14, 11, 20, 20, 11, 1, 1, 17, 1, 1] => QQFieldElem[0, 0, 0, 0],
	[14, 11, 20, 20, 15, 1, 1, 17, 1, 1] => QQFieldElem[4//9, 0, 0, 0],
	[14, 11, 20, 20, 18, 1, 1, 7, 1, 1] => QQFieldElem[0, 0, 0, 0],
	[14, 11, 20, 20, 19, 1, 1, 16, 1, 2] => QQFieldElem[1//8, 0, -1//8, 0],
	[14, 11, 20, 20, 11, 1, 1, 16, 1, 2] => QQFieldElem[1//2, 0, 0, 0],
	[14, 11, 20, 20, 15, 1, 1, 16, 1, 2] => QQFieldElem[-3//8, 0, 3//8, 0],
	[14, 11, 20, 20, 10, 1, 1, 16, 1, 1] => QQFieldElem[0, 0, 0, 0],
	[14, 11, 20, 20, 19, 1, 1, 20, 1, 2] => QQFieldElem[1//6, 0, 0, -1//6],
	[14, 11, 20, 20, 11, 1, 1, 20, 1, 2] => QQFieldElem[0, 0, 1//2, 0],
	[14, 11, 20, 20, 15, 1, 1, 20, 1, 2] => QQFieldElem[0, -1//2, 1//2, 1//2],
	[14, 11, 20, 20, 10, 1, 1, 20, 1, 1] => QQFieldElem[8//3, 0, -16//3, 0],
	[14, 11, 20, 20, 19, 1, 1, 21, 1, 1] => QQFieldElem[1//6, 0, 0, 1//6],
	[14, 11, 20, 20, 11, 1, 1, 21, 1, 1] => QQFieldElem[1//2, -1//2, -1//2, 0],
	[14, 11, 20, 20, 18, 1, 1, 16, 1, 1] => QQFieldElem[0, 0, 1//8, 0],
	[14, 11, 20, 20, 19, 1, 1, 9, 1, 1] => QQFieldElem[-1//6, 0, 1//6, 0],
	[14, 11, 20, 20, 11, 1, 1, 9, 1, 1] => QQFieldElem[0, 0, 0, 0],
	[14, 11, 20, 20, 15, 1, 1, 21, 1, 1] => QQFieldElem[0, -8//9, 8//9, 8//9],
	[14, 11, 20, 20, 18, 1, 1, 20, 1, 1] => QQFieldElem[-1//6, 1//6, 1//6, 0],
	[14, 11, 20, 20, 15, 1, 1, 9, 1, 1] => QQFieldElem[4//9, 0, 0, 0],
	[14, 11, 20, 20, 14, 1, 1, 7, 1, 1] => QQFieldElem[1//4, 0, -1//8, 0],
	[14, 11, 20, 20, 13, 1, 1, 17, 1, 1] => QQFieldElem[1//2, 0, -1//2, 0],
	[14, 11, 20, 20, 14, 1, 1, 16, 1, 1] => QQFieldElem[-4, 0, 2, 0],
	[14, 11, 20, 20, 13, 1, 1, 16, 1, 2] => QQFieldElem[-1//6, 0, -1//6, 0],
	[14, 11, 20, 20, 14, 1, 1, 20, 1, 1] => QQFieldElem[0, 0, 0, 0],
	[14, 11, 20, 20, 19, 1, 1, 7, 1, 1] => QQFieldElem[1//8, 0, 1//8, 0],
	[14, 11, 20, 20, 11, 1, 1, 7, 1, 1] => QQFieldElem[0, 0, 3//8, 0],
	[14, 11, 20, 20, 13, 1, 1, 20, 1, 2] => QQFieldElem[0, 0, 1//6, 0],
	[14, 11, 20, 20, 15, 1, 1, 7, 1, 1] => QQFieldElem[0, 0, 0, 0],
	[14, 11, 20, 20, 13, 1, 1, 21, 1, 1] => QQFieldElem[0, 1//2, 1//2, -1//2],
	[14, 11, 20, 20, 13, 1, 1, 9, 1, 1] => QQFieldElem[-1//2, 0, 1//2, 0],
	[14, 11, 20, 20, 12, 1, 1, 17, 1, 1] => QQFieldElem[2//3, 0, -2//3, 0],
	[14, 11, 20, 20, 19, 1, 1, 16, 1, 1] => QQFieldElem[1//4, 0, 0, 0],
	[14, 11, 20, 20, 11, 1, 1, 16, 1, 1] => QQFieldElem[-2//3, 0, 0, 0],
	[14, 11, 20, 20, 15, 1, 1, 16, 1, 1] => QQFieldElem[-1//2, 0, 1//2, 0],
	[14, 11, 20, 20, 19, 1, 1, 20, 1, 1] => QQFieldElem[0, 1//3, 1//3, -1//3],
	[14, 11, 20, 20, 11, 1, 1, 20, 1, 1] => QQFieldElem[0, 0, 2//3, 0],
	[14, 11, 20, 20, 12, 1, 1, 16, 1, 2] => QQFieldElem[0, 0, 0, 0],
	[14, 11, 20, 20, 15, 1, 1, 20, 1, 1] => QQFieldElem[0, 2//3, -2//3, -2//3],
	[14, 11, 20, 20, 12, 1, 1, 20, 1, 2] => QQFieldElem[4//9, 0, -4//9, 0])