Dict(
	[14, 11, 18, 18, 17, 1, 1, 21, 1, 1] => QQFieldElem[-1//6, 1//6, -1//6, -1//3],
	[14, 11, 18, 18, 21, 1, 1, 20, 1, 1] => QQFieldElem[0, 0, 0, 0],
	[14, 11, 18, 18, 20, 1, 1, 21, 1, 1] => QQFieldElem[0, 0, 0, 0],
	[14, 11, 18, 18, 16, 1, 1, 20, 1, 1] => QQFieldElem[0, 16//3, -16//3, -16//3],
	[14, 11, 18, 18, 17, 1, 1, 20, 1, 1] => QQFieldElem[-1//3, -1//6, 1//6, -1//6],
	[14, 11, 18, 18, 20, 1, 1, 20, 1, 1] => QQFieldElem[1//3, -1//3, 1//3, -1//3],
	[14, 11, 18, 18, 21, 1, 1, 17, 1, 1] => QQFieldElem[-4//15, -1//3, 1//3, 7//15],
	[14, 11, 18, 18, 16, 1, 1, 17, 1, 1] => QQFieldElem[-64//15, 0, 0, 32//15],
	[14, 11, 18, 18, 17, 1, 1, 17, 1, 1] => QQFieldElem[0, 0, 0, 0],
	[14, 11, 18, 18, 21, 1, 1, 7, 1, 1] => QQFieldElem[1//3, 1//3, 0, 0],
	[14, 11, 18, 18, 20, 1, 1, 17, 1, 1] => QQFieldElem[1//15, 1//3, -1//3, 2//15],
	[14, 11, 18, 18, 16, 1, 1, 7, 1, 1] => QQFieldElem[0, 0, 0, 0],
	[14, 11, 18, 18, 17, 1, 1, 7, 1, 1] => QQFieldElem[-1//6, 0, 0, 1//6],
	[14, 11, 18, 18, 21, 1, 1, 21, 1, 1] => QQFieldElem[2//3, 1//3, -1//3, -2//3],
	[14, 11, 18, 18, 20, 1, 1, 7, 1, 1] => QQFieldElem[1//3, -1//3, 0, 1//3],
	[14, 11, 18, 18, 16, 1, 1, 21, 1, 1] => QQFieldElem[-16//3, -16//3, 16//3, 0])