Dict(
	[15, 10, 19, 15, 20, 1, 1, 20, 1, 1] => QQFieldElem[-1//32, 1//32, 1//32, 0],
	[15, 10, 19, 15, 21, 1, 1, 17, 1, 1] => QQFieldElem[1//12, 1//18, -1//18, -1//12],
	[15, 10, 19, 15, 9, 1, 1, 20, 1, 1] => QQFieldElem[3//32, 3//32, -3//32, 0],
	[15, 10, 19, 15, 17, 1, 1, 17, 1, 1] => QQFieldElem[-1//36, 0, 0, 1//36],
	[15, 10, 19, 15, 20, 1, 1, 17, 1, 1] => QQFieldElem[1//36, -1//18, 1//18, -1//36],
	[15, 10, 19, 15, 9, 1, 1, 17, 1, 1] => QQFieldElem[1//12, 0, 0, 1//12],
	[15, 10, 19, 15, 21, 1, 1, 21, 1, 1] => QQFieldElem[0, -1//32, -1//32, 1//32],
	[15, 10, 19, 15, 17, 1, 1, 21, 1, 1] => QQFieldElem[1//32, 1//32, 0, 0],
	[15, 10, 19, 15, 21, 1, 1, 16, 1, 1] => QQFieldElem[1//24, 1//12, 0, -1//24],
	[15, 10, 19, 15, 17, 1, 1, 16, 1, 1] => QQFieldElem[1//24, 0, 0, 0],
	[15, 10, 19, 15, 21, 1, 1, 20, 1, 1] => QQFieldElem[0, 0, 1//16, 1//16],
	[15, 10, 19, 15, 20, 1, 1, 21, 1, 1] => QQFieldElem[1//16, 0, -1//16, 1//16],
	[15, 10, 19, 15, 9, 1, 1, 21, 1, 1] => QQFieldElem[0, -3//32, 3//32, 3//32],
	[15, 10, 19, 15, 17, 1, 1, 20, 1, 1] => QQFieldElem[1//32, -1//32, 0, 1//32],
	[15, 10, 19, 15, 20, 1, 1, 16, 1, 1] => QQFieldElem[1//24, -1//12, 0, 1//24],
	[15, 10, 19, 15, 9, 1, 1, 16, 1, 1] => QQFieldElem[0, 0, 0, 0])