Dict(
	[15, 12, 15, 10, 6, 1, 1, 20, 1, 1] => QQFieldElem[0, 0, 1, 0],
	[15, 12, 15, 10, 16, 1, 1, 17, 1, 1] => QQFieldElem[0, 0, 0, 0],
	[15, 12, 15, 10, 17, 1, 1, 17, 1, 1] => QQFieldElem[0, 0, 0, 0],
	[15, 12, 15, 10, 20, 1, 1, 6, 1, 1] => QQFieldElem[0, 0, 1//8, 0],
	[15, 12, 15, 10, 20, 1, 1, 8, 1, 1] => QQFieldElem[0, 0, -1//6, 0],
	[15, 12, 15, 10, 6, 1, 1, 6, 1, 1] => QQFieldElem[0, 0, 0, 0],
	[15, 12, 15, 10, 6, 1, 1, 8, 1, 1] => QQFieldElem[0, 0, 0, 0],
	[15, 12, 15, 10, 20, 1, 1, 17, 1, 1] => QQFieldElem[-2//3, 0, 1//3, 0],
	[15, 12, 15, 10, 6, 1, 1, 17, 1, 1] => QQFieldElem[-1, 0, 0, 0],
	[15, 12, 15, 10, 8, 1, 1, 21, 1, 1] => QQFieldElem[-1, 0, 1, 0],
	[15, 12, 15, 10, 8, 1, 1, 16, 1, 1] => QQFieldElem[-1, 0, 0, 0],
	[15, 12, 15, 10, 21, 1, 1, 21, 1, 1] => QQFieldElem[-2//3, 0, 1//3, 0],
	[15, 12, 15, 10, 16, 1, 1, 21, 1, 1] => QQFieldElem[0, 0, 0, 0],
	[15, 12, 15, 10, 17, 1, 1, 21, 1, 1] => QQFieldElem[-1//3, 0, -1//3, 0],
	[15, 12, 15, 10, 21, 1, 1, 16, 1, 1] => QQFieldElem[0, 0, 0, 0],
	[15, 12, 15, 10, 8, 1, 1, 20, 1, 1] => QQFieldElem[0, 0, -1, 0],
	[15, 12, 15, 10, 16, 1, 1, 16, 1, 1] => QQFieldElem[0, 0, 0, 0],
	[15, 12, 15, 10, 17, 1, 1, 16, 1, 1] => QQFieldElem[0, 0, 0, 0],
	[15, 12, 15, 10, 8, 1, 1, 6, 1, 1] => QQFieldElem[0, 0, 0, 0],
	[15, 12, 15, 10, 21, 1, 1, 20, 1, 1] => QQFieldElem[0, 0, 0, 0],
	[15, 12, 15, 10, 20, 1, 1, 21, 1, 1] => QQFieldElem[0, 0, 0, 0],
	[15, 12, 15, 10, 8, 1, 1, 8, 1, 1] => QQFieldElem[0, 0, 0, 0],
	[15, 12, 15, 10, 16, 1, 1, 20, 1, 1] => QQFieldElem[0, 0, 0, 0],
	[15, 12, 15, 10, 6, 1, 1, 21, 1, 1] => QQFieldElem[1, 0, -1, 0],
	[15, 12, 15, 10, 17, 1, 1, 20, 1, 1] => QQFieldElem[-2//3, 0, 1//3, 0],
	[15, 12, 15, 10, 20, 1, 1, 16, 1, 1] => QQFieldElem[0, 0, 0, 0],
	[15, 12, 15, 10, 21, 1, 1, 8, 1, 1] => QQFieldElem[-1//6, 0, 1//6, 0],
	[15, 12, 15, 10, 8, 1, 1, 17, 1, 1] => QQFieldElem[1, 0, 0, 0],
	[15, 12, 15, 10, 16, 1, 1, 6, 1, 1] => QQFieldElem[-3//8, 0, 0, 0],
	[15, 12, 15, 10, 16, 1, 1, 8, 1, 1] => QQFieldElem[-1//2, 0, 0, 0],
	[15, 12, 15, 10, 17, 1, 1, 6, 1, 1] => QQFieldElem[-1//8, 0, 0, 0],
	[15, 12, 15, 10, 17, 1, 1, 8, 1, 1] => QQFieldElem[1//6, 0, 0, 0],
	[15, 12, 15, 10, 6, 1, 1, 16, 1, 1] => QQFieldElem[-1, 0, 0, 0],
	[15, 12, 15, 10, 21, 1, 1, 6, 1, 1] => QQFieldElem[1//8, 0, -1//8, 0],
	[15, 12, 15, 10, 20, 1, 1, 20, 1, 1] => QQFieldElem[-1//3, 0, -1//3, 0],
	[15, 12, 15, 10, 21, 1, 1, 17, 1, 1] => QQFieldElem[-1//3, 0, -1//3, 0])