Dict(
	[15, 19, 11, 10, 20, 1, 1, 17, 1, 1] => QQFieldElem[1//3, -1//3, -1//3, 0],
	[15, 19, 11, 10, 17, 1, 1, 4, 1, 1] => QQFieldElem[0, 0, 0, -1//8],
	[15, 19, 11, 10, 6, 1, 1, 17, 1, 1] => QQFieldElem[1//16, 0, 0, 1//32],
	[15, 19, 11, 10, 21, 1, 1, 5, 1, 1] => QQFieldElem[-1//3, -1//6, 1//6, 1//6],
	[15, 19, 11, 10, 16, 1, 1, 5, 1, 1] => QQFieldElem[1//64, 0, 0, 0],
	[15, 19, 11, 10, 8, 1, 1, 21, 1, 1] => QQFieldElem[0, 0, 0, -1//32],
	[15, 19, 11, 10, 17, 1, 1, 5, 1, 1] => QQFieldElem[0, 0, 0, -1//6],
	[15, 19, 11, 10, 20, 1, 1, 4, 1, 1] => QQFieldElem[-1//8, 1//8, -1//8, 0],
	[15, 19, 11, 10, 8, 1, 1, 16, 1, 1] => QQFieldElem[1//64, 0, 0, 1//64],
	[15, 19, 11, 10, 21, 1, 1, 21, 1, 1] => QQFieldElem[-2//3, -1, -1//3, 1//3],
	[15, 19, 11, 10, 6, 1, 1, 4, 1, 1] => QQFieldElem[-9//512, 0, 0, 3//512],
	[15, 19, 11, 10, 16, 1, 1, 21, 1, 1] => QQFieldElem[0, 0, 0, 0],
	[15, 19, 11, 10, 17, 1, 1, 21, 1, 1] => QQFieldElem[0, -1//3, 1//3, 0],
	[15, 19, 11, 10, 20, 1, 1, 5, 1, 1] => QQFieldElem[-1//6, 1//6, -1//6, 0],
	[15, 19, 11, 10, 21, 1, 1, 16, 1, 1] => QQFieldElem[0, 0, 0, 0],
	[15, 19, 11, 10, 8, 1, 1, 20, 1, 1] => QQFieldElem[0, 0, 0, -1//32],
	[15, 19, 11, 10, 6, 1, 1, 5, 1, 1] => QQFieldElem[3//128, 0, 0, -1//128],
	[15, 19, 11, 10, 16, 1, 1, 16, 1, 1] => QQFieldElem[-1//32, 0, 0, 0],
	[15, 19, 11, 10, 17, 1, 1, 16, 1, 1] => QQFieldElem[0, 0, 0, 0],
	[15, 19, 11, 10, 21, 1, 1, 20, 1, 1] => QQFieldElem[2//3, 2//3, 0, 0],
	[15, 19, 11, 10, 20, 1, 1, 21, 1, 1] => QQFieldElem[2//3, -2//3, 0, 2//3],
	[15, 19, 11, 10, 16, 1, 1, 20, 1, 1] => QQFieldElem[0, 0, 0, 0],
	[15, 19, 11, 10, 6, 1, 1, 21, 1, 1] => QQFieldElem[1//16, 0, 0, 1//32],
	[15, 19, 11, 10, 17, 1, 1, 20, 1, 1] => QQFieldElem[1//3, 1//3, -1//3, -1//3],
	[15, 19, 11, 10, 20, 1, 1, 16, 1, 1] => QQFieldElem[0, 0, 0, 0],
	[15, 19, 11, 10, 8, 1, 1, 17, 1, 1] => QQFieldElem[0, 0, 0, -1//32],
	[15, 19, 11, 10, 6, 1, 1, 16, 1, 1] => QQFieldElem[3//64, 0, 0, -1//64],
	[15, 19, 11, 10, 20, 1, 1, 20, 1, 1] => QQFieldElem[-1, 1, 1//3, -2//3],
	[15, 19, 11, 10, 21, 1, 1, 17, 1, 1] => QQFieldElem[0, 1//3, 1//3, -1//3],
	[15, 19, 11, 10, 6, 1, 1, 20, 1, 1] => QQFieldElem[1//16, 0, 0, 1//32],
	[15, 19, 11, 10, 16, 1, 1, 17, 1, 1] => QQFieldElem[0, 0, 0, 0],
	[15, 19, 11, 10, 17, 1, 1, 17, 1, 1] => QQFieldElem[-1//3, 0, 0, 1//3],
	[15, 19, 11, 10, 8, 1, 1, 4, 1, 1] => QQFieldElem[-3//512, 0, 0, -3//512],
	[15, 19, 11, 10, 8, 1, 1, 5, 1, 1] => QQFieldElem[1//128, 0, 0, 1//128],
	[15, 19, 11, 10, 21, 1, 1, 4, 1, 1] => QQFieldElem[-1//4, -1//8, 1//8, 1//8],
	[15, 19, 11, 10, 16, 1, 1, 4, 1, 1] => QQFieldElem[-3//256, 0, 0, 0])