Dict(
	[15, 13, 11, 10, 21, 1, 1, 20, 1, 1] => QQFieldElem[-1//6, 0, 0, 0],
	[15, 13, 11, 10, 20, 1, 1, 21, 1, 1] => QQFieldElem[-1//6, 0, 0, 0],
	[15, 13, 11, 10, 6, 1, 1, 21, 1, 1] => QQFieldElem[0, 0, -1//128, 0],
	[15, 13, 11, 10, 17, 1, 1, 20, 1, 1] => QQFieldElem[-1//12, 0, 1//12, 0],
	[15, 13, 11, 10, 20, 1, 1, 16, 1, 1] => QQFieldElem[-1//4, 0, 1//4, 0],
	[15, 13, 11, 10, 6, 1, 1, 16, 1, 1] => QQFieldElem[0, 0, 0, 0],
	[15, 13, 11, 10, 20, 1, 1, 20, 1, 1] => QQFieldElem[0, 0, -1//12, 0],
	[15, 13, 11, 10, 21, 1, 1, 17, 1, 1] => QQFieldElem[0, 0, -1//12, 0],
	[15, 13, 11, 10, 6, 1, 1, 20, 1, 1] => QQFieldElem[-1//128, 0, 1//128, 0],
	[15, 13, 11, 10, 17, 1, 1, 17, 1, 1] => QQFieldElem[-1//6, 0, 0, 0],
	[15, 13, 11, 10, 20, 1, 1, 17, 1, 1] => QQFieldElem[-1//12, 0, 1//12, 0],
	[15, 13, 11, 10, 6, 1, 1, 17, 1, 1] => QQFieldElem[1//128, 0, 0, 0],
	[15, 13, 11, 10, 21, 1, 1, 21, 1, 1] => QQFieldElem[-1//12, 0, 1//12, 0],
	[15, 13, 11, 10, 17, 1, 1, 21, 1, 1] => QQFieldElem[0, 0, -1//12, 0],
	[15, 13, 11, 10, 21, 1, 1, 16, 1, 1] => QQFieldElem[0, 0, -1//4, 0],
	[15, 13, 11, 10, 17, 1, 1, 16, 1, 1] => QQFieldElem[1//4, 0, 0, 0])