Dict(
	[15, 10, 19, 13, 21, 1, 1, 21, 1, 1] => QQFieldElem[-1//12, 0, 1//12, -1//12],
	[15, 10, 19, 13, 7, 1, 1, 20, 1, 1] => QQFieldElem[0, 1//4, 0, -1//4],
	[15, 10, 19, 13, 16, 1, 1, 21, 1, 1] => QQFieldElem[0, 0, 0, 0],
	[15, 10, 19, 13, 17, 1, 1, 21, 1, 1] => QQFieldElem[0, 0, -1//12, -1//12],
	[15, 10, 19, 13, 21, 1, 1, 16, 1, 1] => QQFieldElem[0, 0, 0, 0],
	[15, 10, 19, 13, 7, 1, 1, 8, 1, 1] => QQFieldElem[-1//16, 0, 0, -1//16],
	[15, 10, 19, 13, 7, 1, 1, 6, 1, 1] => QQFieldElem[1//4, 0, 0, 1//4],
	[15, 10, 19, 13, 16, 1, 1, 16, 1, 1] => QQFieldElem[-1//8, 0, 0, -1//8],
	[15, 10, 19, 13, 17, 1, 1, 16, 1, 1] => QQFieldElem[0, 0, 0, 0],
	[15, 10, 19, 13, 20, 1, 1, 21, 1, 1] => QQFieldElem[1//12, 0, 0, -1//12],
	[15, 10, 19, 13, 7, 1, 1, 17, 1, 1] => QQFieldElem[0, 0, 0, 1//4],
	[15, 10, 19, 13, 21, 1, 1, 20, 1, 1] => QQFieldElem[1//12, 0, 0, -1//12],
	[15, 10, 19, 13, 16, 1, 1, 20, 1, 1] => QQFieldElem[0, 0, 0, 0],
	[15, 10, 19, 13, 9, 1, 1, 21, 1, 1] => QQFieldElem[0, 1//4, 0, 0],
	[15, 10, 19, 13, 17, 1, 1, 20, 1, 1] => QQFieldElem[-1//12, 0, 1//12, -1//12],
	[15, 10, 19, 13, 21, 1, 1, 6, 1, 1] => QQFieldElem[0, 1//6, 0, 0],
	[15, 10, 19, 13, 21, 1, 1, 8, 1, 1] => QQFieldElem[0, 1//24, 0, 0],
	[15, 10, 19, 13, 20, 1, 1, 16, 1, 1] => QQFieldElem[0, 0, 0, 0],
	[15, 10, 19, 13, 16, 1, 1, 6, 1, 1] => QQFieldElem[1//4, 0, 0, -1//4],
	[15, 10, 19, 13, 9, 1, 1, 16, 1, 1] => QQFieldElem[-1//8, 0, 0, 1//8],
	[15, 10, 19, 13, 16, 1, 1, 8, 1, 1] => QQFieldElem[-1//16, 0, 0, 1//16],
	[15, 10, 19, 13, 17, 1, 1, 8, 1, 1] => QQFieldElem[0, 0, 0, -1//24],
	[15, 10, 19, 13, 17, 1, 1, 6, 1, 1] => QQFieldElem[0, 0, 0, -1//6],
	[15, 10, 19, 13, 20, 1, 1, 20, 1, 1] => QQFieldElem[0, 0, -1//12, -1//12],
	[15, 10, 19, 13, 21, 1, 1, 17, 1, 1] => QQFieldElem[0, 0, -1//12, -1//12],
	[15, 10, 19, 13, 16, 1, 1, 17, 1, 1] => QQFieldElem[0, 0, 0, 0],
	[15, 10, 19, 13, 9, 1, 1, 20, 1, 1] => QQFieldElem[0, -1//4, 0, 1//4],
	[15, 10, 19, 13, 17, 1, 1, 17, 1, 1] => QQFieldElem[1//12, 0, 0, -1//12],
	[15, 10, 19, 13, 20, 1, 1, 6, 1, 1] => QQFieldElem[0, -1//6, 0, 1//6],
	[15, 10, 19, 13, 20, 1, 1, 8, 1, 1] => QQFieldElem[0, -1//24, 0, 1//24],
	[15, 10, 19, 13, 9, 1, 1, 6, 1, 1] => QQFieldElem[1//4, 0, 0, 1//4],
	[15, 10, 19, 13, 9, 1, 1, 8, 1, 1] => QQFieldElem[-1//16, 0, 0, -1//16],
	[15, 10, 19, 13, 7, 1, 1, 21, 1, 1] => QQFieldElem[0, -1//4, 0, 0],
	[15, 10, 19, 13, 20, 1, 1, 17, 1, 1] => QQFieldElem[-1//12, 0, 1//12, -1//12],
	[15, 10, 19, 13, 9, 1, 1, 17, 1, 1] => QQFieldElem[0, 0, 0, -1//4],
	[15, 10, 19, 13, 7, 1, 1, 16, 1, 1] => QQFieldElem[-1//8, 0, 0, 1//8])