Dict(
	[15, 14, 14, 12, 21, 1, 1, 8, 1, 1] => QQFieldElem[1//4, 0, -1//4, 0],
	[15, 14, 14, 12, 17, 1, 1, 8, 1, 1] => QQFieldElem[1//8, 0, 0, 0],
	[15, 14, 14, 12, 20, 1, 1, 20, 1, 1] => QQFieldElem[-1//3, 0, 2//3, 0],
	[15, 14, 14, 12, 21, 1, 1, 17, 1, 1] => QQFieldElem[2//3, 0, 2//3, 0],
	[15, 14, 14, 12, 6, 1, 1, 20, 1, 1] => QQFieldElem[1, 0, -1, 0],
	[15, 14, 14, 12, 17, 1, 1, 17, 1, 1] => QQFieldElem[0, 0, 0, 0],
	[15, 14, 14, 12, 20, 1, 1, 8, 1, 1] => QQFieldElem[0, 0, 1//4, 0],
	[15, 14, 14, 12, 6, 1, 1, 8, 1, 1] => QQFieldElem[0, 0, 0, 0],
	[15, 14, 14, 12, 20, 1, 1, 17, 1, 1] => QQFieldElem[4//3, 0, -2//3, 0],
	[15, 14, 14, 12, 6, 1, 1, 17, 1, 1] => QQFieldElem[2, 0, 0, 0],
	[15, 14, 14, 12, 21, 1, 1, 21, 1, 1] => QQFieldElem[1//3, 0, -2//3, 0],
	[15, 14, 14, 12, 17, 1, 1, 21, 1, 1] => QQFieldElem[-1//3, 0, 1//6, 0],
	[15, 14, 14, 12, 21, 1, 1, 20, 1, 1] => QQFieldElem[0, 0, 0, 0],
	[15, 14, 14, 12, 20, 1, 1, 21, 1, 1] => QQFieldElem[0, 0, 0, 0],
	[15, 14, 14, 12, 6, 1, 1, 21, 1, 1] => QQFieldElem[0, 0, 1, 0],
	[15, 14, 14, 12, 17, 1, 1, 20, 1, 1] => QQFieldElem[-1//6, 0, -1//6, 0])