Dict(
	[15, 19, 12, 14, 21, 1, 1, 21, 1, 1] => QQFieldElem[1//6, 0, 0, 1//6],
	[15, 19, 12, 14, 7, 1, 1, 20, 1, 1] => QQFieldElem[1//2, 0, 0, -1//2],
	[15, 19, 12, 14, 17, 1, 1, 21, 1, 1] => QQFieldElem[0, -1//6, -1//6, 0],
	[15, 19, 12, 14, 21, 1, 1, 16, 1, 1] => QQFieldElem[1//8, 1//4, 0, -1//8],
	[15, 19, 12, 14, 17, 1, 1, 16, 1, 1] => QQFieldElem[1//8, 0, 0, 0],
	[15, 19, 12, 14, 20, 1, 1, 21, 1, 1] => QQFieldElem[1//3, -1//3, -1//3, 1//3],
	[15, 19, 12, 14, 21, 1, 1, 20, 1, 1] => QQFieldElem[0, 1//3, 1//3, 0],
	[15, 19, 12, 14, 7, 1, 1, 17, 1, 1] => QQFieldElem[-1, 0, 0, 1],
	[15, 19, 12, 14, 17, 1, 1, 20, 1, 1] => QQFieldElem[-1//6, 1//6, 1//6, -1//6],
	[15, 19, 12, 14, 20, 1, 1, 16, 1, 1] => QQFieldElem[1//8, -1//4, 0, 1//8],
	[15, 19, 12, 14, 20, 1, 1, 20, 1, 1] => QQFieldElem[1//6, 0, 0, 1//6],
	[15, 19, 12, 14, 21, 1, 1, 17, 1, 1] => QQFieldElem[1//3, 2//3, 2//3, 1//3],
	[15, 19, 12, 14, 17, 1, 1, 17, 1, 1] => QQFieldElem[-1//3, 0, 0, -1//3],
	[15, 19, 12, 14, 7, 1, 1, 21, 1, 1] => QQFieldElem[1//2, 0, 0, -1//2],
	[15, 19, 12, 14, 20, 1, 1, 17, 1, 1] => QQFieldElem[1, -2//3, -2//3, 1],
	[15, 19, 12, 14, 7, 1, 1, 16, 1, 1] => QQFieldElem[0, 0, 0, 0])