Dict(
	[15, 15, 10, 10, 16, 1, 1, 6, 1, 1] => QQFieldElem[1, 0, 0, 0],
	[15, 15, 10, 10, 17, 1, 1, 6, 1, 1] => QQFieldElem[0, 0, 0, 0],
	[15, 15, 10, 10, 20, 1, 1, 20, 1, 1] => QQFieldElem[0, 0, -1//12, 0],
	[15, 15, 10, 10, 21, 1, 1, 17, 1, 1] => QQFieldElem[-1//12, 0, 1//12, 0],
	[15, 15, 10, 10, 6, 1, 1, 20, 1, 1] => QQFieldElem[-3//4, 0, 0, 0],
	[15, 15, 10, 10, 16, 1, 1, 17, 1, 1] => QQFieldElem[0, 0, 0, 0],
	[15, 15, 10, 10, 17, 1, 1, 17, 1, 1] => QQFieldElem[-2, 0, 0, 0],
	[15, 15, 10, 10, 20, 1, 1, 6, 1, 1] => QQFieldElem[0, 0, 0, 0],
	[15, 15, 10, 10, 6, 1, 1, 6, 1, 1] => QQFieldElem[-3//8, 0, 0, 0],
	[15, 15, 10, 10, 8, 1, 1, 1, 1, 1] => QQFieldElem[1//16, 0, 0, 0],
	[15, 15, 10, 10, 20, 1, 1, 17, 1, 1] => QQFieldElem[0, 0, -1//12, 0],
	[15, 15, 10, 10, 8, 1, 1, 3, 1, 1] => QQFieldElem[-1//12, 0, 0, 0],
	[15, 15, 10, 10, 21, 1, 1, 1, 1, 1] => QQFieldElem[-1//32, 0, 1//32, 0],
	[15, 15, 10, 10, 6, 1, 1, 17, 1, 1] => QQFieldElem[-3//4, 0, 0, 0],
	[15, 15, 10, 10, 16, 1, 1, 1, 1, 1] => QQFieldElem[3//8, 0, 0, 0],
	[15, 15, 10, 10, 17, 1, 1, 1, 1, 1] => QQFieldElem[3//8, 0, 0, 0],
	[15, 15, 10, 10, 8, 1, 1, 21, 1, 1] => QQFieldElem[1//6, 0, 0, 0],
	[15, 15, 10, 10, 21, 1, 1, 3, 1, 1] => QQFieldElem[-1//24, 0, 1//24, 0],
	[15, 15, 10, 10, 16, 1, 1, 3, 1, 1] => QQFieldElem[-1//2, 0, 0, 0],
	[15, 15, 10, 10, 17, 1, 1, 3, 1, 1] => QQFieldElem[1//2, 0, 0, 0],
	[15, 15, 10, 10, 21, 1, 1, 21, 1, 1] => QQFieldElem[-1//12, 0, 1//12, 0],
	[15, 15, 10, 10, 20, 1, 1, 1, 1, 1] => QQFieldElem[0, 0, -1//32, 0],
	[15, 15, 10, 10, 16, 1, 1, 21, 1, 1] => QQFieldElem[0, 0, 0, 0],
	[15, 15, 10, 10, 17, 1, 1, 21, 1, 1] => QQFieldElem[1, 0, 0, 0],
	[15, 15, 10, 10, 6, 1, 1, 1, 1, 1] => QQFieldElem[9//64, 0, 0, 0],
	[15, 15, 10, 10, 8, 1, 1, 20, 1, 1] => QQFieldElem[1//6, 0, 0, 0],
	[15, 15, 10, 10, 20, 1, 1, 3, 1, 1] => QQFieldElem[0, 0, -1//24, 0],
	[15, 15, 10, 10, 6, 1, 1, 3, 1, 1] => QQFieldElem[-3//16, 0, 0, 0],
	[15, 15, 10, 10, 8, 1, 1, 6, 1, 1] => QQFieldElem[-1//6, 0, 0, 0],
	[15, 15, 10, 10, 21, 1, 1, 20, 1, 1] => QQFieldElem[1//6, 0, -1//6, 0],
	[15, 15, 10, 10, 20, 1, 1, 21, 1, 1] => QQFieldElem[0, 0, 1//6, 0],
	[15, 15, 10, 10, 16, 1, 1, 20, 1, 1] => QQFieldElem[0, 0, 0, 0],
	[15, 15, 10, 10, 6, 1, 1, 21, 1, 1] => QQFieldElem[-3//4, 0, 0, 0],
	[15, 15, 10, 10, 17, 1, 1, 20, 1, 1] => QQFieldElem[1, 0, 0, 0],
	[15, 15, 10, 10, 21, 1, 1, 6, 1, 1] => QQFieldElem[0, 0, 0, 0],
	[15, 15, 10, 10, 8, 1, 1, 17, 1, 1] => QQFieldElem[1//6, 0, 0, 0])