Dict(
	[15, 17, 16, 15, 21, 1, 1, 18, 1, 1] => QQFieldElem[6, 6, 0, 0],
	[15, 17, 16, 15, 17, 1, 2, 18, 1, 1] => QQFieldElem[12, 0, 6, 0],
	[15, 17, 16, 15, 17, 1, 1, 18, 1, 1] => QQFieldElem[64, 0, -96, 0],
	[15, 17, 16, 15, 20, 1, 2, 10, 1, 1] => QQFieldElem[256//9, 0, 0, 0],
	[15, 17, 16, 15, 20, 1, 1, 10, 1, 1] => QQFieldElem[16//3, 0, 0, 0],
	[15, 17, 16, 15, 21, 1, 2, 11, 1, 1] => QQFieldElem[1//12, 0, 0, -1//12],
	[15, 17, 16, 15, 20, 1, 2, 18, 1, 1] => QQFieldElem[0, 0, 32, 0],
	[15, 17, 16, 15, 21, 1, 1, 11, 1, 1] => QQFieldElem[1//12, 0, 0, 1//12],
	[15, 17, 16, 15, 20, 1, 1, 18, 1, 1] => QQFieldElem[0, 0, 6, 0],
	[15, 17, 16, 15, 21, 1, 2, 13, 1, 1] => QQFieldElem[0, 0, -3//16, -3//16],
	[15, 17, 16, 15, 17, 1, 2, 11, 1, 1] => QQFieldElem[-1//6, 0, 0, 0],
	[15, 17, 16, 15, 17, 1, 1, 11, 1, 1] => QQFieldElem[-8//9, 0, 0, 0],
	[15, 17, 16, 15, 21, 1, 1, 13, 1, 1] => QQFieldElem[0, 0, -3//16, 3//16],
	[15, 17, 16, 15, 17, 1, 2, 13, 1, 1] => QQFieldElem[3//16, 0, -9//16, 0],
	[15, 17, 16, 15, 17, 1, 1, 13, 1, 1] => QQFieldElem[3, 0, -1, 0],
	[15, 17, 16, 15, 20, 1, 2, 11, 1, 1] => QQFieldElem[-8//9, 0, 0, 0],
	[15, 17, 16, 15, 20, 1, 1, 11, 1, 1] => QQFieldElem[1//6, 0, 0, 0],
	[15, 17, 16, 15, 21, 1, 2, 19, 1, 1] => QQFieldElem[-3//16, 0, 3//16, -3//16],
	[15, 17, 16, 15, 21, 1, 2, 12, 1, 1] => QQFieldElem[6, 6, 0, -6],
	[15, 17, 16, 15, 20, 1, 2, 13, 1, 1] => QQFieldElem[-1, 0, 1, 0],
	[15, 17, 16, 15, 21, 1, 1, 12, 1, 1] => QQFieldElem[6, -6, 0, 6],
	[15, 17, 16, 15, 20, 1, 1, 13, 1, 1] => QQFieldElem[3//16, 0, -3//16, 0],
	[15, 17, 16, 15, 17, 1, 2, 19, 1, 1] => QQFieldElem[-3//8, 0, 9//16, 0],
	[15, 17, 16, 15, 17, 1, 2, 12, 1, 1] => QQFieldElem[18, 0, -6, 0],
	[15, 17, 16, 15, 17, 1, 1, 19, 1, 1] => QQFieldElem[2, 0, 1, 0],
	[15, 17, 16, 15, 17, 1, 1, 12, 1, 1] => QQFieldElem[-32, 0, 96, 0],
	[15, 17, 16, 15, 21, 1, 1, 19, 1, 1] => QQFieldElem[-3//16, 0, 3//16, 3//16],
	[15, 17, 16, 15, 20, 1, 2, 19, 1, 1] => QQFieldElem[0, 0, -1, 0],
	[15, 17, 16, 15, 20, 1, 2, 12, 1, 1] => QQFieldElem[32, 0, -32, 0],
	[15, 17, 16, 15, 20, 1, 1, 19, 1, 1] => QQFieldElem[0, 0, 3//16, 0],
	[15, 17, 16, 15, 20, 1, 1, 12, 1, 1] => QQFieldElem[6, 0, -6, 0],
	[15, 17, 16, 15, 21, 1, 2, 10, 1, 1] => QQFieldElem[8//3, 0, 0, 8//3],
	[15, 17, 16, 15, 21, 1, 1, 10, 1, 1] => QQFieldElem[8//3, 0, 0, -8//3],
	[15, 17, 16, 15, 17, 1, 2, 10, 1, 1] => QQFieldElem[-16//3, 0, 0, 0],
	[15, 17, 16, 15, 17, 1, 1, 10, 1, 1] => QQFieldElem[256//9, 0, 0, 0],
	[15, 17, 16, 15, 21, 1, 2, 18, 1, 1] => QQFieldElem[6, -6, 0, 0])