Dict(
	[15, 21, 17, 14, 4, 1, 1, 18, 1, 1] => QQFieldElem[1//8, 0, 0, 0],
	[15, 21, 17, 14, 20, 1, 2, 15, 1, 1] => QQFieldElem[0, 0, 0, 0],
	[15, 21, 17, 14, 20, 1, 2, 12, 1, 1] => QQFieldElem[5//32, -1//8, 1//16, -1//32],
	[15, 21, 17, 14, 20, 1, 1, 19, 1, 1] => QQFieldElem[0, 0, -1//3, 0],
	[15, 21, 17, 14, 7, 1, 1, 14, 1, 1] => QQFieldElem[1//2, 0, -1//2, 0],
	[15, 21, 17, 14, 3, 1, 1, 15, 1, 1] => QQFieldElem[-1//2, 0, 0, 0],
	[15, 21, 17, 14, 7, 1, 1, 13, 1, 1] => QQFieldElem[-1//12, 0, 1//6, 0],
	[15, 21, 17, 14, 3, 1, 1, 12, 1, 1] => QQFieldElem[1//3, 0, -2//3, 0],
	[15, 21, 17, 14, 20, 1, 1, 10, 1, 1] => QQFieldElem[-2//9, 0, 1//9, 0],
	[15, 21, 17, 14, 21, 1, 1, 14, 1, 1] => QQFieldElem[-1//4, 5//4, 5//4, 1//2],
	[15, 21, 17, 14, 20, 1, 1, 18, 1, 1] => QQFieldElem[1//3, 0, -1//3, 0],
	[15, 21, 17, 14, 21, 1, 1, 13, 1, 1] => QQFieldElem[5//24, 1//6, 1//12, 1//24],
	[15, 21, 17, 14, 8, 1, 1, 15, 1, 1] => QQFieldElem[-1//2, 0, 1, 0],
	[15, 21, 17, 14, 8, 1, 1, 12, 1, 1] => QQFieldElem[-1//3, 0, 2//3, 0],
	[15, 21, 17, 14, 20, 1, 2, 14, 1, 1] => QQFieldElem[-1//4, -5//4, 5//4, -1//2],
	[15, 21, 17, 14, 17, 1, 1, 15, 1, 1] => QQFieldElem[0, 0, -3//16, 0],
	[15, 21, 17, 14, 20, 1, 2, 13, 1, 1] => QQFieldElem[5//24, -1//6, 1//12, -1//24],
	[15, 21, 17, 14, 17, 1, 1, 12, 1, 1] => QQFieldElem[1//16, 0, -1//8, 0],
	[15, 21, 17, 14, 3, 1, 1, 14, 1, 1] => QQFieldElem[-8//3, 0, 8//3, 0],
	[15, 21, 17, 14, 3, 1, 1, 13, 1, 1] => QQFieldElem[-4//9, 0, 8//9, 0],
	[15, 21, 17, 14, 7, 1, 1, 11, 1, 1] => QQFieldElem[9//28, 0, -3//14, 0],
	[15, 21, 17, 14, 4, 1, 1, 15, 1, 1] => QQFieldElem[3//32, 0, -3//16, 0],
	[15, 21, 17, 14, 8, 1, 1, 14, 1, 1] => QQFieldElem[8//3, 0, -8//3, 0],
	[15, 21, 17, 14, 4, 1, 1, 12, 1, 1] => QQFieldElem[-1//16, 0, 1//8, 0],
	[15, 21, 17, 14, 8, 1, 1, 13, 1, 1] => QQFieldElem[4//9, 0, -8//9, 0],
	[15, 21, 17, 14, 21, 1, 1, 11, 1, 1] => QQFieldElem[3//56, 0, -15//28, -3//8],
	[15, 21, 17, 14, 7, 1, 1, 19, 1, 1] => QQFieldElem[1//4, 0, 0, 0],
	[15, 21, 17, 14, 17, 1, 1, 14, 1, 1] => QQFieldElem[1//2, 0, -1//2, 0],
	[15, 21, 17, 14, 17, 1, 1, 13, 1, 1] => QQFieldElem[1//12, 0, -1//6, 0],
	[15, 21, 17, 14, 20, 1, 2, 11, 1, 1] => QQFieldElem[3//56, 0, -15//28, 3//8],
	[15, 21, 17, 14, 21, 1, 1, 19, 1, 1] => QQFieldElem[5//8, 1//4, -1//2, -7//8],
	[15, 21, 17, 14, 7, 1, 1, 10, 1, 1] => QQFieldElem[1//12, 0, -1//6, 0],
	[15, 21, 17, 14, 20, 1, 1, 15, 1, 1] => QQFieldElem[-1//4, 0, 1//4, 0],
	[15, 21, 17, 14, 20, 1, 2, 19, 1, 1] => QQFieldElem[5//8, -1//4, -1//2, 7//8],
	[15, 21, 17, 14, 7, 1, 1, 18, 1, 1] => QQFieldElem[1//8, 0, -1//4, 0],
	[15, 21, 17, 14, 3, 1, 1, 11, 1, 1] => QQFieldElem[12//7, 0, -8//7, 0],
	[15, 21, 17, 14, 20, 1, 1, 12, 1, 1] => QQFieldElem[1//6, 0, -1//12, 0],
	[15, 21, 17, 14, 4, 1, 1, 14, 1, 1] => QQFieldElem[-1//2, 0, 1//2, 0],
	[15, 21, 17, 14, 21, 1, 1, 10, 1, 1] => QQFieldElem[5//24, 1//6, 1//12, 1//24],
	[15, 21, 17, 14, 4, 1, 1, 13, 1, 1] => QQFieldElem[1//12, 0, -1//6, 0],
	[15, 21, 17, 14, 21, 1, 1, 18, 1, 1] => QQFieldElem[0, 0, 0, 0],
	[15, 21, 17, 14, 3, 1, 1, 19, 1, 1] => QQFieldElem[-4//3, 0, 0, 0],
	[15, 21, 17, 14, 20, 1, 2, 10, 1, 1] => QQFieldElem[5//24, -1//6, 1//12, -1//24],
	[15, 21, 17, 14, 8, 1, 1, 11, 1, 1] => QQFieldElem[12//7, 0, -8//7, 0],
	[15, 21, 17, 14, 20, 1, 2, 18, 1, 1] => QQFieldElem[0, 0, 0, 0],
	[15, 21, 17, 14, 17, 1, 1, 11, 1, 1] => QQFieldElem[9//28, 0, -3//14, 0],
	[15, 21, 17, 14, 8, 1, 1, 19, 1, 1] => QQFieldElem[4//3, 0, 0, 0],
	[15, 21, 17, 14, 3, 1, 1, 10, 1, 1] => QQFieldElem[4//9, 0, -8//9, 0],
	[15, 21, 17, 14, 20, 1, 1, 14, 1, 1] => QQFieldElem[-2//3, 0, 0, 0],
	[15, 21, 17, 14, 3, 1, 1, 18, 1, 1] => QQFieldElem[-2//3, 0, 4//3, 0],
	[15, 21, 17, 14, 20, 1, 1, 13, 1, 1] => QQFieldElem[2//9, 0, -1//9, 0],
	[15, 21, 17, 14, 17, 1, 1, 19, 1, 1] => QQFieldElem[1//4, 0, 0, 0],
	[15, 21, 17, 14, 8, 1, 1, 10, 1, 1] => QQFieldElem[4//9, 0, -8//9, 0],
	[15, 21, 17, 14, 4, 1, 1, 11, 1, 1] => QQFieldElem[9//28, 0, -3//14, 0],
	[15, 21, 17, 14, 8, 1, 1, 18, 1, 1] => QQFieldElem[-2//3, 0, 0, 0],
	[15, 21, 17, 14, 17, 1, 1, 10, 1, 1] => QQFieldElem[-1//12, 0, 1//6, 0],
	[15, 21, 17, 14, 17, 1, 1, 18, 1, 1] => QQFieldElem[0, 0, 1//4, 0],
	[15, 21, 17, 14, 4, 1, 1, 19, 1, 1] => QQFieldElem[-1//4, 0, 0, 0],
	[15, 21, 17, 14, 7, 1, 1, 15, 1, 1] => QQFieldElem[3//32, 0, 0, 0],
	[15, 21, 17, 14, 7, 1, 1, 12, 1, 1] => QQFieldElem[1//16, 0, -1//8, 0],
	[15, 21, 17, 14, 21, 1, 1, 15, 1, 1] => QQFieldElem[0, 0, 0, 0],
	[15, 21, 17, 14, 4, 1, 1, 10, 1, 1] => QQFieldElem[1//12, 0, -1//6, 0],
	[15, 21, 17, 14, 20, 1, 1, 11, 1, 1] => QQFieldElem[2//7, 0, 1//7, 0],
	[15, 21, 17, 14, 21, 1, 1, 12, 1, 1] => QQFieldElem[5//32, 1//8, 1//16, 1//32])