Dict(
	[16, 12, 20, 10, 15, 1, 1, 18, 1, 1] => QQFieldElem[0, 1//2, 0, 0],
	[16, 12, 20, 10, 18, 1, 1, 14, 1, 1] => QQFieldElem[0, -1//2, 0, 0],
	[16, 12, 20, 10, 13, 1, 1, 11, 1, 1] => QQFieldElem[0, 0, 0, 0],
	[16, 12, 20, 10, 18, 1, 1, 11, 1, 1] => QQFieldElem[0, 0, -8, 0],
	[16, 12, 20, 10, 13, 1, 1, 14, 1, 1] => QQFieldElem[0, 0, -2//3, 0],
	[16, 12, 20, 10, 13, 1, 1, 13, 1, 1] => QQFieldElem[0, 0, 0, 0],
	[16, 12, 20, 10, 11, 1, 1, 14, 1, 1] => QQFieldElem[0, 0, -1//12, 0],
	[16, 12, 20, 10, 11, 1, 1, 11, 1, 1] => QQFieldElem[0, 0, 0, 0],
	[16, 12, 20, 10, 19, 1, 1, 11, 1, 1] => QQFieldElem[0, 0, -8, 0],
	[16, 12, 20, 10, 18, 1, 1, 13, 1, 1] => QQFieldElem[0, 0, 9//128, 0],
	[16, 12, 20, 10, 19, 1, 1, 14, 1, 1] => QQFieldElem[0, 1//2, 0, 0],
	[16, 12, 20, 10, 19, 1, 1, 13, 1, 1] => QQFieldElem[0, 0, 9//128, 0],
	[16, 12, 20, 10, 15, 1, 1, 14, 1, 1] => QQFieldElem[0, 0, 0, 0],
	[16, 12, 20, 10, 11, 1, 1, 13, 1, 1] => QQFieldElem[0, 0, 0, 0],
	[16, 12, 20, 10, 13, 1, 1, 15, 1, 1] => QQFieldElem[0, 0, -2//3, 0],
	[16, 12, 20, 10, 18, 1, 1, 15, 1, 1] => QQFieldElem[0, 1//2, 0, 0],
	[16, 12, 20, 10, 15, 1, 1, 11, 1, 1] => QQFieldElem[0, 0, 8, 0],
	[16, 12, 20, 10, 15, 1, 1, 13, 1, 1] => QQFieldElem[0, 0, 9//128, 0],
	[16, 12, 20, 10, 13, 1, 1, 19, 1, 1] => QQFieldElem[0, 0, 2//3, 0],
	[16, 12, 20, 10, 14, 1, 1, 18, 1, 1] => QQFieldElem[0, -1//2, 0, 0],
	[16, 12, 20, 10, 19, 1, 1, 15, 1, 1] => QQFieldElem[0, -1//2, 0, 0],
	[16, 12, 20, 10, 18, 1, 1, 19, 1, 1] => QQFieldElem[0, 0, 0, 0],
	[16, 12, 20, 10, 11, 1, 1, 15, 1, 1] => QQFieldElem[0, 0, -1//12, 0],
	[16, 12, 20, 10, 19, 1, 1, 19, 1, 1] => QQFieldElem[0, 0, 0, 0],
	[16, 12, 20, 10, 11, 1, 1, 19, 1, 1] => QQFieldElem[0, 0, -1//12, 0],
	[16, 12, 20, 10, 15, 1, 1, 15, 1, 1] => QQFieldElem[0, 0, 0, 0],
	[16, 12, 20, 10, 15, 1, 1, 19, 1, 1] => QQFieldElem[0, -1//2, 0, 0],
	[16, 12, 20, 10, 14, 1, 1, 14, 1, 1] => QQFieldElem[0, 0, 0, 0],
	[16, 12, 20, 10, 14, 1, 1, 11, 1, 1] => QQFieldElem[0, 0, 8, 0],
	[16, 12, 20, 10, 14, 1, 1, 13, 1, 1] => QQFieldElem[0, 0, 9//128, 0],
	[16, 12, 20, 10, 14, 1, 1, 15, 1, 1] => QQFieldElem[0, 0, 0, 0],
	[16, 12, 20, 10, 13, 1, 1, 18, 1, 1] => QQFieldElem[0, 0, 2//3, 0],
	[16, 12, 20, 10, 18, 1, 1, 18, 1, 1] => QQFieldElem[0, 0, 0, 0],
	[16, 12, 20, 10, 14, 1, 1, 19, 1, 1] => QQFieldElem[0, 1//2, 0, 0],
	[16, 12, 20, 10, 19, 1, 1, 18, 1, 1] => QQFieldElem[0, 0, 0, 0],
	[16, 12, 20, 10, 11, 1, 1, 18, 1, 1] => QQFieldElem[0, 0, -1//12, 0])