Dict(
	[16, 11, 21, 18, 12, 1, 1, 14, 1, 1] => QQFieldElem[0, 0, 0, 0],
	[16, 11, 21, 18, 11, 1, 1, 10, 1, 1] => QQFieldElem[0, 0, 1//2, 0],
	[16, 11, 21, 18, 14, 1, 1, 15, 1, 1] => QQFieldElem[0, 0, 0, 0],
	[16, 11, 21, 18, 13, 1, 1, 18, 1, 1] => QQFieldElem[1//2, 0, -1//2, 1//2],
	[16, 11, 21, 18, 10, 1, 1, 14, 1, 1] => QQFieldElem[0, 0, -1//12, 0],
	[16, 11, 21, 18, 14, 1, 1, 19, 1, 1] => QQFieldElem[0, 0, 1//2, 1//2],
	[16, 11, 21, 18, 14, 1, 1, 12, 1, 1] => QQFieldElem[0, 0, 0, 0],
	[16, 11, 21, 18, 15, 1, 1, 10, 1, 1] => QQFieldElem[3//16, 0, 0, 3//16],
	[16, 11, 21, 18, 12, 1, 1, 15, 1, 1] => QQFieldElem[3//16, -3//16, -3//16, 0],
	[16, 11, 21, 18, 11, 1, 1, 18, 1, 1] => QQFieldElem[0, 0, 0, 0],
	[16, 11, 21, 18, 12, 1, 1, 19, 1, 1] => QQFieldElem[0, 1//2, 0, -1//2],
	[16, 11, 21, 18, 12, 1, 1, 12, 1, 1] => QQFieldElem[1//4, -1//4, -1//4, 0],
	[16, 11, 21, 18, 15, 1, 1, 18, 1, 1] => QQFieldElem[0, -1//2, 0, 0],
	[16, 11, 21, 18, 13, 1, 1, 14, 1, 1] => QQFieldElem[0, 0, 0, 0],
	[16, 11, 21, 18, 10, 1, 1, 15, 1, 1] => QQFieldElem[0, 0, 1//16, 0],
	[16, 11, 21, 18, 11, 1, 1, 14, 1, 1] => QQFieldElem[0, 0, -2//3, 0],
	[16, 11, 21, 18, 10, 1, 1, 19, 1, 1] => QQFieldElem[0, 0, 0, 0],
	[16, 11, 21, 18, 10, 1, 1, 12, 1, 1] => QQFieldElem[0, 0, -1//12, 0],
	[16, 11, 21, 18, 14, 1, 1, 10, 1, 1] => QQFieldElem[3//16, 3//8, 0, -3//16],
	[16, 11, 21, 18, 15, 1, 1, 14, 1, 1] => QQFieldElem[1//4, 0, 0, 1//4],
	[16, 11, 21, 18, 13, 1, 1, 15, 1, 1] => QQFieldElem[3//16, -3//16, 3//16, 0],
	[16, 11, 21, 18, 13, 1, 1, 19, 1, 1] => QQFieldElem[1//2, -1//2, 0, 0],
	[16, 11, 21, 18, 13, 1, 1, 12, 1, 1] => QQFieldElem[1//4, -1//4, 1//4, 0],
	[16, 11, 21, 18, 11, 1, 1, 15, 1, 1] => QQFieldElem[0, 0, -1//2, 0],
	[16, 11, 21, 18, 14, 1, 1, 18, 1, 1] => QQFieldElem[1//2, 1//2, 0, -1//2],
	[16, 11, 21, 18, 12, 1, 1, 10, 1, 1] => QQFieldElem[0, 0, 0, 0],
	[16, 11, 21, 18, 11, 1, 1, 19, 1, 1] => QQFieldElem[0, 0, 0, 0],
	[16, 11, 21, 18, 15, 1, 1, 15, 1, 1] => QQFieldElem[0, 0, 0, 0],
	[16, 11, 21, 18, 11, 1, 1, 12, 1, 1] => QQFieldElem[0, 0, 2//3, 0],
	[16, 11, 21, 18, 12, 1, 1, 18, 1, 1] => QQFieldElem[0, 0, 1//2, 0],
	[16, 11, 21, 18, 10, 1, 1, 10, 1, 1] => QQFieldElem[0, 0, 1//16, 0],
	[16, 11, 21, 18, 15, 1, 1, 19, 1, 1] => QQFieldElem[1//2, 0, -1//2, 0],
	[16, 11, 21, 18, 15, 1, 1, 12, 1, 1] => QQFieldElem[0, 0, 0, 0],
	[16, 11, 21, 18, 14, 1, 1, 14, 1, 1] => QQFieldElem[1//4, 1//2, 0, -1//4],
	[16, 11, 21, 18, 10, 1, 1, 18, 1, 1] => QQFieldElem[0, 0, 0, 0],
	[16, 11, 21, 18, 13, 1, 1, 10, 1, 1] => QQFieldElem[0, 0, 0, 0])