Dict(
	[16, 16, 12, 18, 11, 1, 1, 16, 1, 1] => QQFieldElem[-8//3, 0, 0, 8//3],
	[16, 16, 12, 18, 15, 1, 1, 9, 1, 1] => QQFieldElem[0, 0, 0, 9//16],
	[16, 16, 12, 18, 14, 1, 1, 7, 1, 1] => QQFieldElem[0, 0, 0, -3//16],
	[16, 16, 12, 18, 15, 1, 1, 16, 1, 1] => QQFieldElem[-1//64, 0, 0, 1//64],
	[16, 16, 12, 18, 13, 1, 1, 16, 2, 1] => QQFieldElem[1//2, 0, 0, 1//2],
	[16, 16, 12, 18, 11, 1, 1, 16, 2, 1] => QQFieldElem[1//2, 0, 0, -1//2],
	[16, 16, 12, 18, 15, 1, 1, 16, 2, 1] => QQFieldElem[1//2, 0, 0, -1//2],
	[16, 16, 12, 18, 14, 1, 1, 9, 1, 1] => QQFieldElem[0, 0, 0, 9//512],
	[16, 16, 12, 18, 14, 1, 1, 16, 1, 1] => QQFieldElem[-8//3, 0, 0, -8//3],
	[16, 16, 12, 18, 13, 1, 1, 7, 1, 1] => QQFieldElem[0, 0, 0, -6],
	[16, 16, 12, 18, 14, 1, 1, 16, 2, 1] => QQFieldElem[1//2, 0, 0, 1//2],
	[16, 16, 12, 18, 11, 1, 1, 7, 1, 1] => QQFieldElem[0, 0, 0, -32],
	[16, 16, 12, 18, 15, 1, 1, 7, 1, 1] => QQFieldElem[0, 0, 0, -6],
	[16, 16, 12, 18, 13, 1, 1, 9, 1, 1] => QQFieldElem[0, 0, 0, -9//16],
	[16, 16, 12, 18, 13, 1, 1, 16, 1, 1] => QQFieldElem[-1//64, 0, 0, -1//64],
	[16, 16, 12, 18, 11, 1, 1, 9, 1, 1] => QQFieldElem[0, 0, 0, -3])