Dict(
	[16, 10, 17, 10, 11, 1, 1, 15, 1, 1] => QQFieldElem[-1//4, 0, 0, 0],
	[16, 10, 17, 10, 14, 1, 1, 18, 1, 1] => QQFieldElem[0, 0, 0, -1//8],
	[16, 10, 17, 10, 19, 1, 1, 15, 1, 1] => QQFieldElem[0, 0, 0, -1//8],
	[16, 10, 17, 10, 19, 1, 1, 19, 1, 1] => QQFieldElem[0, 0, 0, 0],
	[16, 10, 17, 10, 11, 1, 1, 19, 1, 1] => QQFieldElem[1//4, 0, 0, 0],
	[16, 10, 17, 10, 15, 1, 1, 15, 1, 1] => QQFieldElem[0, 0, 0, 0],
	[16, 10, 17, 10, 15, 1, 1, 19, 1, 1] => QQFieldElem[0, 0, 0, -1//8],
	[16, 10, 17, 10, 14, 1, 1, 14, 1, 1] => QQFieldElem[0, 0, 0, 0],
	[16, 10, 17, 10, 14, 1, 1, 11, 1, 1] => QQFieldElem[2, 0, 0, 0],
	[16, 10, 17, 10, 14, 1, 1, 13, 1, 1] => QQFieldElem[-3//32, 0, 0, 0],
	[16, 10, 17, 10, 14, 1, 1, 15, 1, 1] => QQFieldElem[0, 0, 0, 0],
	[16, 10, 17, 10, 13, 1, 1, 18, 1, 1] => QQFieldElem[3//512, 0, 0, 0],
	[16, 10, 17, 10, 18, 1, 1, 18, 1, 1] => QQFieldElem[0, 0, 0, 0],
	[16, 10, 17, 10, 14, 1, 1, 19, 1, 1] => QQFieldElem[0, 0, 0, 1//8],
	[16, 10, 17, 10, 19, 1, 1, 18, 1, 1] => QQFieldElem[0, 0, 0, 0],
	[16, 10, 17, 10, 11, 1, 1, 18, 1, 1] => QQFieldElem[1//4, 0, 0, 0],
	[16, 10, 17, 10, 15, 1, 1, 18, 1, 1] => QQFieldElem[0, 0, 0, 1//8],
	[16, 10, 17, 10, 13, 1, 1, 14, 1, 1] => QQFieldElem[3//512, 0, 0, 0],
	[16, 10, 17, 10, 18, 1, 1, 11, 1, 1] => QQFieldElem[-2, 0, 0, 0],
	[16, 10, 17, 10, 18, 1, 1, 14, 1, 1] => QQFieldElem[0, 0, 0, -1//8],
	[16, 10, 17, 10, 13, 1, 1, 11, 1, 1] => QQFieldElem[0, 0, 0, 0],
	[16, 10, 17, 10, 19, 1, 1, 14, 1, 1] => QQFieldElem[0, 0, 0, 1//8],
	[16, 10, 17, 10, 18, 1, 1, 13, 1, 1] => QQFieldElem[-3//32, 0, 0, 0],
	[16, 10, 17, 10, 11, 1, 1, 11, 1, 1] => QQFieldElem[0, 0, 0, 0],
	[16, 10, 17, 10, 11, 1, 1, 14, 1, 1] => QQFieldElem[-1//4, 0, 0, 0],
	[16, 10, 17, 10, 19, 1, 1, 11, 1, 1] => QQFieldElem[-2, 0, 0, 0],
	[16, 10, 17, 10, 13, 1, 1, 13, 1, 1] => QQFieldElem[0, 0, 0, 0],
	[16, 10, 17, 10, 19, 1, 1, 13, 1, 1] => QQFieldElem[-3//32, 0, 0, 0],
	[16, 10, 17, 10, 15, 1, 1, 14, 1, 1] => QQFieldElem[0, 0, 0, 0],
	[16, 10, 17, 10, 15, 1, 1, 11, 1, 1] => QQFieldElem[2, 0, 0, 0],
	[16, 10, 17, 10, 11, 1, 1, 13, 1, 1] => QQFieldElem[0, 0, 0, 0],
	[16, 10, 17, 10, 13, 1, 1, 15, 1, 1] => QQFieldElem[3//512, 0, 0, 0],
	[16, 10, 17, 10, 18, 1, 1, 15, 1, 1] => QQFieldElem[0, 0, 0, 1//8],
	[16, 10, 17, 10, 15, 1, 1, 13, 1, 1] => QQFieldElem[-3//32, 0, 0, 0],
	[16, 10, 17, 10, 13, 1, 1, 19, 1, 1] => QQFieldElem[3//512, 0, 0, 0],
	[16, 10, 17, 10, 18, 1, 1, 19, 1, 1] => QQFieldElem[0, 0, 0, 0])