Dict(
	[16, 16, 14, 11, 12, 1, 1, 9, 1, 1] => QQFieldElem[6, 0, 0, 0],
	[16, 16, 14, 11, 18, 1, 1, 7, 1, 1] => QQFieldElem[-3//256, 0, 0, 0],
	[16, 16, 14, 11, 12, 1, 1, 16, 1, 1] => QQFieldElem[1//64, 0, 0, -1//64],
	[16, 16, 14, 11, 19, 1, 1, 7, 1, 1] => QQFieldElem[3//8, 0, 0, 0],
	[16, 16, 14, 11, 10, 1, 1, 9, 1, 1] => QQFieldElem[32, 0, 0, 0],
	[16, 16, 14, 11, 10, 1, 1, 16, 1, 1] => QQFieldElem[-8//3, 0, 0, -8//3],
	[16, 16, 14, 11, 12, 1, 1, 16, 2, 1] => QQFieldElem[1//2, 0, 0, -1//2],
	[16, 16, 14, 11, 18, 1, 1, 9, 1, 1] => QQFieldElem[3//16, 0, 0, 0],
	[16, 16, 14, 11, 18, 1, 1, 16, 1, 1] => QQFieldElem[-8//3, 0, 0, 8//3],
	[16, 16, 14, 11, 10, 1, 1, 16, 2, 1] => QQFieldElem[1//2, 0, 0, 1//2],
	[16, 16, 14, 11, 19, 1, 1, 9, 1, 1] => QQFieldElem[-6, 0, 0, 0],
	[16, 16, 14, 11, 19, 1, 1, 16, 1, 1] => QQFieldElem[1//64, 0, 0, 1//64],
	[16, 16, 14, 11, 18, 1, 1, 16, 2, 1] => QQFieldElem[1//2, 0, 0, -1//2],
	[16, 16, 14, 11, 19, 1, 1, 16, 2, 1] => QQFieldElem[1//2, 0, 0, 1//2],
	[16, 16, 14, 11, 12, 1, 1, 7, 1, 1] => QQFieldElem[3//8, 0, 0, 0],
	[16, 16, 14, 11, 10, 1, 1, 7, 1, 1] => QQFieldElem[2, 0, 0, 0])