Dict(
	[16, 21, 10, 15, 13, 1, 1, 21, 2, 1] => QQFieldElem[0, 1//3, -1//3, 0],
	[16, 21, 10, 15, 18, 1, 1, 21, 2, 1] => QQFieldElem[1//3, 0, 0, -1//3],
	[16, 21, 10, 15, 13, 1, 1, 20, 1, 1] => QQFieldElem[1//6, 0, -1//6, 0],
	[16, 21, 10, 15, 18, 1, 1, 20, 1, 1] => QQFieldElem[0, 0, -1//3, 0],
	[16, 21, 10, 15, 10, 1, 1, 20, 2, 1] => QQFieldElem[-1//6, 0, 1//6, 0],
	[16, 21, 10, 15, 19, 1, 1, 21, 2, 1] => QQFieldElem[-1//3, -1//3, 1//3, 1//3],
	[16, 21, 10, 15, 10, 1, 1, 17, 1, 1] => QQFieldElem[1//6, 0, -1//6, 0],
	[16, 21, 10, 15, 11, 1, 1, 21, 2, 1] => QQFieldElem[1//3, 0, 0, 1//3],
	[16, 21, 10, 15, 11, 1, 1, 20, 1, 1] => QQFieldElem[4//9, 0, 0, 0],
	[16, 21, 10, 15, 19, 1, 1, 20, 1, 1] => QQFieldElem[1//3, 0, 0, 0],
	[16, 21, 10, 15, 12, 1, 1, 17, 2, 1] => QQFieldElem[0, 0, -1//4, 0],
	[16, 21, 10, 15, 13, 1, 1, 20, 2, 1] => QQFieldElem[1//8, 0, -3//8, 0],
	[16, 21, 10, 15, 18, 1, 1, 20, 2, 1] => QQFieldElem[-1//4, 0, 0, 0],
	[16, 21, 10, 15, 13, 1, 1, 17, 1, 1] => QQFieldElem[2//3, 0, -2//9, 0],
	[16, 21, 10, 15, 18, 1, 1, 17, 1, 1] => QQFieldElem[0, 0, 4//9, 0],
	[16, 21, 10, 15, 10, 1, 1, 17, 2, 1] => QQFieldElem[-3//8, 0, 1//8, 0],
	[16, 21, 10, 15, 19, 1, 1, 20, 2, 1] => QQFieldElem[-1//4, 0, 0, 0],
	[16, 21, 10, 15, 11, 1, 1, 20, 2, 1] => QQFieldElem[0, 0, 1//3, 0],
	[16, 21, 10, 15, 19, 1, 1, 17, 1, 1] => QQFieldElem[0, 0, 4//9, 0],
	[16, 21, 10, 15, 11, 1, 1, 17, 1, 1] => QQFieldElem[1//3, 0, 0, 0],
	[16, 21, 10, 15, 12, 1, 1, 21, 1, 1] => QQFieldElem[-4//9, -4//9, 4//9, 4//9],
	[16, 21, 10, 15, 13, 1, 1, 17, 2, 1] => QQFieldElem[-1//6, 0, 1//6, 0],
	[16, 21, 10, 15, 18, 1, 1, 17, 2, 1] => QQFieldElem[-1//3, 0, 0, 0],
	[16, 21, 10, 15, 10, 1, 1, 21, 1, 1] => QQFieldElem[0, 4//9, -4//9, 0],
	[16, 21, 10, 15, 19, 1, 1, 17, 2, 1] => QQFieldElem[0, 0, 1//3, 0],
	[16, 21, 10, 15, 11, 1, 1, 17, 2, 1] => QQFieldElem[0, 0, -1//4, 0],
	[16, 21, 10, 15, 12, 1, 1, 21, 2, 1] => QQFieldElem[-1//3, 1//3, 1//3, -1//3],
	[16, 21, 10, 15, 12, 1, 1, 20, 1, 1] => QQFieldElem[4//9, 0, 0, 0],
	[16, 21, 10, 15, 13, 1, 1, 21, 1, 1] => QQFieldElem[0, -4//9, -4//9, 0],
	[16, 21, 10, 15, 18, 1, 1, 21, 1, 1] => QQFieldElem[4//9, 0, 0, 4//9],
	[16, 21, 10, 15, 10, 1, 1, 21, 2, 1] => QQFieldElem[0, -1//3, -1//3, 0],
	[16, 21, 10, 15, 10, 1, 1, 20, 1, 1] => QQFieldElem[-2//9, 0, 2//3, 0],
	[16, 21, 10, 15, 19, 1, 1, 21, 1, 1] => QQFieldElem[-4//9, 4//9, 4//9, -4//9],
	[16, 21, 10, 15, 11, 1, 1, 21, 1, 1] => QQFieldElem[4//9, 0, 0, -4//9],
	[16, 21, 10, 15, 12, 1, 1, 20, 2, 1] => QQFieldElem[-1//3, 0, 0, 0],
	[16, 21, 10, 15, 12, 1, 1, 17, 1, 1] => QQFieldElem[0, 0, -1//3, 0])