Dict(
	[16, 16, 16, 16, 16, 2, 1, 9, 1, 1] => QQFieldElem[0, 0, 0, 0],
	[16, 16, 16, 16, 8, 1, 1, 8, 1, 1] => QQFieldElem[1//2, 0, 0, 0],
	[16, 16, 16, 16, 3, 2, 1, 4, 1, 1] => QQFieldElem[0, 0, 0, 0],
	[16, 16, 16, 16, 6, 1, 1, 16, 1, 1] => QQFieldElem[0, 0, 0, 0],
	[16, 16, 16, 16, 7, 1, 1, 3, 2, 2] => QQFieldElem[0, 0, 0, 0],
	[16, 16, 16, 16, 2, 1, 1, 6, 1, 1] => QQFieldElem[-3//4096, 0, 0, 0],
	[16, 16, 16, 16, 3, 1, 2, 3, 2, 1] => QQFieldElem[0, 0, 0, 0],
	[16, 16, 16, 16, 1, 1, 1, 2, 1, 1] => QQFieldElem[-512//9, 0, 0, 0],
	[16, 16, 16, 16, 5, 1, 1, 16, 1, 1] => QQFieldElem[0, 0, 0, 0],
	[16, 16, 16, 16, 16, 2, 1, 3, 2, 2] => QQFieldElem[0, 0, 0, 0],
	[16, 16, 16, 16, 16, 1, 1, 5, 1, 1] => QQFieldElem[0, 0, 0, 0],
	[16, 16, 16, 16, 3, 2, 2, 3, 1, 2] => QQFieldElem[0, 0, 0, 0],
	[16, 16, 16, 16, 2, 1, 1, 3, 1, 1] => QQFieldElem[0, 0, 0, 0],
	[16, 16, 16, 16, 16, 1, 2, 16, 1, 1] => QQFieldElem[1//2304, 0, 0, 0],
	[16, 16, 16, 16, 4, 1, 1, 16, 1, 2] => QQFieldElem[0, 0, 0, 0],
	[16, 16, 16, 16, 3, 2, 2, 7, 1, 1] => QQFieldElem[-1//32, 0, 0, 0],
	[16, 16, 16, 16, 4, 1, 1, 1, 1, 1] => QQFieldElem[-1//18, 0, 0, 0],
	[16, 16, 16, 16, 1, 1, 1, 16, 2, 2] => QQFieldElem[0, 0, 0, 0],
	[16, 16, 16, 16, 6, 1, 1, 3, 2, 1] => QQFieldElem[0, 0, 0, 0],
	[16, 16, 16, 16, 16, 1, 1, 8, 1, 1] => QQFieldElem[0, 0, 0, 0],
	[16, 16, 16, 16, 7, 1, 1, 4, 1, 1] => QQFieldElem[0, 0, 0, 0],
	[16, 16, 16, 16, 3, 1, 2, 2, 1, 1] => QQFieldElem[0, 0, 0, 0],
	[16, 16, 16, 16, 4, 1, 1, 9, 1, 1] => QQFieldElem[0, 0, 0, 0],
	[16, 16, 16, 16, 3, 1, 1, 16, 1, 1] => QQFieldElem[0, 0, 0, 0],
	[16, 16, 16, 16, 5, 1, 1, 3, 2, 1] => QQFieldElem[3//16, 0, 0, 0],
	[16, 16, 16, 16, 16, 2, 1, 4, 1, 1] => QQFieldElem[0, 0, 0, 0],
	[16, 16, 16, 16, 3, 2, 2, 16, 2, 1] => QQFieldElem[512, 0, 0, 0],
	[16, 16, 16, 16, 8, 1, 1, 16, 1, 1] => QQFieldElem[0, 0, 0, 0],
	[16, 16, 16, 16, 16, 1, 2, 3, 2, 1] => QQFieldElem[1//24, 0, 0, 0],
	[16, 16, 16, 16, 4, 1, 1, 3, 2, 2] => QQFieldElem[-3, 0, 0, 0],
	[16, 16, 16, 16, 3, 1, 2, 16, 2, 2] => QQFieldElem[0, 0, 0, 0],
	[16, 16, 16, 16, 6, 1, 1, 2, 1, 1] => QQFieldElem[16384//27, 0, 0, 0],
	[16, 16, 16, 16, 16, 2, 2, 3, 1, 2] => QQFieldElem[1//8, 0, 0, 0],
	[16, 16, 16, 16, 3, 1, 1, 3, 2, 1] => QQFieldElem[-3//64, 0, 0, 0],
	[16, 16, 16, 16, 5, 1, 1, 2, 1, 1] => QQFieldElem[-16//81, 0, 0, 0],
	[16, 16, 16, 16, 9, 1, 1, 3, 1, 2] => QQFieldElem[3//16, 0, 0, 0],
	[16, 16, 16, 16, 1, 1, 1, 6, 1, 1] => QQFieldElem[-3//16, 0, 0, 0],
	[16, 16, 16, 16, 16, 2, 2, 7, 1, 1] => QQFieldElem[0, 0, 0, 0],
	[16, 16, 16, 16, 2, 1, 1, 16, 1, 2] => QQFieldElem[0, 0, 0, 0],
	[16, 16, 16, 16, 8, 1, 1, 3, 2, 1] => QQFieldElem[-16, 0, 0, 0],
	[16, 16, 16, 16, 2, 1, 1, 1, 1, 1] => QQFieldElem[-1//1536, 0, 0, 0],
	[16, 16, 16, 16, 9, 1, 1, 7, 1, 1] => QQFieldElem[3//8, 0, 0, 0],
	[16, 16, 16, 16, 3, 2, 1, 3, 1, 2] => QQFieldElem[0, 0, 0, 0],
	[16, 16, 16, 16, 16, 1, 2, 2, 1, 1] => QQFieldElem[0, 0, 0, 0],
	[16, 16, 16, 16, 16, 1, 1, 16, 1, 1] => QQFieldElem[1//4, 0, 0, 0],
	[16, 16, 16, 16, 6, 1, 1, 16, 2, 2] => QQFieldElem[1//6, 0, 0, 0],
	[16, 16, 16, 16, 2, 1, 1, 9, 1, 1] => QQFieldElem[1//1024, 0, 0, 0],
	[16, 16, 16, 16, 4, 1, 1, 4, 1, 1] => QQFieldElem[1//16, 0, 0, 0],
	[16, 16, 16, 16, 3, 2, 1, 7, 1, 1] => QQFieldElem[1//256, 0, 0, 0],
	[16, 16, 16, 16, 1, 1, 1, 3, 1, 1] => QQFieldElem[-24, 0, 0, 0],
	[16, 16, 16, 16, 3, 2, 2, 5, 1, 1] => QQFieldElem[-12, 0, 0, 0],
	[16, 16, 16, 16, 16, 2, 2, 16, 2, 1] => QQFieldElem[0, 0, 0, 0],
	[16, 16, 16, 16, 5, 1, 1, 16, 2, 2] => QQFieldElem[0, 0, 0, 0],
	[16, 16, 16, 16, 9, 1, 1, 16, 2, 1] => QQFieldElem[-1//2, 0, 0, 0],
	[16, 16, 16, 16, 3, 1, 1, 2, 1, 1] => QQFieldElem[16//81, 0, 0, 0],
	[16, 16, 16, 16, 3, 1, 2, 6, 1, 1] => QQFieldElem[-1//128, 0, 0, 0],
	[16, 16, 16, 16, 2, 1, 1, 3, 2, 2] => QQFieldElem[-1//12, 0, 0, 0],
	[16, 16, 16, 16, 16, 1, 2, 16, 2, 2] => QQFieldElem[0, 0, 0, 0],
	[16, 16, 16, 16, 3, 2, 1, 16, 2, 1] => QQFieldElem[0, 0, 0, 0],
	[16, 16, 16, 16, 3, 2, 2, 8, 1, 1] => QQFieldElem[1//24, 0, 0, 0],
	[16, 16, 16, 16, 8, 1, 1, 2, 1, 1] => QQFieldElem[1024//9, 0, 0, 0],
	[16, 16, 16, 16, 16, 1, 1, 3, 2, 1] => QQFieldElem[0, 0, 0, 0],
	[16, 16, 16, 16, 7, 1, 1, 3, 1, 2] => QQFieldElem[0, 0, 0, 0],
	[16, 16, 16, 16, 3, 1, 2, 3, 1, 1] => QQFieldElem[-24, 0, 0, 0],
	[16, 16, 16, 16, 3, 1, 1, 16, 2, 2] => QQFieldElem[1//3, 0, 0, 0],
	[16, 16, 16, 16, 7, 1, 1, 7, 1, 1] => QQFieldElem[-2, 0, 0, 0],
	[16, 16, 16, 16, 16, 2, 1, 3, 1, 2] => QQFieldElem[2//3, 0, 0, 0],
	[16, 16, 16, 16, 6, 1, 1, 6, 1, 1] => QQFieldElem[-2, 0, 0, 0],
	[16, 16, 16, 16, 8, 1, 1, 16, 2, 2] => QQFieldElem[0, 0, 0, 0],
	[16, 16, 16, 16, 16, 2, 1, 7, 1, 1] => QQFieldElem[0, 0, 0, 0],
	[16, 16, 16, 16, 2, 1, 1, 4, 1, 1] => QQFieldElem[-3//4096, 0, 0, 0],
	[16, 16, 16, 16, 16, 2, 2, 5, 1, 1] => QQFieldElem[0, 0, 0, 0],
	[16, 16, 16, 16, 5, 1, 1, 6, 1, 1] => QQFieldElem[0, 0, 0, 0],
	[16, 16, 16, 16, 7, 1, 1, 16, 2, 1] => QQFieldElem[0, 0, 0, 0],
	[16, 16, 16, 16, 9, 1, 1, 5, 1, 1] => QQFieldElem[0, 0, 0, 0],
	[16, 16, 16, 16, 1, 1, 1, 16, 1, 2] => QQFieldElem[-4//9, 0, 0, 0],
	[16, 16, 16, 16, 16, 1, 1, 2, 1, 1] => QQFieldElem[2//9, 0, 0, 0],
	[16, 16, 16, 16, 6, 1, 1, 3, 1, 1] => QQFieldElem[0, 0, 0, 0],
	[16, 16, 16, 16, 1, 1, 1, 1, 1, 1] => QQFieldElem[1//6, 0, 0, 0],
	[16, 16, 16, 16, 16, 1, 2, 6, 1, 1] => QQFieldElem[0, 0, 0, 0],
	[16, 16, 16, 16, 3, 2, 1, 5, 1, 1] => QQFieldElem[0, 0, 0, 0],
	[16, 16, 16, 16, 16, 2, 1, 16, 2, 1] => QQFieldElem[1//24, 0, 0, 0],
	[16, 16, 16, 16, 16, 2, 2, 8, 1, 1] => QQFieldElem[0, 0, 0, 0],
	[16, 16, 16, 16, 1, 1, 1, 9, 1, 1] => QQFieldElem[1//4, 0, 0, 0],
	[16, 16, 16, 16, 5, 1, 1, 3, 1, 1] => QQFieldElem[0, 0, 0, 0],
	[16, 16, 16, 16, 9, 1, 1, 8, 1, 1] => QQFieldElem[0, 0, 0, 0],
	[16, 16, 16, 16, 3, 2, 2, 16, 1, 1] => QQFieldElem[0, 0, 0, 0],
	[16, 16, 16, 16, 3, 1, 1, 6, 1, 1] => QQFieldElem[1//3072, 0, 0, 0],
	[16, 16, 16, 16, 16, 1, 2, 3, 1, 1] => QQFieldElem[1//2304, 0, 0, 0],
	[16, 16, 16, 16, 16, 1, 1, 16, 2, 2] => QQFieldElem[1//2048, 0, 0, 0],
	[16, 16, 16, 16, 3, 2, 1, 8, 1, 1] => QQFieldElem[1//192, 0, 0, 0],
	[16, 16, 16, 16, 4, 1, 1, 3, 1, 2] => QQFieldElem[3, 0, 0, 0],
	[16, 16, 16, 16, 1, 1, 1, 3, 2, 2] => QQFieldElem[0, 0, 0, 0],
	[16, 16, 16, 16, 3, 1, 2, 16, 1, 2] => QQFieldElem[0, 0, 0, 0],
	[16, 16, 16, 16, 8, 1, 1, 6, 1, 1] => QQFieldElem[3//8, 0, 0, 0],
	[16, 16, 16, 16, 3, 1, 2, 1, 1, 1] => QQFieldElem[0, 0, 0, 0],
	[16, 16, 16, 16, 4, 1, 1, 7, 1, 1] => QQFieldElem[0, 0, 0, 0],
	[16, 16, 16, 16, 3, 1, 1, 3, 1, 1] => QQFieldElem[-128, 0, 0, 0],
	[16, 16, 16, 16, 3, 1, 2, 9, 1, 1] => QQFieldElem[-1//96, 0, 0, 0],
	[16, 16, 16, 16, 7, 1, 1, 5, 1, 1] => QQFieldElem[0, 0, 0, 0],
	[16, 16, 16, 16, 3, 2, 2, 3, 2, 1] => QQFieldElem[48, 0, 0, 0],
	[16, 16, 16, 16, 8, 1, 1, 3, 1, 1] => QQFieldElem[16, 0, 0, 0],
	[16, 16, 16, 16, 4, 1, 1, 16, 2, 1] => QQFieldElem[0, 0, 0, 0],
	[16, 16, 16, 16, 16, 2, 1, 5, 1, 1] => QQFieldElem[0, 0, 0, 0],
	[16, 16, 16, 16, 6, 1, 1, 16, 1, 2] => QQFieldElem[0, 0, 0, 0],
	[16, 16, 16, 16, 6, 1, 1, 1, 1, 1] => QQFieldElem[16//9, 0, 0, 0],
	[16, 16, 16, 16, 7, 1, 1, 8, 1, 1] => QQFieldElem[0, 0, 0, 0],
	[16, 16, 16, 16, 1, 1, 1, 4, 1, 1] => QQFieldElem[-3//16, 0, 0, 0],
	[16, 16, 16, 16, 16, 2, 2, 16, 1, 1] => QQFieldElem[0, 0, 0, 0],
	[16, 16, 16, 16, 3, 1, 2, 3, 2, 2] => QQFieldElem[0, 0, 0, 0],
	[16, 16, 16, 16, 5, 1, 1, 16, 1, 2] => QQFieldElem[-1//2, 0, 0, 0],
	[16, 16, 16, 16, 6, 1, 1, 9, 1, 1] => QQFieldElem[0, 0, 0, 0],
	[16, 16, 16, 16, 16, 1, 1, 6, 1, 1] => QQFieldElem[0, 0, 0, 0],
	[16, 16, 16, 16, 9, 1, 1, 16, 1, 1] => QQFieldElem[0, 0, 0, 0],
	[16, 16, 16, 16, 5, 1, 1, 1, 1, 1] => QQFieldElem[-1//1728, 0, 0, 0],
	[16, 16, 16, 16, 16, 2, 1, 8, 1, 1] => QQFieldElem[0, 0, 0, 0],
	[16, 16, 16, 16, 2, 1, 1, 3, 1, 2] => QQFieldElem[-8, 0, 0, 0],
	[16, 16, 16, 16, 5, 1, 1, 9, 1, 1] => QQFieldElem[0, 0, 0, 0],
	[16, 16, 16, 16, 3, 2, 1, 16, 1, 1] => QQFieldElem[0, 0, 0, 0],
	[16, 16, 16, 16, 3, 2, 2, 2, 1, 1] => QQFieldElem[512//27, 0, 0, 0],
	[16, 16, 16, 16, 16, 1, 2, 16, 1, 2] => QQFieldElem[0, 0, 0, 0],
	[16, 16, 16, 16, 16, 1, 2, 1, 1, 1] => QQFieldElem[0, 0, 0, 0],
	[16, 16, 16, 16, 2, 1, 1, 7, 1, 1] => QQFieldElem[-3//4096, 0, 0, 0],
	[16, 16, 16, 16, 16, 1, 1, 3, 1, 1] => QQFieldElem[-1//8, 0, 0, 0],
	[16, 16, 16, 16, 6, 1, 1, 3, 2, 2] => QQFieldElem[0, 0, 0, 0],
	[16, 16, 16, 16, 16, 1, 2, 9, 1, 1] => QQFieldElem[0, 0, 0, 0],
	[16, 16, 16, 16, 3, 1, 2, 4, 1, 1] => QQFieldElem[0, 0, 0, 0],
	[16, 16, 16, 16, 3, 1, 1, 16, 1, 2] => QQFieldElem[0, 0, 0, 0],
	[16, 16, 16, 16, 16, 2, 2, 3, 2, 1] => QQFieldElem[1//2304, 0, 0, 0],
	[16, 16, 16, 16, 3, 1, 1, 1, 1, 1] => QQFieldElem[-1//1728, 0, 0, 0],
	[16, 16, 16, 16, 5, 1, 1, 3, 2, 2] => QQFieldElem[0, 0, 0, 0],
	[16, 16, 16, 16, 4, 1, 1, 5, 1, 1] => QQFieldElem[12, 0, 0, 0],
	[16, 16, 16, 16, 9, 1, 1, 3, 2, 1] => QQFieldElem[-3//16, 0, 0, 0],
	[16, 16, 16, 16, 3, 2, 2, 16, 2, 2] => QQFieldElem[0, 0, 0, 0],
	[16, 16, 16, 16, 2, 1, 1, 16, 2, 1] => QQFieldElem[-128//3, 0, 0, 0],
	[16, 16, 16, 16, 8, 1, 1, 16, 1, 2] => QQFieldElem[0, 0, 0, 0],
	[16, 16, 16, 16, 3, 1, 1, 9, 1, 1] => QQFieldElem[-1//2304, 0, 0, 0],
	[16, 16, 16, 16, 8, 1, 1, 1, 1, 1] => QQFieldElem[1//3, 0, 0, 0],
	[16, 16, 16, 16, 16, 1, 2, 3, 2, 2] => QQFieldElem[0, 0, 0, 0],
	[16, 16, 16, 16, 3, 2, 1, 3, 2, 1] => QQFieldElem[0, 0, 0, 0],
	[16, 16, 16, 16, 7, 1, 1, 16, 1, 1] => QQFieldElem[-1//3, 0, 0, 0],
	[16, 16, 16, 16, 8, 1, 1, 9, 1, 1] => QQFieldElem[0, 0, 0, 0],
	[16, 16, 16, 16, 4, 1, 1, 8, 1, 1] => QQFieldElem[0, 0, 0, 0],
	[16, 16, 16, 16, 6, 1, 1, 4, 1, 1] => QQFieldElem[0, 0, 0, 0],
	[16, 16, 16, 16, 16, 2, 1, 16, 1, 1] => QQFieldElem[-1//1024, 0, 0, 0],
	[16, 16, 16, 16, 16, 2, 2, 2, 1, 1] => QQFieldElem[-2048//9, 0, 0, 0],
	[16, 16, 16, 16, 3, 1, 1, 3, 2, 2] => QQFieldElem[0, 0, 0, 0],
	[16, 16, 16, 16, 5, 1, 1, 4, 1, 1] => QQFieldElem[-1//1536, 0, 0, 0],
	[16, 16, 16, 16, 9, 1, 1, 2, 1, 1] => QQFieldElem[1024//9, 0, 0, 0],
	[16, 16, 16, 16, 8, 1, 1, 3, 2, 2] => QQFieldElem[-3, 0, 0, 0],
	[16, 16, 16, 16, 16, 1, 2, 4, 1, 1] => QQFieldElem[0, 0, 0, 0],
	[16, 16, 16, 16, 16, 1, 1, 16, 1, 2] => QQFieldElem[0, 0, 0, 0],
	[16, 16, 16, 16, 3, 2, 1, 2, 1, 1] => QQFieldElem[0, 0, 0, 0],
	[16, 16, 16, 16, 16, 1, 1, 1, 1, 1] => QQFieldElem[-1//1536, 0, 0, 0],
	[16, 16, 16, 16, 7, 1, 1, 3, 2, 1] => QQFieldElem[0, 0, 0, 0],
	[16, 16, 16, 16, 3, 2, 2, 6, 1, 1] => QQFieldElem[-1//32, 0, 0, 0],
	[16, 16, 16, 16, 1, 1, 1, 3, 1, 2] => QQFieldElem[1//12, 0, 0, 0],
	[16, 16, 16, 16, 16, 2, 2, 16, 2, 2] => QQFieldElem[1//2, 0, 0, 0],
	[16, 16, 16, 16, 2, 1, 1, 5, 1, 1] => QQFieldElem[9//64, 0, 0, 0],
	[16, 16, 16, 16, 16, 1, 1, 9, 1, 1] => QQFieldElem[0, 0, 0, 0],
	[16, 16, 16, 16, 1, 1, 1, 7, 1, 1] => QQFieldElem[-3//16, 0, 0, 0],
	[16, 16, 16, 16, 3, 1, 1, 4, 1, 1] => QQFieldElem[-1//1536, 0, 0, 0],
	[16, 16, 16, 16, 16, 2, 1, 3, 2, 1] => QQFieldElem[1//24, 0, 0, 0],
	[16, 16, 16, 16, 9, 1, 1, 16, 2, 2] => QQFieldElem[0, 0, 0, 0],
	[16, 16, 16, 16, 3, 2, 2, 3, 1, 1] => QQFieldElem[-24, 0, 0, 0],
	[16, 16, 16, 16, 3, 2, 1, 16, 2, 2] => QQFieldElem[0, 0, 0, 0],
	[16, 16, 16, 16, 2, 1, 1, 8, 1, 1] => QQFieldElem[1//1024, 0, 0, 0],
	[16, 16, 16, 16, 8, 1, 1, 4, 1, 1] => QQFieldElem[0, 0, 0, 0],
	[16, 16, 16, 16, 4, 1, 1, 16, 1, 1] => QQFieldElem[0, 0, 0, 0],
	[16, 16, 16, 16, 16, 1, 1, 3, 2, 2] => QQFieldElem[-1//4096, 0, 0, 0],
	[16, 16, 16, 16, 1, 1, 1, 16, 2, 1] => QQFieldElem[1, 0, 0, 0],
	[16, 16, 16, 16, 7, 1, 1, 2, 1, 1] => QQFieldElem[16384//27, 0, 0, 0],
	[16, 16, 16, 16, 3, 1, 2, 3, 1, 2] => QQFieldElem[0, 0, 0, 0],
	[16, 16, 16, 16, 3, 1, 2, 7, 1, 1] => QQFieldElem[1//128, 0, 0, 0],
	[16, 16, 16, 16, 16, 2, 1, 2, 1, 1] => QQFieldElem[0, 0, 0, 0],
	[16, 16, 16, 16, 16, 2, 2, 6, 1, 1] => QQFieldElem[0, 0, 0, 0],
	[16, 16, 16, 16, 7, 1, 1, 16, 2, 2] => QQFieldElem[0, 0, 0, 0],
	[16, 16, 16, 16, 9, 1, 1, 6, 1, 1] => QQFieldElem[0, 0, 0, 0],
	[16, 16, 16, 16, 4, 1, 1, 3, 2, 1] => QQFieldElem[-16, 0, 0, 0],
	[16, 16, 16, 16, 16, 1, 1, 4, 1, 1] => QQFieldElem[0, 0, 0, 0],
	[16, 16, 16, 16, 6, 1, 1, 3, 1, 2] => QQFieldElem[0, 0, 0, 0],
	[16, 16, 16, 16, 3, 1, 2, 16, 2, 1] => QQFieldElem[0, 0, 0, 0],
	[16, 16, 16, 16, 3, 2, 1, 6, 1, 1] => QQFieldElem[-1//256, 0, 0, 0],
	[16, 16, 16, 16, 16, 2, 2, 3, 1, 1] => QQFieldElem[0, 0, 0, 0],
	[16, 16, 16, 16, 6, 1, 1, 7, 1, 1] => QQFieldElem[0, 0, 0, 0],
	[16, 16, 16, 16, 16, 2, 1, 16, 2, 2] => QQFieldElem[0, 0, 0, 0],
	[16, 16, 16, 16, 5, 1, 1, 3, 1, 2] => QQFieldElem[-3//16, 0, 0, 0],
	[16, 16, 16, 16, 9, 1, 1, 3, 1, 1] => QQFieldElem[0, 0, 0, 0],
	[16, 16, 16, 16, 3, 2, 2, 16, 1, 2] => QQFieldElem[-1//6, 0, 0, 0],
	[16, 16, 16, 16, 1, 1, 1, 5, 1, 1] => QQFieldElem[36, 0, 0, 0],
	[16, 16, 16, 16, 2, 1, 1, 16, 1, 1] => QQFieldElem[0, 0, 0, 0],
	[16, 16, 16, 16, 3, 2, 2, 1, 1, 1] => QQFieldElem[-1//18, 0, 0, 0],
	[16, 16, 16, 16, 5, 1, 1, 7, 1, 1] => QQFieldElem[0, 0, 0, 0],
	[16, 16, 16, 16, 16, 1, 2, 3, 1, 2] => QQFieldElem[1//8, 0, 0, 0],
	[16, 16, 16, 16, 3, 2, 1, 3, 1, 1] => QQFieldElem[-128, 0, 0, 0],
	[16, 16, 16, 16, 6, 1, 1, 16, 2, 1] => QQFieldElem[0, 0, 0, 0],
	[16, 16, 16, 16, 3, 2, 2, 9, 1, 1] => QQFieldElem[1//24, 0, 0, 0],
	[16, 16, 16, 16, 4, 1, 1, 2, 1, 1] => QQFieldElem[-512//27, 0, 0, 0],
	[16, 16, 16, 16, 16, 1, 2, 7, 1, 1] => QQFieldElem[0, 0, 0, 0],
	[16, 16, 16, 16, 1, 1, 1, 8, 1, 1] => QQFieldElem[1//4, 0, 0, 0],
	[16, 16, 16, 16, 5, 1, 1, 16, 2, 1] => QQFieldElem[-1//2, 0, 0, 0],
	[16, 16, 16, 16, 3, 1, 1, 3, 1, 2] => QQFieldElem[0, 0, 0, 0],
	[16, 16, 16, 16, 7, 1, 1, 6, 1, 1] => QQFieldElem[0, 0, 0, 0],
	[16, 16, 16, 16, 3, 1, 1, 7, 1, 1] => QQFieldElem[1//3072, 0, 0, 0],
	[16, 16, 16, 16, 3, 2, 2, 3, 2, 2] => QQFieldElem[0, 0, 0, 0],
	[16, 16, 16, 16, 3, 1, 2, 5, 1, 1] => QQFieldElem[0, 0, 0, 0],
	[16, 16, 16, 16, 16, 1, 2, 16, 2, 1] => QQFieldElem[0, 0, 0, 0],
	[16, 16, 16, 16, 2, 1, 1, 3, 2, 1] => QQFieldElem[8, 0, 0, 0],
	[16, 16, 16, 16, 8, 1, 1, 3, 1, 2] => QQFieldElem[3, 0, 0, 0],
	[16, 16, 16, 16, 16, 2, 1, 6, 1, 1] => QQFieldElem[0, 0, 0, 0],
	[16, 16, 16, 16, 4, 1, 1, 16, 2, 2] => QQFieldElem[0, 0, 0, 0],
	[16, 16, 16, 16, 8, 1, 1, 7, 1, 1] => QQFieldElem[0, 0, 0, 0],
	[16, 16, 16, 16, 7, 1, 1, 3, 1, 1] => QQFieldElem[0, 0, 0, 0],
	[16, 16, 16, 16, 16, 2, 2, 16, 1, 2] => QQFieldElem[0, 0, 0, 0],
	[16, 16, 16, 16, 3, 1, 1, 16, 2, 1] => QQFieldElem[1//2, 0, 0, 0],
	[16, 16, 16, 16, 3, 1, 2, 8, 1, 1] => QQFieldElem[1//96, 0, 0, 0],
	[16, 16, 16, 16, 16, 2, 2, 1, 1, 1] => QQFieldElem[2//3, 0, 0, 0],
	[16, 16, 16, 16, 9, 1, 1, 16, 1, 2] => QQFieldElem[-1//2, 0, 0, 0],
	[16, 16, 16, 16, 16, 2, 1, 3, 1, 1] => QQFieldElem[1//2048, 0, 0, 0],
	[16, 16, 16, 16, 9, 1, 1, 1, 1, 1] => QQFieldElem[1//3, 0, 0, 0],
	[16, 16, 16, 16, 6, 1, 1, 5, 1, 1] => QQFieldElem[0, 0, 0, 0],
	[16, 16, 16, 16, 16, 2, 2, 9, 1, 1] => QQFieldElem[0, 0, 0, 0],
	[16, 16, 16, 16, 8, 1, 1, 16, 2, 1] => QQFieldElem[0, 0, 0, 0],
	[16, 16, 16, 16, 3, 2, 2, 4, 1, 1] => QQFieldElem[1//16, 0, 0, 0],
	[16, 16, 16, 16, 3, 2, 1, 16, 1, 2] => QQFieldElem[0, 0, 0, 0],
	[16, 16, 16, 16, 2, 1, 1, 2, 1, 1] => QQFieldElem[2//9, 0, 0, 0],
	[16, 16, 16, 16, 9, 1, 1, 9, 1, 1] => QQFieldElem[1//2, 0, 0, 0],
	[16, 16, 16, 16, 3, 2, 1, 1, 1, 1] => QQFieldElem[0, 0, 0, 0],
	[16, 16, 16, 16, 5, 1, 1, 5, 1, 1] => QQFieldElem[-1//8, 0, 0, 0],
	[16, 16, 16, 16, 16, 1, 1, 3, 1, 2] => QQFieldElem[2//3, 0, 0, 0],
	[16, 16, 16, 16, 1, 1, 1, 16, 1, 1] => QQFieldElem[-256, 0, 0, 0],
	[16, 16, 16, 16, 6, 1, 1, 8, 1, 1] => QQFieldElem[-8//3, 0, 0, 0],
	[16, 16, 16, 16, 3, 2, 1, 9, 1, 1] => QQFieldElem[-1//192, 0, 0, 0],
	[16, 16, 16, 16, 16, 1, 1, 7, 1, 1] => QQFieldElem[0, 0, 0, 0],
	[16, 16, 16, 16, 16, 2, 2, 3, 2, 2] => QQFieldElem[1//4, 0, 0, 0],
	[16, 16, 16, 16, 16, 1, 2, 5, 1, 1] => QQFieldElem[0, 0, 0, 0],
	[16, 16, 16, 16, 4, 1, 1, 6, 1, 1] => QQFieldElem[0, 0, 0, 0],
	[16, 16, 16, 16, 5, 1, 1, 8, 1, 1] => QQFieldElem[0, 0, 0, 0],
	[16, 16, 16, 16, 9, 1, 1, 3, 2, 2] => QQFieldElem[0, 0, 0, 0],
	[16, 16, 16, 16, 2, 1, 1, 16, 2, 2] => QQFieldElem[0, 0, 0, 0],
	[16, 16, 16, 16, 3, 2, 1, 3, 2, 2] => QQFieldElem[0, 0, 0, 0],
	[16, 16, 16, 16, 3, 1, 1, 5, 1, 1] => QQFieldElem[1//8, 0, 0, 0],
	[16, 16, 16, 16, 16, 1, 1, 16, 2, 1] => QQFieldElem[0, 0, 0, 0],
	[16, 16, 16, 16, 16, 1, 2, 8, 1, 1] => QQFieldElem[0, 0, 0, 0],
	[16, 16, 16, 16, 7, 1, 1, 16, 1, 2] => QQFieldElem[0, 0, 0, 0],
	[16, 16, 16, 16, 4, 1, 1, 3, 1, 1] => QQFieldElem[16, 0, 0, 0],
	[16, 16, 16, 16, 7, 1, 1, 1, 1, 1] => QQFieldElem[16//9, 0, 0, 0],
	[16, 16, 16, 16, 3, 1, 2, 16, 1, 1] => QQFieldElem[0, 0, 0, 0],
	[16, 16, 16, 16, 1, 1, 1, 3, 2, 1] => QQFieldElem[3//32, 0, 0, 0],
	[16, 16, 16, 16, 8, 1, 1, 5, 1, 1] => QQFieldElem[0, 0, 0, 0],
	[16, 16, 16, 16, 7, 1, 1, 9, 1, 1] => QQFieldElem[-8//3, 0, 0, 0],
	[16, 16, 16, 16, 16, 2, 2, 4, 1, 1] => QQFieldElem[0, 0, 0, 0],
	[16, 16, 16, 16, 16, 2, 1, 16, 1, 2] => QQFieldElem[0, 0, 0, 0],
	[16, 16, 16, 16, 3, 1, 1, 8, 1, 1] => QQFieldElem[-1//2304, 0, 0, 0],
	[16, 16, 16, 16, 16, 2, 1, 1, 1, 1] => QQFieldElem[0, 0, 0, 0],
	[16, 16, 16, 16, 9, 1, 1, 4, 1, 1] => QQFieldElem[0, 0, 0, 0])