Dict(
	[17, 10, 16, 19, 13, 1, 1, 14, 1, 1] => QQFieldElem[1//20, 0, 0, 1//10],
	[17, 10, 16, 19, 18, 1, 1, 14, 1, 1] => QQFieldElem[1//40, 0, 0, -3//40],
	[17, 10, 16, 19, 13, 1, 1, 11, 1, 1] => QQFieldElem[48, 0, 0, 0],
	[17, 10, 16, 19, 18, 1, 1, 11, 1, 1] => QQFieldElem[0, 0, 0, 0],
	[17, 10, 16, 19, 19, 1, 1, 14, 1, 1] => QQFieldElem[3//40, 0, 0, 1//40],
	[17, 10, 16, 19, 18, 1, 1, 13, 1, 1] => QQFieldElem[-1//8, 0, 0, 1//8],
	[17, 10, 16, 19, 11, 1, 1, 11, 1, 1] => QQFieldElem[256, 0, 0, 0],
	[17, 10, 16, 19, 11, 1, 1, 14, 1, 1] => QQFieldElem[0, 0, 0, 0],
	[17, 10, 16, 19, 19, 1, 1, 11, 1, 1] => QQFieldElem[0, 0, 0, 0],
	[17, 10, 16, 19, 13, 1, 1, 13, 1, 1] => QQFieldElem[0, 0, 0, 0],
	[17, 10, 16, 19, 14, 1, 1, 10, 1, 1] => QQFieldElem[4, 0, 0, 0],
	[17, 10, 16, 19, 15, 1, 1, 14, 1, 1] => QQFieldElem[-4//15, 0, 0, -8//15],
	[17, 10, 16, 19, 11, 1, 1, 13, 1, 1] => QQFieldElem[0, 0, 0, 4//3],
	[17, 10, 16, 19, 13, 1, 1, 15, 1, 1] => QQFieldElem[1//4, 0, 0, 0],
	[17, 10, 16, 19, 18, 1, 1, 15, 1, 1] => QQFieldElem[1//8, 0, 0, 1//8],
	[17, 10, 16, 19, 19, 1, 1, 13, 1, 1] => QQFieldElem[1//8, 0, 0, 1//8],
	[17, 10, 16, 19, 15, 1, 1, 11, 1, 1] => QQFieldElem[256, 0, 0, 0],
	[17, 10, 16, 19, 15, 1, 1, 13, 1, 1] => QQFieldElem[0, 0, 0, 0],
	[17, 10, 16, 19, 19, 1, 1, 15, 1, 1] => QQFieldElem[-1//8, 0, 0, 1//8],
	[17, 10, 16, 19, 13, 1, 1, 12, 1, 1] => QQFieldElem[0, 0, 0, 0],
	[17, 10, 16, 19, 18, 1, 1, 12, 1, 1] => QQFieldElem[3//40, 0, 0, 1//40],
	[17, 10, 16, 19, 11, 1, 1, 15, 1, 1] => QQFieldElem[0, 0, 0, 0],
	[17, 10, 16, 19, 19, 1, 1, 12, 1, 1] => QQFieldElem[1//40, 0, 0, -3//40],
	[17, 10, 16, 19, 11, 1, 1, 12, 1, 1] => QQFieldElem[-8//15, 0, 0, 4//15],
	[17, 10, 16, 19, 15, 1, 1, 15, 1, 1] => QQFieldElem[-4//3, 0, 0, 0],
	[17, 10, 16, 19, 14, 1, 1, 14, 1, 1] => QQFieldElem[0, 0, 0, 0],
	[17, 10, 16, 19, 15, 1, 1, 12, 1, 1] => QQFieldElem[0, 0, 0, 0],
	[17, 10, 16, 19, 14, 1, 1, 11, 1, 1] => QQFieldElem[48, 0, 0, 0],
	[17, 10, 16, 19, 14, 1, 1, 13, 1, 1] => QQFieldElem[0, 0, 0, -1//4],
	[17, 10, 16, 19, 13, 1, 1, 10, 1, 1] => QQFieldElem[-4, 0, 0, 0],
	[17, 10, 16, 19, 18, 1, 1, 10, 1, 1] => QQFieldElem[0, 0, 0, 0],
	[17, 10, 16, 19, 19, 1, 1, 10, 1, 1] => QQFieldElem[0, 0, 0, 0],
	[17, 10, 16, 19, 11, 1, 1, 10, 1, 1] => QQFieldElem[64//3, 0, 0, 0],
	[17, 10, 16, 19, 14, 1, 1, 15, 1, 1] => QQFieldElem[0, 0, 0, 0],
	[17, 10, 16, 19, 14, 1, 1, 12, 1, 1] => QQFieldElem[1//10, 0, 0, -1//20],
	[17, 10, 16, 19, 15, 1, 1, 10, 1, 1] => QQFieldElem[-64//3, 0, 0, 0])