Dict(
	[17, 20, 20, 16, 20, 1, 1, 21, 1, 1] => QQFieldElem[-1//9, 0, -2//9, 0],
	[17, 20, 20, 16, 21, 2, 1, 21, 2, 1] => QQFieldElem[0, 0, 0, 0],
	[17, 20, 20, 16, 17, 1, 1, 20, 1, 1] => QQFieldElem[-3//16, 0, 0, 0],
	[17, 20, 20, 16, 20, 1, 2, 17, 1, 2] => QQFieldElem[2//9, 0, -4//9, 0],
	[17, 20, 20, 16, 20, 2, 2, 21, 1, 1] => QQFieldElem[1//6, 0, -1//12, 0],
	[17, 20, 20, 16, 20, 2, 1, 17, 1, 2] => QQFieldElem[0, 0, 0, 0],
	[17, 20, 20, 16, 20, 1, 1, 21, 2, 1] => QQFieldElem[4//27, 0, 8//27, 0],
	[17, 20, 20, 16, 20, 2, 2, 21, 2, 1] => QQFieldElem[7//12, 0, -1//6, 0],
	[17, 20, 20, 16, 21, 1, 1, 21, 1, 2] => QQFieldElem[16//27, 0, -8//27, 0],
	[17, 20, 20, 16, 17, 2, 1, 17, 1, 1] => QQFieldElem[0, 0, 0, 0],
	[17, 20, 20, 16, 21, 1, 1, 21, 2, 2] => QQFieldElem[8//9, 0, -10//9, 0],
	[17, 20, 20, 16, 20, 1, 2, 21, 1, 2] => QQFieldElem[0, 0, 0, 0],
	[17, 20, 20, 16, 20, 2, 1, 21, 1, 2] => QQFieldElem[1//2, 0, -1//4, 0],
	[17, 20, 20, 16, 17, 2, 1, 20, 1, 2] => QQFieldElem[-3//16, 0, 3//64, 0],
	[17, 20, 20, 16, 20, 1, 2, 21, 2, 2] => QQFieldElem[1, 0, 1//2, 0],
	[17, 20, 20, 16, 20, 2, 1, 21, 2, 2] => QQFieldElem[2//3, 0, -5//6, 0],
	[17, 20, 20, 16, 17, 2, 1, 21, 1, 1] => QQFieldElem[-3//16, 0, 1//8, 0],
	[17, 20, 20, 16, 17, 1, 1, 17, 1, 2] => QQFieldElem[1//2, 0, 0, 0],
	[17, 20, 20, 16, 21, 2, 1, 20, 1, 1] => QQFieldElem[-7//12, 0, 1//6, 0],
	[17, 20, 20, 16, 17, 2, 1, 21, 2, 1] => QQFieldElem[1//4, 0, -3//16, 0],
	[17, 20, 20, 16, 20, 1, 1, 20, 1, 1] => QQFieldElem[-7//12, 0, 1//6, 0],
	[17, 20, 20, 16, 21, 1, 1, 17, 1, 1] => QQFieldElem[80//27, 0, -16//27, 0],
	[17, 20, 20, 16, 20, 2, 2, 20, 1, 1] => QQFieldElem[-3//64, 0, -3//32, 0],
	[17, 20, 20, 16, 17, 1, 1, 21, 1, 2] => QQFieldElem[5//9, 0, -4//9, 0],
	[17, 20, 20, 16, 20, 1, 2, 17, 1, 1] => QQFieldElem[0, 0, 0, 0],
	[17, 20, 20, 16, 21, 1, 1, 20, 1, 2] => QQFieldElem[-1//12, 0, -1//6, 0],
	[17, 20, 20, 16, 20, 2, 1, 17, 1, 1] => QQFieldElem[1//3, 0, 1//3, 0],
	[17, 20, 20, 16, 17, 1, 1, 21, 2, 2] => QQFieldElem[7//12, 0, -1//6, 0],
	[17, 20, 20, 16, 21, 1, 1, 21, 1, 1] => QQFieldElem[-8//9, 0, 4//9, 0],
	[17, 20, 20, 16, 20, 1, 2, 20, 1, 2] => QQFieldElem[1//3, 0, -1//4, 0],
	[17, 20, 20, 16, 20, 2, 1, 20, 1, 2] => QQFieldElem[3//16, 0, 0, 0],
	[17, 20, 20, 16, 21, 2, 1, 17, 1, 2] => QQFieldElem[0, 0, 0, 0],
	[17, 20, 20, 16, 21, 1, 1, 21, 2, 1] => QQFieldElem[0, 0, 0, 0],
	[17, 20, 20, 16, 20, 1, 2, 21, 1, 1] => QQFieldElem[-4//9, 0, 1//9, 0],
	[17, 20, 20, 16, 20, 2, 1, 21, 1, 1] => QQFieldElem[-1//4, 0, 0, 0],
	[17, 20, 20, 16, 20, 1, 1, 17, 1, 2] => QQFieldElem[0, 0, 0, 0],
	[17, 20, 20, 16, 20, 2, 2, 17, 1, 2] => QQFieldElem[-1//2, 0, 0, 0],
	[17, 20, 20, 16, 20, 1, 2, 21, 2, 1] => QQFieldElem[-1//9, 0, 4//9, 0],
	[17, 20, 20, 16, 17, 2, 1, 20, 1, 1] => QQFieldElem[-3//64, 0, -3//32, 0],
	[17, 20, 20, 16, 20, 2, 1, 21, 2, 1] => QQFieldElem[5//9, 0, -4//9, 0],
	[17, 20, 20, 16, 17, 1, 1, 17, 1, 1] => QQFieldElem[0, 0, 0, 0],
	[17, 20, 20, 16, 21, 2, 1, 21, 1, 2] => QQFieldElem[4//3, 0, 2//3, 0],
	[17, 20, 20, 16, 20, 1, 1, 21, 1, 2] => QQFieldElem[0, 0, 0, 0],
	[17, 20, 20, 16, 21, 2, 1, 21, 2, 2] => QQFieldElem[0, 0, 1//2, 0],
	[17, 20, 20, 16, 17, 1, 1, 20, 1, 2] => QQFieldElem[1//8, 0, -1//16, 0],
	[17, 20, 20, 16, 20, 2, 2, 21, 1, 2] => QQFieldElem[0, 0, 0, 0],
	[17, 20, 20, 16, 20, 1, 1, 21, 2, 2] => QQFieldElem[0, 0, 2//3, 0],
	[17, 20, 20, 16, 17, 1, 1, 21, 1, 1] => QQFieldElem[1//4, 0, 0, 0],
	[17, 20, 20, 16, 20, 2, 2, 21, 2, 2] => QQFieldElem[1//4, 0, -1//8, 0],
	[17, 20, 20, 16, 21, 1, 1, 20, 1, 1] => QQFieldElem[1//9, 0, -4//9, 0],
	[17, 20, 20, 16, 17, 2, 1, 17, 1, 2] => QQFieldElem[-1//8, 0, 1//4, 0],
	[17, 20, 20, 16, 17, 1, 1, 21, 2, 1] => QQFieldElem[1//6, 0, -1//12, 0],
	[17, 20, 20, 16, 20, 1, 2, 20, 1, 1] => QQFieldElem[-5//16, 0, 1//4, 0],
	[17, 20, 20, 16, 20, 2, 1, 20, 1, 1] => QQFieldElem[1//16, 0, -1//4, 0],
	[17, 20, 20, 16, 21, 2, 1, 17, 1, 1] => QQFieldElem[0, 0, 0, 0],
	[17, 20, 20, 16, 20, 1, 1, 17, 1, 1] => QQFieldElem[0, 0, 0, 0],
	[17, 20, 20, 16, 17, 2, 1, 21, 1, 2] => QQFieldElem[1//12, 0, 1//6, 0],
	[17, 20, 20, 16, 20, 2, 2, 17, 1, 1] => QQFieldElem[5//4, 0, -1//4, 0],
	[17, 20, 20, 16, 21, 2, 1, 20, 1, 2] => QQFieldElem[-5//16, 0, 1//4, 0],
	[17, 20, 20, 16, 17, 2, 1, 21, 2, 2] => QQFieldElem[-1//16, 0, 1//4, 0],
	[17, 20, 20, 16, 21, 2, 1, 21, 1, 1] => QQFieldElem[0, 0, 0, 0],
	[17, 20, 20, 16, 21, 1, 1, 17, 1, 2] => QQFieldElem[4//9, 0, 4//9, 0],
	[17, 20, 20, 16, 20, 1, 1, 20, 1, 2] => QQFieldElem[-1//4, 0, 1//6, 0],
	[17, 20, 20, 16, 20, 2, 2, 20, 1, 2] => QQFieldElem[1//8, 0, -1//16, 0])