Dict(
	[17, 20, 20, 8, 20, 1, 2, 17, 1, 1] => QQFieldElem[4//3, 0, 4//9, 0],
	[17, 20, 20, 8, 20, 1, 1, 17, 1, 1] => QQFieldElem[-1//8, 0, 1//4, 0],
	[17, 20, 20, 8, 21, 1, 1, 21, 1, 1] => QQFieldElem[64//81, 0, 160//81, 0],
	[17, 20, 20, 8, 17, 1, 1, 21, 1, 1] => QQFieldElem[1//3, 0, 0, 0],
	[17, 20, 20, 8, 20, 1, 2, 21, 1, 1] => QQFieldElem[28//27, 0, -8//27, 0],
	[17, 20, 20, 8, 21, 1, 1, 21, 2, 1] => QQFieldElem[32//27, 0, 8//27, 0],
	[17, 20, 20, 8, 21, 1, 1, 20, 1, 1] => QQFieldElem[-1, 0, 0, 0],
	[17, 20, 20, 8, 20, 1, 1, 21, 1, 1] => QQFieldElem[80//81, 0, -64//81, 0],
	[17, 20, 20, 8, 17, 1, 1, 21, 2, 1] => QQFieldElem[0, 0, 1//3, 0],
	[17, 20, 20, 8, 17, 1, 1, 20, 1, 1] => QQFieldElem[0, 0, 0, 0],
	[17, 20, 20, 8, 20, 1, 2, 21, 2, 1] => QQFieldElem[2//3, 0, -2//3, 0],
	[17, 20, 20, 8, 20, 1, 2, 20, 1, 1] => QQFieldElem[-4//9, 0, 8//9, 0],
	[17, 20, 20, 8, 20, 1, 1, 21, 2, 1] => QQFieldElem[0, 0, 1//3, 0],
	[17, 20, 20, 8, 20, 1, 1, 20, 1, 1] => QQFieldElem[0, 0, 0, 0],
	[17, 20, 20, 8, 21, 1, 1, 17, 1, 1] => QQFieldElem[1, 0, -1//3, 0],
	[17, 20, 20, 8, 17, 1, 1, 17, 1, 1] => QQFieldElem[-1//4, 0, -1//4, 0])