Dict(
	[17, 16, 17, 17, 20, 1, 1, 17, 1, 2] => QQFieldElem[-1//256, 0, 1//256, 0],
	[17, 16, 17, 17, 17, 2, 1, 20, 1, 1] => QQFieldElem[3//128, 0, 0, 0],
	[17, 16, 17, 17, 20, 1, 2, 21, 2, 1] => QQFieldElem[0, 0, 1, 0],
	[17, 16, 17, 17, 17, 1, 2, 20, 2, 1] => QQFieldElem[0, 0, 0, 0],
	[17, 16, 17, 17, 20, 1, 1, 17, 2, 2] => QQFieldElem[0, 0, -1//256, 0],
	[17, 16, 17, 17, 17, 1, 1, 17, 1, 1] => QQFieldElem[0, 0, 0, 0],
	[17, 16, 17, 17, 17, 2, 1, 20, 2, 1] => QQFieldElem[-1//8, 0, -1//8, 0],
	[17, 16, 17, 17, 17, 2, 2, 17, 1, 1] => QQFieldElem[3//8, 0, 0, 0],
	[17, 16, 17, 17, 17, 1, 1, 17, 2, 1] => QQFieldElem[-3//1024, 0, 3//512, 0],
	[17, 16, 17, 17, 17, 2, 2, 17, 2, 1] => QQFieldElem[3//32, 0, 0, 0],
	[17, 16, 17, 17, 17, 1, 1, 21, 1, 1] => QQFieldElem[0, 0, 1//32, 0],
	[17, 16, 17, 17, 17, 2, 2, 21, 1, 1] => QQFieldElem[-1//2, 0, 1//4, 0],
	[17, 16, 17, 17, 17, 1, 2, 17, 1, 2] => QQFieldElem[-2//3, 0, 0, 0],
	[17, 16, 17, 17, 21, 1, 1, 20, 1, 1] => QQFieldElem[-1//96, 0, -1//96, 0],
	[17, 16, 17, 17, 17, 2, 1, 17, 1, 2] => QQFieldElem[0, 0, 0, 0],
	[17, 16, 17, 17, 17, 1, 1, 21, 2, 1] => QQFieldElem[0, 0, 0, 0],
	[17, 16, 17, 17, 17, 2, 2, 21, 2, 1] => QQFieldElem[-1//4, 0, 1//8, 0],
	[17, 16, 17, 17, 17, 1, 2, 17, 2, 2] => QQFieldElem[-1//128, 0, 1//256, 0],
	[17, 16, 17, 17, 21, 1, 1, 20, 2, 1] => QQFieldElem[0, 0, 0, 0],
	[17, 16, 17, 17, 21, 1, 2, 17, 1, 1] => QQFieldElem[-1//96, 0, 0, 0],
	[17, 16, 17, 17, 17, 2, 1, 17, 2, 2] => QQFieldElem[-1//8, 0, 1//8, 0],
	[17, 16, 17, 17, 20, 1, 2, 20, 1, 1] => QQFieldElem[1//96, 0, -1//48, 0],
	[17, 16, 17, 17, 20, 1, 2, 20, 2, 1] => QQFieldElem[1, 0, -1, 0],
	[17, 16, 17, 17, 21, 1, 2, 17, 2, 1] => QQFieldElem[0, 0, 0, 0],
	[17, 16, 17, 17, 20, 1, 1, 17, 1, 1] => QQFieldElem[1//96, 0, 0, 0],
	[17, 16, 17, 17, 21, 1, 2, 21, 1, 1] => QQFieldElem[0, 0, 0, 0],
	[17, 16, 17, 17, 20, 1, 1, 17, 2, 1] => QQFieldElem[0, 0, 0, 0],
	[17, 16, 17, 17, 21, 1, 1, 17, 1, 2] => QQFieldElem[1//192, 0, 0, 0],
	[17, 16, 17, 17, 21, 1, 2, 21, 2, 1] => QQFieldElem[0, 0, -1//2, 0],
	[17, 16, 17, 17, 20, 1, 1, 21, 1, 1] => QQFieldElem[-1//36, 0, 1//72, 0],
	[17, 16, 17, 17, 20, 1, 2, 17, 1, 2] => QQFieldElem[1//8, 0, 1//8, 0],
	[17, 16, 17, 17, 17, 1, 1, 20, 1, 1] => QQFieldElem[1//32, 0, -1//32, 0],
	[17, 16, 17, 17, 21, 1, 1, 17, 2, 2] => QQFieldElem[1//192, 0, 0, 0],
	[17, 16, 17, 17, 17, 2, 2, 20, 1, 1] => QQFieldElem[-1//4, 0, -1//4, 0],
	[17, 16, 17, 17, 20, 1, 1, 21, 2, 1] => QQFieldElem[4//3, 0, 0, 0],
	[17, 16, 17, 17, 20, 1, 2, 17, 2, 2] => QQFieldElem[1//4, 0, -1//8, 0],
	[17, 16, 17, 17, 17, 1, 1, 20, 2, 1] => QQFieldElem[0, 0, 0, 0],
	[17, 16, 17, 17, 17, 1, 2, 17, 1, 1] => QQFieldElem[1//4, 0, 0, 0],
	[17, 16, 17, 17, 17, 2, 2, 20, 2, 1] => QQFieldElem[0, 0, 0, 0],
	[17, 16, 17, 17, 17, 2, 1, 17, 1, 1] => QQFieldElem[0, 0, 0, 0],
	[17, 16, 17, 17, 17, 1, 2, 17, 2, 1] => QQFieldElem[3//1024, 0, -3//512, 0],
	[17, 16, 17, 17, 17, 2, 1, 17, 2, 1] => QQFieldElem[3//32, 0, 0, 0],
	[17, 16, 17, 17, 17, 1, 2, 21, 1, 1] => QQFieldElem[-1//3, 0, 2//3, 0],
	[17, 16, 17, 17, 17, 2, 1, 21, 1, 1] => QQFieldElem[3//128, 0, 0, 0],
	[17, 16, 17, 17, 17, 1, 1, 17, 1, 2] => QQFieldElem[0, 0, 0, 0],
	[17, 16, 17, 17, 21, 1, 2, 20, 1, 1] => QQFieldElem[-1//2, 0, 1//2, 0],
	[17, 16, 17, 17, 17, 2, 2, 17, 1, 2] => QQFieldElem[-1//4, 0, 0, 0],
	[17, 16, 17, 17, 17, 1, 2, 21, 2, 1] => QQFieldElem[0, 0, 0, 0],
	[17, 16, 17, 17, 17, 2, 1, 21, 2, 1] => QQFieldElem[0, 0, 0, 0],
	[17, 16, 17, 17, 17, 1, 1, 17, 2, 2] => QQFieldElem[-1//256, 0, -1//256, 0],
	[17, 16, 17, 17, 21, 1, 2, 20, 2, 1] => QQFieldElem[0, 0, 0, 0],
	[17, 16, 17, 17, 17, 2, 2, 17, 2, 2] => QQFieldElem[0, 0, -1//8, 0],
	[17, 16, 17, 17, 20, 1, 1, 20, 1, 1] => QQFieldElem[-1//72, 0, -1//72, 0],
	[17, 16, 17, 17, 21, 1, 1, 17, 1, 1] => QQFieldElem[-1//36, 0, 0, 0],
	[17, 16, 17, 17, 20, 1, 1, 20, 2, 1] => QQFieldElem[4//3, 0, 0, 0],
	[17, 16, 17, 17, 21, 1, 1, 17, 2, 1] => QQFieldElem[0, 0, 0, 0],
	[17, 16, 17, 17, 20, 1, 2, 17, 1, 1] => QQFieldElem[1//64, 0, 0, 0],
	[17, 16, 17, 17, 20, 1, 2, 17, 2, 1] => QQFieldElem[0, 0, 0, 0],
	[17, 16, 17, 17, 21, 1, 1, 21, 1, 1] => QQFieldElem[0, 0, 0, 0],
	[17, 16, 17, 17, 21, 1, 2, 17, 1, 2] => QQFieldElem[1//6, 0, -1//3, 0],
	[17, 16, 17, 17, 20, 1, 2, 21, 1, 1] => QQFieldElem[-1//96, 0, 1//48, 0],
	[17, 16, 17, 17, 21, 1, 1, 21, 2, 1] => QQFieldElem[-1//48, 0, 1//96, 0],
	[17, 16, 17, 17, 21, 1, 2, 17, 2, 2] => QQFieldElem[-1//6, 0, 1//3, 0],
	[17, 16, 17, 17, 17, 1, 2, 20, 1, 1] => QQFieldElem[1//3, 0, -2//3, 0])