Dict(
	[17, 8, 16, 17, 16, 2, 1, 20, 1, 2] => QQFieldElem[5//12, 0, -1//3, 0],
	[17, 8, 16, 17, 7, 1, 1, 20, 1, 1] => QQFieldElem[-3//8192, 0, 3//4096, 0],
	[17, 8, 16, 17, 16, 1, 1, 21, 1, 1] => QQFieldElem[1//192, 0, 1//192, 0],
	[17, 8, 16, 17, 4, 1, 1, 17, 1, 1] => QQFieldElem[-1//6, 0, 0, 0],
	[17, 8, 16, 17, 16, 2, 1, 21, 1, 1] => QQFieldElem[1//2, 0, -1//2, 0],
	[17, 8, 16, 17, 5, 1, 1, 17, 1, 1] => QQFieldElem[1//64, 0, 1//64, 0],
	[17, 8, 16, 17, 9, 1, 1, 20, 1, 2] => QQFieldElem[16//9, 0, 0, 0],
	[17, 8, 16, 17, 4, 1, 1, 21, 1, 2] => QQFieldElem[-1024//9, 0, 0, 0],
	[17, 8, 16, 17, 16, 1, 1, 17, 1, 2] => QQFieldElem[-1//192, 0, -1//192, 0],
	[17, 8, 16, 17, 5, 1, 1, 21, 1, 2] => QQFieldElem[32//3, 0, -16//3, 0],
	[17, 8, 16, 17, 16, 2, 1, 17, 1, 2] => QQFieldElem[1//3, 0, -1//6, 0],
	[17, 8, 16, 17, 7, 1, 1, 17, 1, 1] => QQFieldElem[1//32, 0, -1//64, 0],
	[17, 8, 16, 17, 16, 1, 1, 20, 1, 1] => QQFieldElem[-5//384, 0, 1//96, 0],
	[17, 8, 16, 17, 9, 1, 1, 21, 1, 1] => QQFieldElem[1//9, 0, 0, 0],
	[17, 8, 16, 17, 7, 1, 1, 21, 1, 2] => QQFieldElem[16//3, 0, 16//3, 0],
	[17, 8, 16, 17, 16, 2, 1, 20, 1, 1] => QQFieldElem[1//12, 0, 1//3, 0],
	[17, 8, 16, 17, 9, 1, 1, 17, 1, 2] => QQFieldElem[-16//9, 0, 0, 0],
	[17, 8, 16, 17, 4, 1, 1, 20, 1, 2] => QQFieldElem[-1//4, 0, 0, 0],
	[17, 8, 16, 17, 5, 1, 1, 20, 1, 2] => QQFieldElem[-3//256, 0, 3//128, 0],
	[17, 8, 16, 17, 16, 1, 1, 17, 1, 1] => QQFieldElem[-1//96, 0, 1//192, 0],
	[17, 8, 16, 17, 9, 1, 1, 20, 1, 1] => QQFieldElem[1//18, 0, 0, 0],
	[17, 8, 16, 17, 4, 1, 1, 21, 1, 1] => QQFieldElem[0, 0, 0, 0],
	[17, 8, 16, 17, 7, 1, 1, 20, 1, 2] => QQFieldElem[3//256, 0, -3//128, 0],
	[17, 8, 16, 17, 16, 1, 1, 21, 1, 2] => QQFieldElem[1//96, 0, -1//192, 0],
	[17, 8, 16, 17, 16, 2, 1, 17, 1, 1] => QQFieldElem[1//6, 0, 1//6, 0],
	[17, 8, 16, 17, 5, 1, 1, 21, 1, 1] => QQFieldElem[0, 0, 1//2, 0],
	[17, 8, 16, 17, 4, 1, 1, 17, 1, 2] => QQFieldElem[16//3, 0, 0, 0],
	[17, 8, 16, 17, 16, 2, 1, 21, 1, 2] => QQFieldElem[0, 0, 1//2, 0],
	[17, 8, 16, 17, 7, 1, 1, 21, 1, 1] => QQFieldElem[1//2, 0, -1//2, 0],
	[17, 8, 16, 17, 5, 1, 1, 17, 1, 2] => QQFieldElem[1, 0, -1//2, 0],
	[17, 8, 16, 17, 9, 1, 1, 17, 1, 1] => QQFieldElem[-1//18, 0, 0, 0],
	[17, 8, 16, 17, 4, 1, 1, 20, 1, 1] => QQFieldElem[1//128, 0, 0, 0],
	[17, 8, 16, 17, 7, 1, 1, 17, 1, 2] => QQFieldElem[1//2, 0, 1//2, 0],
	[17, 8, 16, 17, 16, 1, 1, 20, 1, 2] => QQFieldElem[-1//384, 0, -1//96, 0],
	[17, 8, 16, 17, 5, 1, 1, 20, 1, 1] => QQFieldElem[3//8192, 0, -3//4096, 0],
	[17, 8, 16, 17, 9, 1, 1, 21, 1, 2] => QQFieldElem[0, 0, 0, 0])