Dict(
	[18, 14, 15, 19, 3, 1, 1, 20, 1, 1] => QQFieldElem[1//32, 1//32, -1//32, 0],
	[18, 14, 15, 19, 17, 1, 1, 4, 1, 1] => QQFieldElem[-4//9, 0, 0, -2//9],
	[18, 14, 15, 19, 21, 1, 1, 5, 1, 1] => QQFieldElem[0, 1//9, 1//9, 0],
	[18, 14, 15, 19, 4, 1, 1, 20, 1, 1] => QQFieldElem[0, 0, 0, 0],
	[18, 14, 15, 19, 17, 1, 1, 5, 1, 1] => QQFieldElem[1//18, 0, 0, -1//9],
	[18, 14, 15, 19, 2, 1, 1, 4, 1, 1] => QQFieldElem[0, 0, 0, 5//72],
	[18, 14, 15, 19, 20, 1, 1, 4, 1, 1] => QQFieldElem[0, -4//9, 4//9, 0],
	[18, 14, 15, 19, 21, 1, 1, 21, 1, 1] => QQFieldElem[1//3, 1//2, -1//6, -1//2],
	[18, 14, 15, 19, 2, 1, 1, 5, 1, 1] => QQFieldElem[5//144, 0, 0, 0],
	[18, 14, 15, 19, 3, 1, 1, 17, 1, 1] => QQFieldElem[1//40, 0, 0, -1//20],
	[18, 14, 15, 19, 17, 1, 1, 21, 1, 1] => QQFieldElem[1//6, 1//4, -1//12, 1//4],
	[18, 14, 15, 19, 20, 1, 1, 5, 1, 1] => QQFieldElem[1//9, -1//9, -1//9, 1//9],
	[18, 14, 15, 19, 4, 1, 1, 17, 1, 1] => QQFieldElem[0, 0, 0, 0],
	[18, 14, 15, 19, 21, 1, 1, 16, 1, 1] => QQFieldElem[0, 0, 0, 0],
	[18, 14, 15, 19, 17, 1, 1, 16, 1, 1] => QQFieldElem[0, 0, 0, 0],
	[18, 14, 15, 19, 2, 1, 1, 21, 1, 1] => QQFieldElem[0, 5//96, -5//96, -5//96],
	[18, 14, 15, 19, 3, 1, 1, 4, 1, 1] => QQFieldElem[0, 0, 0, 1//24],
	[18, 14, 15, 19, 20, 1, 1, 21, 1, 1] => QQFieldElem[0, 0, 0, 0],
	[18, 14, 15, 19, 21, 1, 1, 20, 1, 1] => QQFieldElem[0, 0, 0, 0],
	[18, 14, 15, 19, 4, 1, 1, 4, 1, 1] => QQFieldElem[0, 0, 0, 2//3],
	[18, 14, 15, 19, 2, 1, 1, 16, 1, 1] => QQFieldElem[5//32, 0, 0, 0],
	[18, 14, 15, 19, 17, 1, 1, 20, 1, 1] => QQFieldElem[1//12, -1//4, 1//12, 1//2],
	[18, 14, 15, 19, 3, 1, 1, 5, 1, 1] => QQFieldElem[1//48, 0, 0, 0],
	[18, 14, 15, 19, 20, 1, 1, 16, 1, 1] => QQFieldElem[0, 0, 0, 0],
	[18, 14, 15, 19, 4, 1, 1, 5, 1, 1] => QQFieldElem[1//3, 0, 0, 0],
	[18, 14, 15, 19, 2, 1, 1, 20, 1, 1] => QQFieldElem[-5//96, -5//96, 5//96, 0],
	[18, 14, 15, 19, 20, 1, 1, 20, 1, 1] => QQFieldElem[1//6, -1//2, 1//6, 0],
	[18, 14, 15, 19, 21, 1, 1, 17, 1, 1] => QQFieldElem[2//3, 2//5, -2//15, -2//5],
	[18, 14, 15, 19, 3, 1, 1, 21, 1, 1] => QQFieldElem[0, -1//32, 1//32, 1//32],
	[18, 14, 15, 19, 17, 1, 1, 17, 1, 1] => QQFieldElem[0, 0, 0, 0],
	[18, 14, 15, 19, 4, 1, 1, 21, 1, 1] => QQFieldElem[0, 0, 0, 0],
	[18, 14, 15, 19, 3, 1, 1, 16, 1, 1] => QQFieldElem[3//32, 0, 0, 0],
	[18, 14, 15, 19, 4, 1, 1, 16, 1, 1] => QQFieldElem[-3//2, 0, 0, 0],
	[18, 14, 15, 19, 2, 1, 1, 17, 1, 1] => QQFieldElem[-1//24, 0, 0, 1//12],
	[18, 14, 15, 19, 21, 1, 1, 4, 1, 1] => QQFieldElem[4//9, 4//9, -4//9, -4//9],
	[18, 14, 15, 19, 20, 1, 1, 17, 1, 1] => QQFieldElem[8//15, -2//5, 2//15, 0])