Dict(
	[18, 11, 13, 18, 5, 1, 1, 6, 1, 1] => QQFieldElem[0, 0, 0, 0],
	[18, 11, 13, 18, 5, 1, 1, 8, 1, 1] => QQFieldElem[-3//16, 0, 0, 0],
	[18, 11, 13, 18, 21, 1, 1, 21, 1, 1] => QQFieldElem[-1//6, 0, 1//3, -1//6],
	[18, 11, 13, 18, 7, 1, 1, 20, 1, 1] => QQFieldElem[0, 0, 0, 0],
	[18, 11, 13, 18, 3, 1, 1, 17, 1, 1] => QQFieldElem[16//3, 0, 0, 0],
	[18, 11, 13, 18, 17, 1, 1, 21, 1, 1] => QQFieldElem[-1//6, 0, 1//3, -1//6],
	[18, 11, 13, 18, 21, 1, 1, 16, 1, 1] => QQFieldElem[0, 0, 0, 0],
	[18, 11, 13, 18, 7, 1, 1, 8, 1, 1] => QQFieldElem[-3//16, 0, 0, 0],
	[18, 11, 13, 18, 7, 1, 1, 6, 1, 1] => QQFieldElem[0, 0, 0, 0],
	[18, 11, 13, 18, 5, 1, 1, 17, 1, 1] => QQFieldElem[-1, 0, 0, 0],
	[18, 11, 13, 18, 17, 1, 1, 16, 1, 1] => QQFieldElem[0, 0, 0, 0],
	[18, 11, 13, 18, 21, 1, 1, 20, 1, 1] => QQFieldElem[-1//3, 0, 2//3, 1//3],
	[18, 11, 13, 18, 7, 1, 1, 17, 1, 1] => QQFieldElem[0, 0, 0, 0],
	[18, 11, 13, 18, 20, 1, 1, 21, 1, 1] => QQFieldElem[1//3, 0, -2//3, 1//3],
	[18, 11, 13, 18, 17, 1, 1, 20, 1, 1] => QQFieldElem[1//6, 0, -1//3, -1//6],
	[18, 11, 13, 18, 20, 1, 1, 16, 1, 1] => QQFieldElem[0, 0, 0, 0],
	[18, 11, 13, 18, 21, 1, 1, 8, 1, 1] => QQFieldElem[0, 0, 0, 0],
	[18, 11, 13, 18, 21, 1, 1, 6, 1, 1] => QQFieldElem[-1//8, 0, 0, 0],
	[18, 11, 13, 18, 17, 1, 1, 6, 1, 1] => QQFieldElem[-1//8, 0, 0, 0],
	[18, 11, 13, 18, 17, 1, 1, 8, 1, 1] => QQFieldElem[0, 0, 0, 0],
	[18, 11, 13, 18, 20, 1, 1, 20, 1, 1] => QQFieldElem[1//6, 0, -1//3, -1//6],
	[18, 11, 13, 18, 21, 1, 1, 17, 1, 1] => QQFieldElem[0, 0, 0, 1//3],
	[18, 11, 13, 18, 3, 1, 1, 21, 1, 1] => QQFieldElem[-8//3, 16//3, 0, -8//3],
	[18, 11, 13, 18, 17, 1, 1, 17, 1, 1] => QQFieldElem[0, 0, 0, -2//3],
	[18, 11, 13, 18, 20, 1, 1, 6, 1, 1] => QQFieldElem[-1//8, 0, 0, 0],
	[18, 11, 13, 18, 20, 1, 1, 8, 1, 1] => QQFieldElem[0, 0, 0, 0],
	[18, 11, 13, 18, 5, 1, 1, 21, 1, 1] => QQFieldElem[1//2, -1, 0, 1//2],
	[18, 11, 13, 18, 3, 1, 1, 16, 1, 1] => QQFieldElem[0, 0, 0, 3//4],
	[18, 11, 13, 18, 5, 1, 1, 16, 1, 1] => QQFieldElem[0, 0, 0, 9//64],
	[18, 11, 13, 18, 20, 1, 1, 17, 1, 1] => QQFieldElem[0, 0, 0, 1//3],
	[18, 11, 13, 18, 3, 1, 1, 20, 1, 1] => QQFieldElem[-8//3, -16//3, 0, 8//3],
	[18, 11, 13, 18, 7, 1, 1, 21, 1, 1] => QQFieldElem[0, 0, 0, 0],
	[18, 11, 13, 18, 7, 1, 1, 16, 1, 1] => QQFieldElem[0, 0, 0, -9//64],
	[18, 11, 13, 18, 5, 1, 1, 20, 1, 1] => QQFieldElem[1//2, 1, 0, -1//2],
	[18, 11, 13, 18, 3, 1, 1, 8, 1, 1] => QQFieldElem[-1, 0, 0, 0],
	[18, 11, 13, 18, 3, 1, 1, 6, 1, 1] => QQFieldElem[0, 0, 0, 0])