Dict(
	[18, 20, 20, 15, 16, 1, 1, 18, 1, 1] => QQFieldElem[1//2, -1//4, -1//4, 1//4],
	[18, 20, 20, 15, 20, 1, 1, 10, 1, 1] => QQFieldElem[-2//5, -2//5, -1//5, 1//5],
	[18, 20, 20, 15, 21, 1, 1, 14, 1, 1] => QQFieldElem[-1//2, 1//2, 0, -1//2],
	[18, 20, 20, 15, 16, 1, 2, 14, 1, 1] => QQFieldElem[0, 0, 0, 8//3],
	[18, 20, 20, 15, 20, 1, 1, 18, 1, 1] => QQFieldElem[0, 0, 0, 0],
	[18, 20, 20, 15, 21, 1, 1, 13, 1, 1] => QQFieldElem[1//8, -1//4, 1//8, 0],
	[18, 20, 20, 15, 16, 1, 2, 13, 1, 1] => QQFieldElem[2//3, 2//3, -2//3, -2//3],
	[18, 20, 20, 15, 20, 1, 2, 14, 1, 1] => QQFieldElem[1//2, 0, -1//2, 0],
	[18, 20, 20, 15, 17, 1, 1, 15, 1, 1] => QQFieldElem[0, 0, 0, 0],
	[18, 20, 20, 15, 20, 1, 2, 13, 1, 1] => QQFieldElem[1//8, -1//8, 0, 1//8],
	[18, 20, 20, 15, 17, 1, 1, 12, 1, 1] => QQFieldElem[0, -3//32, -3//32, -3//32],
	[18, 20, 20, 15, 5, 1, 1, 11, 1, 1] => QQFieldElem[1//8, 0, 0, -1//8],
	[18, 20, 20, 15, 4, 1, 1, 15, 1, 1] => QQFieldElem[0, 0, 0, 0],
	[18, 20, 20, 15, 4, 1, 1, 12, 1, 1] => QQFieldElem[1//2, -1//2, -1//2, 1//2],
	[18, 20, 20, 15, 5, 1, 1, 19, 1, 1] => QQFieldElem[-1//4, -1//4, -1//4, 0],
	[18, 20, 20, 15, 21, 1, 1, 11, 1, 1] => QQFieldElem[1//8, -1//8, -1//8, 1//4],
	[18, 20, 20, 15, 16, 1, 2, 11, 1, 1] => QQFieldElem[2//3, 0, 0, -2//3],
	[18, 20, 20, 15, 17, 1, 1, 14, 1, 1] => QQFieldElem[-1, -1//2, 1//2, -1//2],
	[18, 20, 20, 15, 17, 1, 1, 13, 1, 1] => QQFieldElem[1//4, -1//8, -1//8, 1//8],
	[18, 20, 20, 15, 20, 1, 2, 11, 1, 1] => QQFieldElem[1//8, 1//8, -1//8, 0],
	[18, 20, 20, 15, 16, 1, 1, 15, 1, 1] => QQFieldElem[0, 0, 0, 0],
	[18, 20, 20, 15, 5, 1, 1, 10, 1, 1] => QQFieldElem[9//40, 0, 0, -3//40],
	[18, 20, 20, 15, 21, 1, 1, 19, 1, 1] => QQFieldElem[0, -1//4, -1//4, 1//4],
	[18, 20, 20, 15, 16, 1, 2, 19, 1, 1] => QQFieldElem[4//3, 4//3, 4//3, 0],
	[18, 20, 20, 15, 16, 1, 1, 12, 1, 1] => QQFieldElem[3//32, -3//32, -3//32, 3//32],
	[18, 20, 20, 15, 5, 1, 1, 18, 1, 1] => QQFieldElem[0, 0, 0, 0],
	[18, 20, 20, 15, 20, 1, 1, 15, 1, 1] => QQFieldElem[0, 0, 0, 0],
	[18, 20, 20, 15, 20, 1, 2, 19, 1, 1] => QQFieldElem[0, -1//4, -1//4, -1//4],
	[18, 20, 20, 15, 20, 1, 1, 12, 1, 1] => QQFieldElem[-3//8, -3//8, 1//8, 1//4],
	[18, 20, 20, 15, 4, 1, 1, 14, 1, 1] => QQFieldElem[0, 0, 0, -8//3],
	[18, 20, 20, 15, 21, 1, 1, 10, 1, 1] => QQFieldElem[-3//40, 3//40, 9//40, -3//10],
	[18, 20, 20, 15, 16, 1, 2, 10, 1, 1] => QQFieldElem[6//5, 0, 0, -2//5],
	[18, 20, 20, 15, 4, 1, 1, 13, 1, 1] => QQFieldElem[-2//3, -2//3, 2//3, 2//3],
	[18, 20, 20, 15, 21, 1, 1, 18, 1, 1] => QQFieldElem[1//4, -1//2, 1//2, -1//4],
	[18, 20, 20, 15, 16, 1, 2, 18, 1, 1] => QQFieldElem[0, 0, 0, 0],
	[18, 20, 20, 15, 20, 1, 2, 10, 1, 1] => QQFieldElem[-3//40, -9//40, 3//40, 0],
	[18, 20, 20, 15, 20, 1, 2, 18, 1, 1] => QQFieldElem[-1//4, 1//2, 0, -1//4],
	[18, 20, 20, 15, 16, 1, 1, 14, 1, 1] => QQFieldElem[0, 0, 0, 1//2],
	[18, 20, 20, 15, 17, 1, 1, 11, 1, 1] => QQFieldElem[0, 0, 1//4, 0],
	[18, 20, 20, 15, 16, 1, 1, 13, 1, 1] => QQFieldElem[-1//8, -1//8, 1//8, 1//8],
	[18, 20, 20, 15, 20, 1, 1, 14, 1, 1] => QQFieldElem[2, 2//3, -2, -4//3],
	[18, 20, 20, 15, 20, 1, 1, 13, 1, 1] => QQFieldElem[1//6, -1//6, -1//6, 0],
	[18, 20, 20, 15, 17, 1, 1, 19, 1, 1] => QQFieldElem[1, 1//2, -1//2, -1],
	[18, 20, 20, 15, 4, 1, 1, 11, 1, 1] => QQFieldElem[2//3, 0, 0, -2//3],
	[18, 20, 20, 15, 17, 1, 1, 10, 1, 1] => QQFieldElem[0, 3//20, -3//10, -3//20],
	[18, 20, 20, 15, 5, 1, 1, 15, 1, 1] => QQFieldElem[3//8, -3//16, -3//16, 3//16],
	[18, 20, 20, 15, 17, 1, 1, 18, 1, 1] => QQFieldElem[0, 0, 0, 0],
	[18, 20, 20, 15, 4, 1, 1, 19, 1, 1] => QQFieldElem[-4//3, -4//3, -4//3, 0],
	[18, 20, 20, 15, 5, 1, 1, 12, 1, 1] => QQFieldElem[-3//32, 3//32, 3//32, -3//32],
	[18, 20, 20, 15, 16, 1, 1, 11, 1, 1] => QQFieldElem[1//8, 0, 0, -1//8],
	[18, 20, 20, 15, 21, 1, 1, 15, 1, 1] => QQFieldElem[-3//16, 3//8, -3//8, 3//16],
	[18, 20, 20, 15, 4, 1, 1, 10, 1, 1] => QQFieldElem[6//5, 0, 0, -2//5],
	[18, 20, 20, 15, 20, 1, 1, 11, 1, 1] => QQFieldElem[1//3, 1//3, 0, -1//3],
	[18, 20, 20, 15, 16, 1, 2, 15, 1, 1] => QQFieldElem[-2, 1, 1, -1],
	[18, 20, 20, 15, 21, 1, 1, 12, 1, 1] => QQFieldElem[-3//32, 0, 3//32, 0],
	[18, 20, 20, 15, 16, 1, 2, 12, 1, 1] => QQFieldElem[-1//2, 1//2, 1//2, -1//2],
	[18, 20, 20, 15, 16, 1, 1, 19, 1, 1] => QQFieldElem[1//4, 1//4, 1//4, 0],
	[18, 20, 20, 15, 4, 1, 1, 18, 1, 1] => QQFieldElem[-8//3, 4//3, 4//3, -4//3],
	[18, 20, 20, 15, 20, 1, 2, 15, 1, 1] => QQFieldElem[3//16, -3//8, 0, 3//16],
	[18, 20, 20, 15, 20, 1, 2, 12, 1, 1] => QQFieldElem[3//32, 3//32, 0, -3//32],
	[18, 20, 20, 15, 20, 1, 1, 19, 1, 1] => QQFieldElem[0, 4//3, 2, 4//3],
	[18, 20, 20, 15, 5, 1, 1, 14, 1, 1] => QQFieldElem[0, 0, 0, -1//2],
	[18, 20, 20, 15, 16, 1, 1, 10, 1, 1] => QQFieldElem[9//40, 0, 0, -3//40],
	[18, 20, 20, 15, 5, 1, 1, 13, 1, 1] => QQFieldElem[1//8, 1//8, -1//8, -1//8])