Dict(
	[18, 19, 18, 19, 2, 1, 1, 17, 1, 1] => QQFieldElem[-128//75, 0, 0, -512//225],
	[18, 19, 18, 19, 17, 1, 1, 4, 1, 1] => QQFieldElem[0, 0, 0, 0],
	[18, 19, 18, 19, 6, 1, 1, 17, 1, 1] => QQFieldElem[0, 0, 0, 0],
	[18, 19, 18, 19, 4, 1, 1, 20, 1, 1] => QQFieldElem[0, 0, 0, 0],
	[18, 19, 18, 19, 4, 1, 1, 6, 1, 1] => QQFieldElem[1//64, 0, 0, 0],
	[18, 19, 18, 19, 17, 1, 1, 3, 1, 1] => QQFieldElem[1//6, 0, 0, 2//9],
	[18, 19, 18, 19, 21, 1, 1, 2, 1, 1] => QQFieldElem[0, 0, 0, -1//24],
	[18, 19, 18, 19, 2, 1, 1, 21, 1, 1] => QQFieldElem[0, 0, 0, 64//9],
	[18, 19, 18, 19, 2, 1, 1, 9, 1, 1] => QQFieldElem[16//9, 0, 0, 0],
	[18, 19, 18, 19, 6, 1, 1, 21, 1, 1] => QQFieldElem[0, 0, 0, 0],
	[18, 19, 18, 19, 4, 1, 1, 4, 1, 1] => QQFieldElem[1//16, 0, 0, 0],
	[18, 19, 18, 19, 6, 1, 1, 9, 1, 1] => QQFieldElem[-8//3, 0, 0, 0],
	[18, 19, 18, 19, 20, 1, 1, 20, 1, 1] => QQFieldElem[-1//3, 0, 0, 0],
	[18, 19, 18, 19, 4, 1, 1, 3, 1, 1] => QQFieldElem[1//72, 0, 0, 0],
	[18, 19, 18, 19, 21, 1, 1, 17, 1, 1] => QQFieldElem[8//75, 0, 0, -2//25],
	[18, 19, 18, 19, 9, 1, 1, 20, 1, 1] => QQFieldElem[0, 0, 0, 0],
	[18, 19, 18, 19, 20, 1, 1, 6, 1, 1] => QQFieldElem[0, 0, 0, 0],
	[18, 19, 18, 19, 3, 1, 1, 2, 1, 1] => QQFieldElem[-1//128, 0, 0, 0],
	[18, 19, 18, 19, 9, 1, 1, 6, 1, 1] => QQFieldElem[3//8, 0, 0, 0],
	[18, 19, 18, 19, 20, 1, 1, 4, 1, 1] => QQFieldElem[0, 0, 0, 0],
	[18, 19, 18, 19, 21, 1, 1, 21, 1, 1] => QQFieldElem[-1//3, 0, 0, 0],
	[18, 19, 18, 19, 9, 1, 1, 4, 1, 1] => QQFieldElem[-3//2, 0, 0, 0],
	[18, 19, 18, 19, 3, 1, 1, 17, 1, 1] => QQFieldElem[3//100, 0, 0, 1//25],
	[18, 19, 18, 19, 21, 1, 1, 9, 1, 1] => QQFieldElem[0, 0, 0, 0],
	[18, 19, 18, 19, 20, 1, 1, 3, 1, 1] => QQFieldElem[0, 0, 0, -1//9],
	[18, 19, 18, 19, 9, 1, 1, 3, 1, 1] => QQFieldElem[1//3, 0, 0, 0],
	[18, 19, 18, 19, 17, 1, 1, 2, 1, 1] => QQFieldElem[1//16, 0, 0, 1//12],
	[18, 19, 18, 19, 2, 1, 1, 20, 1, 1] => QQFieldElem[0, 0, 0, 64//9],
	[18, 19, 18, 19, 3, 1, 1, 21, 1, 1] => QQFieldElem[0, 0, 0, -1//8],
	[18, 19, 18, 19, 6, 1, 1, 20, 1, 1] => QQFieldElem[0, 0, 0, 0],
	[18, 19, 18, 19, 2, 1, 1, 6, 1, 1] => QQFieldElem[-4//3, 0, 0, 0],
	[18, 19, 18, 19, 17, 1, 1, 17, 1, 1] => QQFieldElem[14//75, 0, 0, -16//25],
	[18, 19, 18, 19, 3, 1, 1, 9, 1, 1] => QQFieldElem[1//16, 0, 0, 0],
	[18, 19, 18, 19, 6, 1, 1, 6, 1, 1] => QQFieldElem[-2, 0, 0, 0],
	[18, 19, 18, 19, 4, 1, 1, 2, 1, 1] => QQFieldElem[-1//384, 0, 0, 0],
	[18, 19, 18, 19, 2, 1, 1, 4, 1, 1] => QQFieldElem[16//3, 0, 0, 0],
	[18, 19, 18, 19, 6, 1, 1, 4, 1, 1] => QQFieldElem[-8, 0, 0, 0],
	[18, 19, 18, 19, 17, 1, 1, 21, 1, 1] => QQFieldElem[2//3, 0, 0, -1//2],
	[18, 19, 18, 19, 4, 1, 1, 17, 1, 1] => QQFieldElem[0, 0, 0, 0],
	[18, 19, 18, 19, 2, 1, 1, 3, 1, 1] => QQFieldElem[32//27, 0, 0, 0],
	[18, 19, 18, 19, 17, 1, 1, 9, 1, 1] => QQFieldElem[0, 0, 0, 0],
	[18, 19, 18, 19, 6, 1, 1, 3, 1, 1] => QQFieldElem[16//9, 0, 0, 0],
	[18, 19, 18, 19, 21, 1, 1, 20, 1, 1] => QQFieldElem[2//3, 0, 0, 0],
	[18, 19, 18, 19, 21, 1, 1, 6, 1, 1] => QQFieldElem[0, 0, 0, 0],
	[18, 19, 18, 19, 20, 1, 1, 2, 1, 1] => QQFieldElem[0, 0, 0, -1//24],
	[18, 19, 18, 19, 9, 1, 1, 2, 1, 1] => QQFieldElem[-1//16, 0, 0, 0],
	[18, 19, 18, 19, 4, 1, 1, 21, 1, 1] => QQFieldElem[0, 0, 0, 0],
	[18, 19, 18, 19, 4, 1, 1, 9, 1, 1] => QQFieldElem[-1//48, 0, 0, 0],
	[18, 19, 18, 19, 21, 1, 1, 4, 1, 1] => QQFieldElem[0, 0, 0, 0],
	[18, 19, 18, 19, 20, 1, 1, 17, 1, 1] => QQFieldElem[8//75, 0, 0, -2//25],
	[18, 19, 18, 19, 3, 1, 1, 20, 1, 1] => QQFieldElem[0, 0, 0, -1//8],
	[18, 19, 18, 19, 9, 1, 1, 17, 1, 1] => QQFieldElem[0, 0, 0, 0],
	[18, 19, 18, 19, 3, 1, 1, 6, 1, 1] => QQFieldElem[-3//64, 0, 0, 0],
	[18, 19, 18, 19, 21, 1, 1, 3, 1, 1] => QQFieldElem[0, 0, 0, -1//9],
	[18, 19, 18, 19, 3, 1, 1, 4, 1, 1] => QQFieldElem[3//16, 0, 0, 0],
	[18, 19, 18, 19, 20, 1, 1, 21, 1, 1] => QQFieldElem[2//3, 0, 0, 0],
	[18, 19, 18, 19, 9, 1, 1, 21, 1, 1] => QQFieldElem[0, 0, 0, 0],
	[18, 19, 18, 19, 17, 1, 1, 20, 1, 1] => QQFieldElem[2//3, 0, 0, -1//2],
	[18, 19, 18, 19, 2, 1, 1, 2, 1, 1] => QQFieldElem[-2//9, 0, 0, 0],
	[18, 19, 18, 19, 20, 1, 1, 9, 1, 1] => QQFieldElem[0, 0, 0, 0],
	[18, 19, 18, 19, 9, 1, 1, 9, 1, 1] => QQFieldElem[1//2, 0, 0, 0],
	[18, 19, 18, 19, 17, 1, 1, 6, 1, 1] => QQFieldElem[0, 0, 0, 0],
	[18, 19, 18, 19, 6, 1, 1, 2, 1, 1] => QQFieldElem[-1//3, 0, 0, 0],
	[18, 19, 18, 19, 3, 1, 1, 3, 1, 1] => QQFieldElem[1//24, 0, 0, 0])