Dict(
	[18, 15, 13, 13, 20, 1, 1, 20, 1, 1] => QQFieldElem[0, -1//3, 1//3, 1//3],
	[18, 15, 13, 13, 21, 1, 1, 17, 1, 1] => QQFieldElem[-1//3, -1//3, 1, -2//3],
	[18, 15, 13, 13, 16, 1, 1, 17, 1, 1] => QQFieldElem[-1//6, 0, 0, 1//3],
	[18, 15, 13, 13, 17, 1, 1, 17, 1, 1] => QQFieldElem[-1//3, 0, 0, -1//3],
	[18, 15, 13, 13, 21, 1, 1, 4, 1, 1] => QQFieldElem[1//3, -1//3, 1//3, 0],
	[18, 15, 13, 13, 20, 1, 1, 17, 1, 1] => QQFieldElem[2//3, 1//3, -1, -1],
	[18, 15, 13, 13, 16, 1, 1, 4, 1, 1] => QQFieldElem[0, 0, 0, 0],
	[18, 15, 13, 13, 17, 1, 1, 4, 1, 1] => QQFieldElem[0, 0, 0, 1//3],
	[18, 15, 13, 13, 20, 1, 1, 4, 1, 1] => QQFieldElem[2//3, 1//3, -1//3, -1//3],
	[18, 15, 13, 13, 21, 1, 1, 21, 1, 1] => QQFieldElem[1//3, 1//3, -1//3, 0],
	[18, 15, 13, 13, 16, 1, 1, 21, 1, 1] => QQFieldElem[-1//6, 0, 0, 1//3],
	[18, 15, 13, 13, 17, 1, 1, 21, 1, 1] => QQFieldElem[1//3, -1//3, -1//3, 1//3],
	[18, 15, 13, 13, 21, 1, 1, 20, 1, 1] => QQFieldElem[0, 0, -2//3, 2//3],
	[18, 15, 13, 13, 20, 1, 1, 21, 1, 1] => QQFieldElem[-2//3, 0, 2//3, 2//3],
	[18, 15, 13, 13, 16, 1, 1, 20, 1, 1] => QQFieldElem[-1//6, 0, 0, 1//3],
	[18, 15, 13, 13, 17, 1, 1, 20, 1, 1] => QQFieldElem[0, 1//3, 1//3, 0])