Dict(
	[18, 13, 21, 17, 15, 1, 1, 21, 1, 1] => QQFieldElem[1//15, -2//45, 1//45, 8//45],
	[18, 13, 21, 17, 18, 1, 1, 20, 1, 1] => QQFieldElem[-1//12, 0, 1//12, 0],
	[18, 13, 21, 17, 13, 1, 1, 8, 1, 1] => QQFieldElem[1//8, 0, -1//16, 1//16],
	[18, 13, 21, 17, 18, 1, 1, 6, 1, 1] => QQFieldElem[0, 1//3, 0, 0],
	[18, 13, 21, 17, 13, 1, 1, 17, 1, 1] => QQFieldElem[3//40, 3//40, -1//10, -1//20],
	[18, 13, 21, 17, 14, 1, 1, 16, 1, 1] => QQFieldElem[0, 0, 4//3, -4//3],
	[18, 13, 21, 17, 13, 1, 1, 16, 1, 2] => QQFieldElem[0, 1//24, 0, -1//24],
	[18, 13, 21, 17, 14, 1, 1, 20, 1, 1] => QQFieldElem[2//3, -2//3, 0, 0],
	[18, 13, 21, 17, 13, 1, 1, 20, 1, 2] => QQFieldElem[0, 0, 0, 1//12],
	[18, 13, 21, 17, 14, 1, 1, 6, 1, 1] => QQFieldElem[0, 0, 0, 1//6],
	[18, 13, 21, 17, 13, 1, 1, 21, 1, 1] => QQFieldElem[1//40, -1//8, 0, 1//20],
	[18, 13, 21, 17, 12, 1, 1, 8, 1, 1] => QQFieldElem[0, -1//6, -1//12, 1//12],
	[18, 13, 21, 17, 12, 1, 1, 17, 1, 1] => QQFieldElem[1//30, 1//30, 1//15, -2//15],
	[18, 13, 21, 17, 19, 1, 1, 16, 1, 1] => QQFieldElem[0, 0, 0, 0],
	[18, 13, 21, 17, 11, 1, 1, 16, 1, 1] => QQFieldElem[0, 1//6, -1//12, -1//12],
	[18, 13, 21, 17, 15, 1, 1, 16, 1, 1] => QQFieldElem[0, 2//3, 1//3, -1//3],
	[18, 13, 21, 17, 19, 1, 1, 20, 1, 1] => QQFieldElem[1//4, 0, -1//12, 0],
	[18, 13, 21, 17, 11, 1, 1, 20, 1, 1] => QQFieldElem[1//6, -1//6, 0, 1//3],
	[18, 13, 21, 17, 12, 1, 1, 16, 1, 2] => QQFieldElem[0, -1//9, 0, 0],
	[18, 13, 21, 17, 15, 1, 1, 20, 1, 1] => QQFieldElem[-1//6, -1//6, 0, 1//3],
	[18, 13, 21, 17, 11, 1, 1, 6, 1, 1] => QQFieldElem[-1//2, 1//2, 1//4, -1//4],
	[18, 13, 21, 17, 19, 1, 1, 6, 1, 1] => QQFieldElem[0, 1//6, 0, -1//6],
	[18, 13, 21, 17, 12, 1, 1, 20, 1, 2] => QQFieldElem[0, -1//9, 0, -2//9],
	[18, 13, 21, 17, 15, 1, 1, 6, 1, 1] => QQFieldElem[0, -4//9, 0, 0],
	[18, 13, 21, 17, 12, 1, 1, 21, 1, 1] => QQFieldElem[1//10, 1//30, 1//15, 0],
	[18, 13, 21, 17, 13, 1, 1, 16, 1, 1] => QQFieldElem[0, 1//12, 0, 0],
	[18, 13, 21, 17, 10, 1, 1, 8, 1, 1] => QQFieldElem[0, 0, -1//3, 1//3],
	[18, 13, 21, 17, 13, 1, 1, 20, 1, 1] => QQFieldElem[0, 1//12, 0, -1//3],
	[18, 13, 21, 17, 10, 1, 1, 17, 1, 1] => QQFieldElem[-2//15, 2//15, 4//15, 4//15],
	[18, 13, 21, 17, 13, 1, 1, 6, 1, 1] => QQFieldElem[-1//2, 0, 1//4, 1//4],
	[18, 13, 21, 17, 18, 1, 1, 8, 1, 1] => QQFieldElem[0, 0, 0, 0],
	[18, 13, 21, 17, 10, 1, 1, 16, 1, 2] => QQFieldElem[1//8, -1//8, -1//16, 1//16],
	[18, 13, 21, 17, 18, 1, 1, 17, 1, 1] => QQFieldElem[1//10, 1//60, 1//30, -1//15],
	[18, 13, 21, 17, 10, 1, 1, 20, 1, 2] => QQFieldElem[1//8, -1//8, -1//4, 1//4],
	[18, 13, 21, 17, 18, 1, 1, 16, 1, 2] => QQFieldElem[0, 0, 0, 0],
	[18, 13, 21, 17, 12, 1, 1, 16, 1, 1] => QQFieldElem[0, 0, 0, 1//24],
	[18, 13, 21, 17, 10, 1, 1, 21, 1, 1] => QQFieldElem[-2//5, 2//15, 4//15, -4//15],
	[18, 13, 21, 17, 18, 1, 1, 20, 1, 2] => QQFieldElem[1//3, 0, 1//9, 0],
	[18, 13, 21, 17, 14, 1, 1, 8, 1, 1] => QQFieldElem[0, 1//12, 0, -1//24],
	[18, 13, 21, 17, 12, 1, 1, 20, 1, 1] => QQFieldElem[0, -1//12, 0, 0],
	[18, 13, 21, 17, 18, 1, 1, 21, 1, 1] => QQFieldElem[1//20, 1//30, -1//60, 1//15],
	[18, 13, 21, 17, 12, 1, 1, 6, 1, 1] => QQFieldElem[0, -2//3, 1//3, 1//3],
	[18, 13, 21, 17, 14, 1, 1, 17, 1, 1] => QQFieldElem[1//30, -1//60, -1//30, 0],
	[18, 13, 21, 17, 14, 1, 1, 16, 1, 2] => QQFieldElem[-1//2, -1//2, 1//4, 1//4],
	[18, 13, 21, 17, 14, 1, 1, 20, 1, 2] => QQFieldElem[-1//8, -1//8, 1//4, 1//4],
	[18, 13, 21, 17, 19, 1, 1, 8, 1, 1] => QQFieldElem[0, 1//24, 0, 1//24],
	[18, 13, 21, 17, 11, 1, 1, 8, 1, 1] => QQFieldElem[1//8, 1//8, -1//16, -1//16],
	[18, 13, 21, 17, 14, 1, 1, 21, 1, 1] => QQFieldElem[-1//60, -1//30, 1//60, 0],
	[18, 13, 21, 17, 15, 1, 1, 8, 1, 1] => QQFieldElem[0, 0, 0, 0],
	[18, 13, 21, 17, 19, 1, 1, 17, 1, 1] => QQFieldElem[-1//30, 0, 0, 1//60],
	[18, 13, 21, 17, 11, 1, 1, 17, 1, 1] => QQFieldElem[1//40, -3//40, 1//10, 0],
	[18, 13, 21, 17, 15, 1, 1, 17, 1, 1] => QQFieldElem[2//15, -1//45, -2//45, -2//45],
	[18, 13, 21, 17, 19, 1, 1, 16, 1, 2] => QQFieldElem[0, 1//6, 0, 1//6],
	[18, 13, 21, 17, 11, 1, 1, 16, 1, 2] => QQFieldElem[1//8, 0, -1//16, -1//16],
	[18, 13, 21, 17, 15, 1, 1, 16, 1, 2] => QQFieldElem[-1//2, 0, 1//4, -1//4],
	[18, 13, 21, 17, 10, 1, 1, 16, 1, 1] => QQFieldElem[0, 0, -1//3, -1//3],
	[18, 13, 21, 17, 19, 1, 1, 20, 1, 2] => QQFieldElem[1//12, 0, 0, 0],
	[18, 13, 21, 17, 11, 1, 1, 20, 1, 2] => QQFieldElem[-1//8, 1//8, 1//4, 0],
	[18, 13, 21, 17, 15, 1, 1, 20, 1, 2] => QQFieldElem[1//8, 1//8, -1//4, 0],
	[18, 13, 21, 17, 10, 1, 1, 20, 1, 1] => QQFieldElem[-2//3, -2//3, 0, 0],
	[18, 13, 21, 17, 19, 1, 1, 21, 1, 1] => QQFieldElem[1//60, 0, 0, 1//30],
	[18, 13, 21, 17, 11, 1, 1, 21, 1, 1] => QQFieldElem[3//40, 1//8, 0, -1//10],
	[18, 13, 21, 17, 18, 1, 1, 16, 1, 1] => QQFieldElem[0, 1//3, 0, -1//6],
	[18, 13, 21, 17, 10, 1, 1, 6, 1, 1] => QQFieldElem[0, 0, 4//3, 4//3])