Dict(
	[18, 14, 10, 13, 6, 1, 1, 4, 1, 1] => QQFieldElem[1//64, 0, 0, -3//64],
	[18, 14, 10, 13, 16, 1, 1, 21, 1, 1] => QQFieldElem[0, 0, 0, 0],
	[18, 14, 10, 13, 17, 1, 1, 21, 1, 1] => QQFieldElem[-1//3, 1//3, 1, 1//3],
	[18, 14, 10, 13, 20, 1, 1, 5, 1, 1] => QQFieldElem[0, 1//6, 1//6, -1//6],
	[18, 14, 10, 13, 21, 1, 1, 16, 1, 1] => QQFieldElem[0, 0, 0, 0],
	[18, 14, 10, 13, 8, 1, 1, 20, 1, 1] => QQFieldElem[0, 0, 0, 1//4],
	[18, 14, 10, 13, 6, 1, 1, 5, 1, 1] => QQFieldElem[-1//48, 0, 0, 1//16],
	[18, 14, 10, 13, 16, 1, 1, 16, 1, 1] => QQFieldElem[0, 0, 0, 3//128],
	[18, 14, 10, 13, 17, 1, 1, 16, 1, 1] => QQFieldElem[0, 0, 0, 0],
	[18, 14, 10, 13, 20, 1, 1, 21, 1, 1] => QQFieldElem[0, 0, -2//3, 0],
	[18, 14, 10, 13, 21, 1, 1, 20, 1, 1] => QQFieldElem[-2//3, 0, 2//3, 0],
	[18, 14, 10, 13, 16, 1, 1, 20, 1, 1] => QQFieldElem[0, 0, 0, 0],
	[18, 14, 10, 13, 6, 1, 1, 21, 1, 1] => QQFieldElem[-1//6, 0, 0, 1//12],
	[18, 14, 10, 13, 17, 1, 1, 20, 1, 1] => QQFieldElem[2//3, -1//3, -1, 2//3],
	[18, 14, 10, 13, 20, 1, 1, 16, 1, 1] => QQFieldElem[0, 0, 0, 0],
	[18, 14, 10, 13, 8, 1, 1, 17, 1, 1] => QQFieldElem[0, 0, 0, 1//4],
	[18, 14, 10, 13, 6, 1, 1, 16, 1, 1] => QQFieldElem[-1//24, 0, 0, 1//8],
	[18, 14, 10, 13, 20, 1, 1, 20, 1, 1] => QQFieldElem[0, 1//3, 1//3, 1//3],
	[18, 14, 10, 13, 21, 1, 1, 17, 1, 1] => QQFieldElem[1//3, 1//3, -1//3, -2//3],
	[18, 14, 10, 13, 6, 1, 1, 20, 1, 1] => QQFieldElem[-1//6, 0, 0, 1//12],
	[18, 14, 10, 13, 16, 1, 1, 17, 1, 1] => QQFieldElem[0, 0, 0, 0],
	[18, 14, 10, 13, 17, 1, 1, 17, 1, 1] => QQFieldElem[-1//3, 0, 0, -1],
	[18, 14, 10, 13, 8, 1, 1, 4, 1, 1] => QQFieldElem[3//64, 0, 0, 3//64],
	[18, 14, 10, 13, 8, 1, 1, 5, 1, 1] => QQFieldElem[-1//16, 0, 0, -1//16],
	[18, 14, 10, 13, 21, 1, 1, 4, 1, 1] => QQFieldElem[1//8, -1//8, -1//8, 0],
	[18, 14, 10, 13, 16, 1, 1, 4, 1, 1] => QQFieldElem[0, 0, 0, 9//1024],
	[18, 14, 10, 13, 20, 1, 1, 17, 1, 1] => QQFieldElem[0, -1//3, 1//3, -1//3],
	[18, 14, 10, 13, 17, 1, 1, 4, 1, 1] => QQFieldElem[1//4, 0, 0, 1//8],
	[18, 14, 10, 13, 6, 1, 1, 17, 1, 1] => QQFieldElem[-1//6, 0, 0, 1//12],
	[18, 14, 10, 13, 21, 1, 1, 5, 1, 1] => QQFieldElem[1//6, -1//6, -1//6, 0],
	[18, 14, 10, 13, 16, 1, 1, 5, 1, 1] => QQFieldElem[0, 0, 0, -3//256],
	[18, 14, 10, 13, 8, 1, 1, 21, 1, 1] => QQFieldElem[0, 0, 0, 1//4],
	[18, 14, 10, 13, 17, 1, 1, 5, 1, 1] => QQFieldElem[1//3, 0, 0, 1//6],
	[18, 14, 10, 13, 20, 1, 1, 4, 1, 1] => QQFieldElem[0, 1//8, 1//8, -1//8],
	[18, 14, 10, 13, 8, 1, 1, 16, 1, 1] => QQFieldElem[-1//8, 0, 0, -1//8],
	[18, 14, 10, 13, 21, 1, 1, 21, 1, 1] => QQFieldElem[1//3, -1//3, -1//3, 2//3])