Dict(
	[18, 13, 11, 15, 5, 1, 1, 21, 1, 1] => QQFieldElem[1//8, 1//8, 1//8, 0],
	[18, 13, 11, 15, 5, 1, 1, 16, 1, 1] => QQFieldElem[0, 0, 0, 0],
	[18, 13, 11, 15, 20, 1, 1, 17, 1, 1] => QQFieldElem[0, 1//12, -1//12, 0],
	[18, 13, 11, 15, 5, 1, 1, 20, 1, 1] => QQFieldElem[1//4, -1//8, -1//8, 1//8],
	[18, 13, 11, 15, 21, 1, 1, 21, 1, 1] => QQFieldElem[1//24, -1//24, -1//24, 0],
	[18, 13, 11, 15, 17, 1, 1, 21, 1, 1] => QQFieldElem[-1//24, 1//24, 1//8, 1//12],
	[18, 13, 11, 15, 21, 1, 1, 16, 1, 1] => QQFieldElem[-1//6, 0, 0, 0],
	[18, 13, 11, 15, 5, 1, 1, 17, 1, 1] => QQFieldElem[0, 0, 0, 1//4],
	[18, 13, 11, 15, 17, 1, 1, 16, 1, 1] => QQFieldElem[-1//6, 0, 0, 0],
	[18, 13, 11, 15, 21, 1, 1, 20, 1, 1] => QQFieldElem[-1//12, 0, 1//12, -1//12],
	[18, 13, 11, 15, 20, 1, 1, 21, 1, 1] => QQFieldElem[0, 0, -1//12, -1//12],
	[18, 13, 11, 15, 17, 1, 1, 20, 1, 1] => QQFieldElem[1//12, -1//24, -1//8, 1//8],
	[18, 13, 11, 15, 20, 1, 1, 16, 1, 1] => QQFieldElem[-1//6, 0, 0, 0],
	[18, 13, 11, 15, 20, 1, 1, 20, 1, 1] => QQFieldElem[0, 1//24, 1//24, -1//24],
	[18, 13, 11, 15, 21, 1, 1, 17, 1, 1] => QQFieldElem[-1//12, -1//12, 1//12, 1//12],
	[18, 13, 11, 15, 17, 1, 1, 17, 1, 1] => QQFieldElem[1//12, 0, 0, -1//12])