Dict(
	[18, 18, 10, 19, 20, 1, 1, 20, 1, 1] => QQFieldElem[-1//3, 0, 1//3, 0],
	[18, 18, 10, 19, 21, 1, 1, 17, 1, 1] => QQFieldElem[-1//3, -7//15, -1//15, 2//15],
	[18, 18, 10, 19, 9, 1, 1, 20, 1, 1] => QQFieldElem[0, 16//3, 16//3, -16//3],
	[18, 18, 10, 19, 17, 1, 1, 17, 1, 1] => QQFieldElem[-1//15, 0, 0, -1//5],
	[18, 18, 10, 19, 21, 1, 1, 7, 1, 1] => QQFieldElem[-1//6, -1//6, -1//6, 0],
	[18, 18, 10, 19, 20, 1, 1, 17, 1, 1] => QQFieldElem[-2//5, 7//15, 1//15, -1//3],
	[18, 18, 10, 19, 9, 1, 1, 17, 1, 1] => QQFieldElem[64//15, 0, 0, 32//15],
	[18, 18, 10, 19, 17, 1, 1, 7, 1, 1] => QQFieldElem[0, 0, 0, 1//6],
	[18, 18, 10, 19, 21, 1, 1, 21, 1, 1] => QQFieldElem[0, 0, -1//3, 0],
	[18, 18, 10, 19, 20, 1, 1, 7, 1, 1] => QQFieldElem[-1//3, 1//6, 1//6, -1//6],
	[18, 18, 10, 19, 9, 1, 1, 7, 1, 1] => QQFieldElem[0, 0, 0, 0],
	[18, 18, 10, 19, 17, 1, 1, 21, 1, 1] => QQFieldElem[1//6, 1//6, -1//6, -1//3],
	[18, 18, 10, 19, 21, 1, 1, 20, 1, 1] => QQFieldElem[1//3, 2//3, 0, -1//3],
	[18, 18, 10, 19, 20, 1, 1, 21, 1, 1] => QQFieldElem[1//3, -2//3, 0, 1//3],
	[18, 18, 10, 19, 9, 1, 1, 21, 1, 1] => QQFieldElem[16//3, -16//3, -16//3, 0],
	[18, 18, 10, 19, 17, 1, 1, 20, 1, 1] => QQFieldElem[0, -1//6, 1//6, -1//6])