Dict(
	[18, 10, 14, 18, 17, 1, 1, 16, 1, 1] => QQFieldElem[1//12, 0, 0, -1//24],
	[18, 10, 14, 18, 21, 1, 1, 20, 1, 1] => QQFieldElem[0, 0, 0, 0],
	[18, 10, 14, 18, 20, 1, 1, 21, 1, 1] => QQFieldElem[0, 0, 0, 0],
	[18, 10, 14, 18, 17, 1, 1, 20, 1, 1] => QQFieldElem[5//24, 7//24, -1//24, -1//12],
	[18, 10, 14, 18, 20, 1, 1, 16, 1, 1] => QQFieldElem[0, -1//24, 1//24, 1//24],
	[18, 10, 14, 18, 8, 1, 1, 17, 1, 1] => QQFieldElem[1//4, 0, 0, 1//4],
	[18, 10, 14, 18, 20, 1, 1, 20, 1, 1] => QQFieldElem[1//6, 1//12, -1//12, -1//6],
	[18, 10, 14, 18, 21, 1, 1, 17, 1, 1] => QQFieldElem[-1//12, 1//12, -1//12, -1//6],
	[18, 10, 14, 18, 17, 1, 1, 17, 1, 1] => QQFieldElem[0, 0, 0, 0],
	[18, 10, 14, 18, 20, 1, 1, 17, 1, 1] => QQFieldElem[-1//6, -1//12, 1//12, -1//12],
	[18, 10, 14, 18, 8, 1, 1, 21, 1, 1] => QQFieldElem[1//4, -1//4, 0, 0],
	[18, 10, 14, 18, 8, 1, 1, 16, 1, 1] => QQFieldElem[0, 0, 0, 0],
	[18, 10, 14, 18, 21, 1, 1, 21, 1, 1] => QQFieldElem[1//12, -1//12, 1//12, -1//12],
	[18, 10, 14, 18, 17, 1, 1, 21, 1, 1] => QQFieldElem[1//6, -7//24, 1//24, 5//24],
	[18, 10, 14, 18, 21, 1, 1, 16, 1, 1] => QQFieldElem[1//24, 1//24, -1//24, 0],
	[18, 10, 14, 18, 8, 1, 1, 20, 1, 1] => QQFieldElem[1//4, 1//4, 0, -1//4])