Dict(
	[19, 12, 19, 19, 21, 1, 1, 20, 1, 1] => QQFieldElem[1//3, -2//3, 2//3, -1//3],
	[19, 12, 19, 19, 7, 1, 1, 17, 1, 1] => QQFieldElem[0, 0, 0, 32//3],
	[19, 12, 19, 19, 20, 1, 1, 21, 1, 1] => QQFieldElem[1, 2//3, -2//3, -1],
	[19, 12, 19, 19, 17, 1, 1, 20, 1, 1] => QQFieldElem[-1//6, 1//6, 1//6, 0],
	[19, 12, 19, 19, 7, 1, 1, 7, 1, 1] => QQFieldElem[0, 0, 0, 0],
	[19, 12, 19, 19, 20, 1, 1, 20, 1, 1] => QQFieldElem[1//3, 0, -1//3, 1//3],
	[19, 12, 19, 19, 21, 1, 1, 17, 1, 1] => QQFieldElem[2//3, -1//3, -1, 1],
	[19, 12, 19, 19, 17, 1, 1, 17, 1, 1] => QQFieldElem[-1//3, 0, 0, 1//3],
	[19, 12, 19, 19, 7, 1, 1, 21, 1, 1] => QQFieldElem[-32//3, -16//3, 16//3, 16//3],
	[19, 12, 19, 19, 21, 1, 1, 7, 1, 1] => QQFieldElem[1//4, -1//8, -1//8, 1//8],
	[19, 12, 19, 19, 20, 1, 1, 17, 1, 1] => QQFieldElem[-1//3, 1//3, 1, 2//3],
	[19, 12, 19, 19, 17, 1, 1, 7, 1, 1] => QQFieldElem[0, 0, 0, -1//8],
	[19, 12, 19, 19, 21, 1, 1, 21, 1, 1] => QQFieldElem[0, 0, 1//3, 1//3],
	[19, 12, 19, 19, 7, 1, 1, 20, 1, 1] => QQFieldElem[-16//3, 16//3, -16//3, 0],
	[19, 12, 19, 19, 20, 1, 1, 7, 1, 1] => QQFieldElem[1//8, 1//8, 1//8, 0],
	[19, 12, 19, 19, 17, 1, 1, 21, 1, 1] => QQFieldElem[0, -1//6, -1//6, 1//6])