Dict(
	[19, 19, 12, 10, 7, 1, 1, 5, 1, 1] => QQFieldElem[0, 0, 0, 0],
	[19, 19, 12, 10, 17, 1, 1, 17, 1, 1] => QQFieldElem[0, 0, 0, -2//3],
	[19, 19, 12, 10, 16, 1, 1, 17, 1, 1] => QQFieldElem[0, 0, 0, 0],
	[19, 19, 12, 10, 20, 1, 1, 8, 1, 1] => QQFieldElem[0, 0, 0, 0],
	[19, 19, 12, 10, 7, 1, 1, 3, 1, 1] => QQFieldElem[0, 0, 0, 0],
	[19, 19, 12, 10, 9, 1, 1, 8, 1, 1] => QQFieldElem[1//16, 0, 0, 0],
	[19, 19, 12, 10, 7, 1, 1, 21, 1, 1] => QQFieldElem[1//16, 0, 0, 0],
	[19, 19, 12, 10, 20, 1, 1, 17, 1, 1] => QQFieldElem[-1//3, 0, 2//3, 1//3],
	[19, 19, 12, 10, 9, 1, 1, 17, 1, 1] => QQFieldElem[0, 0, 0, 0],
	[19, 19, 12, 10, 21, 1, 1, 5, 1, 1] => QQFieldElem[-1//6, 1//3, 0, -1//6],
	[19, 19, 12, 10, 16, 1, 1, 5, 1, 1] => QQFieldElem[0, 0, 0, 1//3],
	[19, 19, 12, 10, 17, 1, 1, 5, 1, 1] => QQFieldElem[-1//6, 0, 0, 0],
	[19, 19, 12, 10, 21, 1, 1, 3, 1, 1] => QQFieldElem[-1//8, 1//4, 0, -1//8],
	[19, 19, 12, 10, 16, 1, 1, 3, 1, 1] => QQFieldElem[0, 0, 0, -1//4],
	[19, 19, 12, 10, 17, 1, 1, 3, 1, 1] => QQFieldElem[-1//8, 0, 0, 0],
	[19, 19, 12, 10, 21, 1, 1, 21, 1, 1] => QQFieldElem[1//3, 0, -2//3, 1//3],
	[19, 19, 12, 10, 7, 1, 1, 20, 1, 1] => QQFieldElem[1//16, 0, 0, 0],
	[19, 19, 12, 10, 16, 1, 1, 21, 1, 1] => QQFieldElem[0, 0, 0, 0],
	[19, 19, 12, 10, 17, 1, 1, 21, 1, 1] => QQFieldElem[0, 0, 0, 1//3],
	[19, 19, 12, 10, 20, 1, 1, 5, 1, 1] => QQFieldElem[-1//6, -1//3, 0, 1//6],
	[19, 19, 12, 10, 7, 1, 1, 8, 1, 1] => QQFieldElem[0, 0, 0, 0],
	[19, 19, 12, 10, 9, 1, 1, 5, 1, 1] => QQFieldElem[1//32, 0, 0, 0],
	[19, 19, 12, 10, 20, 1, 1, 3, 1, 1] => QQFieldElem[-1//8, -1//4, 0, 1//8],
	[19, 19, 12, 10, 9, 1, 1, 3, 1, 1] => QQFieldElem[-3//128, 0, 0, 0],
	[19, 19, 12, 10, 21, 1, 1, 20, 1, 1] => QQFieldElem[-2//3, 0, 4//3, -2//3],
	[19, 19, 12, 10, 20, 1, 1, 21, 1, 1] => QQFieldElem[2//3, 0, -4//3, -2//3],
	[19, 19, 12, 10, 7, 1, 1, 17, 1, 1] => QQFieldElem[1//16, 0, 0, 0],
	[19, 19, 12, 10, 16, 1, 1, 20, 1, 1] => QQFieldElem[0, 0, 0, 0],
	[19, 19, 12, 10, 9, 1, 1, 21, 1, 1] => QQFieldElem[0, 0, 0, 0],
	[19, 19, 12, 10, 17, 1, 1, 20, 1, 1] => QQFieldElem[0, 0, 0, 1//3],
	[19, 19, 12, 10, 21, 1, 1, 8, 1, 1] => QQFieldElem[0, 0, 0, 0],
	[19, 19, 12, 10, 16, 1, 1, 8, 1, 1] => QQFieldElem[0, 0, 0, -2//3],
	[19, 19, 12, 10, 17, 1, 1, 8, 1, 1] => QQFieldElem[0, 0, 0, 0],
	[19, 19, 12, 10, 20, 1, 1, 20, 1, 1] => QQFieldElem[-1//3, 0, 2//3, 1//3],
	[19, 19, 12, 10, 21, 1, 1, 17, 1, 1] => QQFieldElem[1//3, 0, -2//3, 1//3],
	[19, 19, 12, 10, 9, 1, 1, 20, 1, 1] => QQFieldElem[0, 0, 0, 0])