Dict(
	[19, 12, 13, 14, 5, 1, 1, 7, 1, 1] => QQFieldElem[-9//80, 0, 0, 3//80],
	[19, 12, 13, 14, 20, 1, 1, 20, 1, 1] => QQFieldElem[-1//3, -1//6, 1//6, 1//6],
	[19, 12, 13, 14, 21, 1, 1, 17, 1, 1] => QQFieldElem[1//15, 1//5, 1//15, -1//15],
	[19, 12, 13, 14, 16, 1, 1, 17, 1, 1] => QQFieldElem[0, 0, 0, 0],
	[19, 12, 13, 14, 17, 1, 1, 17, 1, 1] => QQFieldElem[-1//5, 0, 0, -1//15],
	[19, 12, 13, 14, 4, 1, 1, 21, 1, 1] => QQFieldElem[8//3, 8//3, -8//3, 0],
	[19, 12, 13, 14, 5, 1, 1, 21, 1, 1] => QQFieldElem[-1//2, -1//2, 1//2, 0],
	[19, 12, 13, 14, 4, 1, 1, 9, 1, 1] => QQFieldElem[-1, 0, 0, -1],
	[19, 12, 13, 14, 5, 1, 1, 9, 1, 1] => QQFieldElem[-3//16, 0, 0, -3//16],
	[19, 12, 13, 14, 4, 1, 1, 16, 1, 1] => QQFieldElem[0, 0, 0, 4],
	[19, 12, 13, 14, 5, 1, 1, 16, 1, 1] => QQFieldElem[0, 0, 0, 3//4],
	[19, 12, 13, 14, 21, 1, 1, 7, 1, 1] => QQFieldElem[-1//20, 0, 0, -1//40],
	[19, 12, 13, 14, 20, 1, 1, 17, 1, 1] => QQFieldElem[2//15, -1//5, -1//15, 2//15],
	[19, 12, 13, 14, 16, 1, 1, 7, 1, 1] => QQFieldElem[-9//80, 0, 0, 3//80],
	[19, 12, 13, 14, 17, 1, 1, 7, 1, 1] => QQFieldElem[-1//20, 0, 0, -1//40],
	[19, 12, 13, 14, 4, 1, 1, 20, 1, 1] => QQFieldElem[0, -8//3, 8//3, 8//3],
	[19, 12, 13, 14, 5, 1, 1, 20, 1, 1] => QQFieldElem[0, 1//2, -1//2, -1//2],
	[19, 12, 13, 14, 21, 1, 1, 21, 1, 1] => QQFieldElem[-1//6, 1//6, -1//6, 0],
	[19, 12, 13, 14, 20, 1, 1, 7, 1, 1] => QQFieldElem[-1//20, 0, 0, -1//40],
	[19, 12, 13, 14, 16, 1, 1, 21, 1, 1] => QQFieldElem[0, 0, 0, 0],
	[19, 12, 13, 14, 21, 1, 1, 9, 1, 1] => QQFieldElem[0, 0, 0, 1//8],
	[19, 12, 13, 14, 17, 1, 1, 21, 1, 1] => QQFieldElem[1//6, 1//6, 1//6, 0],
	[19, 12, 13, 14, 16, 1, 1, 9, 1, 1] => QQFieldElem[-3//16, 0, 0, -3//16],
	[19, 12, 13, 14, 4, 1, 1, 17, 1, 1] => QQFieldElem[32//15, 0, 0, -16//15],
	[19, 12, 13, 14, 17, 1, 1, 9, 1, 1] => QQFieldElem[0, 0, 0, 1//8],
	[19, 12, 13, 14, 5, 1, 1, 17, 1, 1] => QQFieldElem[-2//5, 0, 0, 1//5],
	[19, 12, 13, 14, 16, 1, 1, 16, 1, 1] => QQFieldElem[0, 0, 0, -3//4],
	[19, 12, 13, 14, 17, 1, 1, 16, 1, 1] => QQFieldElem[0, 0, 0, 0],
	[19, 12, 13, 14, 21, 1, 1, 16, 1, 1] => QQFieldElem[0, 0, 0, 0],
	[19, 12, 13, 14, 21, 1, 1, 20, 1, 1] => QQFieldElem[0, 1//3, 0, -1//3],
	[19, 12, 13, 14, 20, 1, 1, 21, 1, 1] => QQFieldElem[0, -1//3, 0, 0],
	[19, 12, 13, 14, 16, 1, 1, 20, 1, 1] => QQFieldElem[0, 0, 0, 0],
	[19, 12, 13, 14, 20, 1, 1, 9, 1, 1] => QQFieldElem[0, 0, 0, 1//8],
	[19, 12, 13, 14, 17, 1, 1, 20, 1, 1] => QQFieldElem[1//3, -1//6, -1//6, 1//6],
	[19, 12, 13, 14, 4, 1, 1, 7, 1, 1] => QQFieldElem[-3//5, 0, 0, 1//5],
	[19, 12, 13, 14, 20, 1, 1, 16, 1, 1] => QQFieldElem[0, 0, 0, 0])