Dict(
	[19, 16, 20, 14, 21, 1, 2, 14, 1, 1] => QQFieldElem[0, 0, 3//8, 0],
	[19, 16, 20, 14, 21, 1, 2, 11, 1, 1] => QQFieldElem[1//5, -3//10, -1//10, 1//5],
	[19, 16, 20, 14, 21, 1, 1, 14, 1, 1] => QQFieldElem[0, 0, 0, -3//8],
	[19, 16, 20, 14, 21, 1, 1, 11, 1, 1] => QQFieldElem[1//10, 1//10, 1//5, 1//10],
	[19, 16, 20, 14, 17, 1, 2, 14, 1, 1] => QQFieldElem[-3//16, 0, 0, 3//16],
	[19, 16, 20, 14, 21, 1, 2, 13, 1, 1] => QQFieldElem[1//4, 1//4, 1//4, 0],
	[19, 16, 20, 14, 17, 1, 2, 11, 1, 1] => QQFieldElem[1//20, -1//4, 0, 1//10],
	[19, 16, 20, 14, 17, 1, 1, 11, 1, 1] => QQFieldElem[-4//15, -4//15, -8//15, 16//15],
	[19, 16, 20, 14, 17, 1, 1, 14, 1, 1] => QQFieldElem[0, 1, -1, -1],
	[19, 16, 20, 14, 21, 1, 1, 13, 1, 1] => QQFieldElem[0, -1//4, 1//4, -1//4],
	[19, 16, 20, 14, 17, 1, 2, 13, 1, 1] => QQFieldElem[1//4, -1//4, -1//4, 1//4],
	[19, 16, 20, 14, 17, 1, 1, 13, 1, 1] => QQFieldElem[0, -4//3, 4//3, 0],
	[19, 16, 20, 14, 21, 1, 2, 15, 1, 1] => QQFieldElem[0, 1//2, 0, -1//2],
	[19, 16, 20, 14, 20, 1, 2, 14, 1, 1] => QQFieldElem[-1, 0, 0, 1],
	[19, 16, 20, 14, 21, 1, 1, 15, 1, 1] => QQFieldElem[1//2, 0, 0, 0],
	[19, 16, 20, 14, 20, 1, 1, 14, 1, 1] => QQFieldElem[0, -3//16, 3//16, 3//16],
	[19, 16, 20, 14, 20, 1, 1, 11, 1, 1] => QQFieldElem[3//20, 1//20, 1//10, 0],
	[19, 16, 20, 14, 17, 1, 2, 15, 1, 1] => QQFieldElem[0, -1//4, 1//4, 1//4],
	[19, 16, 20, 14, 21, 1, 2, 12, 1, 1] => QQFieldElem[-3//16, 3//16, 3//16, -3//8],
	[19, 16, 20, 14, 20, 1, 2, 13, 1, 1] => QQFieldElem[0, -4//3, -4//3, 0],
	[19, 16, 20, 14, 21, 1, 1, 12, 1, 1] => QQFieldElem[3//8, 3//16, -3//16, -3//16],
	[19, 16, 20, 14, 20, 1, 1, 13, 1, 1] => QQFieldElem[1//4, 1//4, -1//4, -1//4],
	[19, 16, 20, 14, 17, 1, 1, 15, 1, 1] => QQFieldElem[-4//3, 0, 0, 4//3],
	[19, 16, 20, 14, 17, 1, 2, 12, 1, 1] => QQFieldElem[3//16, 3//16, -3//16, -3//16],
	[19, 16, 20, 14, 20, 1, 2, 11, 1, 1] => QQFieldElem[-4//5, -4//5, 16//15, 8//15],
	[19, 16, 20, 14, 17, 1, 1, 12, 1, 1] => QQFieldElem[0, -1, -1, 0],
	[19, 16, 20, 14, 20, 1, 2, 15, 1, 1] => QQFieldElem[0, 4//3, -4//3, -4//3],
	[19, 16, 20, 14, 20, 1, 1, 15, 1, 1] => QQFieldElem[-1//4, 0, 0, 1//4],
	[19, 16, 20, 14, 20, 1, 2, 12, 1, 1] => QQFieldElem[0, -1, 1, 0],
	[19, 16, 20, 14, 20, 1, 1, 12, 1, 1] => QQFieldElem[3//16, -3//16, -3//16, 3//16],
	[19, 16, 20, 14, 21, 1, 2, 10, 1, 1] => QQFieldElem[-3//20, -3//40, 9//40, 3//20],
	[19, 16, 20, 14, 21, 1, 1, 10, 1, 1] => QQFieldElem[3//40, -3//40, -3//20, 9//40],
	[19, 16, 20, 14, 17, 1, 2, 10, 1, 1] => QQFieldElem[9//80, 3//80, 3//40, 0],
	[19, 16, 20, 14, 17, 1, 1, 10, 1, 1] => QQFieldElem[-3//5, -3//5, 4//5, 2//5],
	[19, 16, 20, 14, 20, 1, 2, 10, 1, 1] => QQFieldElem[-1//5, -1//5, -2//5, 4//5],
	[19, 16, 20, 14, 20, 1, 1, 10, 1, 1] => QQFieldElem[3//80, -3//16, 0, 3//40])