Dict(
	[20, 10, 16, 13, 19, 1, 1, 10, 1, 1] => QQFieldElem[0, 0, 2, 0],
	[20, 10, 16, 13, 11, 1, 1, 10, 1, 1] => QQFieldElem[0, 0, 0, 0],
	[20, 10, 16, 13, 14, 1, 1, 15, 1, 1] => QQFieldElem[1//8, 0, -1//8, 0],
	[20, 10, 16, 13, 13, 1, 1, 18, 1, 1] => QQFieldElem[0, 0, -1//64, 0],
	[20, 10, 16, 13, 18, 1, 1, 18, 1, 1] => QQFieldElem[1//8, 0, -1//8, 0],
	[20, 10, 16, 13, 14, 1, 1, 19, 1, 1] => QQFieldElem[0, 0, 0, 0],
	[20, 10, 16, 13, 14, 1, 1, 12, 1, 1] => QQFieldElem[0, 0, 24, 0],
	[20, 10, 16, 13, 15, 1, 1, 10, 1, 1] => QQFieldElem[0, 0, -2, 0],
	[20, 10, 16, 13, 19, 1, 1, 18, 1, 1] => QQFieldElem[-1//8, 0, 1//8, 0],
	[20, 10, 16, 13, 11, 1, 1, 18, 1, 1] => QQFieldElem[0, 0, 1//384, 0],
	[20, 10, 16, 13, 15, 1, 1, 18, 1, 1] => QQFieldElem[0, 0, 0, 0],
	[20, 10, 16, 13, 13, 1, 1, 14, 1, 1] => QQFieldElem[0, 0, -1//64, 0],
	[20, 10, 16, 13, 18, 1, 1, 14, 1, 1] => QQFieldElem[0, 0, 0, 0],
	[20, 10, 16, 13, 19, 1, 1, 14, 1, 1] => QQFieldElem[0, 0, 0, 0],
	[20, 10, 16, 13, 11, 1, 1, 14, 1, 1] => QQFieldElem[0, 0, -1//384, 0],
	[20, 10, 16, 13, 14, 1, 1, 10, 1, 1] => QQFieldElem[0, 0, -2, 0],
	[20, 10, 16, 13, 15, 1, 1, 14, 1, 1] => QQFieldElem[1//8, 0, -1//8, 0],
	[20, 10, 16, 13, 13, 1, 1, 15, 1, 1] => QQFieldElem[0, 0, -1//64, 0],
	[20, 10, 16, 13, 18, 1, 1, 15, 1, 1] => QQFieldElem[0, 0, 0, 0],
	[20, 10, 16, 13, 13, 1, 1, 19, 1, 1] => QQFieldElem[0, 0, -1//64, 0],
	[20, 10, 16, 13, 13, 1, 1, 12, 1, 1] => QQFieldElem[0, 0, 0, 0],
	[20, 10, 16, 13, 18, 1, 1, 12, 1, 1] => QQFieldElem[0, 0, 24, 0],
	[20, 10, 16, 13, 18, 1, 1, 19, 1, 1] => QQFieldElem[-1//8, 0, 1//8, 0],
	[20, 10, 16, 13, 11, 1, 1, 15, 1, 1] => QQFieldElem[0, 0, -1//384, 0],
	[20, 10, 16, 13, 14, 1, 1, 18, 1, 1] => QQFieldElem[0, 0, 0, 0],
	[20, 10, 16, 13, 19, 1, 1, 19, 1, 1] => QQFieldElem[1//8, 0, -1//8, 0],
	[20, 10, 16, 13, 19, 1, 1, 12, 1, 1] => QQFieldElem[0, 0, 24, 0],
	[20, 10, 16, 13, 15, 1, 1, 15, 1, 1] => QQFieldElem[-1//8, 0, 1//8, 0],
	[20, 10, 16, 13, 11, 1, 1, 12, 1, 1] => QQFieldElem[0, 0, 0, 0],
	[20, 10, 16, 13, 11, 1, 1, 19, 1, 1] => QQFieldElem[0, 0, 1//384, 0],
	[20, 10, 16, 13, 19, 1, 1, 15, 1, 1] => QQFieldElem[0, 0, 0, 0],
	[20, 10, 16, 13, 15, 1, 1, 19, 1, 1] => QQFieldElem[0, 0, 0, 0],
	[20, 10, 16, 13, 15, 1, 1, 12, 1, 1] => QQFieldElem[0, 0, 24, 0],
	[20, 10, 16, 13, 14, 1, 1, 14, 1, 1] => QQFieldElem[-1//8, 0, 1//8, 0],
	[20, 10, 16, 13, 13, 1, 1, 10, 1, 1] => QQFieldElem[0, 0, 0, 0],
	[20, 10, 16, 13, 18, 1, 1, 10, 1, 1] => QQFieldElem[0, 0, 2, 0])