Dict(
	[20, 19, 16, 12, 11, 1, 1, 15, 1, 1] => QQFieldElem[-1//24, 0, 1//24, 0],
	[20, 19, 16, 12, 11, 1, 1, 19, 1, 1] => QQFieldElem[0, 0, 0, 0],
	[20, 19, 16, 12, 15, 1, 1, 15, 1, 1] => QQFieldElem[3//16, 3//8, 0, -3//16],
	[20, 19, 16, 12, 12, 1, 1, 18, 1, 1] => QQFieldElem[0, 1//2, 0, 0],
	[20, 19, 16, 12, 15, 1, 1, 19, 1, 1] => QQFieldElem[1//2, 1//2, 0, 0],
	[20, 19, 16, 12, 14, 1, 1, 14, 1, 1] => QQFieldElem[0, 0, 0, 0],
	[20, 19, 16, 12, 14, 1, 1, 11, 1, 1] => QQFieldElem[0, 0, 0, 0],
	[20, 19, 16, 12, 10, 1, 1, 18, 1, 1] => QQFieldElem[0, 0, 0, 0],
	[20, 19, 16, 12, 14, 1, 1, 13, 1, 1] => QQFieldElem[1//4, 0, 0, -1//4],
	[20, 19, 16, 12, 12, 1, 1, 14, 1, 1] => QQFieldElem[0, -1//4, 1//4, 1//4],
	[20, 19, 16, 12, 12, 1, 1, 11, 1, 1] => QQFieldElem[0, -3//16, 3//16, 3//16],
	[20, 19, 16, 12, 14, 1, 1, 15, 1, 1] => QQFieldElem[3//16, 0, 0, -3//16],
	[20, 19, 16, 12, 12, 1, 1, 13, 1, 1] => QQFieldElem[0, 0, 0, 0],
	[20, 19, 16, 12, 13, 1, 1, 18, 1, 1] => QQFieldElem[1//2, -1//2, 0, 1//2],
	[20, 19, 16, 12, 10, 1, 1, 14, 1, 1] => QQFieldElem[-1//12, 0, 1//12, 0],
	[20, 19, 16, 12, 10, 1, 1, 11, 1, 1] => QQFieldElem[1//16, 0, -1//16, 0],
	[20, 19, 16, 12, 14, 1, 1, 19, 1, 1] => QQFieldElem[0, -1//2, 0, 1//2],
	[20, 19, 16, 12, 11, 1, 1, 18, 1, 1] => QQFieldElem[0, 0, 0, 0],
	[20, 19, 16, 12, 12, 1, 1, 15, 1, 1] => QQFieldElem[0, 0, 0, 0],
	[20, 19, 16, 12, 10, 1, 1, 13, 1, 1] => QQFieldElem[-1//12, 0, 1//12, 0],
	[20, 19, 16, 12, 12, 1, 1, 19, 1, 1] => QQFieldElem[1//2, 0, -1//2, 0],
	[20, 19, 16, 12, 15, 1, 1, 18, 1, 1] => QQFieldElem[1//2, 0, -1//2, -1//2],
	[20, 19, 16, 12, 13, 1, 1, 11, 1, 1] => QQFieldElem[3//8, -3//16, -3//16, 3//16],
	[20, 19, 16, 12, 13, 1, 1, 14, 1, 1] => QQFieldElem[1//2, -1//4, -1//4, 1//4],
	[20, 19, 16, 12, 10, 1, 1, 15, 1, 1] => QQFieldElem[1//16, 0, -1//16, 0],
	[20, 19, 16, 12, 13, 1, 1, 13, 1, 1] => QQFieldElem[0, 0, 0, 0],
	[20, 19, 16, 12, 11, 1, 1, 14, 1, 1] => QQFieldElem[-1//18, 0, 1//18, 0],
	[20, 19, 16, 12, 11, 1, 1, 11, 1, 1] => QQFieldElem[1//24, 0, -1//24, 0],
	[20, 19, 16, 12, 10, 1, 1, 19, 1, 1] => QQFieldElem[0, 0, 0, 0],
	[20, 19, 16, 12, 15, 1, 1, 14, 1, 1] => QQFieldElem[0, 0, 0, 0],
	[20, 19, 16, 12, 11, 1, 1, 13, 1, 1] => QQFieldElem[1//18, 0, -1//18, 0],
	[20, 19, 16, 12, 13, 1, 1, 15, 1, 1] => QQFieldElem[0, 0, 0, 0],
	[20, 19, 16, 12, 15, 1, 1, 11, 1, 1] => QQFieldElem[0, 0, 0, 0],
	[20, 19, 16, 12, 15, 1, 1, 13, 1, 1] => QQFieldElem[1//4, 1//2, 0, -1//4],
	[20, 19, 16, 12, 13, 1, 1, 19, 1, 1] => QQFieldElem[0, 0, 1//2, -1//2],
	[20, 19, 16, 12, 14, 1, 1, 18, 1, 1] => QQFieldElem[0, 0, 1//2, 0])