Dict(
	[20, 13, 14, 20, 20, 2, 1, 12, 1, 1] => QQFieldElem[2, 0, 0, 2],
	[20, 13, 14, 20, 16, 1, 1, 10, 1, 1] => QQFieldElem[-1//3, 0, 1//6, 0],
	[20, 13, 14, 20, 7, 1, 1, 14, 1, 1] => QQFieldElem[4//3, 0, -2//3, 0],
	[20, 13, 14, 20, 7, 1, 1, 13, 1, 1] => QQFieldElem[2//3, 0, 0, 0],
	[20, 13, 14, 20, 16, 1, 1, 18, 1, 1] => QQFieldElem[0, 0, 0, 0],
	[20, 13, 14, 20, 20, 1, 1, 10, 1, 1] => QQFieldElem[0, 0, 0, 0],
	[20, 13, 14, 20, 9, 1, 1, 10, 1, 1] => QQFieldElem[0, 0, 0, 0],
	[20, 13, 14, 20, 21, 1, 1, 14, 1, 1] => QQFieldElem[-1//16, -1//16, 1//16, 0],
	[20, 13, 14, 20, 20, 1, 1, 18, 1, 1] => QQFieldElem[1//8, 0, -1//8, 0],
	[20, 13, 14, 20, 21, 1, 1, 13, 1, 1] => QQFieldElem[0, 1//16, 1//16, -1//16],
	[20, 13, 14, 20, 9, 1, 1, 18, 1, 1] => QQFieldElem[1//8, 0, 0, 0],
	[20, 13, 14, 20, 16, 2, 1, 14, 1, 1] => QQFieldElem[0, 0, 2//3, 0],
	[20, 13, 14, 20, 16, 2, 1, 13, 1, 1] => QQFieldElem[-2//3, 0, 2//3, 0],
	[20, 13, 14, 20, 17, 1, 1, 15, 1, 1] => QQFieldElem[0, 0, 0, 0],
	[20, 13, 14, 20, 20, 2, 1, 14, 1, 1] => QQFieldElem[-1//16, 1//16, 1//16, 0],
	[20, 13, 14, 20, 17, 1, 1, 12, 1, 1] => QQFieldElem[-4, 0, 0, 0],
	[20, 13, 14, 20, 20, 2, 1, 13, 1, 1] => QQFieldElem[0, -1//16, 1//16, 1//16],
	[20, 13, 14, 20, 7, 1, 1, 11, 1, 1] => QQFieldElem[0, 0, 0, 0],
	[20, 13, 14, 20, 21, 1, 1, 11, 1, 1] => QQFieldElem[0, 0, 0, 0],
	[20, 13, 14, 20, 7, 1, 1, 19, 1, 1] => QQFieldElem[2//3, 0, 2//3, 0],
	[20, 13, 14, 20, 17, 1, 1, 14, 1, 1] => QQFieldElem[0, 0, -1//8, 0],
	[20, 13, 14, 20, 16, 2, 1, 11, 1, 1] => QQFieldElem[0, 0, -2//3, 0],
	[20, 13, 14, 20, 17, 1, 1, 13, 1, 1] => QQFieldElem[1//8, 0, -1//8, 0],
	[20, 13, 14, 20, 16, 1, 1, 15, 1, 1] => QQFieldElem[0, 0, 0, 0],
	[20, 13, 14, 20, 21, 1, 1, 19, 1, 1] => QQFieldElem[1//16, 0, 0, 1//16],
	[20, 13, 14, 20, 20, 2, 1, 11, 1, 1] => QQFieldElem[0, 0, 0, 0],
	[20, 13, 14, 20, 16, 1, 1, 12, 1, 1] => QQFieldElem[-4, 0, 4, 0],
	[20, 13, 14, 20, 7, 1, 1, 10, 1, 1] => QQFieldElem[16//9, 0, -8//9, 0],
	[20, 13, 14, 20, 16, 2, 1, 19, 1, 1] => QQFieldElem[2//3, 0, -2//3, 0],
	[20, 13, 14, 20, 20, 1, 1, 15, 1, 1] => QQFieldElem[0, 0, 0, 0],
	[20, 13, 14, 20, 7, 1, 1, 18, 1, 1] => QQFieldElem[0, 0, 0, 0],
	[20, 13, 14, 20, 9, 1, 1, 15, 1, 1] => QQFieldElem[-3//32, 0, 0, 0],
	[20, 13, 14, 20, 20, 1, 1, 12, 1, 1] => QQFieldElem[4, 0, -4, 0],
	[20, 13, 14, 20, 9, 1, 1, 12, 1, 1] => QQFieldElem[-4, 0, 0, 0],
	[20, 13, 14, 20, 20, 2, 1, 19, 1, 1] => QQFieldElem[1//16, 0, 0, -1//16],
	[20, 13, 14, 20, 21, 1, 1, 10, 1, 1] => QQFieldElem[-1//12, -1//12, -1//12, 1//6],
	[20, 13, 14, 20, 16, 2, 1, 10, 1, 1] => QQFieldElem[0, 0, 0, 0],
	[20, 13, 14, 20, 21, 1, 1, 18, 1, 1] => QQFieldElem[0, 0, 0, 0],
	[20, 13, 14, 20, 16, 2, 1, 18, 1, 1] => QQFieldElem[2//3, 0, 0, 0],
	[20, 13, 14, 20, 20, 2, 1, 10, 1, 1] => QQFieldElem[-1//12, 1//12, -1//12, -1//6],
	[20, 13, 14, 20, 16, 1, 1, 14, 1, 1] => QQFieldElem[1//4, 0, -1//8, 0],
	[20, 13, 14, 20, 17, 1, 1, 11, 1, 1] => QQFieldElem[0, 0, -1//8, 0],
	[20, 13, 14, 20, 20, 2, 1, 18, 1, 1] => QQFieldElem[0, 0, 0, 0],
	[20, 13, 14, 20, 16, 1, 1, 13, 1, 1] => QQFieldElem[-1//8, 0, 0, 0],
	[20, 13, 14, 20, 20, 1, 1, 14, 1, 1] => QQFieldElem[-1//8, 0, 0, 0],
	[20, 13, 14, 20, 9, 1, 1, 14, 1, 1] => QQFieldElem[0, 0, 1//8, 0],
	[20, 13, 14, 20, 20, 1, 1, 13, 1, 1] => QQFieldElem[0, 0, 1//8, 0],
	[20, 13, 14, 20, 17, 1, 1, 19, 1, 1] => QQFieldElem[-1//8, 0, 1//8, 0],
	[20, 13, 14, 20, 9, 1, 1, 13, 1, 1] => QQFieldElem[1//8, 0, -1//8, 0],
	[20, 13, 14, 20, 17, 1, 1, 10, 1, 1] => QQFieldElem[0, 0, 0, 0],
	[20, 13, 14, 20, 17, 1, 1, 18, 1, 1] => QQFieldElem[1//8, 0, 0, 0],
	[20, 13, 14, 20, 7, 1, 1, 15, 1, 1] => QQFieldElem[0, 0, 0, 0],
	[20, 13, 14, 20, 16, 1, 1, 11, 1, 1] => QQFieldElem[0, 0, 0, 0],
	[20, 13, 14, 20, 7, 1, 1, 12, 1, 1] => QQFieldElem[64//3, 0, -64//3, 0],
	[20, 13, 14, 20, 21, 1, 1, 15, 1, 1] => QQFieldElem[0, -3//64, 3//64, 3//64],
	[20, 13, 14, 20, 20, 1, 1, 11, 1, 1] => QQFieldElem[1//8, 0, 0, 0],
	[20, 13, 14, 20, 9, 1, 1, 11, 1, 1] => QQFieldElem[0, 0, 1//8, 0],
	[20, 13, 14, 20, 21, 1, 1, 12, 1, 1] => QQFieldElem[2, 0, 0, -2],
	[20, 13, 14, 20, 16, 1, 1, 19, 1, 1] => QQFieldElem[1//8, 0, 1//8, 0],
	[20, 13, 14, 20, 16, 2, 1, 15, 1, 1] => QQFieldElem[-1//2, 0, 0, 0],
	[20, 13, 14, 20, 16, 2, 1, 12, 1, 1] => QQFieldElem[64//3, 0, 0, 0],
	[20, 13, 14, 20, 20, 1, 1, 19, 1, 1] => QQFieldElem[0, 0, 1//8, 0],
	[20, 13, 14, 20, 20, 2, 1, 15, 1, 1] => QQFieldElem[0, 3//64, 3//64, -3//64],
	[20, 13, 14, 20, 9, 1, 1, 19, 1, 1] => QQFieldElem[1//8, 0, -1//8, 0])