Dict(
	[20, 10, 10, 17, 20, 1, 1, 19, 1, 1] => QQFieldElem[0, 0, -1//16, 0],
	[20, 10, 10, 17, 7, 1, 1, 14, 1, 1] => QQFieldElem[2//3, 0, 0, 0],
	[20, 10, 10, 17, 3, 1, 1, 15, 1, 1] => QQFieldElem[2//3, 0, 0, 0],
	[20, 10, 10, 17, 21, 2, 1, 10, 1, 1] => QQFieldElem[-1//32, 0, 1//32, 0],
	[20, 10, 10, 17, 7, 1, 1, 13, 1, 1] => QQFieldElem[-16//9, 0, 8//9, 0],
	[20, 10, 10, 17, 3, 1, 1, 12, 1, 1] => QQFieldElem[0, 0, 8//3, 0],
	[20, 10, 10, 17, 21, 2, 1, 18, 1, 1] => QQFieldElem[0, 0, 0, 0],
	[20, 10, 10, 17, 20, 1, 1, 10, 1, 1] => QQFieldElem[-1//32, 0, 1//32, 0],
	[20, 10, 10, 17, 21, 1, 1, 14, 1, 1] => QQFieldElem[0, -1//16, 0, -1//16],
	[20, 10, 10, 17, 20, 1, 1, 18, 1, 1] => QQFieldElem[0, 0, 3//64, 0],
	[20, 10, 10, 17, 21, 1, 1, 13, 1, 1] => QQFieldElem[-1//12, 0, -1//12, 0],
	[20, 10, 10, 17, 17, 1, 1, 15, 1, 1] => QQFieldElem[0, 0, -1//16, 0],
	[20, 10, 10, 17, 6, 1, 1, 11, 1, 1] => QQFieldElem[-3//56, 0, -3//112, 0],
	[20, 10, 10, 17, 17, 1, 1, 12, 1, 1] => QQFieldElem[1//4, 0, -1//4, 0],
	[20, 10, 10, 17, 3, 1, 1, 14, 1, 1] => QQFieldElem[2//3, 0, 0, 0],
	[20, 10, 10, 17, 6, 1, 1, 19, 1, 1] => QQFieldElem[-1//16, 0, -1//16, 0],
	[20, 10, 10, 17, 3, 1, 1, 13, 1, 1] => QQFieldElem[16//9, 0, -8//9, 0],
	[20, 10, 10, 17, 7, 1, 1, 11, 1, 1] => QQFieldElem[-2//7, 0, -1//7, 0],
	[20, 10, 10, 17, 4, 1, 1, 15, 1, 1] => QQFieldElem[-1//8, 0, 0, 0],
	[20, 10, 10, 17, 4, 1, 1, 12, 1, 1] => QQFieldElem[0, 0, -1//2, 0],
	[20, 10, 10, 17, 6, 1, 1, 10, 1, 1] => QQFieldElem[0, 0, -1//16, 0],
	[20, 10, 10, 17, 21, 1, 1, 11, 1, 1] => QQFieldElem[3//224, 0, -9//224, 0],
	[20, 10, 10, 17, 7, 1, 1, 19, 1, 1] => QQFieldElem[1//3, 0, -1//3, 0],
	[20, 10, 10, 17, 17, 1, 1, 14, 1, 1] => QQFieldElem[0, 0, -1//16, 0],
	[20, 10, 10, 17, 6, 1, 1, 18, 1, 1] => QQFieldElem[3//64, 0, -3//64, 0],
	[20, 10, 10, 17, 17, 1, 1, 13, 1, 1] => QQFieldElem[1//12, 0, 1//12, 0],
	[20, 10, 10, 17, 21, 1, 1, 19, 1, 1] => QQFieldElem[0, 0, 0, 0],
	[20, 10, 10, 17, 21, 2, 1, 15, 1, 1] => QQFieldElem[0, -1//16, 0, -1//16],
	[20, 10, 10, 17, 7, 1, 1, 10, 1, 1] => QQFieldElem[0, 0, -1//3, 0],
	[20, 10, 10, 17, 21, 2, 1, 12, 1, 1] => QQFieldElem[-1//4, 0, 1//4, 0],
	[20, 10, 10, 17, 20, 1, 1, 15, 1, 1] => QQFieldElem[0, 0, 1//16, 0],
	[20, 10, 10, 17, 7, 1, 1, 18, 1, 1] => QQFieldElem[-1//4, 0, -1//4, 0],
	[20, 10, 10, 17, 3, 1, 1, 11, 1, 1] => QQFieldElem[-2//7, 0, -1//7, 0],
	[20, 10, 10, 17, 20, 1, 1, 12, 1, 1] => QQFieldElem[1//4, 0, -1//4, 0],
	[20, 10, 10, 17, 4, 1, 1, 14, 1, 1] => QQFieldElem[-1//8, 0, 0, 0],
	[20, 10, 10, 17, 21, 1, 1, 10, 1, 1] => QQFieldElem[-1//32, 0, 1//32, 0],
	[20, 10, 10, 17, 4, 1, 1, 13, 1, 1] => QQFieldElem[-1//3, 0, 1//6, 0],
	[20, 10, 10, 17, 21, 1, 1, 18, 1, 1] => QQFieldElem[0, 0, 0, 0],
	[20, 10, 10, 17, 3, 1, 1, 19, 1, 1] => QQFieldElem[1//3, 0, 1//3, 0],
	[20, 10, 10, 17, 17, 1, 1, 11, 1, 1] => QQFieldElem[3//224, 0, -9//224, 0],
	[20, 10, 10, 17, 21, 2, 1, 14, 1, 1] => QQFieldElem[0, 1//16, 0, 1//16],
	[20, 10, 10, 17, 21, 2, 1, 13, 1, 1] => QQFieldElem[-1//12, 0, -1//12, 0],
	[20, 10, 10, 17, 3, 1, 1, 10, 1, 1] => QQFieldElem[0, 0, -1//3, 0],
	[20, 10, 10, 17, 20, 1, 1, 14, 1, 1] => QQFieldElem[0, 0, 1//16, 0],
	[20, 10, 10, 17, 3, 1, 1, 18, 1, 1] => QQFieldElem[-1//4, 0, 1//4, 0],
	[20, 10, 10, 17, 20, 1, 1, 13, 1, 1] => QQFieldElem[1//12, 0, 1//12, 0],
	[20, 10, 10, 17, 17, 1, 1, 19, 1, 1] => QQFieldElem[0, 0, 1//16, 0],
	[20, 10, 10, 17, 6, 1, 1, 15, 1, 1] => QQFieldElem[-1//8, 0, 0, 0],
	[20, 10, 10, 17, 4, 1, 1, 11, 1, 1] => QQFieldElem[-3//56, 0, -3//112, 0],
	[20, 10, 10, 17, 6, 1, 1, 12, 1, 1] => QQFieldElem[0, 0, 1//2, 0],
	[20, 10, 10, 17, 17, 1, 1, 10, 1, 1] => QQFieldElem[-1//32, 0, 1//32, 0],
	[20, 10, 10, 17, 17, 1, 1, 18, 1, 1] => QQFieldElem[0, 0, -3//64, 0],
	[20, 10, 10, 17, 4, 1, 1, 19, 1, 1] => QQFieldElem[-1//16, 0, 1//16, 0],
	[20, 10, 10, 17, 7, 1, 1, 15, 1, 1] => QQFieldElem[2//3, 0, 0, 0],
	[20, 10, 10, 17, 7, 1, 1, 12, 1, 1] => QQFieldElem[0, 0, -8//3, 0],
	[20, 10, 10, 17, 21, 2, 1, 11, 1, 1] => QQFieldElem[3//224, 0, -9//224, 0],
	[20, 10, 10, 17, 21, 1, 1, 15, 1, 1] => QQFieldElem[0, 1//16, 0, 1//16],
	[20, 10, 10, 17, 4, 1, 1, 10, 1, 1] => QQFieldElem[0, 0, -1//16, 0],
	[20, 10, 10, 17, 20, 1, 1, 11, 1, 1] => QQFieldElem[3//224, 0, -9//224, 0],
	[20, 10, 10, 17, 6, 1, 1, 14, 1, 1] => QQFieldElem[-1//8, 0, 0, 0],
	[20, 10, 10, 17, 21, 1, 1, 12, 1, 1] => QQFieldElem[-1//4, 0, 1//4, 0],
	[20, 10, 10, 17, 4, 1, 1, 18, 1, 1] => QQFieldElem[3//64, 0, 3//64, 0],
	[20, 10, 10, 17, 21, 2, 1, 19, 1, 1] => QQFieldElem[0, 0, 0, 0],
	[20, 10, 10, 17, 6, 1, 1, 13, 1, 1] => QQFieldElem[1//3, 0, -1//6, 0])