Dict(
	[20, 16, 20, 20, 20, 1, 1, 21, 2, 1] => QQFieldElem[0, 0, 0, 0],
	[20, 16, 20, 20, 20, 2, 2, 21, 2, 1] => QQFieldElem[1//96, 0, -1//48, 0],
	[20, 16, 20, 20, 17, 1, 1, 20, 2, 1] => QQFieldElem[1//256, 0, -1//128, 0],
	[20, 16, 20, 20, 17, 1, 2, 17, 1, 1] => QQFieldElem[-1//4, 0, 1//8, 0],
	[20, 16, 20, 20, 17, 1, 2, 17, 2, 1] => QQFieldElem[3//256, 0, -3//256, 0],
	[20, 16, 20, 20, 17, 1, 2, 20, 1, 2] => QQFieldElem[3//8, 0, 0, 0],
	[20, 16, 20, 20, 17, 1, 2, 21, 1, 1] => QQFieldElem[0, 0, 0, 0],
	[20, 16, 20, 20, 17, 1, 2, 20, 2, 2] => QQFieldElem[3//32, 0, 0, 0],
	[20, 16, 20, 20, 21, 1, 2, 20, 1, 1] => QQFieldElem[1//12, 0, 1//12, 0],
	[20, 16, 20, 20, 17, 1, 2, 21, 2, 1] => QQFieldElem[-3//128, 0, 3//128, 0],
	[20, 16, 20, 20, 21, 1, 2, 20, 2, 1] => QQFieldElem[1//192, 0, 0, 0],
	[20, 16, 20, 20, 20, 1, 1, 20, 1, 1] => QQFieldElem[-3//512, 0, 3//512, 0],
	[20, 16, 20, 20, 21, 1, 1, 17, 1, 1] => QQFieldElem[2//3, 0, 2//3, 0],
	[20, 16, 20, 20, 20, 2, 2, 20, 1, 1] => QQFieldElem[-1//256, 0, 1//128, 0],
	[20, 16, 20, 20, 20, 1, 1, 20, 2, 1] => QQFieldElem[-2//3, 0, 0, 0],
	[20, 16, 20, 20, 20, 1, 2, 17, 1, 1] => QQFieldElem[0, 0, 0, 0],
	[20, 16, 20, 20, 21, 1, 1, 17, 2, 1] => QQFieldElem[0, 0, 0, 0],
	[20, 16, 20, 20, 20, 2, 2, 20, 2, 1] => QQFieldElem[-1//8, 0, 1//8, 0],
	[20, 16, 20, 20, 21, 1, 1, 20, 1, 2] => QQFieldElem[0, 0, 0, 0],
	[20, 16, 20, 20, 20, 2, 1, 17, 1, 1] => QQFieldElem[-1//8, 0, 5//8, 0],
	[20, 16, 20, 20, 20, 1, 2, 17, 2, 1] => QQFieldElem[5//144, 0, -7//144, 0],
	[20, 16, 20, 20, 21, 1, 1, 21, 1, 1] => QQFieldElem[4//3, 0, -4//3, 0],
	[20, 16, 20, 20, 20, 1, 2, 20, 1, 2] => QQFieldElem[-1//192, 0, 0, 0],
	[20, 16, 20, 20, 20, 2, 1, 17, 2, 1] => QQFieldElem[0, 0, 1//2, 0],
	[20, 16, 20, 20, 21, 1, 1, 20, 2, 2] => QQFieldElem[1//192, 0, 0, 0],
	[20, 16, 20, 20, 20, 2, 1, 20, 1, 2] => QQFieldElem[1//16, 0, 1//16, 0],
	[20, 16, 20, 20, 21, 1, 1, 21, 2, 1] => QQFieldElem[-1//96, 0, -1//96, 0],
	[20, 16, 20, 20, 20, 1, 2, 21, 1, 1] => QQFieldElem[0, 0, 0, 0],
	[20, 16, 20, 20, 20, 1, 2, 20, 2, 2] => QQFieldElem[-1//256, 0, 1//256, 0],
	[20, 16, 20, 20, 17, 1, 2, 20, 1, 1] => QQFieldElem[-3//64, 0, -9//64, 0],
	[20, 16, 20, 20, 20, 2, 1, 21, 1, 1] => QQFieldElem[-1//4, 0, -1//4, 0],
	[20, 16, 20, 20, 20, 2, 1, 20, 2, 2] => QQFieldElem[0, 0, 0, 0],
	[20, 16, 20, 20, 20, 1, 2, 21, 2, 1] => QQFieldElem[-1//72, 0, -1//72, 0],
	[20, 16, 20, 20, 17, 1, 2, 20, 2, 1] => QQFieldElem[3//512, 0, -3//256, 0],
	[20, 16, 20, 20, 20, 2, 1, 21, 2, 1] => QQFieldElem[0, 0, 0, 0],
	[20, 16, 20, 20, 17, 1, 1, 17, 1, 1] => QQFieldElem[0, 0, 0, 0],
	[20, 16, 20, 20, 17, 1, 1, 17, 2, 1] => QQFieldElem[-1//64, 0, 1//64, 0],
	[20, 16, 20, 20, 17, 1, 1, 20, 1, 2] => QQFieldElem[1//4, 0, 0, 0],
	[20, 16, 20, 20, 17, 1, 1, 21, 1, 1] => QQFieldElem[0, 0, 0, 0],
	[20, 16, 20, 20, 17, 1, 1, 20, 2, 2] => QQFieldElem[3//1024, 0, 3//1024, 0],
	[20, 16, 20, 20, 21, 1, 1, 20, 1, 1] => QQFieldElem[-1//384, 0, 1//128, 0],
	[20, 16, 20, 20, 17, 1, 1, 21, 2, 1] => QQFieldElem[-1//32, 0, 0, 0],
	[20, 16, 20, 20, 21, 1, 1, 20, 2, 1] => QQFieldElem[1//72, 0, 0, 0],
	[20, 16, 20, 20, 21, 1, 2, 17, 1, 1] => QQFieldElem[1//2, 0, 1//2, 0],
	[20, 16, 20, 20, 20, 1, 2, 20, 1, 1] => QQFieldElem[-1//96, 0, 1//48, 0],
	[20, 16, 20, 20, 20, 2, 1, 20, 1, 1] => QQFieldElem[3//16, 0, 1//16, 0],
	[20, 16, 20, 20, 20, 1, 2, 20, 2, 1] => QQFieldElem[1//256, 0, -1//128, 0],
	[20, 16, 20, 20, 21, 1, 2, 17, 2, 1] => QQFieldElem[0, 0, 0, 0],
	[20, 16, 20, 20, 20, 1, 1, 17, 1, 1] => QQFieldElem[-5//6, 0, 1//6, 0],
	[20, 16, 20, 20, 21, 1, 2, 20, 1, 2] => QQFieldElem[0, 0, 0, 0],
	[20, 16, 20, 20, 20, 2, 2, 17, 1, 1] => QQFieldElem[0, 0, 0, 0],
	[20, 16, 20, 20, 20, 2, 1, 20, 2, 1] => QQFieldElem[-1//4, 0, 0, 0],
	[20, 16, 20, 20, 21, 1, 2, 21, 1, 1] => QQFieldElem[1, 0, 0, 0],
	[20, 16, 20, 20, 20, 1, 1, 17, 2, 1] => QQFieldElem[-1//48, 0, 1//96, 0],
	[20, 16, 20, 20, 21, 1, 2, 20, 2, 2] => QQFieldElem[1//6, 0, 1//6, 0],
	[20, 16, 20, 20, 20, 2, 2, 17, 2, 1] => QQFieldElem[7//192, 0, -5//192, 0],
	[20, 16, 20, 20, 20, 1, 1, 20, 1, 2] => QQFieldElem[-3//512, 0, 1//512, 0],
	[20, 16, 20, 20, 20, 2, 2, 20, 1, 2] => QQFieldElem[-1//128, 0, 0, 0],
	[20, 16, 20, 20, 21, 1, 2, 21, 2, 1] => QQFieldElem[0, 0, 0, 0],
	[20, 16, 20, 20, 20, 1, 1, 21, 1, 1] => QQFieldElem[1//3, 0, -2//3, 0],
	[20, 16, 20, 20, 20, 2, 2, 21, 1, 1] => QQFieldElem[1//4, 0, 1//4, 0],
	[20, 16, 20, 20, 17, 1, 1, 20, 1, 1] => QQFieldElem[9//2048, 0, -9//2048, 0],
	[20, 16, 20, 20, 20, 1, 1, 20, 2, 2] => QQFieldElem[0, 0, 0, 0],
	[20, 16, 20, 20, 20, 2, 2, 20, 2, 2] => QQFieldElem[1//8, 0, -1//4, 0])