Dict(
	[21, 8, 16, 20, 9, 1, 1, 17, 1, 1] => QQFieldElem[-1//192, 0, 1//96, 0],
	[21, 8, 16, 20, 4, 1, 1, 20, 1, 1] => QQFieldElem[3//4096, 0, 3//4096, 0],
	[21, 8, 16, 20, 7, 1, 1, 17, 1, 2] => QQFieldElem[4//7, 0, -5//7, 0],
	[21, 8, 16, 20, 16, 1, 1, 20, 1, 2] => QQFieldElem[-1//192, 0, -1//192, 0],
	[21, 8, 16, 20, 5, 1, 1, 20, 1, 1] => QQFieldElem[1//256, 0, 1//128, 0],
	[21, 8, 16, 20, 9, 1, 1, 21, 1, 2] => QQFieldElem[1//2, 0, 0, 0],
	[21, 8, 16, 20, 16, 2, 1, 20, 1, 2] => QQFieldElem[1//3, 0, -1//6, 0],
	[21, 8, 16, 20, 7, 1, 1, 20, 1, 1] => QQFieldElem[-3//4096, 0, -3//4096, 0],
	[21, 8, 16, 20, 16, 1, 1, 21, 1, 1] => QQFieldElem[1//18, 0, -1//18, 0],
	[21, 8, 16, 20, 4, 1, 1, 17, 1, 1] => QQFieldElem[11//448, 0, 1//224, 0],
	[21, 8, 16, 20, 16, 2, 1, 21, 1, 1] => QQFieldElem[16//9, 0, 16//9, 0],
	[21, 8, 16, 20, 16, 1, 1, 17, 1, 2] => QQFieldElem[-1//96, 0, -1//96, 0],
	[21, 8, 16, 20, 5, 1, 1, 17, 1, 1] => QQFieldElem[1//14, 0, -1//21, 0],
	[21, 8, 16, 20, 4, 1, 1, 21, 1, 2] => QQFieldElem[16//3, 0, -32//3, 0],
	[21, 8, 16, 20, 9, 1, 1, 20, 1, 2] => QQFieldElem[1//6, 0, 1//6, 0],
	[21, 8, 16, 20, 5, 1, 1, 21, 1, 2] => QQFieldElem[0, 0, -512//9, 0],
	[21, 8, 16, 20, 16, 2, 1, 17, 1, 2] => QQFieldElem[2//3, 0, -1//3, 0],
	[21, 8, 16, 20, 7, 1, 1, 17, 1, 1] => QQFieldElem[5//224, 0, -1//224, 0],
	[21, 8, 16, 20, 16, 1, 1, 20, 1, 1] => QQFieldElem[-1//36, 0, 0, 0],
	[21, 8, 16, 20, 9, 1, 1, 21, 1, 1] => QQFieldElem[-1//192, 0, 1//96, 0],
	[21, 8, 16, 20, 7, 1, 1, 21, 1, 2] => QQFieldElem[32//3, 0, 32//3, 0],
	[21, 8, 16, 20, 16, 2, 1, 20, 1, 1] => QQFieldElem[-8//9, 0, 0, 0],
	[21, 8, 16, 20, 9, 1, 1, 17, 1, 2] => QQFieldElem[-1//6, 0, 1//3, 0],
	[21, 8, 16, 20, 4, 1, 1, 20, 1, 2] => QQFieldElem[3//64, 0, -3//128, 0],
	[21, 8, 16, 20, 5, 1, 1, 20, 1, 2] => QQFieldElem[-3//8, 0, 1//4, 0],
	[21, 8, 16, 20, 9, 1, 1, 20, 1, 1] => QQFieldElem[-1//96, 0, 1//192, 0],
	[21, 8, 16, 20, 16, 1, 1, 17, 1, 1] => QQFieldElem[1//6, 0, -1//9, 0],
	[21, 8, 16, 20, 7, 1, 1, 20, 1, 2] => QQFieldElem[-3//64, 0, 3//128, 0],
	[21, 8, 16, 20, 4, 1, 1, 21, 1, 1] => QQFieldElem[1//2, 0, 0, 0],
	[21, 8, 16, 20, 16, 1, 1, 21, 1, 2] => QQFieldElem[1//48, 0, -1//96, 0],
	[21, 8, 16, 20, 16, 2, 1, 17, 1, 1] => QQFieldElem[16//9, 0, 32//9, 0],
	[21, 8, 16, 20, 5, 1, 1, 21, 1, 1] => QQFieldElem[-32//9, 0, 16//9, 0],
	[21, 8, 16, 20, 4, 1, 1, 17, 1, 2] => QQFieldElem[1//2, 0, -1, 0],
	[21, 8, 16, 20, 16, 2, 1, 21, 1, 2] => QQFieldElem[0, 0, 0, 0],
	[21, 8, 16, 20, 7, 1, 1, 21, 1, 1] => QQFieldElem[0, 0, 0, 0],
	[21, 8, 16, 20, 5, 1, 1, 17, 1, 2] => QQFieldElem[-16//7, 0, 32//21, 0])