Dict(
	[21, 10, 15, 20, 17, 2, 1, 10, 1, 1] => QQFieldElem[0, 0, -1//64, 0],
	[21, 10, 15, 20, 8, 1, 1, 14, 1, 1] => QQFieldElem[0, 0, 0, 0],
	[21, 10, 15, 20, 6, 1, 1, 10, 1, 1] => QQFieldElem[2//3, 0, -2//3, 0],
	[21, 10, 15, 20, 17, 2, 1, 18, 1, 1] => QQFieldElem[1//64, 0, -1//64, 0],
	[21, 10, 15, 20, 8, 1, 1, 13, 1, 1] => QQFieldElem[0, 0, -1//16, 0],
	[21, 10, 15, 20, 21, 1, 1, 11, 1, 1] => QQFieldElem[0, 3//1024, -3//1024, 3//1024],
	[21, 10, 15, 20, 17, 1, 1, 14, 1, 1] => QQFieldElem[-3//64, 0, 3//64, 0],
	[21, 10, 15, 20, 6, 1, 1, 18, 1, 1] => QQFieldElem[-2//3, 0, 0, 0],
	[21, 10, 15, 20, 16, 2, 1, 11, 1, 1] => QQFieldElem[-1//32, 0, 1//32, 0],
	[21, 10, 15, 20, 17, 1, 1, 13, 1, 1] => QQFieldElem[1//16, 0, 0, 0],
	[21, 10, 15, 20, 16, 1, 1, 15, 1, 1] => QQFieldElem[0, 0, -1//8, 0],
	[21, 10, 15, 20, 21, 1, 1, 19, 1, 1] => QQFieldElem[1//8, -1//16, -1//16, 1//16],
	[21, 10, 15, 20, 16, 1, 1, 12, 1, 1] => QQFieldElem[2, 0, 0, 0],
	[21, 10, 15, 20, 16, 2, 1, 19, 1, 1] => QQFieldElem[-2//3, 0, -2//3, 0],
	[21, 10, 15, 20, 20, 1, 1, 15, 1, 1] => QQFieldElem[1//32, 1//32, 1//32, 0],
	[21, 10, 15, 20, 20, 1, 1, 12, 1, 1] => QQFieldElem[-1, -1, 1, 2],
	[21, 10, 15, 20, 21, 1, 1, 10, 1, 1] => QQFieldElem[-1//8, 3//16, 1//16, -3//16],
	[21, 10, 15, 20, 21, 1, 1, 18, 1, 1] => QQFieldElem[-1//16, 1//16, -1//16, 0],
	[21, 10, 15, 20, 16, 2, 1, 10, 1, 1] => QQFieldElem[2//3, 0, 2//3, 0],
	[21, 10, 15, 20, 8, 1, 1, 11, 1, 1] => QQFieldElem[3//512, 0, -3//512, 0],
	[21, 10, 15, 20, 16, 2, 1, 18, 1, 1] => QQFieldElem[2//3, 0, -4//3, 0],
	[21, 10, 15, 20, 16, 1, 1, 14, 1, 1] => QQFieldElem[0, 0, 3//32, 0],
	[21, 10, 15, 20, 17, 1, 1, 11, 1, 1] => QQFieldElem[-3//256, 0, 3//512, 0],
	[21, 10, 15, 20, 16, 1, 1, 13, 1, 1] => QQFieldElem[0, 0, 1//16, 0],
	[21, 10, 15, 20, 8, 1, 1, 19, 1, 1] => QQFieldElem[-1//8, 0, -1//8, 0],
	[21, 10, 15, 20, 20, 1, 1, 14, 1, 1] => QQFieldElem[9//128, 3//128, -9//128, -3//64],
	[21, 10, 15, 20, 20, 1, 1, 13, 1, 1] => QQFieldElem[1//32, 1//16, 0, -1//32],
	[21, 10, 15, 20, 17, 1, 1, 19, 1, 1] => QQFieldElem[0, 0, -1//8, 0],
	[21, 10, 15, 20, 17, 2, 1, 15, 1, 1] => QQFieldElem[-1//128, 0, -1//128, 0],
	[21, 10, 15, 20, 17, 2, 1, 12, 1, 1] => QQFieldElem[1//4, 0, -1//4, 0],
	[21, 10, 15, 20, 8, 1, 1, 10, 1, 1] => QQFieldElem[-1//8, 0, -1//8, 0],
	[21, 10, 15, 20, 6, 1, 1, 15, 1, 1] => QQFieldElem[0, 0, -2//3, 0],
	[21, 10, 15, 20, 6, 1, 1, 12, 1, 1] => QQFieldElem[-32//3, 0, 0, 0],
	[21, 10, 15, 20, 8, 1, 1, 18, 1, 1] => QQFieldElem[1//8, 0, -1//4, 0],
	[21, 10, 15, 20, 17, 1, 1, 10, 1, 1] => QQFieldElem[0, 0, -1//8, 0],
	[21, 10, 15, 20, 17, 1, 1, 18, 1, 1] => QQFieldElem[-1//8, 0, 1//8, 0],
	[21, 10, 15, 20, 16, 1, 1, 11, 1, 1] => QQFieldElem[3//512, 0, 3//512, 0],
	[21, 10, 15, 20, 17, 2, 1, 14, 1, 1] => QQFieldElem[3//512, 0, -3//512, 0],
	[21, 10, 15, 20, 21, 1, 1, 15, 1, 1] => QQFieldElem[1//32, -1//32, 1//32, 0],
	[21, 10, 15, 20, 17, 2, 1, 13, 1, 1] => QQFieldElem[1//128, 0, 0, 0],
	[21, 10, 15, 20, 20, 1, 1, 11, 1, 1] => QQFieldElem[0, -3//1024, -3//1024, -3//1024],
	[21, 10, 15, 20, 6, 1, 1, 14, 1, 1] => QQFieldElem[0, 0, 1//2, 0],
	[21, 10, 15, 20, 21, 1, 1, 12, 1, 1] => QQFieldElem[-1, 1, 1, -2],
	[21, 10, 15, 20, 16, 1, 1, 19, 1, 1] => QQFieldElem[1//8, 0, -1//8, 0],
	[21, 10, 15, 20, 16, 2, 1, 15, 1, 1] => QQFieldElem[0, 0, 0, 0],
	[21, 10, 15, 20, 6, 1, 1, 13, 1, 1] => QQFieldElem[0, 0, -1//3, 0],
	[21, 10, 15, 20, 16, 2, 1, 12, 1, 1] => QQFieldElem[-32//3, 0, 0, 0],
	[21, 10, 15, 20, 20, 1, 1, 19, 1, 1] => QQFieldElem[1//8, 1//16, -1//16, -1//16],
	[21, 10, 15, 20, 16, 1, 1, 10, 1, 1] => QQFieldElem[-1//8, 0, 1//8, 0],
	[21, 10, 15, 20, 16, 1, 1, 18, 1, 1] => QQFieldElem[-1//8, 0, 0, 0],
	[21, 10, 15, 20, 20, 1, 1, 10, 1, 1] => QQFieldElem[-1//8, -3//16, 1//16, 3//16],
	[21, 10, 15, 20, 21, 1, 1, 14, 1, 1] => QQFieldElem[9//128, -3//128, -9//128, 3//64],
	[21, 10, 15, 20, 20, 1, 1, 18, 1, 1] => QQFieldElem[-1//16, -1//16, -1//16, 0],
	[21, 10, 15, 20, 21, 1, 1, 13, 1, 1] => QQFieldElem[1//32, -1//16, 0, 1//32],
	[21, 10, 15, 20, 8, 1, 1, 15, 1, 1] => QQFieldElem[0, 0, 0, 0],
	[21, 10, 15, 20, 16, 2, 1, 14, 1, 1] => QQFieldElem[0, 0, 0, 0],
	[21, 10, 15, 20, 17, 2, 1, 11, 1, 1] => QQFieldElem[-3//2048, 0, 3//4096, 0],
	[21, 10, 15, 20, 8, 1, 1, 12, 1, 1] => QQFieldElem[2, 0, 0, 0],
	[21, 10, 15, 20, 16, 2, 1, 13, 1, 1] => QQFieldElem[0, 0, 1//3, 0],
	[21, 10, 15, 20, 17, 1, 1, 15, 1, 1] => QQFieldElem[1//16, 0, 1//16, 0],
	[21, 10, 15, 20, 6, 1, 1, 11, 1, 1] => QQFieldElem[-1//32, 0, -1//32, 0],
	[21, 10, 15, 20, 17, 1, 1, 12, 1, 1] => QQFieldElem[2, 0, -2, 0],
	[21, 10, 15, 20, 17, 2, 1, 19, 1, 1] => QQFieldElem[0, 0, 1//64, 0],
	[21, 10, 15, 20, 6, 1, 1, 19, 1, 1] => QQFieldElem[2//3, 0, -2//3, 0])