Dict(
	[21, 19, 21, 14, 14, 1, 1, 13, 1, 1] => QQFieldElem[0, 3//16, 3//16, 3//16],
	[21, 19, 21, 14, 10, 1, 1, 11, 1, 1] => QQFieldElem[4//3, 0, -4//3, 4//3],
	[21, 19, 21, 14, 18, 1, 1, 11, 1, 1] => QQFieldElem[1//4, 0, 0, 0],
	[21, 19, 21, 14, 19, 1, 1, 14, 1, 1] => QQFieldElem[-3//8, 1//4, 0, -1//8],
	[21, 19, 21, 14, 11, 1, 1, 14, 1, 1] => QQFieldElem[1//4, -1//8, -1//8, 1//8],
	[21, 19, 21, 14, 10, 1, 1, 19, 1, 1] => QQFieldElem[-4//3, -4//3, -4//3, -4//3],
	[21, 19, 21, 14, 19, 1, 1, 13, 1, 1] => QQFieldElem[0, -3//16, 3//16, 0],
	[21, 19, 21, 14, 15, 1, 1, 14, 1, 1] => QQFieldElem[1//2, 1//2, 0, -1//4],
	[21, 19, 21, 14, 11, 1, 1, 13, 1, 1] => QQFieldElem[-3//16, 0, 3//16, 3//16],
	[21, 19, 21, 14, 13, 1, 1, 15, 1, 1] => QQFieldElem[-2//3, 4//3, -4//3, 2//3],
	[21, 19, 21, 14, 15, 1, 1, 13, 1, 1] => QQFieldElem[3//16, 0, 0, -3//16],
	[21, 19, 21, 14, 13, 1, 1, 12, 1, 1] => QQFieldElem[4//3, 0, -4//3, 4//3],
	[21, 19, 21, 14, 18, 1, 1, 19, 1, 1] => QQFieldElem[0, -1//4, 0, 0],
	[21, 19, 21, 14, 10, 1, 1, 10, 1, 1] => QQFieldElem[-1, 0, 1, -1],
	[21, 19, 21, 14, 14, 1, 1, 11, 1, 1] => QQFieldElem[1//2, -1//4, -1//4, 1//4],
	[21, 19, 21, 14, 10, 1, 1, 18, 1, 1] => QQFieldElem[-4//3, 0, 0, 0],
	[21, 19, 21, 14, 18, 1, 1, 10, 1, 1] => QQFieldElem[3//16, 0, 0, 0],
	[21, 19, 21, 14, 18, 1, 1, 18, 1, 1] => QQFieldElem[-1//4, -1//4, 0, 1//4],
	[21, 19, 21, 14, 14, 1, 1, 19, 1, 1] => QQFieldElem[-3//4, -1//2, 0, 1//4],
	[21, 19, 21, 14, 12, 1, 1, 15, 1, 1] => QQFieldElem[1//8, -1//4, 1//4, -1//8],
	[21, 19, 21, 14, 12, 1, 1, 12, 1, 1] => QQFieldElem[1//4, 0, -1//4, 1//4],
	[21, 19, 21, 14, 13, 1, 1, 14, 1, 1] => QQFieldElem[0, -2//3, -2//3, -2//3],
	[21, 19, 21, 14, 13, 1, 1, 13, 1, 1] => QQFieldElem[-1, 0, 1, -1],
	[21, 19, 21, 14, 19, 1, 1, 11, 1, 1] => QQFieldElem[1//2, -1//4, -1//4, 1//2],
	[21, 19, 21, 14, 11, 1, 1, 11, 1, 1] => QQFieldElem[1//4, 0, -1//4, 1//4],
	[21, 19, 21, 14, 14, 1, 1, 10, 1, 1] => QQFieldElem[3//8, -3//16, -3//16, 3//16],
	[21, 19, 21, 14, 15, 1, 1, 11, 1, 1] => QQFieldElem[1//4, 1//2, 1//2, 1//4],
	[21, 19, 21, 14, 14, 1, 1, 18, 1, 1] => QQFieldElem[-1//4, 0, 0, 1//4],
	[21, 19, 21, 14, 19, 1, 1, 19, 1, 1] => QQFieldElem[0, 0, 1//4, 1//4],
	[21, 19, 21, 14, 11, 1, 1, 19, 1, 1] => QQFieldElem[1//4, 1//4, 1//4, 1//4],
	[21, 19, 21, 14, 15, 1, 1, 19, 1, 1] => QQFieldElem[1//4, -1//4, -3//4, -1//2],
	[21, 19, 21, 14, 12, 1, 1, 14, 1, 1] => QQFieldElem[0, 1//8, 1//8, 1//8],
	[21, 19, 21, 14, 19, 1, 1, 10, 1, 1] => QQFieldElem[3//8, -3//16, -3//16, 3//8],
	[21, 19, 21, 14, 11, 1, 1, 10, 1, 1] => QQFieldElem[-3//16, 0, 3//16, -3//16],
	[21, 19, 21, 14, 12, 1, 1, 13, 1, 1] => QQFieldElem[-3//16, 0, 3//16, -3//16],
	[21, 19, 21, 14, 15, 1, 1, 10, 1, 1] => QQFieldElem[3//16, 3//8, 3//8, 3//16],
	[21, 19, 21, 14, 19, 1, 1, 18, 1, 1] => QQFieldElem[1//4, -1//2, 1//4, 0],
	[21, 19, 21, 14, 11, 1, 1, 18, 1, 1] => QQFieldElem[1//4, 0, 0, 0],
	[21, 19, 21, 14, 15, 1, 1, 18, 1, 1] => QQFieldElem[1//4, 3//4, 1//4, 0],
	[21, 19, 21, 14, 13, 1, 1, 11, 1, 1] => QQFieldElem[4//3, 0, -4//3, -4//3],
	[21, 19, 21, 14, 10, 1, 1, 15, 1, 1] => QQFieldElem[-2//3, 0, 0, -2//3],
	[21, 19, 21, 14, 10, 1, 1, 12, 1, 1] => QQFieldElem[4//3, 0, -4//3, -4//3],
	[21, 19, 21, 14, 18, 1, 1, 15, 1, 1] => QQFieldElem[-1//8, 3//8, -1//8, 0],
	[21, 19, 21, 14, 13, 1, 1, 19, 1, 1] => QQFieldElem[4//3, 4//3, -4//3, -4//3],
	[21, 19, 21, 14, 18, 1, 1, 12, 1, 1] => QQFieldElem[1//4, 0, -1//2, 0],
	[21, 19, 21, 14, 13, 1, 1, 10, 1, 1] => QQFieldElem[-1, 0, 1, 1],
	[21, 19, 21, 14, 12, 1, 1, 11, 1, 1] => QQFieldElem[1//4, 0, -1//4, -1//4],
	[21, 19, 21, 14, 14, 1, 1, 15, 1, 1] => QQFieldElem[1//4, 0, 0, 0],
	[21, 19, 21, 14, 13, 1, 1, 18, 1, 1] => QQFieldElem[-4//3, 0, 8//3, 0],
	[21, 19, 21, 14, 10, 1, 1, 14, 1, 1] => QQFieldElem[-4//3, 2//3, 2//3, -2//3],
	[21, 19, 21, 14, 14, 1, 1, 12, 1, 1] => QQFieldElem[0, 1//4, 1//4, 1//4],
	[21, 19, 21, 14, 10, 1, 1, 13, 1, 1] => QQFieldElem[-1, 0, 1, 1],
	[21, 19, 21, 14, 12, 1, 1, 19, 1, 1] => QQFieldElem[-1//4, -1//4, 1//4, 1//4],
	[21, 19, 21, 14, 18, 1, 1, 14, 1, 1] => QQFieldElem[-1//8, 0, 0, 1//8],
	[21, 19, 21, 14, 18, 1, 1, 13, 1, 1] => QQFieldElem[3//16, 0, -3//8, 0],
	[21, 19, 21, 14, 12, 1, 1, 10, 1, 1] => QQFieldElem[-3//16, 0, 3//16, 3//16],
	[21, 19, 21, 14, 11, 1, 1, 15, 1, 1] => QQFieldElem[1//8, 0, 0, 1//8],
	[21, 19, 21, 14, 19, 1, 1, 15, 1, 1] => QQFieldElem[3//8, -3//8, -1//8, 1//4],
	[21, 19, 21, 14, 19, 1, 1, 12, 1, 1] => QQFieldElem[0, -1//4, 1//4, 0],
	[21, 19, 21, 14, 15, 1, 1, 15, 1, 1] => QQFieldElem[-1//4, 1//4, 0, -1//4],
	[21, 19, 21, 14, 11, 1, 1, 12, 1, 1] => QQFieldElem[1//4, 0, -1//4, -1//4],
	[21, 19, 21, 14, 12, 1, 1, 18, 1, 1] => QQFieldElem[1//4, 0, -1//2, 0],
	[21, 19, 21, 14, 14, 1, 1, 14, 1, 1] => QQFieldElem[1//4, -1//4, 0, 0],
	[21, 19, 21, 14, 15, 1, 1, 12, 1, 1] => QQFieldElem[1//4, 0, 0, -1//4])