Dict(
	[21, 6, 21, 16, 17, 1, 1, 21, 1, 1] => QQFieldElem[-1//24, 0, -1//8, 0],
	[21, 6, 21, 16, 20, 1, 1, 20, 1, 2] => QQFieldElem[1//36, 0, -1//18, 0],
	[21, 6, 21, 16, 21, 1, 1, 17, 1, 2] => QQFieldElem[-1//18, 0, -1//18, 0],
	[21, 6, 21, 16, 21, 2, 1, 21, 1, 1] => QQFieldElem[1//6, 0, -1//6, 0],
	[21, 6, 21, 16, 17, 2, 1, 21, 1, 1] => QQFieldElem[1//32, 0, 1//32, 0],
	[21, 6, 21, 16, 17, 1, 1, 17, 1, 2] => QQFieldElem[1//12, 0, 0, 0],
	[21, 6, 21, 16, 20, 2, 1, 20, 1, 2] => QQFieldElem[1//48, 0, 0, 0],
	[21, 6, 21, 16, 21, 2, 1, 17, 1, 2] => QQFieldElem[1//8, 0, 1//24, 0],
	[21, 6, 21, 16, 21, 1, 1, 20, 1, 1] => QQFieldElem[0, 0, 0, 0],
	[21, 6, 21, 16, 20, 1, 1, 21, 1, 1] => QQFieldElem[1//12, 0, 0, 0],
	[21, 6, 21, 16, 17, 2, 1, 17, 1, 2] => QQFieldElem[-1//16, 0, 1//8, 0],
	[21, 6, 21, 16, 17, 1, 1, 20, 1, 1] => QQFieldElem[1//48, 0, 0, 0],
	[21, 6, 21, 16, 21, 2, 1, 20, 1, 1] => QQFieldElem[0, 0, 1//6, 0],
	[21, 6, 21, 16, 20, 1, 1, 17, 1, 2] => QQFieldElem[0, 0, -1//6, 0],
	[21, 6, 21, 16, 20, 2, 1, 21, 1, 1] => QQFieldElem[0, 0, 0, 0],
	[21, 6, 21, 16, 17, 2, 1, 20, 1, 1] => QQFieldElem[1//64, 0, -1//32, 0],
	[21, 6, 21, 16, 20, 2, 1, 17, 1, 2] => QQFieldElem[-1//12, 0, -1//24, 0],
	[21, 6, 21, 16, 20, 1, 1, 20, 1, 1] => QQFieldElem[-1//24, 0, 0, 0],
	[21, 6, 21, 16, 21, 1, 1, 17, 1, 1] => QQFieldElem[-1//9, 0, 2//9, 0],
	[21, 6, 21, 16, 21, 1, 1, 21, 1, 2] => QQFieldElem[0, 0, 0, 0],
	[21, 6, 21, 16, 21, 2, 1, 17, 1, 1] => QQFieldElem[1//12, 0, 0, 0],
	[21, 6, 21, 16, 17, 1, 1, 17, 1, 1] => QQFieldElem[1//12, 0, -1//8, 0],
	[21, 6, 21, 16, 20, 2, 1, 20, 1, 1] => QQFieldElem[1//32, 0, -1//16, 0],
	[21, 6, 21, 16, 17, 1, 1, 21, 1, 2] => QQFieldElem[-1//6, 0, 0, 0],
	[21, 6, 21, 16, 21, 2, 1, 21, 1, 2] => QQFieldElem[1//12, 0, 0, 0],
	[21, 6, 21, 16, 17, 2, 1, 17, 1, 1] => QQFieldElem[0, 0, 3//32, 0],
	[21, 6, 21, 16, 20, 1, 1, 17, 1, 1] => QQFieldElem[-1//24, 0, -1//8, 0],
	[21, 6, 21, 16, 17, 2, 1, 21, 1, 2] => QQFieldElem[-1//8, 0, -1//8, 0],
	[21, 6, 21, 16, 21, 1, 1, 20, 1, 2] => QQFieldElem[1//18, 0, 1//18, 0],
	[21, 6, 21, 16, 20, 1, 1, 21, 1, 2] => QQFieldElem[1//18, 0, 1//18, 0],
	[21, 6, 21, 16, 20, 2, 1, 17, 1, 1] => QQFieldElem[-1//32, 0, -1//32, 0],
	[21, 6, 21, 16, 17, 1, 1, 20, 1, 2] => QQFieldElem[-1//6, 0, 0, 0],
	[21, 6, 21, 16, 21, 2, 1, 20, 1, 2] => QQFieldElem[1//24, 0, -1//24, 0],
	[21, 6, 21, 16, 20, 2, 1, 21, 1, 2] => QQFieldElem[1//8, 0, 1//24, 0],
	[21, 6, 21, 16, 21, 1, 1, 21, 1, 1] => QQFieldElem[-2//9, 0, 4//9, 0],
	[21, 6, 21, 16, 17, 2, 1, 20, 1, 2] => QQFieldElem[0, 0, 0, 0])