Dict(
	[21, 16, 12, 15, 18, 1, 1, 17, 1, 1] => QQFieldElem[0, 0, 3//256, 0],
	[21, 16, 12, 15, 19, 1, 1, 20, 2, 1] => QQFieldElem[8//3, 0, -8//3, 0],
	[21, 16, 12, 15, 11, 1, 1, 20, 2, 1] => QQFieldElem[-1//6, 0, 1//6, 0],
	[21, 16, 12, 15, 19, 1, 1, 17, 1, 1] => QQFieldElem[0, 0, 3//256, 0],
	[21, 16, 12, 15, 11, 1, 1, 17, 1, 1] => QQFieldElem[1//8, 0, 0, 0],
	[21, 16, 12, 15, 15, 1, 1, 20, 2, 1] => QQFieldElem[-4, 0, 8//3, 0],
	[21, 16, 12, 15, 15, 1, 1, 17, 1, 1] => QQFieldElem[0, 0, 3//256, 0],
	[21, 16, 12, 15, 13, 1, 1, 17, 2, 1] => QQFieldElem[0, 0, 4, 0],
	[21, 16, 12, 15, 14, 1, 1, 21, 2, 1] => QQFieldElem[2//3, 2//3, 0, -1//3],
	[21, 16, 12, 15, 18, 1, 1, 17, 2, 1] => QQFieldElem[0, 0, 3//8, 0],
	[21, 16, 12, 15, 14, 1, 1, 20, 1, 1] => QQFieldElem[0, 0, 1//96, 0],
	[21, 16, 12, 15, 19, 1, 1, 17, 2, 1] => QQFieldElem[3//8, 0, -3//8, 0],
	[21, 16, 12, 15, 11, 1, 1, 17, 2, 1] => QQFieldElem[0, 0, 4, 0],
	[21, 16, 12, 15, 15, 1, 1, 17, 2, 1] => QQFieldElem[-3//8, 0, 0, 0],
	[21, 16, 12, 15, 13, 1, 1, 21, 1, 1] => QQFieldElem[1//96, 1//96, 1//96, 0],
	[21, 16, 12, 15, 14, 1, 1, 20, 2, 1] => QQFieldElem[1//3, 0, -1//3, 0],
	[21, 16, 12, 15, 18, 1, 1, 21, 1, 1] => QQFieldElem[1//96, -1//96, 1//96, 0],
	[21, 16, 12, 15, 14, 1, 1, 17, 1, 1] => QQFieldElem[-1//8, 0, 1//8, 0],
	[21, 16, 12, 15, 19, 1, 1, 21, 1, 1] => QQFieldElem[-1//96, 0, 1//48, -1//48],
	[21, 16, 12, 15, 11, 1, 1, 21, 1, 1] => QQFieldElem[1//64, 1//192, -1//64, -1//48],
	[21, 16, 12, 15, 15, 1, 1, 21, 1, 1] => QQFieldElem[1//64, -1//192, -1//64, 1//48],
	[21, 16, 12, 15, 13, 1, 1, 21, 2, 1] => QQFieldElem[-1//3, -2//3, 0, 1//3],
	[21, 16, 12, 15, 18, 1, 1, 21, 2, 1] => QQFieldElem[-1//3, 2//3, 0, -1//3],
	[21, 16, 12, 15, 13, 1, 1, 20, 1, 1] => QQFieldElem[-1//96, 0, 0, 0],
	[21, 16, 12, 15, 14, 1, 1, 17, 2, 1] => QQFieldElem[0, 0, 4, 0],
	[21, 16, 12, 15, 18, 1, 1, 20, 1, 1] => QQFieldElem[0, 0, -1//12, 0],
	[21, 16, 12, 15, 19, 1, 1, 21, 2, 1] => QQFieldElem[2//3, -2//3, 0, 1//3],
	[21, 16, 12, 15, 11, 1, 1, 21, 2, 1] => QQFieldElem[1//6, 1//2, 1//2, 0],
	[21, 16, 12, 15, 19, 1, 1, 20, 1, 1] => QQFieldElem[1//12, 0, 0, 0],
	[21, 16, 12, 15, 11, 1, 1, 20, 1, 1] => QQFieldElem[-1//192, 0, 1//192, 0],
	[21, 16, 12, 15, 15, 1, 1, 21, 2, 1] => QQFieldElem[1//6, -1//2, 1//2, 0],
	[21, 16, 12, 15, 15, 1, 1, 20, 1, 1] => QQFieldElem[1//24, 0, 1//12, 0],
	[21, 16, 12, 15, 13, 1, 1, 20, 2, 1] => QQFieldElem[1//3, 0, -1//3, 0],
	[21, 16, 12, 15, 18, 1, 1, 20, 2, 1] => QQFieldElem[-8//3, 0, 0, 0],
	[21, 16, 12, 15, 13, 1, 1, 17, 1, 1] => QQFieldElem[0, 0, -1//8, 0],
	[21, 16, 12, 15, 14, 1, 1, 21, 1, 1] => QQFieldElem[-1//96, 0, 1//48, 1//48])