Dict(
	[21, 16, 6, 17, 7, 1, 1, 21, 1, 1] => QQFieldElem[-1//2, 0, 0, 0],
	[21, 16, 6, 17, 9, 1, 1, 20, 2, 1] => QQFieldElem[-1//3, 0, 0, 0],
	[21, 16, 6, 17, 16, 1, 1, 17, 2, 1] => QQFieldElem[-1//256, 0, -1//128, 0],
	[21, 16, 6, 17, 4, 1, 1, 21, 2, 1] => QQFieldElem[32, 0, -64//3, 0],
	[21, 16, 6, 17, 9, 1, 1, 17, 1, 1] => QQFieldElem[-1//128, 0, 0, 0],
	[21, 16, 6, 17, 4, 1, 1, 20, 1, 1] => QQFieldElem[-5//384, 0, 1//96, 0],
	[21, 16, 6, 17, 5, 1, 1, 21, 2, 1] => QQFieldElem[-32//3, 0, 0, 0],
	[21, 16, 6, 17, 16, 2, 1, 17, 2, 1] => QQFieldElem[-3//8, 0, 1//4, 0],
	[21, 16, 6, 17, 5, 1, 1, 20, 1, 1] => QQFieldElem[1//384, 0, -1//192, 0],
	[21, 16, 6, 17, 7, 1, 1, 21, 2, 1] => QQFieldElem[-16//3, 0, 64//3, 0],
	[21, 16, 6, 17, 7, 1, 1, 20, 1, 1] => QQFieldElem[-1//768, 0, -1//192, 0],
	[21, 16, 6, 17, 9, 1, 1, 17, 2, 1] => QQFieldElem[-1//4, 0, 0, 0],
	[21, 16, 6, 17, 4, 1, 1, 20, 2, 1] => QQFieldElem[-1//12, 0, -1//3, 0],
	[21, 16, 6, 17, 16, 1, 1, 21, 1, 1] => QQFieldElem[-1//96, 0, 0, 0],
	[21, 16, 6, 17, 4, 1, 1, 17, 1, 1] => QQFieldElem[-3//896, 0, 1//112, 0],
	[21, 16, 6, 17, 5, 1, 1, 20, 2, 1] => QQFieldElem[-1//12, 0, 1//6, 0],
	[21, 16, 6, 17, 16, 2, 1, 21, 1, 1] => QQFieldElem[1//3, 0, -2//3, 0],
	[21, 16, 6, 17, 5, 1, 1, 17, 1, 1] => QQFieldElem[-1//448, 0, 3//896, 0],
	[21, 16, 6, 17, 7, 1, 1, 20, 2, 1] => QQFieldElem[-5//24, 0, 1//6, 0],
	[21, 16, 6, 17, 7, 1, 1, 17, 1, 1] => QQFieldElem[1//1792, 0, 1//896, 0],
	[21, 16, 6, 17, 16, 1, 1, 21, 2, 1] => QQFieldElem[1//64, 0, -1//48, 0],
	[21, 16, 6, 17, 16, 1, 1, 20, 1, 1] => QQFieldElem[-1//96, 0, 0, 0],
	[21, 16, 6, 17, 9, 1, 1, 21, 1, 1] => QQFieldElem[1//96, 0, 1//48, 0],
	[21, 16, 6, 17, 4, 1, 1, 17, 2, 1] => QQFieldElem[-1//4, 0, 0, 0],
	[21, 16, 6, 17, 16, 2, 1, 21, 2, 1] => QQFieldElem[-1//2, 0, 0, 0],
	[21, 16, 6, 17, 5, 1, 1, 17, 2, 1] => QQFieldElem[-3//28, 0, 1//28, 0],
	[21, 16, 6, 17, 16, 2, 1, 20, 1, 1] => QQFieldElem[-1//3, 0, 0, 0],
	[21, 16, 6, 17, 7, 1, 1, 17, 2, 1] => QQFieldElem[-1//56, 0, -1//28, 0],
	[21, 16, 6, 17, 16, 1, 1, 20, 2, 1] => QQFieldElem[1//192, 0, 0, 0],
	[21, 16, 6, 17, 9, 1, 1, 21, 2, 1] => QQFieldElem[-1//3, 0, 2//3, 0],
	[21, 16, 6, 17, 9, 1, 1, 20, 1, 1] => QQFieldElem[-1//96, 0, 0, 0],
	[21, 16, 6, 17, 16, 1, 1, 17, 1, 1] => QQFieldElem[0, 0, 1//128, 0],
	[21, 16, 6, 17, 4, 1, 1, 21, 1, 1] => QQFieldElem[1//3, 0, -2//3, 0],
	[21, 16, 6, 17, 16, 2, 1, 20, 2, 1] => QQFieldElem[1//6, 0, 0, 0],
	[21, 16, 6, 17, 5, 1, 1, 21, 1, 1] => QQFieldElem[-1//3, 0, 2//3, 0],
	[21, 16, 6, 17, 16, 2, 1, 17, 1, 1] => QQFieldElem[1//4, 0, -1//4, 0])