Dict(
	[5, 16, 20, 20, 17, 1, 2, 16, 1, 2] => QQFieldElem[-3//8, 0, 3//8, 0],
	[5, 16, 20, 20, 21, 1, 1, 7, 1, 1] => QQFieldElem[-2//9, 0, 0, 0],
	[5, 16, 20, 20, 17, 1, 1, 16, 1, 2] => QQFieldElem[-3//4, 0, 3//8, 0],
	[5, 16, 20, 20, 17, 1, 2, 7, 1, 1] => QQFieldElem[-1//3, 0, 2//3, 0],
	[5, 16, 20, 20, 17, 1, 1, 7, 1, 1] => QQFieldElem[-1//3, 0, -2//3, 0],
	[5, 16, 20, 20, 20, 1, 2, 16, 1, 2] => QQFieldElem[-4//3, 0, 2//3, 0],
	[5, 16, 20, 20, 20, 1, 1, 16, 1, 2] => QQFieldElem[2//3, 0, -2//3, 0],
	[5, 16, 20, 20, 20, 1, 2, 7, 1, 1] => QQFieldElem[-3//4, 0, 1//2, 0],
	[5, 16, 20, 20, 20, 1, 1, 7, 1, 1] => QQFieldElem[1//4, 0, -1//2, 0],
	[5, 16, 20, 20, 21, 1, 2, 9, 1, 1] => QQFieldElem[-1//24, 0, 1//12, 0],
	[5, 16, 20, 20, 21, 1, 1, 9, 1, 1] => QQFieldElem[-1//18, 0, 0, 0],
	[5, 16, 20, 20, 21, 1, 2, 16, 1, 1] => QQFieldElem[0, 0, 1//2, 0],
	[5, 16, 20, 20, 17, 1, 2, 9, 1, 1] => QQFieldElem[-1//3, 0, -1//3, 0],
	[5, 16, 20, 20, 21, 1, 1, 16, 1, 1] => QQFieldElem[-1//2, 0, -1//2, 0],
	[5, 16, 20, 20, 17, 1, 1, 9, 1, 1] => QQFieldElem[-1//3, 0, 1//3, 0],
	[5, 16, 20, 20, 17, 1, 2, 16, 1, 1] => QQFieldElem[1//2, 0, 1//2, 0],
	[5, 16, 20, 20, 17, 1, 1, 16, 1, 1] => QQFieldElem[0, 0, 1//2, 0],
	[5, 16, 20, 20, 20, 1, 2, 9, 1, 1] => QQFieldElem[0, 0, -1//4, 0],
	[5, 16, 20, 20, 20, 1, 1, 9, 1, 1] => QQFieldElem[-1//2, 0, 1//4, 0],
	[5, 16, 20, 20, 20, 1, 2, 16, 1, 1] => QQFieldElem[-1//16, 0, 0, 0],
	[5, 16, 20, 20, 21, 1, 2, 8, 1, 1] => QQFieldElem[1//32, 0, 0, 0],
	[5, 16, 20, 20, 21, 1, 1, 6, 1, 1] => QQFieldElem[0, 0, 0, 0],
	[5, 16, 20, 20, 21, 1, 1, 8, 1, 1] => QQFieldElem[1//24, 0, -1//12, 0],
	[5, 16, 20, 20, 20, 1, 1, 16, 1, 1] => QQFieldElem[1//12, 0, -1//6, 0],
	[5, 16, 20, 20, 17, 1, 2, 6, 1, 1] => QQFieldElem[5//4, 0, -1, 0],
	[5, 16, 20, 20, 17, 1, 2, 8, 1, 1] => QQFieldElem[-1//4, 0, -1//4, 0],
	[5, 16, 20, 20, 17, 1, 1, 6, 1, 1] => QQFieldElem[1//4, 0, 0, 0],
	[5, 16, 20, 20, 21, 1, 2, 6, 1, 1] => QQFieldElem[1//8, 0, 0, 0],
	[5, 16, 20, 20, 17, 1, 1, 8, 1, 1] => QQFieldElem[-1//4, 0, 1//4, 0],
	[5, 16, 20, 20, 20, 1, 2, 6, 1, 1] => QQFieldElem[-3//16, 0, 0, 0],
	[5, 16, 20, 20, 20, 1, 2, 8, 1, 1] => QQFieldElem[0, 0, 3//16, 0],
	[5, 16, 20, 20, 20, 1, 1, 6, 1, 1] => QQFieldElem[-3//16, 0, -3//4, 0],
	[5, 16, 20, 20, 20, 1, 1, 8, 1, 1] => QQFieldElem[3//8, 0, -3//16, 0],
	[5, 16, 20, 20, 21, 1, 2, 16, 1, 2] => QQFieldElem[-1//12, 0, 1//6, 0],
	[5, 16, 20, 20, 21, 1, 1, 16, 1, 2] => QQFieldElem[1//9, 0, 0, 0],
	[5, 16, 20, 20, 21, 1, 2, 7, 1, 1] => QQFieldElem[0, 0, 0, 0])