Dict(
	[8, 8, 8, 8, 1, 1, 1, 3, 1, 1] => QQFieldElem[-1//4, 0, 0, 0],
	[8, 8, 8, 8, 3, 1, 1, 3, 1, 1] => QQFieldElem[1//12, 0, 0, 0],
	[8, 8, 8, 8, 6, 1, 1, 6, 1, 1] => QQFieldElem[-2, 0, 0, 0],
	[8, 8, 8, 8, 8, 1, 1, 1, 1, 1] => QQFieldElem[4//3, 0, 0, 0],
	[8, 8, 8, 8, 6, 1, 1, 8, 1, 1] => QQFieldElem[-8//3, 0, 0, 0],
	[8, 8, 8, 8, 8, 1, 1, 3, 1, 1] => QQFieldElem[1//2, 0, 0, 0],
	[8, 8, 8, 8, 1, 1, 1, 6, 1, 1] => QQFieldElem[-3//16, 0, 0, 0],
	[8, 8, 8, 8, 1, 1, 1, 8, 1, 1] => QQFieldElem[1//4, 0, 0, 0],
	[8, 8, 8, 8, 3, 1, 1, 6, 1, 1] => QQFieldElem[-1//32, 0, 0, 0],
	[8, 8, 8, 8, 3, 1, 1, 8, 1, 1] => QQFieldElem[1//24, 0, 0, 0],
	[8, 8, 8, 8, 6, 1, 1, 1, 1, 1] => QQFieldElem[64//9, 0, 0, 0],
	[8, 8, 8, 8, 6, 1, 1, 3, 1, 1] => QQFieldElem[8//3, 0, 0, 0],
	[8, 8, 8, 8, 8, 1, 1, 6, 1, 1] => QQFieldElem[3//8, 0, 0, 0],
	[8, 8, 8, 8, 8, 1, 1, 8, 1, 1] => QQFieldElem[1//2, 0, 0, 0],
	[8, 8, 8, 8, 1, 1, 1, 1, 1, 1] => QQFieldElem[1//3, 0, 0, 0],
	[8, 8, 8, 8, 3, 1, 1, 1, 1, 1] => QQFieldElem[-1//9, 0, 0, 0])