Dict(
	[10, 10, 14, 14, 8, 2] => QQFieldElem[-1//4, 0, 0, 0],
	[10, 10, 14, 14, 6, 1] => QQFieldElem[1//2, 0, 0, 0],
	[10, 10, 14, 14, 5, 3] => QQFieldElem[0, 0, 1, 0],
	[10, 10, 14, 14, 7, 1] => QQFieldElem[1//4, 0, 0, 0],
	[10, 10, 14, 14, 6, 3] => QQFieldElem[0, 0, -1, 0],
	[10, 10, 14, 14, 8, 1] => QQFieldElem[1//4, 0, 0, 0],
	[10, 10, 14, 14, 5, 4] => QQFieldElem[0, 0, -1, 0],
	[10, 10, 14, 14, 5, 2] => QQFieldElem[1//2, 0, 0, 0],
	[10, 10, 14, 14, 7, 3] => QQFieldElem[0, 0, -1//2, 0],
	[10, 10, 14, 14, 6, 4] => QQFieldElem[0, 0, 1, 0],
	[10, 10, 14, 14, 8, 3] => QQFieldElem[0, 0, 1//2, 0],
	[10, 10, 14, 14, 6, 2] => QQFieldElem[1//2, 0, 0, 0],
	[10, 10, 14, 14, 7, 4] => QQFieldElem[0, 0, -1//2, 0],
	[10, 10, 14, 14, 7, 2] => QQFieldElem[-1//4, 0, 0, 0],
	[10, 10, 14, 14, 5, 1] => QQFieldElem[1//2, 0, 0, 0],
	[10, 10, 14, 14, 8, 4] => QQFieldElem[0, 0, 1//2, 0])