Dict(
	[16, 6, 7, 16, 4, 12] => QQFieldElem[-11, -6, 10, -3, -12, -1],
	[16, 6, 7, 16, 10, 11] => QQFieldElem[3, -1, 7, -21, 25, -10],
	[16, 6, 7, 16, 2, 11] => QQFieldElem[-36, 42, -48, 21, -9, -15],
	[16, 6, 7, 16, 12, 11] => QQFieldElem[-3, -9, 9, 6, -18, 6],
	[16, 6, 7, 16, 4, 11] => QQFieldElem[45, -43, 43, -6, -2, 26],
	[16, 6, 7, 16, 10, 15] => QQFieldElem[-7, 0, -2, 4, -6, -4],
	[16, 6, 7, 16, 2, 15] => QQFieldElem[10, -8, 7, 2, -4, 8],
	[16, 6, 7, 16, 12, 15] => QQFieldElem[6, 6, -3, -3, 9, 3],
	[16, 6, 7, 16, 4, 15] => QQFieldElem[-10, 6, -5, -4, 4, -9],
	[16, 6, 7, 16, 10, 16] => QQFieldElem[-41//38, -9//19, 25//38, -43//38, 27//38, -14//19],
	[16, 6, 7, 16, 2, 16] => QQFieldElem[-15//38, 31//19, -65//38, 51//38, -17//38, -7//38],
	[16, 6, 7, 16, 10, 12] => QQFieldElem[-7, -4, 6, -2, -7, -2],
	[16, 6, 7, 16, 12, 16] => QQFieldElem[21//19, 12//19, -27//38, -3//19, 21//38, 6//19],
	[16, 6, 7, 16, 2, 12] => QQFieldElem[4, 4, -6, 2, 5, 0],
	[16, 6, 7, 16, 4, 16] => QQFieldElem[0, -1, 1//2, -1//2, -1//2, 0],
	[16, 6, 7, 16, 12, 12] => QQFieldElem[15, 8, -12, 3, 16, 3])