Dict(
	[4, 16, 16, 8, 7, 16] => QQFieldElem[-17//3, -14//3, 16//3, -1//3, -22//3, -4//3],
	[4, 16, 16, 8, 5, 14] => QQFieldElem[5//3, -7//3, 8//3, -2//3, -2//3, 4//3],
	[4, 16, 16, 8, 8, 16] => QQFieldElem[6, 5, -5, 0, 7, 2],
	[4, 16, 16, 8, 6, 14] => QQFieldElem[17//3, 5//3, -22//3, 13//3, 16//3, -5//3],
	[4, 16, 16, 8, 5, 13] => QQFieldElem[42, -31, 16, 42, -47, 47],
	[4, 16, 16, 8, 7, 14] => QQFieldElem[-31, -5, 23, -11, -28, 1],
	[4, 16, 16, 8, 5, 15] => QQFieldElem[-1, 0, 1, -2, 2, -1],
	[4, 16, 16, 8, 8, 14] => QQFieldElem[25, 8, -21, 8, 25, 0],
	[4, 16, 16, 8, 6, 13] => QQFieldElem[12, -16, 19, 6, -20, 20],
	[4, 16, 16, 8, 6, 15] => QQFieldElem[2, 1, -3, 0, 4, -1],
	[4, 16, 16, 8, 5, 16] => QQFieldElem[-4//3, 1//3, -2//3, -2//3, 2//3, -1//3],
	[4, 16, 16, 8, 7, 13] => QQFieldElem[-21, 36, -42, -24, 63, -51],
	[4, 16, 16, 8, 7, 15] => QQFieldElem[-16, -8, 14, -2, -20, 0],
	[4, 16, 16, 8, 6, 16] => QQFieldElem[4//3, 2//3, -1//3, 2//3, 4//3, 1//3],
	[4, 16, 16, 8, 8, 13] => QQFieldElem[-48, 27, -9, -24, 9, -27],
	[4, 16, 16, 8, 8, 15] => QQFieldElem[17, 8, -13, 4, 16, 4])