Dict(
	[11, 7, 14, 14, 11, 1, 1, 4, 1, 1] => QQFieldElem[0, -1//2, 0, 1//2],
	[11, 7, 14, 14, 11, 1, 1, 13, 1, 1] => QQFieldElem[-3//2, 3//2, -1//2, -1//2],
	[11, 7, 14, 14, 12, 1, 1, 14, 1, 2] => QQFieldElem[-1//2, 0, 1//2, -1],
	[11, 7, 14, 14, 8, 1, 1, 14, 1, 1] => QQFieldElem[-1, 1, -1//2, -1//2],
	[11, 7, 14, 14, 9, 1, 1, 14, 1, 2] => QQFieldElem[-3//2, 1//2, 1, -2],
	[11, 7, 14, 14, 12, 2, 1, 14, 1, 2] => QQFieldElem[1//2, -1//2, 1//2, 1//2],
	[11, 7, 14, 14, 12, 1, 1, 13, 1, 2] => QQFieldElem[-1//2, 1, -1//2, 0],
	[11, 7, 14, 14, 8, 1, 1, 4, 1, 1] => QQFieldElem[1//3, -1//6, 1//6, 0],
	[11, 7, 14, 14, 12, 1, 1, 6, 1, 1] => QQFieldElem[-1//2, 1//2, 0, 0],
	[11, 7, 14, 14, 9, 1, 1, 13, 1, 2] => QQFieldElem[1, -1//2, 0, 1],
	[11, 7, 14, 14, 10, 1, 1, 14, 1, 2] => QQFieldElem[0, 0, 0, 0],
	[11, 7, 14, 14, 12, 2, 1, 13, 1, 2] => QQFieldElem[1, -1//2, 0, 1//2],
	[11, 7, 14, 14, 9, 1, 1, 6, 1, 1] => QQFieldElem[1//2, 0, 0, 1//2],
	[11, 7, 14, 14, 8, 1, 1, 13, 1, 1] => QQFieldElem[1//2, -1//2, 0, 0],
	[11, 7, 14, 14, 10, 1, 1, 13, 1, 2] => QQFieldElem[-1//2, 0, 0, 0],
	[11, 7, 14, 14, 12, 2, 1, 6, 1, 1] => QQFieldElem[1//2, -1//2, 0, 0],
	[11, 7, 14, 14, 10, 1, 1, 6, 1, 1] => QQFieldElem[2, -2, 1, 0],
	[11, 7, 14, 14, 12, 1, 1, 14, 1, 1] => QQFieldElem[3, -2, 1//2, 1//2],
	[11, 7, 14, 14, 11, 1, 1, 14, 1, 2] => QQFieldElem[1//2, 1//2, -1, 1],
	[11, 7, 14, 14, 9, 1, 1, 14, 1, 1] => QQFieldElem[-3, 3//2, 3//2, -3],
	[11, 7, 14, 14, 12, 1, 1, 4, 1, 1] => QQFieldElem[1//6, 1//6, 1//3, 0],
	[11, 7, 14, 14, 12, 1, 1, 13, 1, 1] => QQFieldElem[-1, 3//2, -1, -1//2],
	[11, 7, 14, 14, 11, 1, 1, 13, 1, 2] => QQFieldElem[1//2, -1//2, -1//2, 1//2],
	[11, 7, 14, 14, 9, 1, 1, 4, 1, 1] => QQFieldElem[-1//3, 0, 1//6, 1//6],
	[11, 7, 14, 14, 9, 1, 1, 13, 1, 1] => QQFieldElem[1, -1, 1//2, 0],
	[11, 7, 14, 14, 10, 1, 1, 14, 1, 1] => QQFieldElem[-1//2, 1, -1//2, 0],
	[11, 7, 14, 14, 11, 1, 1, 6, 1, 1] => QQFieldElem[0, 0, 0, 0],
	[11, 7, 14, 14, 8, 1, 1, 14, 1, 2] => QQFieldElem[1, -1//2, -1//2, 1],
	[11, 7, 14, 14, 12, 2, 1, 4, 1, 1] => QQFieldElem[-1//3, 0, 1//6, 1//6],
	[11, 7, 14, 14, 10, 1, 1, 4, 1, 1] => QQFieldElem[1//2, -1, 1//2, 0],
	[11, 7, 14, 14, 10, 1, 1, 13, 1, 1] => QQFieldElem[0, -1//2, 0, 0],
	[11, 7, 14, 14, 12, 2, 1, 14, 1, 1] => QQFieldElem[0, -1//2, 1//2, -1],
	[11, 7, 14, 14, 12, 2, 1, 13, 1, 1] => QQFieldElem[-3//2, 1, 1//2, -1],
	[11, 7, 14, 14, 8, 1, 1, 13, 1, 2] => QQFieldElem[-1//2, 0, 0, -1//2],
	[11, 7, 14, 14, 8, 1, 1, 6, 1, 1] => QQFieldElem[-1, 1, -1//2, -1//2],
	[11, 7, 14, 14, 11, 1, 1, 14, 1, 1] => QQFieldElem[-1, 1//2, 1//2, -1])