Dict(
	[11, 12, 13, 4, 11, 1, 1, 14, 2, 1] => QQFieldElem[1//2, -1//3, -5//6, -2//3],
	[11, 12, 13, 4, 7, 1, 1, 14, 2, 1] => QQFieldElem[0, 0, 0, 0],
	[11, 12, 13, 4, 11, 1, 2, 13, 2, 1] => QQFieldElem[0, 1//2, 0, 0],
	[11, 12, 13, 4, 11, 1, 1, 13, 2, 1] => QQFieldElem[-1//2, 0, 0, 1],
	[11, 12, 13, 4, 7, 1, 1, 13, 2, 1] => QQFieldElem[0, -1//3, 1//6, 1//3],
	[11, 12, 13, 4, 10, 1, 1, 14, 1, 1] => QQFieldElem[0, -1//3, -1//3, -2//3],
	[11, 12, 13, 4, 10, 1, 1, 13, 1, 1] => QQFieldElem[-1//6, -1//6, 1//6, 0],
	[11, 12, 13, 4, 10, 1, 1, 14, 2, 1] => QQFieldElem[-1//6, -1//2, -1//6, -1//6],
	[11, 12, 13, 4, 11, 1, 2, 14, 1, 1] => QQFieldElem[0, -1//2, 0, 1//2],
	[11, 12, 13, 4, 11, 1, 1, 14, 1, 1] => QQFieldElem[0, -1//6, 1//3, 1//6],
	[11, 12, 13, 4, 10, 1, 1, 13, 2, 1] => QQFieldElem[0, -1//6, -1//6, 1//6],
	[11, 12, 13, 4, 7, 1, 1, 14, 1, 1] => QQFieldElem[-1//2, -1//6, -1//6, 1//6],
	[11, 12, 13, 4, 11, 1, 2, 13, 1, 1] => QQFieldElem[-1//2, -1//2, -1//2, 0],
	[11, 12, 13, 4, 11, 1, 1, 13, 1, 1] => QQFieldElem[-1//2, -1//2, 0, 1//2],
	[11, 12, 13, 4, 7, 1, 1, 13, 1, 1] => QQFieldElem[1//3, 1//6, 0, -1//3],
	[11, 12, 13, 4, 11, 1, 2, 14, 2, 1] => QQFieldElem[-1//6, 0, -1//6, 1//3])