Dict(
	[13, 12, 8, 14, 13, 1, 1, 11, 2, 1] => QQFieldElem[0, 0, 0, 0],
	[13, 12, 8, 14, 4, 1, 1, 11, 2, 1] => QQFieldElem[0, -2, 3, -2],
	[13, 12, 8, 14, 14, 2, 1, 10, 1, 1] => QQFieldElem[7//2, -3, 1//2, 2],
	[13, 12, 8, 14, 13, 1, 1, 12, 1, 1] => QQFieldElem[1//2, -1//3, -1//6, 1//3],
	[13, 12, 8, 14, 4, 1, 1, 12, 1, 1] => QQFieldElem[1, -1, 0, 1],
	[13, 12, 8, 14, 6, 1, 1, 10, 1, 1] => QQFieldElem[-3, 2, 0, -2],
	[13, 12, 8, 14, 13, 2, 1, 11, 2, 1] => QQFieldElem[2//3, 1//6, -1, 7//6],
	[13, 12, 8, 14, 13, 2, 1, 12, 1, 1] => QQFieldElem[1//2, -1//2, -1//2, 0],
	[13, 12, 8, 14, 13, 1, 1, 9, 1, 1] => QQFieldElem[-1//2, -1//2, 1//2, -1//2],
	[13, 12, 8, 14, 4, 1, 1, 9, 1, 1] => QQFieldElem[3//2, 1//2, -5//2, 5//2],
	[13, 12, 8, 14, 13, 2, 1, 9, 1, 1] => QQFieldElem[-3//2, 1, 1//2, -1],
	[13, 12, 8, 14, 14, 1, 1, 11, 1, 1] => QQFieldElem[0, 1//6, 1//3, -1//6],
	[13, 12, 8, 14, 14, 2, 1, 11, 1, 1] => QQFieldElem[0, 1//3, 1//6, -1//3],
	[13, 12, 8, 14, 14, 1, 1, 7, 1, 1] => QQFieldElem[9//2, -2, -5//2, 5],
	[13, 12, 8, 14, 13, 1, 1, 10, 1, 1] => QQFieldElem[1//2, -1//2, 1//2, 1//2],
	[13, 12, 8, 14, 4, 1, 1, 10, 1, 1] => QQFieldElem[-5//2, 3//2, 1//2, -5//2],
	[13, 12, 8, 14, 6, 1, 1, 11, 1, 1] => QQFieldElem[-1//2, 1//2, -1//2, 1//2],
	[13, 12, 8, 14, 13, 2, 1, 10, 1, 1] => QQFieldElem[1//2, -3//2, 1//2, -1//2],
	[13, 12, 8, 14, 14, 1, 1, 11, 2, 1] => QQFieldElem[-1//6, -1//6, 1//2, -2//3],
	[13, 12, 8, 14, 14, 2, 1, 7, 1, 1] => QQFieldElem[13//2, -7//2, -3//2, 11//2],
	[13, 12, 8, 14, 6, 1, 1, 7, 1, 1] => QQFieldElem[-5, 2, 2, -5],
	[13, 12, 8, 14, 14, 1, 1, 12, 1, 1] => QQFieldElem[-1//6, 1//3, 0, 1//3],
	[13, 12, 8, 14, 14, 2, 1, 11, 2, 1] => QQFieldElem[-1//2, 0, 1//2, -1//2],
	[13, 12, 8, 14, 6, 1, 1, 11, 2, 1] => QQFieldElem[0, 0, 0, 0],
	[13, 12, 8, 14, 14, 2, 1, 12, 1, 1] => QQFieldElem[1//2, -1//2, 0, 1//2],
	[13, 12, 8, 14, 14, 1, 1, 9, 1, 1] => QQFieldElem[-2, -5//2, 5, -9//2],
	[13, 12, 8, 14, 13, 1, 1, 11, 1, 1] => QQFieldElem[1, 0, -2, 2],
	[13, 12, 8, 14, 6, 1, 1, 12, 1, 1] => QQFieldElem[-7//6, 2//3, 1//6, -1],
	[13, 12, 8, 14, 4, 1, 1, 11, 1, 1] => QQFieldElem[-3//2, -1//2, 5//2, -5//2],
	[13, 12, 8, 14, 14, 2, 1, 9, 1, 1] => QQFieldElem[-3//2, -1//2, 5//2, -5//2],
	[13, 12, 8, 14, 13, 2, 1, 11, 1, 1] => QQFieldElem[1//2, 2, -7//2, 3],
	[13, 12, 8, 14, 13, 1, 1, 7, 1, 1] => QQFieldElem[3//2, -1//2, -1//2, 3//2],
	[13, 12, 8, 14, 4, 1, 1, 7, 1, 1] => QQFieldElem[-13//2, 7//2, 3//2, -11//2],
	[13, 12, 8, 14, 6, 1, 1, 9, 1, 1] => QQFieldElem[2, 2, -5, 5],
	[13, 12, 8, 14, 14, 1, 1, 10, 1, 1] => QQFieldElem[5//2, -1//2, -3//2, 5//2],
	[13, 12, 8, 14, 13, 2, 1, 7, 1, 1] => QQFieldElem[1, -3//2, 1, 1//2])