Dict(
	[14, 13, 14, 3, 13, 1, 2, 13, 1, 1] => QQFieldElem[-3//2, 3//2, -1//2, -1],
	[14, 13, 14, 3, 13, 1, 1, 13, 1, 1] => QQFieldElem[0, 1//2, 0, 0],
	[14, 13, 14, 3, 13, 1, 2, 14, 2, 1] => QQFieldElem[0, 0, 1//2, 1//2],
	[14, 13, 14, 3, 13, 1, 1, 14, 2, 1] => QQFieldElem[1//4, 0, -1//4, 0],
	[14, 13, 14, 3, 14, 1, 2, 6, 1, 1] => QQFieldElem[1, -1, 1//2, 1//2],
	[14, 13, 14, 3, 14, 1, 1, 6, 1, 1] => QQFieldElem[4, -4, 3//2, 3//2],
	[14, 13, 14, 3, 13, 1, 2, 13, 2, 1] => QQFieldElem[-1//2, 1//2, -1//2, 1//2],
	[14, 13, 14, 3, 13, 1, 1, 13, 2, 1] => QQFieldElem[-1//2, 1//2, -1//2, 0],
	[14, 13, 14, 3, 6, 1, 1, 6, 1, 1] => QQFieldElem[-1, 1, -1, 0],
	[14, 13, 14, 3, 14, 1, 2, 14, 1, 1] => QQFieldElem[-1//2, -1//4, 0, 3//4],
	[14, 13, 14, 3, 14, 1, 1, 14, 1, 1] => QQFieldElem[-1//2, -3//4, 0, 1//4],
	[14, 13, 14, 3, 14, 1, 2, 13, 1, 1] => QQFieldElem[0, -1//2, 1//2, -1//2],
	[14, 13, 14, 3, 14, 1, 1, 13, 1, 1] => QQFieldElem[1//2, 0, 0, 0],
	[14, 13, 14, 3, 13, 1, 2, 6, 1, 1] => QQFieldElem[0, -1//2, 1//2, 0],
	[14, 13, 14, 3, 14, 1, 2, 14, 2, 1] => QQFieldElem[0, -1//4, 0, 1//4],
	[14, 13, 14, 3, 13, 1, 1, 6, 1, 1] => QQFieldElem[1//2, 0, 0, 1//2],
	[14, 13, 14, 3, 14, 1, 1, 14, 2, 1] => QQFieldElem[-1, 1//4, 0, -1//4],
	[14, 13, 14, 3, 6, 1, 1, 14, 1, 1] => QQFieldElem[0, 1//2, 1//2, 0],
	[14, 13, 14, 3, 6, 1, 1, 13, 1, 1] => QQFieldElem[1//2, -1//2, 1//2, 1//2],
	[14, 13, 14, 3, 14, 1, 2, 13, 2, 1] => QQFieldElem[1//2, -1//2, 0, 1//2],
	[14, 13, 14, 3, 14, 1, 1, 13, 2, 1] => QQFieldElem[3//2, -3//2, 1, 1//2],
	[14, 13, 14, 3, 6, 1, 1, 14, 2, 1] => QQFieldElem[1//4, 1//2, 1//4, 0],
	[14, 13, 14, 3, 13, 1, 2, 14, 1, 1] => QQFieldElem[3//4, 0, -3//4, 1],
	[14, 13, 14, 3, 13, 1, 1, 14, 1, 1] => QQFieldElem[-1//4, -1//2, -1//4, 0],
	[14, 13, 14, 3, 6, 1, 1, 13, 2, 1] => QQFieldElem[-1//2, 0, 1//2, -1//2])