Dict(
	[9, 13, 9, 13, 9, 1, 1, 10, 1, 1] => QQFieldElem[2, -2, 0, 2],
	[9, 13, 9, 13, 11, 1, 1, 12, 1, 1] => QQFieldElem[-2, 2, 0, -2],
	[9, 13, 9, 13, 10, 1, 1, 10, 1, 1] => QQFieldElem[1, -2, 1, 0],
	[9, 13, 9, 13, 7, 1, 1, 12, 1, 1] => QQFieldElem[3, -1, -1, 3],
	[9, 13, 9, 13, 11, 1, 1, 9, 1, 1] => QQFieldElem[-5//2, 5//2, -1, -1],
	[9, 13, 9, 13, 7, 1, 1, 9, 1, 1] => QQFieldElem[3, -2, 0, 2],
	[9, 13, 9, 13, 12, 1, 1, 11, 1, 1] => QQFieldElem[-2, 2, 0, -2],
	[9, 13, 9, 13, 9, 1, 1, 11, 1, 1] => QQFieldElem[2, -2, 2, 2],
	[9, 13, 9, 13, 11, 1, 1, 10, 1, 1] => QQFieldElem[-5//2, 5//2, -1, -1],
	[9, 13, 9, 13, 12, 1, 1, 7, 1, 1] => QQFieldElem[-1, 1//2, 1//2, -1],
	[9, 13, 9, 13, 7, 1, 1, 10, 1, 1] => QQFieldElem[3, -2, 0, 2],
	[9, 13, 9, 13, 10, 1, 1, 11, 1, 1] => QQFieldElem[1, -1, 1, -1],
	[9, 13, 9, 13, 9, 1, 1, 7, 1, 1] => QQFieldElem[2, 0, 0, 0],
	[9, 13, 9, 13, 10, 1, 1, 7, 1, 1] => QQFieldElem[0, -1, 0, 0],
	[9, 13, 9, 13, 12, 1, 1, 12, 1, 1] => QQFieldElem[-2, 0, 2, -3],
	[9, 13, 9, 13, 9, 1, 1, 12, 1, 1] => QQFieldElem[2, -2, -2, 2],
	[9, 13, 9, 13, 12, 1, 1, 9, 1, 1] => QQFieldElem[-5//2, 1, 1, -5//2],
	[9, 13, 9, 13, 11, 1, 1, 11, 1, 1] => QQFieldElem[-2, 3, -2, 0],
	[9, 13, 9, 13, 10, 1, 1, 12, 1, 1] => QQFieldElem[1, -1, 1, 1],
	[9, 13, 9, 13, 9, 1, 1, 9, 1, 1] => QQFieldElem[3, -2, 0, 2],
	[9, 13, 9, 13, 7, 1, 1, 11, 1, 1] => QQFieldElem[3, -3, 1, 1],
	[9, 13, 9, 13, 11, 1, 1, 7, 1, 1] => QQFieldElem[-1, 1, -1//2, -1//2],
	[9, 13, 9, 13, 10, 1, 1, 9, 1, 1] => QQFieldElem[1, -1, 1, 0],
	[9, 13, 9, 13, 7, 1, 1, 7, 1, 1] => QQFieldElem[2, -1, 0, 1],
	[9, 13, 9, 13, 12, 1, 1, 10, 1, 1] => QQFieldElem[-5//2, 1, 1, -5//2])