Dict(
	[16, 11, 12, 15, 3, 7] => QQFieldElem[1, 0, 1, 0, 1, 0, 0, 0],
	[16, 11, 12, 15, 15, 7] => QQFieldElem[-3, 0, -1, 0, -3, 0, 0, 0],
	[16, 11, 12, 15, 14, 7] => QQFieldElem[1, 0, 0, 0, 1, 0, 0, 0],
	[16, 11, 12, 15, 2, 10] => QQFieldElem[0, 0, -1, 0, 1, 0, -1, 0],
	[16, 11, 12, 15, 3, 10] => QQFieldElem[1, 0, 0, 0, 1, 0, 0, 0],
	[16, 11, 12, 15, 15, 10] => QQFieldElem[-3, 0, -1, 0, -3, 0, 0, 0],
	[16, 11, 12, 15, 14, 10] => QQFieldElem[1, 0, 1, 0, 1, 0, 0, 0],
	[16, 11, 12, 15, 2, 6] => QQFieldElem[-2, 0, 0, 0, -1, 0, 1, 0],
	[16, 11, 12, 15, 2, 11] => QQFieldElem[0, 0, -3//5, 0, 4//5, 0, -3//5, 0],
	[16, 11, 12, 15, 3, 6] => QQFieldElem[5, 0, -2, 0, 2, 0, -5, 0],
	[16, 11, 12, 15, 15, 6] => QQFieldElem[-11, 0, 4, 0, -4, 0, 11, 0],
	[16, 11, 12, 15, 3, 11] => QQFieldElem[1//5, 0, 2//5, 0, 1//5, 0, 0, 0],
	[16, 11, 12, 15, 15, 11] => QQFieldElem[-1, 0, -1, 0, -1, 0, 0, 0],
	[16, 11, 12, 15, 14, 6] => QQFieldElem[5, 0, -2, 0, 2, 0, -5, 0],
	[16, 11, 12, 15, 14, 11] => QQFieldElem[1//5, 0, 2//5, 0, 1//5, 0, 0, 0],
	[16, 11, 12, 15, 2, 7] => QQFieldElem[0, 0, -1, 0, 1, 0, -1, 0])