Dict(
	[10, 7, 8, 9, 2, 14] => QQFieldElem[-1, 0, 2, 4, 5, 5, 5, 5, 4, 2],
	[10, 7, 8, 9, 12, 14] => QQFieldElem[1, 0, -1, 0, -1, 0, 1, 0, 2, 2],
	[10, 7, 8, 9, 4, 14] => QQFieldElem[-1, 0, 1, 2, 4, 5, 5, 4, 2, 1],
	[10, 7, 8, 9, 14, 14] => QQFieldElem[-1, -1, -1, -3, -3, -7, -8, -4, -6, -5],
	[10, 7, 8, 9, 2, 4] => QQFieldElem[0, -1, -2, -2, -1, 0, 0, 1, 1, 1],
	[10, 7, 8, 9, 2, 15] => QQFieldElem[-1, 0, -1, -2, -3, -2, -2, -3, -2, -1],
	[10, 7, 8, 9, 12, 4] => QQFieldElem[-1, 0, 0, -1, -1, -1, -1, -1, -1, 0],
	[10, 7, 8, 9, 12, 15] => QQFieldElem[-1, -4, -2, 1, -2, -4, -1, 0, -4, -4],
	[10, 7, 8, 9, 4, 4] => QQFieldElem[-2, -3, -2, -2, -3, -2, 0, 0, -1, 0],
	[10, 7, 8, 9, 4, 15] => QQFieldElem[2, 0, -3, -4, -6, -9, -9, -6, -4, -3],
	[10, 7, 8, 9, 14, 4] => QQFieldElem[4, 3, 2, 4, 5, 3, 1, 2, 3, 0],
	[10, 7, 8, 9, 14, 15] => QQFieldElem[-4, 5, 6, -1, 5, 16, 12, 4, 10, 12],
	[10, 7, 8, 9, 2, 5] => QQFieldElem[-1, -1, 1, 1, -1, -1, 0, 0, -1, 0],
	[10, 7, 8, 9, 12, 5] => QQFieldElem[2, 0, -1, 1, 1, 0, 0, 1, 1, -1],
	[10, 7, 8, 9, 4, 5] => QQFieldElem[3, 4, 2, 2, 4, 3, 0, 1, 3, 1],
	[10, 7, 8, 9, 14, 5] => QQFieldElem[-7, -4, -1, -5, -6, -4, -1, -3, -6, 0])