Dict(
	[12, 18, 18, 17, 18, 17] => QQFieldElem[21, -1, 7, 19, -5, 14, 13, -5, 19, 6],
	[12, 18, 18, 17, 18, 19] => QQFieldElem[-1, -1, -2, -1, 0, -2, -2, 1, -1, -2],
	[12, 18, 18, 17, 18, 22] => QQFieldElem[-8, 1, -3, -7, 2, -5, -6, 3, -8, -2],
	[12, 18, 18, 17, 21, 24] => QQFieldElem[327//253, 390//253, 112//253, 142//253, 359//253, 301//253, 67//253, 196//253, 446//253, 146//253],
	[12, 18, 18, 17, 21, 17] => QQFieldElem[7, -1, 2, 5, -1, 5, 2, -1, 7, 0],
	[12, 18, 18, 17, 21, 19] => QQFieldElem[-4, 0, 3, -2, -4, 2, 2, -4, -2, 3],
	[12, 18, 18, 17, 21, 22] => QQFieldElem[-2, 1, -1, -2, 2, -2, -1, 1, -2, 0],
	[12, 18, 18, 17, 16, 24] => QQFieldElem[-197//253, -163//253, -52//253, -84//253, -248//253, -203//253, -4//253, -91//253, -189//253, -122//253],
	[12, 18, 18, 17, 16, 17] => QQFieldElem[-2, 1, -1, -2, 1, -2, -1, 1, -2, 0],
	[12, 18, 18, 17, 16, 19] => QQFieldElem[-1, 0, 1, 0, 0, 1, 1, 0, 0, 1],
	[12, 18, 18, 17, 16, 22] => QQFieldElem[1, -1, 1, 0, 0, 0, 1, -1, 1, 0],
	[12, 18, 18, 17, 23, 24] => QQFieldElem[73//253, -217//253, 131//253, 270//253, -251//253, 20//253, 302//253, -87//253, -25//253, 103//253],
	[12, 18, 18, 17, 23, 17] => QQFieldElem[-34, 1, -10, -29, 6, -22, -19, 6, -31, -8],
	[12, 18, 18, 17, 23, 19] => QQFieldElem[6, 0, -2, 4, 3, -1, 0, 3, 3, -2],
	[12, 18, 18, 17, 23, 22] => QQFieldElem[14, -1, 5, 13, -4, 10, 9, -3, 13, 4],
	[12, 18, 18, 17, 18, 24] => QQFieldElem[20//23, 19//23, 11//23, -7//23, 33//23, 8//23, -8//23, 25//23, 13//23, 9//23])