Dict(
	[12, 14, 8, 8, 7, 3] => QQFieldElem[-3, 1, -3, 1, -3, 1, -3, 0, -2, -2],
	[12, 14, 8, 8, 17, 3] => QQFieldElem[0, 0, 1, 0, 0, 0, 0, 0, 0, 1],
	[12, 14, 8, 8, 9, 5] => QQFieldElem[-1, -4, -3, -1, -3, -4, -1, 0, -2, -2],
	[12, 14, 8, 8, 19, 13] => QQFieldElem[-4, 3, 0, -2, 2, -1, 1, 1, -3, 3],
	[12, 14, 8, 8, 19, 15] => QQFieldElem[-49//199, 304//199, 218//199, 5//199, 248//199, 394//199, 191//199, 33//199, 160//199, 301//199],
	[12, 14, 8, 8, 7, 13] => QQFieldElem[-4, 0, -1, -4, 1, -3, -3, 1, -4, -1],
	[12, 14, 8, 8, 7, 15] => QQFieldElem[766//2189, 377//2189, 1429//2189, 1392//2189, 1025//2189, 757//2189, 1116//2189, 1068//2189, 1361//2189, 895//2189],
	[12, 14, 8, 8, 17, 13] => QQFieldElem[-1, -2, 0, 0, -2, -1, 0, -1, -1, -1],
	[12, 14, 8, 8, 17, 15] => QQFieldElem[-1267//2189, 128//2189, 1600//2189, 641//2189, -1121//2189, -672//2189, 646//2189, 171//2189, 15//2189, 420//2189],
	[12, 14, 8, 8, 19, 5] => QQFieldElem[-1, 4, 2, -1, 4, 2, -1, 1, 0, 1],
	[12, 14, 8, 8, 7, 5] => QQFieldElem[-1, -1, 1, -2, 1, -1, -1, 0, -1, -1],
	[12, 14, 8, 8, 9, 3] => QQFieldElem[0, 0, 1, 2, 1, 0, 0, 0, -1, -1],
	[12, 14, 8, 8, 17, 5] => QQFieldElem[-1, 0, 0, -1, -1, 0, 0, -1, -1, 0],
	[12, 14, 8, 8, 9, 13] => QQFieldElem[2, 0, -2, 0, 1, -2, -2, 1, 0, -2],
	[12, 14, 8, 8, 9, 15] => QQFieldElem[1108//2189, -3284//2189, -3837//2189, -507//2189, -2501//2189, -6838//2189, -4124//2189, 196//2189, -2095//2189, -3935//2189],
	[12, 14, 8, 8, 19, 3] => QQFieldElem[0, 0, -1, -1, -1, 0, 0, 0, 2, 1])