Dict(
	[12, 14, 13, 13, 14, 13] => QQFieldElem[1, 2, 1, 2, 1, 2, 1, -1, 2, 0],
	[12, 14, 13, 13, 4, 15] => QQFieldElem[-2, -9, -4, 3, -4, -9, -2, 0, -9, -9],
	[12, 14, 13, 13, 14, 15] => QQFieldElem[10, 4, 8, 1, 7, 8, 3, 8, 5, 12],
	[12, 14, 13, 13, 2, 5] => QQFieldElem[-2, -2, 0, -4, 2, -6, 3, -6, 2, -4],
	[12, 14, 13, 13, 24, 5] => QQFieldElem[-17, -8, -2, -15, -5, -10, -10, -2, -16, -8],
	[12, 14, 13, 13, 12, 5] => QQFieldElem[2, -1, 2, 0, 2, -1, 2, 0, 1, 1],
	[12, 14, 13, 13, 22, 3] => QQFieldElem[-2, -5, 0, -1, -3, -4, 1, -2, -4, -2],
	[12, 14, 13, 13, 4, 5] => QQFieldElem[5, 5, 0, 1, 6, 3, -1, 3, 6, 1],
	[12, 14, 13, 13, 14, 5] => QQFieldElem[5, 3, 0, 8, -1, 3, 7, -1, 4, 5],
	[12, 14, 13, 13, 2, 23] => QQFieldElem[46, 0, 42, 7, 32, 19, 19, 32, 7, 42],
	[12, 14, 13, 13, 24, 23] => QQFieldElem[17, 4, 6, 13, 3, 16, -4, 21, -1, 15],
	[12, 14, 13, 13, 22, 25] => QQFieldElem[6443//529, -2308//529, 8159//529, -2965//529, 7716//529, -1816//529, 6010//529, 537//529, 2933//529, 3869//529],
	[12, 14, 13, 13, 12, 23] => QQFieldElem[44, 13, 29, 29, 13, 44, 0, 53, -4, 53],
	[12, 14, 13, 13, 4, 23] => QQFieldElem[-1, 0, 3, -1, -1, 2, 2, -1, -1, 3],
	[12, 14, 13, 13, 14, 23] => QQFieldElem[-21, -10, -11, -20, -1, -29, 5, -32, 6, -30],
	[12, 14, 13, 13, 2, 3] => QQFieldElem[2, 2, 0, 3, -1, 4, -2, 4, -1, 3],
	[12, 14, 13, 13, 22, 15] => QQFieldElem[11, -1, 10, 1, 8, 3, 5, 7, 2, 9],
	[12, 14, 13, 13, 24, 3] => QQFieldElem[21, 21, -2, 6, 26, 13, -4, 15, 25, 4],
	[12, 14, 13, 13, 22, 13] => QQFieldElem[2, -2, 0, 2, -3, 2, 0, -2, 3, -2],
	[12, 14, 13, 13, 12, 3] => QQFieldElem[0, 5, 1, 0, 1, 5, 0, 0, 3, 3],
	[12, 14, 13, 13, 2, 25] => QQFieldElem[912//529, 3341//529, -2399//529, 5921//529, -4430//529, 7112//529, -4726//529, 6319//529, -3160//529, 4027//529],
	[12, 14, 13, 13, 24, 25] => QQFieldElem[-119//23, 3//23, -222//23, 51//23, -122//23, -55//23, -132//23, -26//23, -39//23, -183//23],
	[12, 14, 13, 13, 4, 3] => QQFieldElem[-25, -25, 0, -7, -30, -16, 3, -16, -30, -7],
	[12, 14, 13, 13, 14, 3] => QQFieldElem[7, 4, 0, 2, 7, 2, 0, 4, 6, 1],
	[12, 14, 13, 13, 12, 25] => QQFieldElem[-10312//529, 2766//529, -11691//529, 3023//529, -10847//529, 902//529, -7992//529, -2628//529, -3620//529, -6921//529],
	[12, 14, 13, 13, 22, 5] => QQFieldElem[-3, 1, -2, -1, -1, 0, -3, 1, -2, -1],
	[12, 14, 13, 13, 4, 25] => QQFieldElem[-915//529, 485//529, 933//529, -426//529, -1009//529, 730//529, 165//529, -968//529, -463//529, 1074//529],
	[12, 14, 13, 13, 14, 25] => QQFieldElem[7045//529, -1069//529, 6978//529, -371//529, 6228//529, 976//529, 4141//529, 3461//529, 1868//529, 5294//529],
	[12, 14, 13, 13, 2, 13] => QQFieldElem[2, 1, 2, 2, 2, 1, 2, 0, 1, 1],
	[12, 14, 13, 13, 24, 13] => QQFieldElem[-10, 5, -3, -9, 6, -6, -4, 4, -9, 2],
	[12, 14, 13, 13, 24, 15] => QQFieldElem[-2, 7, 0, -1, 1, 5, 0, -4, 6, 1],
	[12, 14, 13, 13, 2, 15] => QQFieldElem[-5, 3, -6, 4, -6, 3, -5, 0, -3, -3],
	[12, 14, 13, 13, 12, 13] => QQFieldElem[1, 0, 2, 0, 1, 1, 1, 1, 0, 2],
	[12, 14, 13, 13, 12, 15] => QQFieldElem[-17, 0, -14, -3, -12, -6, -6, -12, -3, -14],
	[12, 14, 13, 13, 4, 13] => QQFieldElem[-1, -4, -3, -1, -3, -4, -1, 0, -2, -2],
	[12, 14, 13, 13, 22, 23] => QQFieldElem[-37, -8, -26, -20, -14, -32, -3, -40, 1, -41])