Dict(
	[13, 15, 15, 12, 22, 5] => QQFieldElem[-87//11, 14//11, -38//11, -67//11, 15//11, -56//11, -49//11, 14//11, -76//11, -2],
	[13, 15, 15, 12, 4, 25] => QQFieldElem[-1437//253, -399//253, 562//253, -710//253, -1212//253, 376//253, 336//253, -1376//253, -976//253, 711//253],
	[13, 15, 15, 12, 14, 25] => QQFieldElem[653//253, -696//253, -648//253, 445//253, 218//253, -845//253, -346//253, 670//253, -272//253, -818//253],
	[13, 15, 15, 12, 2, 4] => QQFieldElem[2, -1, 2, 2, -1, 2, 0, 3, -3, 3],
	[13, 15, 15, 12, 24, 4] => QQFieldElem[3, -3, 2, 1, 0, -1, 2, 0, 0, 0],
	[13, 15, 15, 12, 2, 15] => QQFieldElem[-11, -8, 2, -3, -11, -3, 2, -8, -11, 0],
	[13, 15, 15, 12, 24, 15] => QQFieldElem[-5, -9, -2, 0, -9, -6, 1, -5, -8, -4],
	[13, 15, 15, 12, 22, 24] => QQFieldElem[-3, 0, -3, -1, -2, 0, -5, 2, -3, -2],
	[13, 15, 15, 12, 12, 15] => QQFieldElem[12, -10, -15, 8, 7, -15, -8, 13, -1, -17],
	[13, 15, 15, 12, 12, 4] => QQFieldElem[6, 0, 3, 1, 5, 1, 2, 3, 3, 2],
	[13, 15, 15, 12, 4, 4] => QQFieldElem[3, 5, 0, 0, 5, 3, 0, 1, 6, 1],
	[13, 15, 15, 12, 4, 15] => QQFieldElem[23, 17, -4, 8, 25, 8, -4, 17, 23, 0],
	[13, 15, 15, 12, 14, 4] => QQFieldElem[-6, -2, -1, -1, -6, -1, -1, -2, -6, 0],
	[13, 15, 15, 12, 14, 15] => QQFieldElem[-28, 0, 21, -14, -24, 13, 13, -24, -14, 21],
	[13, 15, 15, 12, 2, 5] => QQFieldElem[13//11, 7//11, 4//11, 4//11, 7//11, 13//11, 0, 12//11, 5//11, 12//11],
	[13, 15, 15, 12, 24, 5] => QQFieldElem[171//11, -2, 59//11, 150//11, -57//11, 131//11, 87//11, -46//11, 172//11, 26//11],
	[13, 15, 15, 12, 12, 5] => QQFieldElem[40//11, -14//11, 25//11, 25//11, -14//11, 29//11, 2, -13//11, 34//11, 9//11],
	[13, 15, 15, 12, 22, 14] => QQFieldElem[-15, -2, -5, -13, 0, -10, -9, -2, -10, -9],
	[13, 15, 15, 12, 4, 5] => QQFieldElem[-4//11, -14//11, 3//11, 3//11, -14//11, -4//11, 0, -2//11, -10//11, -2//11],
	[13, 15, 15, 12, 2, 24] => QQFieldElem[3, 0, 0, 1, 2, -1, -1, 2, 1, 0],
	[13, 15, 15, 12, 14, 5] => QQFieldElem[-87//11, 36//11, -38//11, -78//11, 59//11, -78//11, -38//11, 36//11, -87//11, 0],
	[13, 15, 15, 12, 24, 24] => QQFieldElem[7, 3, 1, 4, 5, 2, 4, 1, 7, 2],
	[13, 15, 15, 12, 12, 24] => QQFieldElem[0, 1, 3, -3, 3, 0, 2, -2, 2, 1],
	[13, 15, 15, 12, 22, 25] => QQFieldElem[96//253, 5//253, -196//253, -45//253, 194//253, -304//253, -164//253, 9//253, 127//253, -338//253],
	[13, 15, 15, 12, 4, 24] => QQFieldElem[-5, 0, 3, -2, -4, 2, 2, -4, -2, 3],
	[13, 15, 15, 12, 14, 24] => QQFieldElem[4, -2, -2, 4, 0, -1, -1, 4, -1, -1],
	[13, 15, 15, 12, 2, 14] => QQFieldElem[-1, -1, -2, -1, -2, -1, -2, -1, -1, 0],
	[13, 15, 15, 12, 24, 14] => QQFieldElem[18, 2, 6, 16, -1, 11, 12, 0, 14, 9],
	[13, 15, 15, 12, 22, 4] => QQFieldElem[-6, 0, -5, -1, -4, -2, -3, -2, -3, -4],
	[13, 15, 15, 12, 22, 15] => QQFieldElem[-4, -2, 0, -2, -3, -2, 0, -2, -3, -1],
	[13, 15, 15, 12, 12, 14] => QQFieldElem[5, 1, 3, 3, 1, 3, 0, 3, 0, 4],
	[13, 15, 15, 12, 4, 14] => QQFieldElem[0, 0, 0, 0, 1, 0, 0, 0, 0, 0],
	[13, 15, 15, 12, 2, 25] => QQFieldElem[757//253, 469//253, -17//253, 586//253, 639//253, -78//253, -102//253, 743//253, 477//253, -383//253],
	[13, 15, 15, 12, 14, 14] => QQFieldElem[-5, 0, -3, -2, -2, -2, -2, -2, -2, -3],
	[13, 15, 15, 12, 24, 25] => QQFieldElem[872//253, 699//253, -178//253, 287//253, 961//253, 359//253, -56//253, 398//253, 1006//253, 8//253],
	[13, 15, 15, 12, 12, 25] => QQFieldElem[64//253, 678//253, 544//253, -30//253, 298//253, 978//253, 228//253, 6//253, 422//253, 871//253])