Dict(
	[16, 25, 25, 17, 22, 10] => QQFieldElem[-18, -7, -3, -18, -3, -9, -15, 0, -15, -11],
	[16, 25, 25, 17, 2, 25] => QQFieldElem[2, 2, 2, 1, 2, 2, 0, 1, 1, 2],
	[16, 25, 25, 17, 12, 25] => QQFieldElem[2, -1, 0, 1, -1, 1, 2, 0, 3, 1],
	[16, 25, 25, 17, 17, 15] => QQFieldElem[145, 22, 38, 140, -10, 84, 111, -18, 124, 67],
	[16, 25, 25, 17, 17, 10] => QQFieldElem[30, 12, 3, 28, 8, 13, 22, 3, 24, 16],
	[16, 25, 25, 17, 22, 20] => QQFieldElem[33, 0, 11, 29, -5, 21, 21, -5, 29, 11],
	[16, 25, 25, 17, 2, 15] => QQFieldElem[1, 0, 0, 1, -1, 0, 1, 0, 1, 1],
	[16, 25, 25, 17, 2, 10] => QQFieldElem[-2, -1, 1, 0, -3, 0, 2, -2, -2, 1],
	[16, 25, 25, 17, 12, 15] => QQFieldElem[-35, -8, -9, -35, 0, -20, -29, 3, -29, -18],
	[16, 25, 25, 17, 12, 10] => QQFieldElem[-9, -4, -2, -10, -1, -4, -9, 0, -7, -7],
	[16, 25, 25, 17, 17, 20] => QQFieldElem[-403//11, -14//11, -120//11, -369//11, 64//11, -251//11, -269//11, 65//11, -360//11, -136//11],
	[16, 25, 25, 17, 2, 20] => QQFieldElem[-4//11, 3//11, -1//11, 6//11, 2//11, -2//11, -6//11, 1//11, -3//11, -7//11],
	[16, 25, 25, 17, 12, 20] => QQFieldElem[79//11, 4//11, 17//11, 74//11, -12//11, 45//11, 58//11, -17//11, 73//11, 31//11],
	[16, 25, 25, 17, 22, 25] => QQFieldElem[11, -1, 4, 9, -3, 8, 6, -3, 11, 2],
	[16, 25, 25, 17, 17, 25] => QQFieldElem[-14, -2, -5, -10, 1, -11, -7, 2, -15, -5],
	[16, 25, 25, 17, 22, 15] => QQFieldElem[-118, -14, -32, -113, 11, -70, -88, 16, -102, -51])