Dict(
	[16, 22, 18, 22, 22, 17] => QQFieldElem[7, 0, 2, 7, -2, 5, 5, -2, 7, 2],
	[16, 22, 18, 22, 7, 12] => QQFieldElem[-3, 0, -1, -2, 0, -2, -2, 0, -2, -1],
	[16, 22, 18, 22, 22, 22] => QQFieldElem[4, 0, 2, 3, 0, 3, 3, 0, 3, 2],
	[16, 22, 18, 22, 7, 17] => QQFieldElem[-15, 0, -14, -2, -11, -6, -6, -11, -2, -14],
	[16, 22, 18, 22, 17, 12] => QQFieldElem[15, 0, 5, 14, -3, 9, 9, -3, 14, 5],
	[16, 22, 18, 22, 7, 22] => QQFieldElem[8, 0, 7, 1, 5, 3, 3, 5, 1, 7],
	[16, 22, 18, 22, 17, 17] => QQFieldElem[-4, 0, -1, -4, 2, -3, -3, 2, -4, -1],
	[16, 22, 18, 22, 17, 22] => QQFieldElem[-2, 0, -1, -2, 0, -2, -2, 0, -2, -1],
	[16, 22, 18, 22, 12, 12] => QQFieldElem[0, 0, 0, 0, -1, 0, 0, -1, 0, 0],
	[16, 22, 18, 22, 22, 7] => QQFieldElem[2, 0, 1, 1, 0, 1, 1, 0, 1, 1],
	[16, 22, 18, 22, 12, 17] => QQFieldElem[0, 0, -1, 0, 0, -1, -1, 0, 0, -1],
	[16, 22, 18, 22, 12, 22] => QQFieldElem[2, 0, 1, 0, 1, 0, 0, 1, 0, 1],
	[16, 22, 18, 22, 7, 7] => QQFieldElem[12, 0, 11, 2, 8, 5, 5, 8, 2, 11],
	[16, 22, 18, 22, 17, 7] => QQFieldElem[-1, 0, -1, -1, 0, -1, -1, 0, -1, -1],
	[16, 22, 18, 22, 12, 7] => QQFieldElem[2, 0, 0, 1, 2, 0, 0, 2, 1, 0],
	[16, 22, 18, 22, 22, 12] => QQFieldElem[-22, 0, -7, -20, 4, -14, -14, 4, -20, -7])