Dict(
	[18, 17, 8, 7, 14, 14] => QQFieldElem[60//23, 30//23, 62//23, 65//23, 38//23, 87//23, 15//23, 80//23, -5//23, 79//23],
	[18, 17, 8, 7, 24, 4] => QQFieldElem[-1, 0, -1, 0, -1, 0, 0, -1, 0, -1],
	[18, 17, 8, 7, 22, 12] => QQFieldElem[-3, 1, -4, 1, -4, 1, -3, 0, -1, -1],
	[18, 17, 8, 7, 24, 2] => QQFieldElem[2, 0, 1, 1, 0, 1, 1, 0, 1, 1],
	[18, 17, 8, 7, 12, 4] => QQFieldElem[0, 1, 1, 1, 1, 0, 0, 1, 1, 1],
	[18, 17, 8, 7, 12, 2] => QQFieldElem[0, -1, -1, -1, -1, 0, 0, 0, 1, 0],
	[18, 17, 8, 7, 14, 4] => QQFieldElem[1, 0, 2, 2, 0, 1, 0, 1, -2, 1],
	[18, 17, 8, 7, 14, 2] => QQFieldElem[-2, -2, -2, -2, -2, -2, 0, -1, 0, -1],
	[18, 17, 8, 7, 22, 14] => QQFieldElem[41//23, 4//23, 44//23, 11//23, 39//23, 26//23, 14//23, 30//23, 18//23, 53//23],
	[18, 17, 8, 7, 24, 12] => QQFieldElem[2, 0, 1, 0, 1, 0, 2, 0, 1, 1],
	[18, 17, 8, 7, 12, 12] => QQFieldElem[-1, 0, 0, 1, 1, 1, 1, 1, 1, 0],
	[18, 17, 8, 7, 14, 12] => QQFieldElem[-5, 0, -4, 0, -2, 0, 0, -2, 0, -4],
	[18, 17, 8, 7, 24, 14] => QQFieldElem[-30//23, -4//23, -28//23, 0, -19//23, -12//23, -10//23, -21//23, 1//23, -1],
	[18, 17, 8, 7, 22, 4] => QQFieldElem[4, 0, 0, 1, 3, 0, 0, 3, 1, 0],
	[18, 17, 8, 7, 12, 14] => QQFieldElem[-9//23, -8//23, 14//23, 28//23, 15//23, -3//23, -14//23, 6//23, 19//23, 22//23],
	[18, 17, 8, 7, 22, 2] => QQFieldElem[-1, 0, -3, 0, -1, -2, -2, -1, 0, -3])