Dict(
	[21, 16, 21, 21, 11, 16] => QQFieldElem[-46, 0, -14, -42, 9, -30, -30, 9, -42, -14],
	[21, 16, 21, 21, 16, 6] => QQFieldElem[3, 0, -2, 1, 2, 0, 0, 2, 1, -2],
	[21, 16, 21, 21, 6, 16] => QQFieldElem[-22, 0, -7, -20, 4, -14, -14, 4, -20, -7],
	[21, 16, 21, 21, 16, 11] => QQFieldElem[-2, 0, 1, -1, -1, 0, 0, -1, -1, 1],
	[21, 16, 21, 21, 11, 6] => QQFieldElem[-2, 0, 0, -2, 0, -1, -1, 0, -2, 0],
	[21, 16, 21, 21, 11, 11] => QQFieldElem[3, 0, 2, 2, 0, 2, 2, 0, 2, 2],
	[21, 16, 21, 21, 21, 21] => QQFieldElem[19, 0, 7, 16, -2, 12, 12, -2, 16, 7],
	[21, 16, 21, 21, 6, 6] => QQFieldElem[-1, 0, -1, -2, 0, -1, -1, 0, -2, -1],
	[21, 16, 21, 21, 6, 11] => QQFieldElem[2, 0, 1, 1, 0, 1, 1, 0, 1, 1],
	[21, 16, 21, 21, 21, 16] => QQFieldElem[-32, 0, -10, -29, 6, -21, -21, 6, -29, -10],
	[21, 16, 21, 21, 16, 21] => QQFieldElem[-8, 0, -2, -7, 1, -5, -5, 1, -7, -2],
	[21, 16, 21, 21, 11, 21] => QQFieldElem[26, 0, 10, 21, -2, 16, 16, -2, 21, 10],
	[21, 16, 21, 21, 21, 6] => QQFieldElem[-1, 0, 0, -1, 0, 0, 0, 0, -1, 0],
	[21, 16, 21, 21, 21, 11] => QQFieldElem[2, 0, 1, 1, 0, 1, 1, 0, 1, 1],
	[21, 16, 21, 21, 16, 16] => QQFieldElem[14, 0, 5, 13, -3, 10, 10, -3, 13, 5],
	[21, 16, 21, 21, 6, 21] => QQFieldElem[11, 0, 4, 9, -1, 7, 7, -1, 9, 4])