Dict(
	[21, 16, 25, 25, 10, 6] => QQFieldElem[3, 0, 1, 2, 0, 2, 2, 0, 2, 1],
	[21, 16, 25, 25, 10, 11] => QQFieldElem[1, 0, 0, 0, 0, 1, 1, 0, 0, 0],
	[21, 16, 25, 25, 20, 16] => QQFieldElem[0, 0, 0, 0, 1, 0, 0, 1, 0, 0],
	[21, 16, 25, 25, 15, 6] => QQFieldElem[13, 0, 8, 7, 3, 7, 7, 3, 7, 8],
	[21, 16, 25, 25, 15, 11] => QQFieldElem[3, 0, 2, 2, 0, 2, 2, 0, 2, 2],
	[21, 16, 25, 25, 25, 21] => QQFieldElem[2, 0, 1, 1, 0, 1, 1, 0, 1, 1],
	[21, 16, 25, 25, 20, 6] => QQFieldElem[-2, 0, -1, -2, 1, -2, -2, 1, -2, -1],
	[21, 16, 25, 25, 20, 11] => QQFieldElem[-2, 0, 0, -2, -1, 0, 0, -1, -2, 0],
	[21, 16, 25, 25, 10, 21] => QQFieldElem[2, 0, -4, -9, -13, -15, -15, -13, -9, -4],
	[21, 16, 25, 25, 25, 16] => QQFieldElem[1, 0, 0, 1, -1, 1, 1, -1, 1, 0],
	[21, 16, 25, 25, 15, 21] => QQFieldElem[3, 0, 0, -3, -5, -6, -6, -5, -3, 0],
	[21, 16, 25, 25, 10, 16] => QQFieldElem[1, 0, 0, 0, 1, 2, 2, 1, 0, 0],
	[21, 16, 25, 25, 25, 6] => QQFieldElem[8, 0, 4, 6, 0, 5, 5, 0, 6, 4],
	[21, 16, 25, 25, 25, 11] => QQFieldElem[3, 0, 2, 3, 0, 2, 2, 0, 3, 2],
	[21, 16, 25, 25, 20, 21] => QQFieldElem[-1, 0, 1, 2, 4, 5, 5, 4, 2, 1],
	[21, 16, 25, 25, 15, 16] => QQFieldElem[-6, 0, -6, 0, -5, -2, -2, -5, 0, -6])