Dict(
	[24, 12, 9, 24, 18, 25] => QQFieldElem[8304//253, -1366//253, 8808//253, -1093//253, 7849//253, 654//253, 5306//253, 3567//253, 2488//253, 6194//253],
	[24, 12, 9, 24, 8, 25] => QQFieldElem[-147//11, -19//11, -111//11, -60//11, -75//11, -101//11, -28//11, -142//11, -3//11, -150//11],
	[24, 12, 9, 24, 10, 25] => QQFieldElem[166//11, 2//11, 157//11, 26//11, 115//11, 83//11, 51//11, 140//11, 9//11, 164//11],
	[24, 12, 9, 24, 20, 23] => QQFieldElem[24, 4, 13, 15, 9, 11, 16, 8, 11, 19],
	[24, 12, 9, 24, 18, 18] => QQFieldElem[83, -14, 30, 69, -26, 60, 42, -20, 79, 12],
	[24, 12, 9, 24, 8, 18] => QQFieldElem[-49, 15, -20, -38, 20, -38, -20, 15, -49, 0],
	[24, 12, 9, 24, 10, 18] => QQFieldElem[161, -33, 60, 132, -55, 118, 79, -43, 156, 17],
	[24, 12, 9, 24, 20, 25] => QQFieldElem[-4441//253, 1513//253, -5656//253, 2025//253, -5210//253, 601//253, -3114//253, -1637//253, -1227//253, -3050//253],
	[24, 12, 9, 24, 18, 20] => QQFieldElem[1, -2, 4, -5, 6, -4, 2, 0, 0, 0],
	[24, 12, 9, 24, 8, 20] => QQFieldElem[5, 0, 4, 2, 2, 3, 3, 2, 2, 4],
	[24, 12, 9, 24, 10, 20] => QQFieldElem[-22, -1, -9, -17, -1, -12, -15, 1, -17, -10],
	[24, 12, 9, 24, 18, 23] => QQFieldElem[-23, -3, -18, -9, -12, -13, -11, -14, -6, -22],
	[24, 12, 9, 24, 20, 18] => QQFieldElem[-224, 28, -78, -191, 63, -157, -123, 52, -211, -42],
	[24, 12, 9, 24, 8, 23] => QQFieldElem[5, 3, 3, 5, 0, 7, 1, 5, 1, 7],
	[24, 12, 9, 24, 10, 23] => QQFieldElem[-11, -3, -5, -9, -2, -8, -5, -6, -4, -10],
	[24, 12, 9, 24, 20, 20] => QQFieldElem[23, 5, 4, 26, -5, 17, 16, -2, 20, 11])