Dict(
	[25, 23, 16, 25, 8, 15] => QQFieldElem[0, -1, 0, -1, 0, 0, -1, 1, 0, 0],
	[25, 23, 16, 25, 13, 25] => QQFieldElem[31//11, 8//11, 24//11, 40//11, 17//11, 26//11, 28//11, 17//11, 31//11, 31//11],
	[25, 23, 16, 25, 18, 10] => QQFieldElem[-117, -75, -12, -136, -37, -43, -134, -9, -82, -111],
	[25, 23, 16, 25, 8, 10] => QQFieldElem[-2, -3, 0, -3, -1, -1, -3, -1, -1, -4],
	[25, 23, 16, 25, 23, 20] => QQFieldElem[14, 1, 4, 14, -2, 8, 11, -2, 12, 6],
	[25, 23, 16, 25, 13, 15] => QQFieldElem[15, 8, 1, 18, 4, 6, 17, 0, 12, 14],
	[25, 23, 16, 25, 18, 20] => QQFieldElem[-16, -2, -4, -16, 3, -8, -13, 4, -12, -8],
	[25, 23, 16, 25, 13, 10] => QQFieldElem[33, 28, 2, 42, 15, 11, 42, 6, 21, 38],
	[25, 23, 16, 25, 8, 20] => QQFieldElem[-1, -1, 0, -1, -2, -2, -2, -3, -3, -1],
	[25, 23, 16, 25, 13, 20] => QQFieldElem[4, 0, -1, 3, 1, 3, 4, -1, 2, 2],
	[25, 23, 16, 25, 23, 25] => QQFieldElem[101//11, 0, 38//11, 83//11, -8//11, 62//11, 62//11, -8//11, 83//11, 38//11],
	[25, 23, 16, 25, 18, 25] => QQFieldElem[-101//11, -10//11, -36//11, -103//11, 8//11, -67//11, -76//11, 13//11, -98//11, -47//11],
	[25, 23, 16, 25, 8, 25] => QQFieldElem[-10//11, -1//11, -10//11, -8//11, -10//11, -9//11, -9//11, -14//11, -6//11, -1],
	[25, 23, 16, 25, 23, 15] => QQFieldElem[52, 18, 10, 55, 4, 26, 48, -3, 42, 34],
	[25, 23, 16, 25, 23, 10] => QQFieldElem[90, 51, 12, 102, 23, 37, 97, 5, 65, 79],
	[25, 23, 16, 25, 18, 15] => QQFieldElem[-66, -28, -12, -70, -9, -31, -64, 0, -51, -47])