Dict(
	[25, 7, 8, 25, 2, 20] => QQFieldElem[-3, 2, -3, -4, 4, -3, -3, 3, -3, -1],
	[25, 7, 8, 25, 12, 20] => QQFieldElem[6, -2, 2, 5, -4, 3, 3, -3, 4, 0],
	[25, 7, 8, 25, 2, 24] => QQFieldElem[-3, 0, 0, -3, -1, -1, -1, 0, -2, 0],
	[25, 7, 8, 25, 4, 20] => QQFieldElem[9, -2, 6, 9, -5, 9, 7, -4, 10, 3],
	[25, 7, 8, 25, 12, 24] => QQFieldElem[9, 2, 2, 8, 1, 5, 5, -1, 7, 3],
	[25, 7, 8, 25, 14, 20] => QQFieldElem[-14, 2, -5, -12, 4, -10, -8, 3, -13, -2],
	[25, 7, 8, 25, 2, 19] => QQFieldElem[6, -2, 3, 6, -4, 5, 4, -3, 6, 1],
	[25, 7, 8, 25, 4, 24] => QQFieldElem[4, 0, 0, 3, -1, -1, 0, -1, 1, -1],
	[25, 7, 8, 25, 12, 19] => QQFieldElem[-9, 2, -3, -8, 4, -6, -5, 3, -8, -1],
	[25, 7, 8, 25, 14, 24] => QQFieldElem[-10, -2, -3, -9, 1, -5, -6, 2, -8, -4],
	[25, 7, 8, 25, 4, 19] => QQFieldElem[-8, 2, -4, -7, 5, -7, -5, 4, -8, -2],
	[25, 7, 8, 25, 14, 19] => QQFieldElem[12, -2, 4, 10, -4, 8, 6, -3, 11, 2],
	[25, 7, 8, 25, 2, 25] => QQFieldElem[4, -1, -4, 1, 2, -3, -2, 4, 2, -3],
	[25, 7, 8, 25, 12, 25] => QQFieldElem[-5, -3, 2, -1, -5, -2, 0, -5, -7, -1],
	[25, 7, 8, 25, 4, 25] => QQFieldElem[-3, 3, 4, -2, 0, 6, 3, -2, 2, 6],
	[25, 7, 8, 25, 14, 25] => QQFieldElem[2, 2, 1, 1, 1, 1, 0, 0, 2, 1])