Dict(
	[4, 15, 5, 15, 12, 13] => QQFieldElem[2, 2, 1, 0, 2, 2, 0, 1, 2, 2],
	[4, 15, 5, 15, 12, 15] => QQFieldElem[26//11, 18//11, 9//11, -1//11, -1//11, 9//11, 18//11, 26//11, 0, -5//11],
	[4, 15, 5, 15, 15, 13] => QQFieldElem[6, -13, 6, 0, -10, 10, -5, -5, 10, -10],
	[4, 15, 5, 15, 15, 15] => QQFieldElem[5, 0, 2, 4, 0, 3, 3, 0, 4, 2],
	[4, 15, 5, 15, 13, 13] => QQFieldElem[-2, -3, 0, -3, -2, 0, -4, -1, -1, -4],
	[4, 15, 5, 15, 13, 15] => QQFieldElem[-13//11, -21//11, -13//11, 0, -4//11, -3//11, -19//11, -19//11, -3//11, -4//11],
	[4, 15, 5, 15, 14, 13] => QQFieldElem[0, 17, -5, 7, 13, -7, 13, 7, -5, 17],
	[4, 15, 5, 15, 14, 15] => QQFieldElem[-45//11, -3//11, -28//11, -32//11, 18//11, -32//11, -28//11, -3//11, -45//11, 0],
	[4, 15, 5, 15, 12, 12] => QQFieldElem[0, 1, 1, 0, 0, 1, 1, 0, 1, 1],
	[4, 15, 5, 15, 15, 12] => QQFieldElem[15, 44, -10, 31, 31, -10, 44, 15, 0, 49],
	[4, 15, 5, 15, 13, 12] => QQFieldElem[12, 8, 1, 14, 4, 4, 14, 1, 8, 12],
	[4, 15, 5, 15, 14, 12] => QQFieldElem[-35, -53, 6, -53, -35, 0, -64, -15, -15, -64],
	[4, 15, 5, 15, 12, 14] => QQFieldElem[-4, -1, 2, -1, -4, 0, 1, -3, -3, 1],
	[4, 15, 5, 15, 15, 14] => QQFieldElem[7, 0, 3, 6, 1, 6, 3, 0, 7, 0],
	[4, 15, 5, 15, 13, 14] => QQFieldElem[0, -1, 0, 0, -1, 0, -1, 0, 0, -1],
	[4, 15, 5, 15, 14, 14] => QQFieldElem[-4, 3, -2, -2, 3, -4, 0, 2, -5, 2])