Dict(
	[4, 14, 4, 14, 11, 11] => QQFieldElem[0, 0, -1, 0, -1, 0, -1, 0, 0, 0],
	[4, 14, 4, 14, 15, 13] => QQFieldElem[7, -2, 2, 7, -5, 7, 2, -2, 7, 0],
	[4, 14, 4, 14, 15, 15] => QQFieldElem[1, 2, -1, 3, -1, 2, 1, 0, 1, 1],
	[4, 14, 4, 14, 13, 13] => QQFieldElem[0, -1, 1, -1, 1, 0, 1, -1, 1, -1],
	[4, 14, 4, 14, 11, 14] => QQFieldElem[0, 2, 2, 2, 0, 0, 0, 1, 1, 0],
	[4, 14, 4, 14, 13, 15] => QQFieldElem[1, 1, 4, 3, 5, 3, 4, 1, 1, 0],
	[4, 14, 4, 14, 14, 15] => QQFieldElem[-1, 0, 0, -1, 0, -1, -2, 0, -2, -1],
	[4, 14, 4, 14, 14, 13] => QQFieldElem[-5, 4, -3, -3, 4, -5, 0, 3, -6, 3],
	[4, 14, 4, 14, 11, 13] => QQFieldElem[-2, -1, -2, -2, -2, -2, -2, -2, -1, -2],
	[4, 14, 4, 14, 11, 15] => QQFieldElem[-3, -4, -7, -8, -8, -7, -4, -3, 0, -1],
	[4, 14, 4, 14, 15, 11] => QQFieldElem[1, -1, 0, 0, 0, 0, -1, 1, 0, -1],
	[4, 14, 4, 14, 13, 11] => QQFieldElem[0, 1, 0, 0, 1, 1, 0, 0, 1, 0],
	[4, 14, 4, 14, 14, 11] => QQFieldElem[-1, 0, 1, 0, -1, 0, 2, -1, -1, 2],
	[4, 14, 4, 14, 15, 14] => QQFieldElem[3, 0, 0, 3, 0, 2, 2, -1, 2, 2],
	[4, 14, 4, 14, 13, 14] => QQFieldElem[0, -1, -2, -2, -1, 0, 0, -1, -1, -1],
	[4, 14, 4, 14, 14, 14] => QQFieldElem[-2, 0, 0, -2, 1, -1, -1, 1, -2, 0])