Dict(
	[4, 25, 25, 5, 3, 25] => QQFieldElem[15, 0, 5, 16, -1, 13, 13, -1, 16, 5],
	[4, 25, 25, 5, 5, 23] => QQFieldElem[10, 0, 3, 8, -1, 6, 6, -1, 8, 3],
	[4, 25, 25, 5, 5, 22] => QQFieldElem[-11, 0, -5, -11, 4, -9, -9, 4, -11, -5],
	[4, 25, 25, 5, 4, 25] => QQFieldElem[-67, 0, -21, -61, 12, -44, -44, 12, -61, -21],
	[4, 25, 25, 5, 5, 25] => QQFieldElem[58, 0, 19, 51, -9, 37, 37, -9, 51, 19],
	[4, 25, 25, 5, 2, 24] => QQFieldElem[2, 0, 1, 2, -1, 1, 1, -1, 2, 1],
	[4, 25, 25, 5, 3, 24] => QQFieldElem[-42, 0, -13, -38, 8, -27, -27, 8, -38, -13],
	[4, 25, 25, 5, 2, 23] => QQFieldElem[-1, 0, 0, -1, -1, 0, 0, -1, -1, 0],
	[4, 25, 25, 5, 2, 22] => QQFieldElem[2, 0, -1, 1, 1, 0, 0, 1, 1, -1],
	[4, 25, 25, 5, 4, 24] => QQFieldElem[166, 0, 51, 150, -30, 107, 107, -30, 150, 51],
	[4, 25, 25, 5, 3, 23] => QQFieldElem[3, 0, 1, 3, -1, 2, 2, -1, 3, 1],
	[4, 25, 25, 5, 3, 22] => QQFieldElem[-7, 0, -2, -6, 1, -4, -4, 1, -6, -2],
	[4, 25, 25, 5, 4, 23] => QQFieldElem[-11, 0, -4, -10, 3, -8, -8, 3, -10, -4],
	[4, 25, 25, 5, 4, 22] => QQFieldElem[17, 0, 7, 16, -5, 13, 13, -5, 16, 7],
	[4, 25, 25, 5, 2, 25] => QQFieldElem[-1, 0, -1, -2, -2, -3, -3, -2, -2, -1],
	[4, 25, 25, 5, 5, 24] => QQFieldElem[-134, 0, -41, -121, 24, -86, -86, 24, -121, -41])