Dict(
	[4, 9, 4, 9, 6, 10] => QQFieldElem[2, 0, 1, 1, 0, 2, 0, 4, 1, 4],
	[4, 9, 4, 9, 9, 8] => QQFieldElem[-1, 1, 1, 0, 3, 0, 1, 1, -1, 0],
	[4, 9, 4, 9, 9, 6] => QQFieldElem[2, 5, 2, 0, 3, 4, 0, 0, 4, 3],
	[4, 9, 4, 9, 9, 9] => QQFieldElem[-2, 0, 0, -2, 1, -1, -1, 1, -2, 0],
	[4, 9, 4, 9, 8, 10] => QQFieldElem[18, 0, 17, 3, 13, 8, 8, 13, 3, 17],
	[4, 9, 4, 9, 6, 8] => QQFieldElem[0, -1, -1, -3, -2, -4, -2, -3, -1, -1],
	[4, 9, 4, 9, 10, 10] => QQFieldElem[1, 2, -1, 3, -1, 2, 1, 0, 1, 1],
	[4, 9, 4, 9, 6, 6] => QQFieldElem[-2, -1, 0, -1, -2, 0, 1, 0, 0, 1],
	[4, 9, 4, 9, 6, 9] => QQFieldElem[-1, -2, -1, 0, 1, 0, -1, -1, 0, 1],
	[4, 9, 4, 9, 8, 8] => QQFieldElem[-9, -3, -6, -6, -3, -9, 0, -10, 1, -10],
	[4, 9, 4, 9, 10, 8] => QQFieldElem[5, 0, 2, 3, 0, 2, 2, 0, 3, 2],
	[4, 9, 4, 9, 9, 10] => QQFieldElem[0, 0, 0, 0, 0, 1, -1, 2, -1, 1],
	[4, 9, 4, 9, 8, 6] => QQFieldElem[0, -3, -3, 0, -1, -2, -1, 0, -3, -3],
	[4, 9, 4, 9, 10, 6] => QQFieldElem[-4, -5, -1, -1, -5, -4, 0, -2, -5, -2],
	[4, 9, 4, 9, 8, 9] => QQFieldElem[-2, -4, -3, -1, 1, -1, -3, -4, -2, 0],
	[4, 9, 4, 9, 10, 9] => QQFieldElem[5, 1, 1, 5, 0, 3, 4, -1, 4, 3])