Dict(
	[4, 4, 20, 20, 17, 5] => QQFieldElem[27//529, 0, -60//529, 70//529, -5//529, 126//529, 126//529, -5//529, 70//529, -60//529],
	[4, 4, 20, 20, 18, 5] => QQFieldElem[1180//529, 0, 493//529, 1100//529, -3//529, 922//529, 922//529, -3//529, 1100//529, 493//529],
	[4, 4, 20, 20, 19, 1] => QQFieldElem[2, 0, 2, 2, -1, 2, 2, -1, 2, 2],
	[4, 4, 20, 20, 20, 4] => QQFieldElem[5, 0, 0, 1, -1, 3, 3, -1, 1, 0],
	[4, 4, 20, 20, 17, 1] => QQFieldElem[11, 0, 3, 10, -2, 7, 7, -2, 10, 3],
	[4, 4, 20, 20, 18, 1] => QQFieldElem[30, 0, 10, 26, -4, 19, 19, -4, 26, 10],
	[4, 4, 20, 20, 19, 3] => QQFieldElem[2, 0, 0, 1, 1, 1, 1, 1, 1, 0],
	[4, 4, 20, 20, 20, 5] => QQFieldElem[1364//529, 0, 378//529, 1146//529, -233//529, 899//529, 899//529, -233//529, 1146//529, 378//529],
	[4, 4, 20, 20, 17, 3] => QQFieldElem[1, 0, 0, 1, 0, 1, 1, 0, 1, 0],
	[4, 4, 20, 20, 18, 3] => QQFieldElem[7, 0, 2, 7, -1, 5, 5, -1, 7, 2],
	[4, 4, 20, 20, 19, 4] => QQFieldElem[6, 0, -9, -12, -5, 4, 4, -5, -12, -9],
	[4, 4, 20, 20, 20, 1] => QQFieldElem[19, 0, 6, 17, -3, 12, 12, -3, 17, 6],
	[4, 4, 20, 20, 17, 4] => QQFieldElem[1, 0, -2, -2, -1, 1, 1, -1, -2, -2],
	[4, 4, 20, 20, 18, 4] => QQFieldElem[7, 0, 4, 3, 2, 4, 4, 2, 3, 4],
	[4, 4, 20, 20, 19, 5] => QQFieldElem[11//23, 0, 19//23, 20//23, 15//23, 13//23, 13//23, 15//23, 20//23, 19//23],
	[4, 4, 20, 20, 20, 3] => QQFieldElem[6, 0, 2, 6, -1, 4, 4, -1, 6, 2])