Dict(
	[7, 22, 17, 22, 16, 23] => QQFieldElem[902//2047, -70//2047, -1705//2047, -2503//2047, -2746//2047, -2643//2047, -1819//2047, -1368//2047, -1854//2047, -1648//2047],
	[7, 22, 17, 22, 23, 21] => QQFieldElem[5, -1, 1, 5, -1, 3, 3, -1, 5, 0],
	[7, 22, 17, 22, 23, 18] => QQFieldElem[2, 1, -1, -1, -2, -4, -3, -3, -1, 0],
	[7, 22, 17, 22, 18, 21] => QQFieldElem[-3, 0, -1, -3, 0, -2, -2, 0, -3, -1],
	[7, 22, 17, 22, 18, 18] => QQFieldElem[-1, -1, 0, -1, -1, -1, -1, -1, -1, -1],
	[7, 22, 17, 22, 23, 16] => QQFieldElem[6, 0, 3, 6, 0, 6, 5, 0, 6, 2],
	[7, 22, 17, 22, 21, 21] => QQFieldElem[0, 1, 0, 0, 0, 0, 0, 0, 0, 1],
	[7, 22, 17, 22, 21, 18] => QQFieldElem[0, 0, 1, 2, 3, 4, 4, 3, 2, 1],
	[7, 22, 17, 22, 18, 16] => QQFieldElem[-3, 0, -1, -3, 1, -2, -2, 1, -3, -1],
	[7, 22, 17, 22, 23, 23] => QQFieldElem[1509//2047, 1299//2047, -381//2047, 2555//2047, 1479//2047, 1059//2047, 1793//2047, 1524//2047, 1419//2047, 579//2047],
	[7, 22, 17, 22, 21, 16] => QQFieldElem[0, 0, -1, -1, -1, -2, -1, -1, -1, 0],
	[7, 22, 17, 22, 18, 23] => QQFieldElem[-1013//2047, -929//2047, -257//2047, -1022//2047, -1001//2047, -833//2047, -1536//2047, -1019//2047, -977//2047, -641//2047],
	[7, 22, 17, 22, 16, 21] => QQFieldElem[0, -2, -2, -1, -2, -3, -2, -1, -2, -2],
	[7, 22, 17, 22, 16, 18] => QQFieldElem[1, 0, -1, -1, -1, -2, -2, -1, -1, -1],
	[7, 22, 17, 22, 21, 23] => QQFieldElem[-256//2047, -257//2047, -265//2047, -329//2047, -841//2047, -843//2047, -859//2047, -987//2047, 36//2047, 32//2047],
	[7, 22, 17, 22, 16, 16] => QQFieldElem[0, 1, 1, 0, 1, 2, 1, 0, 1, 1])