Dict(
	[7, 9, 14, 14, 18, 3] => QQFieldElem[2, 0, 2, 0, 2, 1, 1, 2, 0, 2],
	[7, 9, 14, 14, 8, 3] => QQFieldElem[0, 1, 0, 1, 0, 1, 0, 0, 0, 0],
	[7, 9, 14, 14, 10, 3] => QQFieldElem[-1, -1, -2, -2, -2, -1, -1, 0, 0, 0],
	[7, 9, 14, 14, 18, 13] => QQFieldElem[-6, -2, -4, -4, -2, -6, 0, -7, 0, -7],
	[7, 9, 14, 14, 8, 13] => QQFieldElem[2, 0, 0, 1, 2, 0, 0, 2, 1, 0],
	[7, 9, 14, 14, 8, 15] => QQFieldElem[17//23, 11//23, 18//23, 1//23, 5//23, 7//23, -4//23, 10//23, 10//23, 26//23],
	[7, 9, 14, 14, 10, 13] => QQFieldElem[1, 0, 0, 0, 0, -1, -1, 0, 0, 0],
	[7, 9, 14, 14, 10, 15] => QQFieldElem[9//23, -8//23, -5//23, -10//23, -12//23, -12//23, -11//23, -4//23, -13//23, 1//23],
	[7, 9, 14, 14, 20, 3] => QQFieldElem[2, 1, 1, 4, 0, 2, 2, -2, 2, -1],
	[7, 9, 14, 14, 18, 15] => QQFieldElem[-66//23, -40//23, -32//23, -81//23, 9//23, -107//23, 25//23, -120//23, 18//23, -105//23],
	[7, 9, 14, 14, 18, 5] => QQFieldElem[13, 0, 12, 2, 9, 5, 5, 9, 2, 12],
	[7, 9, 14, 14, 8, 5] => QQFieldElem[-3, 1, -4, 1, -4, 1, -3, 0, -1, -1],
	[7, 9, 14, 14, 10, 5] => QQFieldElem[-2, 0, -3, 0, -3, 0, -2, 0, -1, -1],
	[7, 9, 14, 14, 20, 13] => QQFieldElem[3, 1, 2, 3, 0, 5, 0, 4, 0, 4],
	[7, 9, 14, 14, 20, 15] => QQFieldElem[31//23, 34//23, 5//23, 65//23, -18//23, 84//23, -1, 74//23, -10//23, 55//23],
	[7, 9, 14, 14, 20, 5] => QQFieldElem[-8, 0, -7, -1, -5, -4, -2, -8, 0, -9])