Dict(
	[7, 18, 14, 13, 17, 12] => QQFieldElem[-3, -1, -2, -2, -1, -3, 0, -4, 1, -4],
	[7, 18, 14, 13, 17, 24] => QQFieldElem[-4239//2189, -3044//2189, 1198//2189, -1798//2189, -5476//2189, -1773//2189, 676//2189, -3640//2189, -5107//2189, -18//2189],
	[7, 18, 14, 13, 7, 22] => QQFieldElem[8, 11, 1, 1, 11, 8, 0, 4, 12, 4],
	[7, 18, 14, 13, 17, 22] => QQFieldElem[-4, -5, -1, -1, -5, -4, 0, -2, -6, -2],
	[7, 18, 14, 13, 19, 14] => QQFieldElem[6, 1, -1, 4, 3, 0, 2, 2, 4, 0],
	[7, 18, 14, 13, 7, 14] => QQFieldElem[8, 0, -7, 4, 7, -4, -4, 7, 4, -7],
	[7, 18, 14, 13, 17, 14] => QQFieldElem[-2, 0, 2, -1, -2, 1, 1, -2, -1, 2],
	[7, 18, 14, 13, 9, 12] => QQFieldElem[9, 0, 8, 2, 6, 4, 4, 6, 2, 8],
	[7, 18, 14, 13, 9, 24] => QQFieldElem[-309//2189, 1318//2189, 140//2189, -444//2189, -819//2189, 1028//2189, 576//2189, -239//2189, 156//2189, 166//2189],
	[7, 18, 14, 13, 9, 22] => QQFieldElem[-1, 0, 0, 0, -1, 0, 0, -1, 0, 0],
	[7, 18, 14, 13, 9, 14] => QQFieldElem[-1, 1, 0, -1, 0, 1, -1, 0, 0, 0],
	[7, 18, 14, 13, 19, 12] => QQFieldElem[-10, 1, -9, -1, -7, -3, -6, -4, -4, -7],
	[7, 18, 14, 13, 19, 24] => QQFieldElem[6136//2189, 3659//2189, -754//2189, 2016//2189, 6381//2189, 1781//2189, -663//2189, 3570//2189, 5977//2189, 607//2189],
	[7, 18, 14, 13, 7, 12] => QQFieldElem[9, 2, 6, 6, 2, 9, 0, 11, -2, 11],
	[7, 18, 14, 13, 7, 24] => QQFieldElem[10491//2189, 7958//2189, -2968//2189, 2408//2189, 10358//2189, 3161//2189, -1704//2189, 6818//2189, 9389//2189, -1768//2189],
	[7, 18, 14, 13, 19, 22] => QQFieldElem[6, 5, 2, 2, 5, 5, 1, 2, 7, 3])