Dict(
	[8, 13, 12, 17, 14, 6] => QQFieldElem[2, 0, 3, 0, 1, 1, 1, 1, 0, 3],
	[8, 13, 12, 17, 22, 18] => QQFieldElem[-10//23, -16//23, 11//23, 0, -4//23, -29//23, -16//23, -13//23, 6//23, 12//23],
	[8, 13, 12, 17, 22, 16] => QQFieldElem[-2, -1, -1, -1, -1, -2, 0, -1, 1, -1],
	[8, 13, 12, 17, 22, 8] => QQFieldElem[0, 0, 0, -1, 0, 2, 2, 0, -1, 0],
	[8, 13, 12, 17, 24, 18] => QQFieldElem[-15//23, -9//23, -1//23, -16//23, 3//23, -21//23, 9//23, -27//23, 9//23, -14//23],
	[8, 13, 12, 17, 12, 18] => QQFieldElem[-1, -11//23, 9//23, 24//23, -2//23, -28//23, -38//23, -6//23, 1, 25//23],
	[8, 13, 12, 17, 22, 6] => QQFieldElem[1, 0, 0, 0, 0, 1, 0, 2, 1, 2],
	[8, 13, 12, 17, 14, 18] => QQFieldElem[-55//23, -48//23, -13//23, -35//23, 25//23, -88//23, 0, -80//23, 33//23, -50//23],
	[8, 13, 12, 17, 24, 16] => QQFieldElem[-1, 0, -1, 0, -1, 0, 0, -1, 0, -1],
	[8, 13, 12, 17, 12, 16] => QQFieldElem[0, 0, 1, 1, 0, 0, 0, 2, 2, 2],
	[8, 13, 12, 17, 24, 8] => QQFieldElem[1, 1, 1, 0, 1, 1, 1, 0, 1, 1],
	[8, 13, 12, 17, 14, 16] => QQFieldElem[-3, 0, -5, -2, -3, -1, -1, -3, -2, -5],
	[8, 13, 12, 17, 12, 8] => QQFieldElem[0, 0, 0, 0, -1, -2, -2, -1, 0, 0],
	[8, 13, 12, 17, 24, 6] => QQFieldElem[2, 0, 1, 1, 1, 1, 1, 1, 1, 1],
	[8, 13, 12, 17, 12, 6] => QQFieldElem[0, 1, 1, 1, 1, 0, 0, -1, -1, -1],
	[8, 13, 12, 17, 14, 8] => QQFieldElem[0, -3, 0, 0, 0, -3, 0, 0, -1, -1])