Dict(
	[9, 14, 12, 9, 3, 8] => QQFieldElem[11, -6, 14, -6, 14, -6, 11, 0, 5, 5],
	[9, 14, 12, 9, 5, 10] => QQFieldElem[-2, 0, -1, -1, -1, 0, -2, 0, -1, -1],
	[9, 14, 12, 9, 5, 18] => QQFieldElem[1, 0, 0, 1, 1, 1, 1, 1, 1, 0],
	[9, 14, 12, 9, 15, 8] => QQFieldElem[-3, 0, -1, -3, 0, -2, -1, -2, -1, -2],
	[9, 14, 12, 9, 13, 8] => QQFieldElem[5, 0, 4, 1, 3, 2, 2, 3, 1, 4],
	[9, 14, 12, 9, 5, 20] => QQFieldElem[269//737, 417//737, 345//737, 141//737, 300//737, 382//737, 123//737, 249//737, 606//737, 512//737],
	[9, 14, 12, 9, 5, 8] => QQFieldElem[-1, 0, -2, 1, -2, 0, -1, 0, -1, -1],
	[9, 14, 12, 9, 3, 10] => QQFieldElem[6, -3, 8, -3, 8, -3, 6, 0, 3, 3],
	[9, 14, 12, 9, 3, 18] => QQFieldElem[0, 0, -1, 1, 1, 0, 0, 1, 1, -1],
	[9, 14, 12, 9, 15, 18] => QQFieldElem[1, -2, 0, 0, -3, 1, 0, -1, 2, 0],
	[9, 14, 12, 9, 15, 10] => QQFieldElem[5, 0, 1, 5, -1, 2, 4, -2, 5, 1],
	[9, 14, 12, 9, 13, 10] => QQFieldElem[2, 0, 2, 0, 2, 1, 1, 2, 0, 2],
	[9, 14, 12, 9, 13, 18] => QQFieldElem[-1, 0, -1, -1, 0, -1, 0, 0, 0, 0],
	[9, 14, 12, 9, 3, 20] => QQFieldElem[-1032//737, -271//737, -203//737, 481//737, -529//737, -934//737, -239//737, -358//737, -81//737, -893//737],
	[9, 14, 12, 9, 15, 20] => QQFieldElem[41//737, -457//737, -394//737, 153//737, -631//737, -150//737, -384//737, -310//737, -346//737, -448//737],
	[9, 14, 12, 9, 13, 20] => QQFieldElem[-334//737, -52//737, 10//737, -60//737, 233//737, -288//737, 324//737, -153//737, 338//737, -359//737])