Dict(
	[9, 12, 18, 13, 17, 8] => QQFieldElem[2, 0, 1, 0, 2, 0, 0, 2, 0, 1],
	[9, 12, 18, 13, 9, 10] => QQFieldElem[0, 2, 0, 0, 2, 0, 0, 2, -1, 2],
	[9, 12, 18, 13, 9, 18] => QQFieldElem[2, 0, 1, 1, 1, 1, 1, 1, 1, 1],
	[9, 12, 18, 13, 9, 20] => QQFieldElem[1329//2189, 282//2189, 588//2189, 762//2189, 1376//2189, 1253//2189, 668//2189, 1623//2189, 1093//2189, 1135//2189],
	[9, 12, 18, 13, 9, 8] => QQFieldElem[2, 4, 0, 0, 4, 2, 0, 1, 4, 1],
	[9, 12, 18, 13, 19, 10] => QQFieldElem[10, -2, 4, 8, -3, 6, 6, -3, 9, 2],
	[9, 12, 18, 13, 19, 18] => QQFieldElem[19, 7, 4, 20, 2, 9, 19, -2, 16, 13],
	[9, 12, 18, 13, 7, 10] => QQFieldElem[2, 2, 1, 1, 2, 2, 0, 2, 2, 2],
	[9, 12, 18, 13, 7, 18] => QQFieldElem[2, 0, 0, 1, 2, 0, 0, 2, 1, 0],
	[9, 12, 18, 13, 17, 10] => QQFieldElem[-1, 0, -2, 1, -2, 0, 0, -2, 1, -2],
	[9, 12, 18, 13, 17, 18] => QQFieldElem[-7, -2, -3, -5, -3, -2, -7, 0, -5, -5],
	[9, 12, 18, 13, 19, 20] => QQFieldElem[2612//2189, 406//2189, 1126//2189, 2308//2189, -239//2189, 888//2189, 3632//2189, -1203//2189, 2443//2189, 1898//2189],
	[9, 12, 18, 13, 7, 20] => QQFieldElem[1966//2189, 852//2189, 519//2189, 1231//2189, 2108//2189, 246//2189, -1242//2189, 1131//2189, 1579//2189, 1147//2189],
	[9, 12, 18, 13, 19, 8] => QQFieldElem[-2, -4, 0, 1, -6, -1, 1, -3, -3, -1],
	[9, 12, 18, 13, 17, 20] => QQFieldElem[-2041//2189, 318//2189, -2504//2189, 999//2189, -1988//2189, -124//2189, -1296//2189, -1104//2189, -351//2189, -1468//2189],
	[9, 12, 18, 13, 7, 8] => QQFieldElem[14, 19, 3, 3, 19, 14, 0, 8, 21, 8])