Dict(
	[9, 10, 8, 9, 5, 12] => QQFieldElem[1, 0, -1, -2, -4, -4, -4, -4, -2, -1],
	[9, 10, 8, 9, 3, 4] => QQFieldElem[0, -1, -1, -1, -1, -1, 0, 0, -1, -1],
	[9, 10, 8, 9, 3, 15] => QQFieldElem[-587//737, -1636//737, -2520//737, -2568//737, -1967//737, -1124//737, -578//737, -505//737, -421//737, -183//737],
	[9, 10, 8, 9, 15, 15] => QQFieldElem[234//737, -577//737, -541//737, -439//737, -887//737, -191//737, -430//737, -493//737, 434//737, -256//737],
	[9, 10, 8, 9, 15, 4] => QQFieldElem[9, 0, 2, 9, -3, 6, 6, -2, 8, 3],
	[9, 10, 8, 9, 15, 2] => QQFieldElem[-3, -1, -1, -4, 0, -3, -2, 0, -3, -1],
	[9, 10, 8, 9, 4, 15] => QQFieldElem[-271//737, -916//737, -901//737, -1227//737, -1168//737, -878//737, -302//737, 593//737, 795//737, 876//737],
	[9, 10, 8, 9, 13, 15] => QQFieldElem[-1040//737, -793//737, -953//737, -915//737, 421//737, -1444//737, 519//737, -1412//737, 364//737, -1974//737],
	[9, 10, 8, 9, 4, 2] => QQFieldElem[2, 0, 3, -1, 3, 0, 2, 0, 2, 2],
	[9, 10, 8, 9, 13, 2] => QQFieldElem[17, 0, 14, 3, 12, 6, 6, 12, 3, 14],
	[9, 10, 8, 9, 14, 2] => QQFieldElem[4, 0, 2, 2, 1, 2, 2, 1, 2, 2],
	[9, 10, 8, 9, 14, 15] => QQFieldElem[-342//737, 163//737, -3//737, 18//737, 446//737, -61//737, 345//737, 267//737, 46//737, 34//737],
	[9, 10, 8, 9, 4, 4] => QQFieldElem[0, 1, 0, 0, 0, 1, 0, 0, 0, 0],
	[9, 10, 8, 9, 14, 4] => QQFieldElem[-6, 0, -2, -5, 1, -4, -4, 1, -5, -2],
	[9, 10, 8, 9, 13, 4] => QQFieldElem[-5, 0, -6, 0, -3, -3, -3, -3, 0, -6],
	[9, 10, 8, 9, 5, 14] => QQFieldElem[0, 0, 1, 2, 3, 4, 4, 3, 2, 1],
	[9, 10, 8, 9, 3, 2] => QQFieldElem[0, 0, 0, 1, 0, 0, 0, 0, -1, -1],
	[9, 10, 8, 9, 15, 5] => QQFieldElem[11, 0, 3, 9, -2, 6, 7, -2, 10, 4],
	[9, 10, 8, 9, 3, 5] => QQFieldElem[-1, -2, -3, -3, -3, -2, -1, 0, 0, 0],
	[9, 10, 8, 9, 4, 5] => QQFieldElem[0, -2, -1, -3, -1, -2, 0, 0, 1, 1],
	[9, 10, 8, 9, 13, 5] => QQFieldElem[9, 0, 8, 2, 7, 4, 4, 7, 2, 8],
	[9, 10, 8, 9, 14, 5] => QQFieldElem[-5, 0, -1, -5, 2, -3, -3, 2, -5, -1],
	[9, 10, 8, 9, 3, 12] => QQFieldElem[1, 0, -2, -4, -6, -7, -7, -6, -4, -2],
	[9, 10, 8, 9, 5, 15] => QQFieldElem[84//737, 322//737, 505//737, 655//737, 343//737, 196//737, 148//737, 12//737, 118//737, -73//737],
	[9, 10, 8, 9, 15, 12] => QQFieldElem[2, -4, 1, 3, 0, 7, 5, 3, 7, 0],
	[9, 10, 8, 9, 5, 2] => QQFieldElem[0, 1, 0, 1, 0, 1, 0, 0, 0, 0],
	[9, 10, 8, 9, 4, 12] => QQFieldElem[0, 0, 1, 1, 1, 1, 1, 1, 1, 1],
	[9, 10, 8, 9, 13, 12] => QQFieldElem[-1, 0, -2, -2, 0, -1, 0, -1, 2, -1],
	[9, 10, 8, 9, 14, 12] => QQFieldElem[-2, 2, -1, -1, 2, -2, 0, 1, -2, 1],
	[9, 10, 8, 9, 5, 4] => QQFieldElem[0, 0, 1, -1, 1, 0, 0, 0, 0, 0],
	[9, 10, 8, 9, 5, 5] => QQFieldElem[-1, 0, 0, 0, 0, 0, -1, 0, -1, -1],
	[9, 10, 8, 9, 3, 14] => QQFieldElem[2, 0, -4, -7, -8, -8, -8, -8, -7, -4],
	[9, 10, 8, 9, 15, 14] => QQFieldElem[2, 0, 1, 0, -3, -3, -4, -4, -2, -2],
	[9, 10, 8, 9, 4, 14] => QQFieldElem[0, 0, 0, 1, 3, 5, 5, 3, 1, 0],
	[9, 10, 8, 9, 13, 14] => QQFieldElem[2, 1, -1, -1, 1, 2, 0, 2, 2, 2],
	[9, 10, 8, 9, 14, 14] => QQFieldElem[0, 1, 0, 0, 1, 0, 0, 0, -1, 0])