Dict(
	[10, 10, 13, 13, 5, 1, 1, 4, 1, 1] => QQFieldElem[-1//16, 0, 0, 0, 0, 0, 0, 0],
	[10, 10, 13, 13, 3, 1, 1, 15, 1, 1] => QQFieldElem[0, 0, 0, 0, 0, 0, 1//48, 0],
	[10, 10, 13, 13, 5, 1, 1, 3, 1, 1] => QQFieldElem[-1//24, 0, 0, 0, 0, 0, 0, 0],
	[10, 10, 13, 13, 15, 1, 1, 7, 1, 1] => QQFieldElem[0, 0, 0, 0, 0, 0, 0, 0],
	[10, 10, 13, 13, 8, 1, 1, 7, 1, 1] => QQFieldElem[0, 0, 0, 0, 0, 0, -4, 0],
	[10, 10, 13, 13, 15, 1, 1, 15, 1, 1] => QQFieldElem[0, 0, 0, 0, 0, 0, -1//6, 0],
	[10, 10, 13, 13, 21, 1, 1, 4, 1, 1] => QQFieldElem[0, 0, 0, 0, 0, 0, 0, 0],
	[10, 10, 13, 13, 8, 1, 1, 15, 1, 1] => QQFieldElem[0, 0, 0, 0, 0, 0, 0, 0],
	[10, 10, 13, 13, 3, 1, 1, 20, 1, 1] => QQFieldElem[0, 0, 0, 0, 0, 0, 1//48, 0],
	[10, 10, 13, 13, 3, 1, 1, 6, 1, 1] => QQFieldElem[0, 0, 0, 0, 0, 0, -1, 0],
	[10, 10, 13, 13, 21, 1, 1, 3, 1, 1] => QQFieldElem[1//6, 0, 0, 0, 0, 0, 0, 0],
	[10, 10, 13, 13, 15, 1, 1, 20, 1, 1] => QQFieldElem[0, 0, 0, 0, 0, 0, 1//12, 0],
	[10, 10, 13, 13, 20, 1, 1, 1, 1, 1] => QQFieldElem[0, 0, 0, 0, 0, 0, -64//81, 0],
	[10, 10, 13, 13, 9, 1, 1, 1, 1, 1] => QQFieldElem[0, 0, 0, 0, 0, 0, 32//81, 0],
	[10, 10, 13, 13, 8, 1, 1, 20, 1, 1] => QQFieldElem[0, 0, 0, 0, 0, 0, 0, 0],
	[10, 10, 13, 13, 15, 1, 1, 6, 1, 1] => QQFieldElem[0, 0, 0, 0, 0, 0, 0, 0],
	[10, 10, 13, 13, 8, 1, 1, 6, 1, 1] => QQFieldElem[0, 0, 0, 0, 0, 0, -4, 0],
	[10, 10, 13, 13, 3, 1, 1, 4, 1, 1] => QQFieldElem[-1//16, 0, 0, 0, 0, 0, 0, 0],
	[10, 10, 13, 13, 20, 1, 1, 21, 1, 1] => QQFieldElem[0, 0, 0, 0, 0, 0, -1//6, 0],
	[10, 10, 13, 13, 9, 1, 1, 21, 1, 1] => QQFieldElem[0, 0, 0, 0, 0, 0, 0, 0],
	[10, 10, 13, 13, 3, 1, 1, 3, 1, 1] => QQFieldElem[-1//24, 0, 0, 0, 0, 0, 0, 0],
	[10, 10, 13, 13, 15, 1, 1, 4, 1, 1] => QQFieldElem[0, 0, 0, 0, 0, 0, 0, 0],
	[10, 10, 13, 13, 8, 1, 1, 4, 1, 1] => QQFieldElem[-1//4, 0, 0, 0, 0, 0, 0, 0],
	[10, 10, 13, 13, 15, 1, 1, 3, 1, 1] => QQFieldElem[1//6, 0, 0, 0, 0, 0, 0, 0],
	[10, 10, 13, 13, 8, 1, 1, 3, 1, 1] => QQFieldElem[1//6, 0, 0, 0, 0, 0, 0, 0],
	[10, 10, 13, 13, 2, 1, 1, 1, 1, 1] => QQFieldElem[-8//27, 0, 0, 0, 0, 0, 0, 0],
	[10, 10, 13, 13, 20, 1, 1, 7, 1, 1] => QQFieldElem[0, 0, 0, 0, 0, 0, 0, 0],
	[10, 10, 13, 13, 9, 1, 1, 7, 1, 1] => QQFieldElem[0, 0, 0, 0, 0, 0, 4, 0],
	[10, 10, 13, 13, 20, 1, 1, 15, 1, 1] => QQFieldElem[0, 0, 0, 0, 0, 0, 1//12, 0],
	[10, 10, 13, 13, 9, 1, 1, 15, 1, 1] => QQFieldElem[0, 0, 0, 0, 0, 0, 0, 0],
	[10, 10, 13, 13, 2, 1, 1, 21, 1, 1] => QQFieldElem[-1//8, 0, 0, 0, 0, 0, 0, 0],
	[10, 10, 13, 13, 5, 1, 1, 1, 1, 1] => QQFieldElem[0, 0, 0, 0, 0, 0, -8//81, 0],
	[10, 10, 13, 13, 20, 1, 1, 20, 1, 1] => QQFieldElem[0, 0, 0, 0, 0, 0, 1//12, 0],
	[10, 10, 13, 13, 9, 1, 1, 20, 1, 1] => QQFieldElem[0, 0, 0, 0, 0, 0, 0, 0],
	[10, 10, 13, 13, 20, 1, 1, 6, 1, 1] => QQFieldElem[0, 0, 0, 0, 0, 0, 0, 0],
	[10, 10, 13, 13, 5, 1, 1, 21, 1, 1] => QQFieldElem[0, 0, 0, 0, 0, 0, 0, 0],
	[10, 10, 13, 13, 9, 1, 1, 6, 1, 1] => QQFieldElem[0, 0, 0, 0, 0, 0, 4, 0],
	[10, 10, 13, 13, 21, 1, 1, 1, 1, 1] => QQFieldElem[0, 0, 0, 0, 0, 0, -64//81, 0],
	[10, 10, 13, 13, 2, 1, 1, 7, 1, 1] => QQFieldElem[3, 0, 0, 0, 0, 0, 0, 0],
	[10, 10, 13, 13, 20, 1, 1, 4, 1, 1] => QQFieldElem[0, 0, 0, 0, 0, 0, 0, 0],
	[10, 10, 13, 13, 21, 1, 1, 21, 1, 1] => QQFieldElem[0, 0, 0, 0, 0, 0, 1//12, 0],
	[10, 10, 13, 13, 9, 1, 1, 4, 1, 1] => QQFieldElem[-1//4, 0, 0, 0, 0, 0, 0, 0],
	[10, 10, 13, 13, 2, 1, 1, 15, 1, 1] => QQFieldElem[-1//8, 0, 0, 0, 0, 0, 0, 0],
	[10, 10, 13, 13, 20, 1, 1, 3, 1, 1] => QQFieldElem[1//6, 0, 0, 0, 0, 0, 0, 0],
	[10, 10, 13, 13, 9, 1, 1, 3, 1, 1] => QQFieldElem[1//6, 0, 0, 0, 0, 0, 0, 0],
	[10, 10, 13, 13, 3, 1, 1, 1, 1, 1] => QQFieldElem[0, 0, 0, 0, 0, 0, -8//81, 0],
	[10, 10, 13, 13, 5, 1, 1, 7, 1, 1] => QQFieldElem[0, 0, 0, 0, 0, 0, -1, 0],
	[10, 10, 13, 13, 2, 1, 1, 20, 1, 1] => QQFieldElem[-1//8, 0, 0, 0, 0, 0, 0, 0],
	[10, 10, 13, 13, 5, 1, 1, 15, 1, 1] => QQFieldElem[0, 0, 0, 0, 0, 0, 0, 0],
	[10, 10, 13, 13, 3, 1, 1, 21, 1, 1] => QQFieldElem[0, 0, 0, 0, 0, 0, 1//48, 0],
	[10, 10, 13, 13, 2, 1, 1, 6, 1, 1] => QQFieldElem[-3, 0, 0, 0, 0, 0, 0, 0],
	[10, 10, 13, 13, 15, 1, 1, 1, 1, 1] => QQFieldElem[0, 0, 0, 0, 0, 0, -64//81, 0],
	[10, 10, 13, 13, 8, 1, 1, 1, 1, 1] => QQFieldElem[0, 0, 0, 0, 0, 0, 32//81, 0],
	[10, 10, 13, 13, 21, 1, 1, 7, 1, 1] => QQFieldElem[0, 0, 0, 0, 0, 0, 0, 0],
	[10, 10, 13, 13, 15, 1, 1, 21, 1, 1] => QQFieldElem[0, 0, 0, 0, 0, 0, 1//12, 0],
	[10, 10, 13, 13, 21, 1, 1, 15, 1, 1] => QQFieldElem[0, 0, 0, 0, 0, 0, 1//12, 0],
	[10, 10, 13, 13, 8, 1, 1, 21, 1, 1] => QQFieldElem[0, 0, 0, 0, 0, 0, 0, 0],
	[10, 10, 13, 13, 5, 1, 1, 20, 1, 1] => QQFieldElem[0, 0, 0, 0, 0, 0, 0, 0],
	[10, 10, 13, 13, 2, 1, 1, 4, 1, 1] => QQFieldElem[0, 0, 0, 0, 0, 0, 3//16, 0],
	[10, 10, 13, 13, 5, 1, 1, 6, 1, 1] => QQFieldElem[0, 0, 0, 0, 0, 0, 1, 0],
	[10, 10, 13, 13, 2, 1, 1, 3, 1, 1] => QQFieldElem[0, 0, 0, 0, 0, 0, 1//8, 0],
	[10, 10, 13, 13, 21, 1, 1, 20, 1, 1] => QQFieldElem[0, 0, 0, 0, 0, 0, -1//6, 0],
	[10, 10, 13, 13, 3, 1, 1, 7, 1, 1] => QQFieldElem[0, 0, 0, 0, 0, 0, 1, 0],
	[10, 10, 13, 13, 21, 1, 1, 6, 1, 1] => QQFieldElem[0, 0, 0, 0, 0, 0, 0, 0])