Dict(
	[10, 12, 18, 19, 21, 1, 1, 4, 1, 1] => QQFieldElem[0, 0, 0, 0, 0, -1//12, -1//12, 1//12],
	[10, 12, 18, 19, 15, 1, 1, 21, 1, 1] => QQFieldElem[1//12, 0, 0, 0, -1//6, 1//12, 1//12, -1//12],
	[10, 12, 18, 19, 14, 1, 1, 4, 1, 1] => QQFieldElem[0, 0, 0, 0, 0, 0, 0, 0],
	[10, 12, 18, 19, 21, 1, 1, 15, 1, 1] => QQFieldElem[-1//12, 0, 0, 0, 1//6, 1//12, -1//6, -1//12],
	[10, 12, 18, 19, 20, 1, 1, 4, 1, 1] => QQFieldElem[0, 1//12, 0, 1//12, 0, 0, -1//12, -1//12],
	[10, 12, 18, 19, 14, 1, 1, 15, 1, 1] => QQFieldElem[0, 0, 0, 0, 0, 0, -1//48, 0],
	[10, 12, 18, 19, 21, 1, 1, 21, 1, 1] => QQFieldElem[0, -1//12, 0, -1//12, 0, 0, 1//12, 1//12],
	[10, 12, 18, 19, 15, 1, 1, 20, 1, 1] => QQFieldElem[-1//12, -1//12, 0, -1//12, 1//6, 0, 1//12, 1//12],
	[10, 12, 18, 19, 20, 1, 1, 15, 1, 1] => QQFieldElem[1//12, -1//12, 0, -1//12, -1//6, 0, -1//6, 1//12],
	[10, 12, 18, 19, 14, 1, 1, 21, 1, 1] => QQFieldElem[0, 0, 0, 0, 0, 0, -1//48, 0],
	[10, 12, 18, 19, 20, 1, 1, 21, 1, 1] => QQFieldElem[-1//12, 1//12, 0, 1//12, 1//6, -1//12, 1//12, 0],
	[10, 12, 18, 19, 21, 1, 1, 20, 1, 1] => QQFieldElem[1//12, 1//12, 0, 1//12, -1//6, -1//12, 1//12, 0],
	[10, 12, 18, 19, 14, 1, 1, 20, 1, 1] => QQFieldElem[0, 0, 0, 0, 0, 0, -1//48, 0],
	[10, 12, 18, 19, 20, 1, 1, 20, 1, 1] => QQFieldElem[0, 0, 0, 0, 0, 1//12, 1//12, -1//12],
	[10, 12, 18, 19, 15, 1, 1, 4, 1, 1] => QQFieldElem[0, -1//12, 0, -1//12, 0, 1//12, -1//12, 0],
	[10, 12, 18, 19, 15, 1, 1, 15, 1, 1] => QQFieldElem[0, 1//12, 0, 1//12, 0, -1//12, -1//6, 0])