Dict(
	[10, 12, 17, 17, 15, 1, 1, 21, 1, 1] => QQFieldElem[-1//12, -1//12, 0, 1//12, 1//6, 0, -1//12, -1//12],
	[10, 12, 17, 17, 21, 1, 1, 5, 1, 1] => QQFieldElem[0, 1//12, 0, -1//12, 0, 0, -1//12, 1//12],
	[10, 12, 17, 17, 21, 1, 1, 15, 1, 1] => QQFieldElem[1//12, -1//12, 0, 1//12, -1//6, 0, 1//6, -1//12],
	[10, 12, 17, 17, 14, 1, 1, 5, 1, 1] => QQFieldElem[0, 0, 0, 0, 0, 0, 0, 0],
	[10, 12, 17, 17, 14, 1, 1, 15, 1, 1] => QQFieldElem[0, 0, 0, 0, 0, 0, 1//16, 0],
	[10, 12, 17, 17, 21, 1, 1, 21, 1, 1] => QQFieldElem[0, 0, 0, 0, 0, 1//12, -1//12, 1//12],
	[10, 12, 17, 17, 15, 1, 1, 20, 1, 1] => QQFieldElem[1//12, 0, 0, 0, -1//6, 1//12, -1//12, 1//12],
	[10, 12, 17, 17, 20, 1, 1, 5, 1, 1] => QQFieldElem[0, 0, 0, 0, 0, -1//12, -1//12, -1//12],
	[10, 12, 17, 17, 20, 1, 1, 15, 1, 1] => QQFieldElem[-1//12, 0, 0, 0, 1//6, 1//12, 1//6, 1//12],
	[10, 12, 17, 17, 14, 1, 1, 21, 1, 1] => QQFieldElem[0, 0, 0, 0, 0, 0, 1//16, 0],
	[10, 12, 17, 17, 21, 1, 1, 20, 1, 1] => QQFieldElem[-1//12, 1//12, 0, -1//12, 1//6, -1//12, -1//12, 0],
	[10, 12, 17, 17, 20, 1, 1, 21, 1, 1] => QQFieldElem[1//12, 1//12, 0, -1//12, -1//6, -1//12, -1//12, 0],
	[10, 12, 17, 17, 14, 1, 1, 20, 1, 1] => QQFieldElem[0, 0, 0, 0, 0, 0, 1//16, 0],
	[10, 12, 17, 17, 20, 1, 1, 20, 1, 1] => QQFieldElem[0, -1//12, 0, 1//12, 0, 0, -1//12, -1//12],
	[10, 12, 17, 17, 15, 1, 1, 5, 1, 1] => QQFieldElem[0, -1//12, 0, 1//12, 0, 1//12, -1//12, 0],
	[10, 12, 17, 17, 15, 1, 1, 15, 1, 1] => QQFieldElem[0, 1//12, 0, -1//12, 0, -1//12, 1//6, 0])