Dict(
	[10, 13, 12, 16, 15, 1, 1, 21, 1, 1] => QQFieldElem[-1//3, 0, 0, 0, 0, 0, 0, 1//3],
	[10, 13, 12, 16, 21, 1, 1, 15, 1, 1] => QQFieldElem[-1//3, 0, 0, 0, 0, 0, 0, 1//3],
	[10, 13, 12, 16, 14, 1, 1, 15, 1, 1] => QQFieldElem[0, 0, 0, 0, 0, 0, 2//3, 0],
	[10, 13, 12, 16, 21, 1, 1, 21, 1, 1] => QQFieldElem[-1//3, 0, 0, 1//3, 0, 0, 0, -1//3],
	[10, 13, 12, 16, 15, 1, 1, 20, 1, 1] => QQFieldElem[-1//3, 0, 0, 1//3, 0, 0, 0, -1//3],
	[10, 13, 12, 16, 20, 1, 1, 15, 1, 1] => QQFieldElem[-1//3, 0, 0, 1//3, 0, 0, 0, -1//3],
	[10, 13, 12, 16, 14, 1, 1, 21, 1, 1] => QQFieldElem[0, 0, -2//3, 0, 0, 0, 0, 0],
	[10, 13, 12, 16, 15, 1, 1, 8, 1, 1] => QQFieldElem[-1//2, 0, 0, 0, 0, 0, 0, 0],
	[10, 13, 12, 16, 21, 1, 1, 20, 1, 1] => QQFieldElem[-1//3, 0, 0, -1//3, 0, 0, 0, 0],
	[10, 13, 12, 16, 20, 1, 1, 21, 1, 1] => QQFieldElem[-1//3, 0, 0, -1//3, 0, 0, 0, 0],
	[10, 13, 12, 16, 14, 1, 1, 20, 1, 1] => QQFieldElem[0, 0, 2//3, 0, 0, 0, -2//3, 0],
	[10, 13, 12, 16, 21, 1, 1, 8, 1, 1] => QQFieldElem[1//2, 0, 0, 0, -1//2, 0, 0, 0],
	[10, 13, 12, 16, 20, 1, 1, 20, 1, 1] => QQFieldElem[-1//3, 0, 0, 0, 0, 0, 0, 1//3],
	[10, 13, 12, 16, 14, 1, 1, 8, 1, 1] => QQFieldElem[0, 0, 0, 0, 0, 0, 0, 0],
	[10, 13, 12, 16, 20, 1, 1, 8, 1, 1] => QQFieldElem[0, 0, 0, 0, 1//2, 0, 0, 0],
	[10, 13, 12, 16, 15, 1, 1, 15, 1, 1] => QQFieldElem[-1//3, 0, 0, -1//3, 0, 0, 0, 0])