Dict(
	[11, 10, 12, 10, 21, 1, 1, 4, 1, 1] => QQFieldElem[0, 0, 0, 0, 0, 0, -1//8, 0],
	[11, 10, 12, 10, 14, 1, 1, 14, 1, 1] => QQFieldElem[0, 0, 0, 0, 0, 0, 0, 0],
	[11, 10, 12, 10, 15, 1, 1, 21, 1, 1] => QQFieldElem[0, 0, 1//6, 0, 0, 0, -1//12, 0],
	[11, 10, 12, 10, 21, 1, 1, 5, 1, 1] => QQFieldElem[0, 0, 0, 0, 0, 0, -1//8, 0],
	[11, 10, 12, 10, 4, 1, 1, 20, 1, 1] => QQFieldElem[-1//12, 0, 0, 0, 0, 0, 0, 0],
	[11, 10, 12, 10, 21, 1, 1, 15, 1, 1] => QQFieldElem[0, 0, 1//6, 0, 0, 0, -1//12, 0],
	[11, 10, 12, 10, 20, 1, 1, 14, 1, 1] => QQFieldElem[0, 0, 0, 0, 0, 0, 0, 0],
	[11, 10, 12, 10, 5, 1, 1, 20, 1, 1] => QQFieldElem[-1//12, 0, 0, 0, 0, 0, 0, 0],
	[11, 10, 12, 10, 14, 1, 1, 4, 1, 1] => QQFieldElem[-1, 0, 0, 0, 0, 0, 0, 0],
	[11, 10, 12, 10, 14, 1, 1, 5, 1, 1] => QQFieldElem[1, 0, 0, 0, 0, 0, 0, 0],
	[11, 10, 12, 10, 20, 1, 1, 4, 1, 1] => QQFieldElem[0, 0, 0, 0, 0, 0, -1//8, 0],
	[11, 10, 12, 10, 14, 1, 1, 15, 1, 1] => QQFieldElem[0, 0, 0, 0, 0, 0, 0, 0],
	[11, 10, 12, 10, 21, 1, 1, 21, 1, 1] => QQFieldElem[0, 0, -1//6, 0, 0, 0, 1//12, 0],
	[11, 10, 12, 10, 15, 1, 1, 20, 1, 1] => QQFieldElem[0, 0, -1//6, 0, 0, 0, 1//12, 0],
	[11, 10, 12, 10, 20, 1, 1, 5, 1, 1] => QQFieldElem[0, 0, 0, 0, 0, 0, -1//8, 0],
	[11, 10, 12, 10, 20, 1, 1, 15, 1, 1] => QQFieldElem[0, 0, -1//6, 0, 0, 0, 1//12, 0],
	[11, 10, 12, 10, 14, 1, 1, 21, 1, 1] => QQFieldElem[0, 0, 0, 0, 0, 0, 0, 0],
	[11, 10, 12, 10, 4, 1, 1, 14, 1, 1] => QQFieldElem[0, 0, 0, 0, 0, 0, -3, 0],
	[11, 10, 12, 10, 21, 1, 1, 20, 1, 1] => QQFieldElem[0, 0, 0, 0, 0, 0, 0, 0],
	[11, 10, 12, 10, 5, 1, 1, 14, 1, 1] => QQFieldElem[0, 0, 0, 0, 0, 0, 3, 0],
	[11, 10, 12, 10, 20, 1, 1, 21, 1, 1] => QQFieldElem[0, 0, 0, 0, 0, 0, 0, 0],
	[11, 10, 12, 10, 4, 1, 1, 4, 1, 1] => QQFieldElem[0, 0, 0, 0, 0, 0, 0, 0],
	[11, 10, 12, 10, 5, 1, 1, 4, 1, 1] => QQFieldElem[0, 0, 0, 0, 0, 0, 0, 0],
	[11, 10, 12, 10, 14, 1, 1, 20, 1, 1] => QQFieldElem[0, 0, 0, 0, 0, 0, 0, 0],
	[11, 10, 12, 10, 15, 1, 1, 14, 1, 1] => QQFieldElem[0, 0, 0, 0, 0, 0, 0, 0],
	[11, 10, 12, 10, 4, 1, 1, 5, 1, 1] => QQFieldElem[0, 0, 0, 0, 0, 0, 0, 0],
	[11, 10, 12, 10, 4, 1, 1, 15, 1, 1] => QQFieldElem[-1//12, 0, 0, 0, 0, 0, 0, 0],
	[11, 10, 12, 10, 5, 1, 1, 5, 1, 1] => QQFieldElem[0, 0, 0, 0, 0, 0, 0, 0],
	[11, 10, 12, 10, 20, 1, 1, 20, 1, 1] => QQFieldElem[0, 0, 1//6, 0, 0, 0, -1//12, 0],
	[11, 10, 12, 10, 15, 1, 1, 4, 1, 1] => QQFieldElem[0, 0, 0, 0, 0, 0, -1//8, 0],
	[11, 10, 12, 10, 5, 1, 1, 15, 1, 1] => QQFieldElem[-1//12, 0, 0, 0, 0, 0, 0, 0],
	[11, 10, 12, 10, 4, 1, 1, 21, 1, 1] => QQFieldElem[-1//12, 0, 0, 0, 0, 0, 0, 0],
	[11, 10, 12, 10, 15, 1, 1, 5, 1, 1] => QQFieldElem[0, 0, 0, 0, 0, 0, -1//8, 0],
	[11, 10, 12, 10, 5, 1, 1, 21, 1, 1] => QQFieldElem[-1//12, 0, 0, 0, 0, 0, 0, 0],
	[11, 10, 12, 10, 21, 1, 1, 14, 1, 1] => QQFieldElem[0, 0, 0, 0, 0, 0, 0, 0],
	[11, 10, 12, 10, 15, 1, 1, 15, 1, 1] => QQFieldElem[0, 0, 0, 0, 0, 0, 0, 0])