Dict(
	[11, 20, 11, 15, 17, 1, 1, 13, 1, 1] => QQFieldElem[-1//8, -1//8, 0, 0, 0, 0, 0, 0],
	[11, 20, 11, 15, 10, 1, 1, 18, 1, 1] => QQFieldElem[-8//3, 0, 0, 0, 0, 0, 0, 8//3],
	[11, 20, 11, 15, 18, 1, 1, 10, 1, 1] => QQFieldElem[0, 3//32, 0, 0, 0, 0, 3//32, 0],
	[11, 20, 11, 15, 10, 1, 1, 17, 1, 1] => QQFieldElem[-8//3, 8//3, 0, 0, 0, 0, 0, 0],
	[11, 20, 11, 15, 16, 1, 1, 12, 1, 1] => QQFieldElem[0, 0, 0, 0, 0, 0, 3//32, -3//32],
	[11, 20, 11, 15, 18, 1, 1, 18, 1, 1] => QQFieldElem[1//4, 0, 0, 0, -1//4, 0, -1//4, 0],
	[11, 20, 11, 15, 18, 1, 1, 17, 1, 1] => QQFieldElem[0, 0, 0, 0, 1//4, 0, 0, 0],
	[11, 20, 11, 15, 16, 1, 1, 16, 1, 1] => QQFieldElem[1//4, 0, 0, 0, -1//4, 0, 1//4, 0],
	[11, 20, 11, 15, 12, 1, 1, 12, 1, 1] => QQFieldElem[0, 0, 0, 0, 0, 0, 1, 0],
	[11, 20, 11, 15, 13, 1, 1, 13, 1, 1] => QQFieldElem[-1//4, 0, 0, 0, 0, 0, 0, 0],
	[11, 20, 11, 15, 19, 1, 1, 11, 1, 1] => QQFieldElem[-1//8, 0, 0, 0, 0, 0, 0, -1//8],
	[11, 20, 11, 15, 11, 1, 1, 11, 1, 1] => QQFieldElem[-1//4, 0, 0, 0, 0, 0, 0, 0],
	[11, 20, 11, 15, 12, 1, 1, 16, 1, 1] => QQFieldElem[-8//3, 8//3, 0, 0, 0, 0, 0, 0],
	[11, 20, 11, 15, 19, 1, 1, 19, 1, 1] => QQFieldElem[1//4, 0, 0, 0, -1//4, 0, -1//4, 0],
	[11, 20, 11, 15, 11, 1, 1, 19, 1, 1] => QQFieldElem[-1//2, 0, 0, 0, 0, 0, 0, -1//2],
	[11, 20, 11, 15, 17, 1, 1, 11, 1, 1] => QQFieldElem[-1//8, 1//8, 0, 0, 0, 0, 0, 0],
	[11, 20, 11, 15, 16, 1, 1, 13, 1, 1] => QQFieldElem[-1//8, 1//8, 0, 0, 0, 0, 0, 0],
	[11, 20, 11, 15, 19, 1, 1, 10, 1, 1] => QQFieldElem[0, -3//32, 0, 0, 0, 0, 3//32, 0],
	[11, 20, 11, 15, 11, 1, 1, 10, 1, 1] => QQFieldElem[0, 0, 0, 0, 0, 0, -3//16, 0],
	[11, 20, 11, 15, 12, 1, 1, 13, 1, 1] => QQFieldElem[4//3, 0, 0, 0, 0, 0, 0, 0],
	[11, 20, 11, 15, 17, 1, 1, 19, 1, 1] => QQFieldElem[-1//2, 0, 0, 0, 1//4, 0, 0, 0],
	[11, 20, 11, 15, 19, 1, 1, 18, 1, 1] => QQFieldElem[1//4, 0, 0, 0, -1//4, 0, 1//4, 0],
	[11, 20, 11, 15, 11, 1, 1, 18, 1, 1] => QQFieldElem[-1//2, 0, 0, 0, 0, 0, 0, 1//2],
	[11, 20, 11, 15, 19, 1, 1, 17, 1, 1] => QQFieldElem[-1//2, 0, 0, 0, 1//4, 0, 0, 0],
	[11, 20, 11, 15, 11, 1, 1, 17, 1, 1] => QQFieldElem[-1//2, 1//2, 0, 0, 0, 0, 0, 0],
	[11, 20, 11, 15, 13, 1, 1, 11, 1, 1] => QQFieldElem[-1//4, 0, 0, 0, 1//2, 0, 0, 0],
	[11, 20, 11, 15, 17, 1, 1, 10, 1, 1] => QQFieldElem[0, 0, 0, 0, 0, 0, 3//32, -3//32],
	[11, 20, 11, 15, 10, 1, 1, 12, 1, 1] => QQFieldElem[0, 0, 2, 0, 0, 0, -1, 0],
	[11, 20, 11, 15, 17, 1, 1, 18, 1, 1] => QQFieldElem[0, 0, 0, 0, 1//4, 0, 0, 0],
	[11, 20, 11, 15, 10, 1, 1, 16, 1, 1] => QQFieldElem[-8//3, -8//3, 0, 0, 0, 0, 0, 0],
	[11, 20, 11, 15, 13, 1, 1, 19, 1, 1] => QQFieldElem[-1//2, 0, 0, 0, 0, 0, 0, 1//2],
	[11, 20, 11, 15, 18, 1, 1, 12, 1, 1] => QQFieldElem[0, -3//32, 0, 0, 0, 0, 3//32, 0],
	[11, 20, 11, 15, 17, 1, 1, 17, 1, 1] => QQFieldElem[1//4, 0, 0, 0, -1//4, 0, 1//4, 0],
	[11, 20, 11, 15, 16, 1, 1, 11, 1, 1] => QQFieldElem[-1//8, -1//8, 0, 0, 0, 0, 0, 0],
	[11, 20, 11, 15, 18, 1, 1, 16, 1, 1] => QQFieldElem[-1//2, 0, 0, 0, 1//4, 0, 0, 0],
	[11, 20, 11, 15, 13, 1, 1, 10, 1, 1] => QQFieldElem[0, 0, -3//8, 0, 0, 0, 3//16, 0],
	[11, 20, 11, 15, 12, 1, 1, 11, 1, 1] => QQFieldElem[4//3, 0, 0, 0, -8//3, 0, 0, 0],
	[11, 20, 11, 15, 16, 1, 1, 19, 1, 1] => QQFieldElem[0, 0, 0, 0, 1//4, 0, 0, 0],
	[11, 20, 11, 15, 13, 1, 1, 18, 1, 1] => QQFieldElem[-1//2, 0, 0, 0, 0, 0, 0, -1//2],
	[11, 20, 11, 15, 13, 1, 1, 17, 1, 1] => QQFieldElem[-1//2, -1//2, 0, 0, 0, 0, 0, 0],
	[11, 20, 11, 15, 10, 1, 1, 13, 1, 1] => QQFieldElem[4//3, 0, 0, 0, -8//3, 0, 0, 0],
	[11, 20, 11, 15, 12, 1, 1, 19, 1, 1] => QQFieldElem[-8//3, 0, 0, 0, 0, 0, 0, 8//3],
	[11, 20, 11, 15, 16, 1, 1, 10, 1, 1] => QQFieldElem[0, 0, 0, 0, 0, 0, 3//32, 3//32],
	[11, 20, 11, 15, 18, 1, 1, 13, 1, 1] => QQFieldElem[-1//8, 0, 0, 0, 0, 0, 0, -1//8],
	[11, 20, 11, 15, 16, 1, 1, 18, 1, 1] => QQFieldElem[-1//2, 0, 0, 0, 1//4, 0, 0, 0],
	[11, 20, 11, 15, 12, 1, 1, 10, 1, 1] => QQFieldElem[0, 0, 2, 0, 0, 0, -1, 0],
	[11, 20, 11, 15, 16, 1, 1, 17, 1, 1] => QQFieldElem[1//4, 0, 0, 0, -1//4, 0, -1//4, 0],
	[11, 20, 11, 15, 19, 1, 1, 12, 1, 1] => QQFieldElem[0, 3//32, 0, 0, 0, 0, 3//32, 0],
	[11, 20, 11, 15, 11, 1, 1, 12, 1, 1] => QQFieldElem[0, 0, -3//8, 0, 0, 0, 3//16, 0],
	[11, 20, 11, 15, 12, 1, 1, 18, 1, 1] => QQFieldElem[-8//3, 0, 0, 0, 0, 0, 0, -8//3],
	[11, 20, 11, 15, 12, 1, 1, 17, 1, 1] => QQFieldElem[-8//3, -8//3, 0, 0, 0, 0, 0, 0],
	[11, 20, 11, 15, 19, 1, 1, 16, 1, 1] => QQFieldElem[0, 0, 0, 0, 1//4, 0, 0, 0],
	[11, 20, 11, 15, 11, 1, 1, 16, 1, 1] => QQFieldElem[-1//2, -1//2, 0, 0, 0, 0, 0, 0],
	[11, 20, 11, 15, 17, 1, 1, 12, 1, 1] => QQFieldElem[0, 0, 0, 0, 0, 0, 3//32, 3//32],
	[11, 20, 11, 15, 10, 1, 1, 11, 1, 1] => QQFieldElem[4//3, 0, 0, 0, 0, 0, 0, 0],
	[11, 20, 11, 15, 17, 1, 1, 16, 1, 1] => QQFieldElem[1//4, 0, 0, 0, -1//4, 0, -1//4, 0],
	[11, 20, 11, 15, 18, 1, 1, 11, 1, 1] => QQFieldElem[-1//8, 0, 0, 0, 0, 0, 0, 1//8],
	[11, 20, 11, 15, 10, 1, 1, 19, 1, 1] => QQFieldElem[-8//3, 0, 0, 0, 0, 0, 0, -8//3],
	[11, 20, 11, 15, 19, 1, 1, 13, 1, 1] => QQFieldElem[-1//8, 0, 0, 0, 0, 0, 0, 1//8],
	[11, 20, 11, 15, 11, 1, 1, 13, 1, 1] => QQFieldElem[-1//4, 0, 0, 0, 1//2, 0, 0, 0],
	[11, 20, 11, 15, 13, 1, 1, 12, 1, 1] => QQFieldElem[0, 0, 0, 0, 0, 0, -3//16, 0],
	[11, 20, 11, 15, 18, 1, 1, 19, 1, 1] => QQFieldElem[1//4, 0, 0, 0, -1//4, 0, 1//4, 0],
	[11, 20, 11, 15, 10, 1, 1, 10, 1, 1] => QQFieldElem[0, 0, 0, 0, 0, 0, 1, 0],
	[11, 20, 11, 15, 13, 1, 1, 16, 1, 1] => QQFieldElem[-1//2, 1//2, 0, 0, 0, 0, 0, 0])