Dict(
	[11, 21, 12, 14, 10, 1, 1, 17, 1, 1] => QQFieldElem[0, 0, -128//9, 0, 0, 0, 128//9, 0],
	[11, 21, 12, 14, 19, 1, 1, 10, 1, 1] => QQFieldElem[0, 0, 0, 0, 3//16, 0, 0, 0],
	[11, 21, 12, 14, 16, 1, 1, 19, 1, 1] => QQFieldElem[-1//2, 0, 0, 0, 1//2, 0, 0, 0],
	[11, 21, 12, 14, 17, 1, 1, 19, 1, 1] => QQFieldElem[1//2, 0, 0, 0, -1//2, 0, 0, 0],
	[11, 21, 12, 14, 13, 1, 1, 18, 1, 1] => QQFieldElem[0, 0, 0, 0, -2//3, 0, 0, 0],
	[11, 21, 12, 14, 18, 1, 1, 18, 1, 1] => QQFieldElem[0, 0, 0, 0, 0, 0, 0, 0],
	[11, 21, 12, 14, 19, 1, 1, 18, 1, 1] => QQFieldElem[0, 0, 0, 0, 0, 0, 0, 0],
	[11, 21, 12, 14, 10, 1, 1, 13, 1, 1] => QQFieldElem[0, 0, 0, 0, 0, 0, 0, 0],
	[11, 21, 12, 14, 13, 1, 1, 17, 1, 1] => QQFieldElem[0, 0, 0, 0, -2//3, 0, 0, 0],
	[11, 21, 12, 14, 18, 1, 1, 17, 1, 1] => QQFieldElem[-1//2, 0, 0, 0, 1//2, 0, 0, 0],
	[11, 21, 12, 14, 16, 1, 1, 16, 1, 1] => QQFieldElem[0, 0, 0, 0, 0, 0, 0, 0],
	[11, 21, 12, 14, 17, 1, 1, 16, 1, 1] => QQFieldElem[0, 0, 0, 0, 0, 0, 0, 0],
	[11, 21, 12, 14, 19, 1, 1, 17, 1, 1] => QQFieldElem[1//2, 0, 0, 0, -1//2, 0, 0, 0],
	[11, 21, 12, 14, 13, 1, 1, 13, 1, 1] => QQFieldElem[0, 0, 0, 0, 0, 0, 0, 0],
	[11, 21, 12, 14, 18, 1, 1, 13, 1, 1] => QQFieldElem[0, 0, -3//2, 0, 0, 0, 3//2, 0],
	[11, 21, 12, 14, 16, 1, 1, 10, 1, 1] => QQFieldElem[0, 0, 0, 0, 3//16, 0, 0, 0],
	[11, 21, 12, 14, 17, 1, 1, 10, 1, 1] => QQFieldElem[0, 0, 0, 0, 3//16, 0, 0, 0],
	[11, 21, 12, 14, 10, 1, 1, 19, 1, 1] => QQFieldElem[0, 0, 128//9, 0, 0, 0, -128//9, 0],
	[11, 21, 12, 14, 19, 1, 1, 13, 1, 1] => QQFieldElem[0, 0, -3//2, 0, 0, 0, 3//2, 0],
	[11, 21, 12, 14, 16, 1, 1, 18, 1, 1] => QQFieldElem[1//2, 0, 0, 0, -1//2, 0, 0, 0],
	[11, 21, 12, 14, 17, 1, 1, 18, 1, 1] => QQFieldElem[-1//2, 0, 0, 0, 1//2, 0, 0, 0],
	[11, 21, 12, 14, 10, 1, 1, 16, 1, 1] => QQFieldElem[0, 0, -128//9, 0, 0, 0, 128//9, 0],
	[11, 21, 12, 14, 13, 1, 1, 19, 1, 1] => QQFieldElem[0, 0, 0, 0, -2//3, 0, 0, 0],
	[11, 21, 12, 14, 18, 1, 1, 19, 1, 1] => QQFieldElem[0, 0, 0, 0, 0, 0, 0, 0],
	[11, 21, 12, 14, 16, 1, 1, 17, 1, 1] => QQFieldElem[0, 0, 0, 0, 0, 0, 0, 0],
	[11, 21, 12, 14, 17, 1, 1, 17, 1, 1] => QQFieldElem[0, 0, 0, 0, 0, 0, 0, 0],
	[11, 21, 12, 14, 19, 1, 1, 19, 1, 1] => QQFieldElem[0, 0, 0, 0, 0, 0, 0, 0],
	[11, 21, 12, 14, 10, 1, 1, 10, 1, 1] => QQFieldElem[0, 0, 0, 0, 0, 0, 0, 0],
	[11, 21, 12, 14, 13, 1, 1, 16, 1, 1] => QQFieldElem[0, 0, 0, 0, -2//3, 0, 0, 0],
	[11, 21, 12, 14, 18, 1, 1, 16, 1, 1] => QQFieldElem[1//2, 0, 0, 0, -1//2, 0, 0, 0],
	[11, 21, 12, 14, 16, 1, 1, 13, 1, 1] => QQFieldElem[0, 0, 3//2, 0, 0, 0, -3//2, 0],
	[11, 21, 12, 14, 17, 1, 1, 13, 1, 1] => QQFieldElem[0, 0, 3//2, 0, 0, 0, -3//2, 0],
	[11, 21, 12, 14, 19, 1, 1, 16, 1, 1] => QQFieldElem[-1//2, 0, 0, 0, 1//2, 0, 0, 0],
	[11, 21, 12, 14, 10, 1, 1, 18, 1, 1] => QQFieldElem[0, 0, 128//9, 0, 0, 0, -128//9, 0],
	[11, 21, 12, 14, 13, 1, 1, 10, 1, 1] => QQFieldElem[0, 0, 0, 0, 0, 0, 0, 0],
	[11, 21, 12, 14, 18, 1, 1, 10, 1, 1] => QQFieldElem[0, 0, 0, 0, 3//16, 0, 0, 0])