Dict(
	[11, 10, 19, 11, 21, 1, 1, 15, 1, 1] => QQFieldElem[0, 0, 0, 0, 0, -1//12, 1//12, 0],
	[11, 10, 19, 11, 8, 1, 1, 21, 1, 1] => QQFieldElem[0, 0, 1//4, 0, 0, 0, -1//4, 0],
	[11, 10, 19, 11, 20, 1, 1, 14, 1, 1] => QQFieldElem[0, 0, 1//2, 0, 0, 0, 0, 0],
	[11, 10, 19, 11, 21, 1, 1, 21, 1, 1] => QQFieldElem[0, 1//12, 0, 0, 0, 0, 1//12, 0],
	[11, 10, 19, 11, 15, 1, 1, 20, 1, 1] => QQFieldElem[0, 1//12, 0, 0, 0, 0, 1//12, 0],
	[11, 10, 19, 11, 20, 1, 1, 15, 1, 1] => QQFieldElem[0, 1//12, 0, 0, 0, 0, 1//12, 0],
	[11, 10, 19, 11, 8, 1, 1, 20, 1, 1] => QQFieldElem[0, 0, -1//4, 0, 0, 0, 0, 0],
	[11, 10, 19, 11, 20, 1, 1, 21, 1, 1] => QQFieldElem[0, -1//12, 0, 0, 0, 1//12, 1//12, 0],
	[11, 10, 19, 11, 21, 1, 1, 20, 1, 1] => QQFieldElem[0, -1//12, 0, 0, 0, 1//12, 1//12, 0],
	[11, 10, 19, 11, 15, 1, 1, 14, 1, 1] => QQFieldElem[0, 0, 0, 0, 0, 0, -1//2, 0],
	[11, 10, 19, 11, 8, 1, 1, 14, 1, 1] => QQFieldElem[0, 0, 0, 0, 0, 0, 0, 0],
	[11, 10, 19, 11, 20, 1, 1, 20, 1, 1] => QQFieldElem[0, 0, 0, 0, 0, -1//12, 1//12, 0],
	[11, 10, 19, 11, 21, 1, 1, 14, 1, 1] => QQFieldElem[0, 0, -1//2, 0, 0, 0, 1//2, 0],
	[11, 10, 19, 11, 15, 1, 1, 15, 1, 1] => QQFieldElem[0, -1//12, 0, 0, 0, 1//12, 1//12, 0],
	[11, 10, 19, 11, 8, 1, 1, 15, 1, 1] => QQFieldElem[0, 0, 0, 0, 0, 0, 1//4, 0],
	[11, 10, 19, 11, 15, 1, 1, 21, 1, 1] => QQFieldElem[0, 0, 0, 0, 0, -1//12, 1//12, 0])