Dict(
	[12, 11, 18, 12, 15, 1, 1, 15, 1, 1] => QQFieldElem[-16//9, 0, 0, -16//9, 0, 0, 0, 0],
	[12, 11, 18, 12, 21, 1, 1, 7, 1, 1] => QQFieldElem[0, 0, 0, 0, -16//3, 0, 0, 0],
	[12, 11, 18, 12, 15, 1, 1, 21, 1, 1] => QQFieldElem[-16//9, 0, 0, 16//9, 0, 0, 0, -16//9],
	[12, 11, 18, 12, 21, 1, 1, 15, 1, 1] => QQFieldElem[-16//9, 0, 0, 16//9, 0, 0, 0, -16//9],
	[12, 11, 18, 12, 20, 1, 1, 7, 1, 1] => QQFieldElem[-16//3, 0, 0, 0, 16//3, 0, 0, 0],
	[12, 11, 18, 12, 21, 1, 1, 21, 1, 1] => QQFieldElem[-16//9, 0, 0, 0, 0, 0, 0, 16//9],
	[12, 11, 18, 12, 15, 1, 1, 20, 1, 1] => QQFieldElem[-16//9, 0, 0, 0, 0, 0, 0, 16//9],
	[12, 11, 18, 12, 9, 1, 1, 7, 1, 1] => QQFieldElem[0, 0, 0, 0, 0, 0, 0, 0],
	[12, 11, 18, 12, 20, 1, 1, 15, 1, 1] => QQFieldElem[-16//9, 0, 0, 0, 0, 0, 0, 16//9],
	[12, 11, 18, 12, 9, 1, 1, 15, 1, 1] => QQFieldElem[0, 0, 0, 0, 0, 0, -4//3, 0],
	[12, 11, 18, 12, 21, 1, 1, 20, 1, 1] => QQFieldElem[-16//9, 0, 0, -16//9, 0, 0, 0, 0],
	[12, 11, 18, 12, 20, 1, 1, 21, 1, 1] => QQFieldElem[-16//9, 0, 0, -16//9, 0, 0, 0, 0],
	[12, 11, 18, 12, 9, 1, 1, 21, 1, 1] => QQFieldElem[0, 0, -4//3, 0, 0, 0, 4//3, 0],
	[12, 11, 18, 12, 20, 1, 1, 20, 1, 1] => QQFieldElem[-16//9, 0, 0, 16//9, 0, 0, 0, -16//9],
	[12, 11, 18, 12, 15, 1, 1, 7, 1, 1] => QQFieldElem[16//3, 0, 0, 0, 0, 0, 0, 0],
	[12, 11, 18, 12, 9, 1, 1, 20, 1, 1] => QQFieldElem[0, 0, 4//3, 0, 0, 0, 0, 0])