Dict(
	[12, 10, 11, 13, 15, 1, 1, 21, 1, 1] => QQFieldElem[0, 0, 0, 0, 0, 0, 1//12, 0],
	[12, 10, 11, 13, 21, 1, 1, 5, 1, 1] => QQFieldElem[-1//2, 0, 0, 0, 0, 0, 0, 0],
	[12, 10, 11, 13, 14, 1, 1, 4, 1, 1] => QQFieldElem[0, 0, 0, 0, 0, 0, 0, 0],
	[12, 10, 11, 13, 21, 1, 1, 15, 1, 1] => QQFieldElem[0, 0, 0, 0, 0, 0, 1//12, 0],
	[12, 10, 11, 13, 20, 1, 1, 14, 1, 1] => QQFieldElem[0, 0, 0, 0, 0, 0, 0, 0],
	[12, 10, 11, 13, 5, 1, 1, 20, 1, 1] => QQFieldElem[0, 0, 0, 0, 0, 0, 1//32, 0],
	[12, 10, 11, 13, 4, 1, 1, 20, 1, 1] => QQFieldElem[0, 0, 0, 0, 0, 0, -1//96, 0],
	[12, 10, 11, 13, 14, 1, 1, 5, 1, 1] => QQFieldElem[0, 0, 0, 0, 0, 0, 0, 0],
	[12, 10, 11, 13, 20, 1, 1, 4, 1, 1] => QQFieldElem[1//6, 0, 0, 0, 0, 0, 0, 0],
	[12, 10, 11, 13, 14, 1, 1, 15, 1, 1] => QQFieldElem[0, 0, 0, 0, 0, 0, 0, 0],
	[12, 10, 11, 13, 21, 1, 1, 21, 1, 1] => QQFieldElem[0, 0, 0, 0, 0, 0, 1//12, 0],
	[12, 10, 11, 13, 15, 1, 1, 20, 1, 1] => QQFieldElem[0, 0, 0, 0, 0, 0, 1//12, 0],
	[12, 10, 11, 13, 20, 1, 1, 5, 1, 1] => QQFieldElem[-1//2, 0, 0, 0, 0, 0, 0, 0],
	[12, 10, 11, 13, 20, 1, 1, 15, 1, 1] => QQFieldElem[0, 0, 0, 0, 0, 0, 1//12, 0],
	[12, 10, 11, 13, 14, 1, 1, 21, 1, 1] => QQFieldElem[0, 0, 0, 0, 0, 0, 0, 0],
	[12, 10, 11, 13, 4, 1, 1, 14, 1, 1] => QQFieldElem[0, 0, 0, 0, 0, 0, 0, 0],
	[12, 10, 11, 13, 21, 1, 1, 20, 1, 1] => QQFieldElem[0, 0, 0, 0, 0, 0, -1//6, 0],
	[12, 10, 11, 13, 5, 1, 1, 14, 1, 1] => QQFieldElem[0, 0, 0, 0, 0, 0, 0, 0],
	[12, 10, 11, 13, 20, 1, 1, 21, 1, 1] => QQFieldElem[0, 0, 0, 0, 0, 0, -1//6, 0],
	[12, 10, 11, 13, 4, 1, 1, 4, 1, 1] => QQFieldElem[-1//48, 0, 0, 0, 0, 0, 0, 0],
	[12, 10, 11, 13, 5, 1, 1, 4, 1, 1] => QQFieldElem[-1//16, 0, 0, 0, 0, 0, 0, 0],
	[12, 10, 11, 13, 14, 1, 1, 20, 1, 1] => QQFieldElem[0, 0, 0, 0, 0, 0, 0, 0],
	[12, 10, 11, 13, 15, 1, 1, 14, 1, 1] => QQFieldElem[0, 0, 0, 0, 0, 0, 0, 0],
	[12, 10, 11, 13, 4, 1, 1, 5, 1, 1] => QQFieldElem[-1//16, 0, 0, 0, 0, 0, 0, 0],
	[12, 10, 11, 13, 4, 1, 1, 15, 1, 1] => QQFieldElem[0, 0, 0, 0, 0, 0, -1//96, 0],
	[12, 10, 11, 13, 5, 1, 1, 5, 1, 1] => QQFieldElem[-3//16, 0, 0, 0, 0, 0, 0, 0],
	[12, 10, 11, 13, 20, 1, 1, 20, 1, 1] => QQFieldElem[0, 0, 0, 0, 0, 0, 1//12, 0],
	[12, 10, 11, 13, 15, 1, 1, 4, 1, 1] => QQFieldElem[1//6, 0, 0, 0, 0, 0, 0, 0],
	[12, 10, 11, 13, 5, 1, 1, 15, 1, 1] => QQFieldElem[0, 0, 0, 0, 0, 0, 1//32, 0],
	[12, 10, 11, 13, 4, 1, 1, 21, 1, 1] => QQFieldElem[0, 0, 0, 0, 0, 0, -1//96, 0],
	[12, 10, 11, 13, 15, 1, 1, 5, 1, 1] => QQFieldElem[-1//2, 0, 0, 0, 0, 0, 0, 0],
	[12, 10, 11, 13, 5, 1, 1, 21, 1, 1] => QQFieldElem[0, 0, 0, 0, 0, 0, 1//32, 0],
	[12, 10, 11, 13, 21, 1, 1, 14, 1, 1] => QQFieldElem[0, 0, 0, 0, 0, 0, 0, 0],
	[12, 10, 11, 13, 15, 1, 1, 15, 1, 1] => QQFieldElem[0, 0, 0, 0, 0, 0, -1//6, 0],
	[12, 10, 11, 13, 21, 1, 1, 4, 1, 1] => QQFieldElem[1//6, 0, 0, 0, 0, 0, 0, 0],
	[12, 10, 11, 13, 14, 1, 1, 14, 1, 1] => QQFieldElem[1024//3, 0, 0, 0, 0, 0, 0, 0])