Dict(
	[12, 11, 17, 18, 20, 1, 1, 20, 1, 1] => QQFieldElem[0, -1//3, 2//3, 0, 0, -1//3, -1//3, 0],
	[12, 11, 17, 18, 15, 1, 1, 5, 1, 1] => QQFieldElem[1//3, 2//3, 0, 0, 0, -2//3, 0, 0],
	[12, 11, 17, 18, 15, 1, 1, 15, 1, 1] => QQFieldElem[0, 0, 0, 0, 0, 0, 0, 0],
	[12, 11, 17, 18, 15, 1, 1, 21, 1, 1] => QQFieldElem[0, -1//3, -4//3, 0, 0, -1//3, 2//3, 0],
	[12, 11, 17, 18, 21, 1, 1, 5, 1, 1] => QQFieldElem[1//3, -1//3, 0, 0, 0, 1//3, 0, 0],
	[12, 11, 17, 18, 21, 1, 1, 15, 1, 1] => QQFieldElem[0, -1//3, 2//3, 0, 0, -1//3, -1//3, 0],
	[12, 11, 17, 18, 14, 1, 1, 5, 1, 1] => QQFieldElem[0, 0, 0, 0, 0, 0, 0, 0],
	[12, 11, 17, 18, 14, 1, 1, 15, 1, 1] => QQFieldElem[0, 0, 0, 0, 0, 0, -1//16, 0],
	[12, 11, 17, 18, 21, 1, 1, 21, 1, 1] => QQFieldElem[0, 1//3, -2//3, 0, 0, 1//3, 1//3, 0],
	[12, 11, 17, 18, 15, 1, 1, 20, 1, 1] => QQFieldElem[0, 1//3, 4//3, 0, 0, 1//3, -2//3, 0],
	[12, 11, 17, 18, 20, 1, 1, 5, 1, 1] => QQFieldElem[1//3, -1//3, 0, 0, 0, 1//3, 0, 0],
	[12, 11, 17, 18, 20, 1, 1, 15, 1, 1] => QQFieldElem[0, 1//3, -2//3, 0, 0, 1//3, 1//3, 0],
	[12, 11, 17, 18, 14, 1, 1, 21, 1, 1] => QQFieldElem[0, 0, 0, 0, 0, 0, -1//16, 0],
	[12, 11, 17, 18, 21, 1, 1, 20, 1, 1] => QQFieldElem[0, 0, 0, 0, 0, 0, 0, 0],
	[12, 11, 17, 18, 20, 1, 1, 21, 1, 1] => QQFieldElem[0, 0, 0, 0, 0, 0, 0, 0],
	[12, 11, 17, 18, 14, 1, 1, 20, 1, 1] => QQFieldElem[0, 0, 0, 0, 0, 0, -1//16, 0])