Dict(
	[12, 13, 10, 12, 3, 1, 1, 21, 1, 1] => QQFieldElem[0, 0, 0, 0, 0, 0, 1//3, 0],
	[12, 13, 10, 12, 15, 1, 1, 4, 1, 1] => QQFieldElem[0, 0, 0, 0, 0, 0, -2//3, 0],
	[12, 13, 10, 12, 9, 1, 1, 20, 1, 1] => QQFieldElem[0, 0, 0, 0, 0, 0, 0, 0],
	[12, 13, 10, 12, 8, 1, 1, 4, 1, 1] => QQFieldElem[0, 0, 0, 0, 0, 0, 0, 0],
	[12, 13, 10, 12, 15, 1, 1, 5, 1, 1] => QQFieldElem[0, 0, 0, 0, 0, 0, 0, 0],
	[12, 13, 10, 12, 21, 1, 1, 14, 1, 1] => QQFieldElem[0, 0, 0, 0, 0, 0, 0, 0],
	[12, 13, 10, 12, 15, 1, 1, 15, 1, 1] => QQFieldElem[0, 0, 0, 0, 0, 0, 0, 0],
	[12, 13, 10, 12, 8, 1, 1, 5, 1, 1] => QQFieldElem[0, 0, 0, 0, 0, 0, -1, 0],
	[12, 13, 10, 12, 21, 1, 1, 4, 1, 1] => QQFieldElem[0, 0, 0, 0, 0, 0, -2//3, 0],
	[12, 13, 10, 12, 8, 1, 1, 15, 1, 1] => QQFieldElem[0, 0, 0, 0, 0, 0, 1//3, 0],
	[12, 13, 10, 12, 3, 1, 1, 20, 1, 1] => QQFieldElem[0, 0, 0, 0, 0, 0, 1//3, 0],
	[12, 13, 10, 12, 15, 1, 1, 21, 1, 1] => QQFieldElem[16//9, 0, 0, 0, -32//9, 0, 0, 0],
	[12, 13, 10, 12, 21, 1, 1, 5, 1, 1] => QQFieldElem[0, 0, 0, 0, 0, 0, 0, 0],
	[12, 13, 10, 12, 21, 1, 1, 15, 1, 1] => QQFieldElem[16//9, 0, 0, 0, -32//9, 0, 0, 0],
	[12, 13, 10, 12, 20, 1, 1, 14, 1, 1] => QQFieldElem[0, 0, 0, 0, 0, 0, 0, 0],
	[12, 13, 10, 12, 8, 1, 1, 21, 1, 1] => QQFieldElem[0, 0, 0, 0, 0, 0, 1//3, 0],
	[12, 13, 10, 12, 9, 1, 1, 14, 1, 1] => QQFieldElem[0, 0, 0, 0, 0, 0, 1//4, 0],
	[12, 13, 10, 12, 20, 1, 1, 4, 1, 1] => QQFieldElem[0, 0, 0, 0, 0, 0, -2//3, 0],
	[12, 13, 10, 12, 21, 1, 1, 21, 1, 1] => QQFieldElem[-16//9, 0, 0, 0, 32//9, 0, 0, 0],
	[12, 13, 10, 12, 9, 1, 1, 4, 1, 1] => QQFieldElem[0, 0, 0, 0, 0, 0, 0, 0],
	[12, 13, 10, 12, 15, 1, 1, 20, 1, 1] => QQFieldElem[-16//9, 0, 0, 0, 32//9, 0, 0, 0],
	[12, 13, 10, 12, 20, 1, 1, 5, 1, 1] => QQFieldElem[0, 0, 0, 0, 0, 0, 0, 0],
	[12, 13, 10, 12, 20, 1, 1, 15, 1, 1] => QQFieldElem[-16//9, 0, 0, 0, 32//9, 0, 0, 0],
	[12, 13, 10, 12, 8, 1, 1, 20, 1, 1] => QQFieldElem[0, 0, 0, 0, 0, 0, 1//3, 0],
	[12, 13, 10, 12, 9, 1, 1, 5, 1, 1] => QQFieldElem[0, 0, 0, 0, 0, 0, 1//4, 0],
	[12, 13, 10, 12, 3, 1, 1, 14, 1, 1] => QQFieldElem[0, 0, 0, 0, 0, 0, -1, 0],
	[12, 13, 10, 12, 9, 1, 1, 15, 1, 1] => QQFieldElem[0, 0, 0, 0, 0, 0, 0, 0],
	[12, 13, 10, 12, 21, 1, 1, 20, 1, 1] => QQFieldElem[0, 0, 0, 0, 0, 0, 0, 0],
	[12, 13, 10, 12, 3, 1, 1, 4, 1, 1] => QQFieldElem[0, 0, 0, 0, 0, 0, 0, 0],
	[12, 13, 10, 12, 20, 1, 1, 21, 1, 1] => QQFieldElem[0, 0, 0, 0, 0, 0, 0, 0],
	[12, 13, 10, 12, 9, 1, 1, 21, 1, 1] => QQFieldElem[0, 0, 0, 0, 0, 0, 0, 0],
	[12, 13, 10, 12, 3, 1, 1, 5, 1, 1] => QQFieldElem[0, 0, 0, 0, 0, 0, 1, 0],
	[12, 13, 10, 12, 3, 1, 1, 15, 1, 1] => QQFieldElem[0, 0, 0, 0, 0, 0, 1//3, 0],
	[12, 13, 10, 12, 15, 1, 1, 14, 1, 1] => QQFieldElem[0, 0, 0, 0, 0, 0, 0, 0],
	[12, 13, 10, 12, 8, 1, 1, 14, 1, 1] => QQFieldElem[0, 0, 0, 0, 0, 0, 1, 0],
	[12, 13, 10, 12, 20, 1, 1, 20, 1, 1] => QQFieldElem[16//9, 0, 0, 0, -32//9, 0, 0, 0])