Dict(
	[13, 12, 19, 12, 21, 1, 1, 14, 1, 1] => QQFieldElem[0, 0, 4//3, 0, 0, 0, -4//3, 0],
	[13, 12, 19, 12, 15, 1, 1, 15, 1, 1] => QQFieldElem[0, 1//12, 0, 0, 0, -1//12, -1//12, 0],
	[13, 12, 19, 12, 14, 1, 1, 14, 1, 1] => QQFieldElem[0, 0, 0, 0, 0, 0, 0, 0],
	[13, 12, 19, 12, 15, 1, 1, 21, 1, 1] => QQFieldElem[0, 0, 0, 0, 0, 1//12, -1//12, 0],
	[13, 12, 19, 12, 21, 1, 1, 15, 1, 1] => QQFieldElem[0, 0, 0, 0, 0, 1//12, -1//12, 0],
	[13, 12, 19, 12, 20, 1, 1, 14, 1, 1] => QQFieldElem[0, 0, -4//3, 0, 0, 0, 0, 0],
	[13, 12, 19, 12, 14, 1, 1, 15, 1, 1] => QQFieldElem[0, 0, 0, 0, 0, 0, 1//6, 0],
	[13, 12, 19, 12, 21, 1, 1, 21, 1, 1] => QQFieldElem[0, -1//12, 0, 0, 0, 0, -1//12, 0],
	[13, 12, 19, 12, 15, 1, 1, 20, 1, 1] => QQFieldElem[0, -1//12, 0, 0, 0, 0, -1//12, 0],
	[13, 12, 19, 12, 20, 1, 1, 15, 1, 1] => QQFieldElem[0, -1//12, 0, 0, 0, 0, -1//12, 0],
	[13, 12, 19, 12, 14, 1, 1, 21, 1, 1] => QQFieldElem[0, 0, 1//6, 0, 0, 0, -1//6, 0],
	[13, 12, 19, 12, 20, 1, 1, 21, 1, 1] => QQFieldElem[0, 1//12, 0, 0, 0, -1//12, -1//12, 0],
	[13, 12, 19, 12, 21, 1, 1, 20, 1, 1] => QQFieldElem[0, 1//12, 0, 0, 0, -1//12, -1//12, 0],
	[13, 12, 19, 12, 14, 1, 1, 20, 1, 1] => QQFieldElem[0, 0, -1//6, 0, 0, 0, 0, 0],
	[13, 12, 19, 12, 15, 1, 1, 14, 1, 1] => QQFieldElem[0, 0, 0, 0, 0, 0, 4//3, 0],
	[13, 12, 19, 12, 20, 1, 1, 20, 1, 1] => QQFieldElem[0, 0, 0, 0, 0, 1//12, -1//12, 0])