Dict(
	[13, 18, 18, 16, 21, 1, 1, 21, 1, 1] => QQFieldElem[-1//3, -2//3, 0, 1, -2//3, 1//3, 1, -4//3],
	[13, 18, 18, 16, 7, 1, 1, 20, 1, 1] => QQFieldElem[0, 1, 1, 1, 0, -1, -1, -1],
	[13, 18, 18, 16, 15, 1, 1, 20, 1, 1] => QQFieldElem[0, -1//6, 1//6, 0, 1//6, 1//3, 1//6, 1//6],
	[13, 18, 18, 16, 20, 1, 1, 15, 1, 1] => QQFieldElem[1//3, -2//3, -2//3, 0, -1, -2//3, 1//3, -1//3],
	[13, 18, 18, 16, 21, 1, 1, 20, 1, 1] => QQFieldElem[0, 0, 1//3, 1//3, -1//3, 0, -2//3, 0],
	[13, 18, 18, 16, 20, 1, 1, 21, 1, 1] => QQFieldElem[-1//3, 0, -1//3, 1//3, 1//3, 0, -1//3, 0],
	[13, 18, 18, 16, 7, 1, 1, 14, 1, 1] => QQFieldElem[0, 0, 0, 0, 0, 0, 0, 0],
	[13, 18, 18, 16, 15, 1, 1, 14, 1, 1] => QQFieldElem[0, 0, 0, -1//8, 0, 0, 0, 0],
	[13, 18, 18, 16, 20, 1, 1, 20, 1, 1] => QQFieldElem[-1, -1//3, 0, -1//3, 2//3, 2//3, 1, 4//3],
	[13, 18, 18, 16, 7, 1, 1, 15, 1, 1] => QQFieldElem[0, 1, 0, -1, 0, -1, -2, 0],
	[13, 18, 18, 16, 21, 1, 1, 14, 1, 1] => QQFieldElem[0, 0, -1//8, 1//8, 0, 0, 1//4, -1//8],
	[13, 18, 18, 16, 15, 1, 1, 15, 1, 1] => QQFieldElem[1//3, 0, 0, 1//3, 0, 0, 0, 0],
	[13, 18, 18, 16, 7, 1, 1, 21, 1, 1] => QQFieldElem[0, 1, -1, 0, 0, -1, 0, 1],
	[13, 18, 18, 16, 15, 1, 1, 21, 1, 1] => QQFieldElem[1//6, -1//3, -1//6, 1//6, -1//6, 1//6, 1//3, -1//6],
	[13, 18, 18, 16, 21, 1, 1, 15, 1, 1] => QQFieldElem[-2//3, 2//3, 2//3, -1//3, 1, 2//3, -1//3, 1//3],
	[13, 18, 18, 16, 20, 1, 1, 14, 1, 1] => QQFieldElem[0, 0, 1//8, 0, 0, 0, 1//8, 1//8])