Dict(
	[13, 13, 20, 20, 13, 1, 1, 4, 1, 1] => QQFieldElem[0, 0, 8//9, 0, -8//9, 0, 0, 0],
	[13, 13, 20, 20, 18, 1, 1, 1, 1, 1] => QQFieldElem[0, 0, 0, 0, 0, 0, 1//2, 0],
	[13, 13, 20, 20, 10, 1, 1, 21, 1, 1] => QQFieldElem[0, 0, 0, 0, 0, 0, -3//4, 0],
	[13, 13, 20, 20, 16, 1, 1, 6, 1, 1] => QQFieldElem[0, 0, 0, 0, 0, 0, 1//8, 0],
	[13, 13, 20, 20, 18, 1, 1, 20, 1, 2] => QQFieldElem[0, 4//9, 0, -4//9, 0, -4//9, 0, 0],
	[13, 13, 20, 20, 12, 1, 1, 20, 1, 1] => QQFieldElem[0, -1//3, 0, -1//3, 0, 0, 0, 1//3],
	[13, 13, 20, 20, 18, 1, 1, 21, 1, 1] => QQFieldElem[0, -1//3, 0, -1//3, 0, 1//3, 0, 0],
	[13, 13, 20, 20, 12, 1, 1, 6, 1, 1] => QQFieldElem[-2//3, 0, -2//3, 0, 2//3, 0, 2//3, 0],
	[13, 13, 20, 20, 16, 1, 1, 4, 1, 1] => QQFieldElem[-1//6, 0, 0, 0, 0, 0, 0, 0],
	[13, 13, 20, 20, 12, 1, 1, 4, 1, 1] => QQFieldElem[0, 0, 8//9, 0, 8//9, 0, 0, 0],
	[13, 13, 20, 20, 10, 1, 1, 7, 1, 1] => QQFieldElem[0, 0, 0, 0, 0, 0, -3//8, 0],
	[13, 13, 20, 20, 10, 1, 1, 15, 1, 1] => QQFieldElem[0, 0, 0, 0, 0, 0, -3//4, 0],
	[13, 13, 20, 20, 18, 1, 1, 7, 1, 1] => QQFieldElem[-2//3, 0, 0, 0, 0, 0, 0, 0],
	[13, 13, 20, 20, 18, 1, 1, 15, 1, 1] => QQFieldElem[0, -1//3, 0, -1//3, 0, 1//3, 0, 0],
	[13, 13, 20, 20, 19, 1, 1, 1, 1, 1] => QQFieldElem[0, 0, 0, 0, 0, 0, 1//8, 0],
	[13, 13, 20, 20, 11, 1, 1, 1, 1, 1] => QQFieldElem[0, 0, 0, 0, 0, 0, -1//32, 0],
	[13, 13, 20, 20, 19, 1, 1, 20, 1, 2] => QQFieldElem[0, -1//3, 0, -1//3, 0, 0, 0, 1//3],
	[13, 13, 20, 20, 11, 1, 1, 20, 1, 2] => QQFieldElem[0, 0, 16//9, 0, -16//9, 0, 0, 0],
	[13, 13, 20, 20, 10, 1, 1, 20, 1, 1] => QQFieldElem[0, 0, 0, 0, 0, 0, -3//4, 0],
	[13, 13, 20, 20, 19, 1, 1, 21, 1, 1] => QQFieldElem[0, 1//3, 0, 1//3, 0, 0, 0, -1//3],
	[13, 13, 20, 20, 11, 1, 1, 21, 1, 1] => QQFieldElem[1//12, 0, 0, 0, 0, 0, 0, 0],
	[13, 13, 20, 20, 10, 1, 1, 6, 1, 1] => QQFieldElem[9//32, 0, 0, 0, 0, 0, 0, 0],
	[13, 13, 20, 20, 18, 1, 1, 20, 1, 1] => QQFieldElem[0, 0, 0, 0, 0, 1//3, 0, -1//3],
	[13, 13, 20, 20, 17, 1, 1, 1, 1, 1] => QQFieldElem[-1//3, 0, 0, 0, 0, 0, 0, 0],
	[13, 13, 20, 20, 17, 1, 1, 20, 1, 2] => QQFieldElem[0, 0, -16//9, 0, 16//9, 0, 0, 0],
	[13, 13, 20, 20, 18, 1, 1, 6, 1, 1] => QQFieldElem[0, 0, 0, 0, 0, 0, -1//4, 0],
	[13, 13, 20, 20, 17, 1, 1, 21, 1, 1] => QQFieldElem[0, -4//9, 0, 4//9, 0, 4//9, 0, 0],
	[13, 13, 20, 20, 10, 1, 1, 4, 1, 1] => QQFieldElem[0, 0, 0, 0, 0, 0, -3//8, 0],
	[13, 13, 20, 20, 18, 1, 1, 4, 1, 1] => QQFieldElem[1//3, 0, 0, 0, 0, 0, 0, 0],
	[13, 13, 20, 20, 13, 1, 1, 1, 1, 1] => QQFieldElem[2//3, 0, -2//3, 0, -2//3, 0, 2//3, 0],
	[13, 13, 20, 20, 19, 1, 1, 7, 1, 1] => QQFieldElem[-1//6, 0, 0, 0, 0, 0, 0, 0],
	[13, 13, 20, 20, 11, 1, 1, 7, 1, 1] => QQFieldElem[-1//24, 0, 0, 0, 0, 0, 0, 0],
	[13, 13, 20, 20, 13, 1, 1, 20, 1, 2] => QQFieldElem[0, 0, 0, 0, 0, 1//3, 0, -1//3],
	[13, 13, 20, 20, 19, 1, 1, 15, 1, 1] => QQFieldElem[0, 0, 0, 0, 0, -1//3, 0, 1//3],
	[13, 13, 20, 20, 11, 1, 1, 15, 1, 1] => QQFieldElem[1//12, 0, 0, 0, 0, 0, 0, 0],
	[13, 13, 20, 20, 13, 1, 1, 21, 1, 1] => QQFieldElem[0, 0, -16//9, 0, 16//9, 0, 0, 0],
	[13, 13, 20, 20, 17, 1, 1, 7, 1, 1] => QQFieldElem[0, 0, 0, 0, 0, 0, -4//9, 0],
	[13, 13, 20, 20, 16, 1, 1, 1, 1, 1] => QQFieldElem[0, 0, 0, 0, 0, 0, 1//8, 0],
	[13, 13, 20, 20, 16, 1, 1, 20, 1, 2] => QQFieldElem[1//12, 0, 0, 0, 0, 0, 0, 0],
	[13, 13, 20, 20, 17, 1, 1, 15, 1, 1] => QQFieldElem[0, -4//9, 0, 4//9, 0, 4//9, 0, 0],
	[13, 13, 20, 20, 19, 1, 1, 20, 1, 1] => QQFieldElem[0, 1//3, 0, 1//3, 0, -1//3, 0, 0],
	[13, 13, 20, 20, 11, 1, 1, 20, 1, 1] => QQFieldElem[0, 0, -16//9, 0, -16//9, 0, 0, 0],
	[13, 13, 20, 20, 16, 1, 1, 21, 1, 1] => QQFieldElem[0, 0, 0, 0, 0, -1//3, 0, 1//3],
	[13, 13, 20, 20, 12, 1, 1, 1, 1, 1] => QQFieldElem[2//3, 0, 2//3, 0, -2//3, 0, -2//3, 0],
	[13, 13, 20, 20, 11, 1, 1, 6, 1, 1] => QQFieldElem[0, 0, 0, 0, 0, 0, -1//32, 0],
	[13, 13, 20, 20, 19, 1, 1, 6, 1, 1] => QQFieldElem[0, 0, 0, 0, 0, 0, 1//8, 0],
	[13, 13, 20, 20, 12, 1, 1, 20, 1, 2] => QQFieldElem[0, 4//9, 0, -4//9, 0, -4//9, 0, 0],
	[13, 13, 20, 20, 12, 1, 1, 21, 1, 1] => QQFieldElem[0, 0, 16//9, 0, 16//9, 0, 0, 0],
	[13, 13, 20, 20, 17, 1, 1, 20, 1, 1] => QQFieldElem[0, 0, 16//9, 0, 16//9, 0, 0, 0],
	[13, 13, 20, 20, 13, 1, 1, 7, 1, 1] => QQFieldElem[0, 0, -8//9, 0, 8//9, 0, 0, 0],
	[13, 13, 20, 20, 19, 1, 1, 4, 1, 1] => QQFieldElem[-1//6, 0, 0, 0, 0, 0, 0, 0],
	[13, 13, 20, 20, 11, 1, 1, 4, 1, 1] => QQFieldElem[-1//24, 0, 0, 0, 0, 0, 0, 0],
	[13, 13, 20, 20, 17, 1, 1, 6, 1, 1] => QQFieldElem[2//3, 0, 0, 0, 0, 0, 0, 0],
	[13, 13, 20, 20, 13, 1, 1, 15, 1, 1] => QQFieldElem[0, 0, 16//9, 0, -16//9, 0, 0, 0],
	[13, 13, 20, 20, 16, 1, 1, 7, 1, 1] => QQFieldElem[-1//6, 0, 0, 0, 0, 0, 0, 0],
	[13, 13, 20, 20, 17, 1, 1, 4, 1, 1] => QQFieldElem[0, 0, 0, 0, 0, 0, 8//9, 0],
	[13, 13, 20, 20, 13, 1, 1, 20, 1, 1] => QQFieldElem[0, 1//3, 0, 1//3, 0, -1//3, 0, 0],
	[13, 13, 20, 20, 16, 1, 1, 15, 1, 1] => QQFieldElem[0, 1//3, 0, 1//3, 0, 0, 0, -1//3],
	[13, 13, 20, 20, 13, 1, 1, 6, 1, 1] => QQFieldElem[-2//3, 0, 2//3, 0, 2//3, 0, -2//3, 0],
	[13, 13, 20, 20, 12, 1, 1, 7, 1, 1] => QQFieldElem[0, 0, -8//9, 0, -8//9, 0, 0, 0],
	[13, 13, 20, 20, 12, 1, 1, 15, 1, 1] => QQFieldElem[0, 0, -16//9, 0, -16//9, 0, 0, 0],
	[13, 13, 20, 20, 10, 1, 1, 1, 1, 1] => QQFieldElem[9//32, 0, 0, 0, 0, 0, 0, 0],
	[13, 13, 20, 20, 10, 1, 1, 20, 1, 2] => QQFieldElem[1//12, 0, 0, 0, 0, 0, 0, 0],
	[13, 13, 20, 20, 16, 1, 1, 20, 1, 1] => QQFieldElem[0, 0, 0, 0, 0, 0, -3//4, 0])