Dict(
	[13, 12, 11, 17, 21, 1, 1, 15, 1, 1] => QQFieldElem[0, -1//12, 0, 0, 0, 0, 1//12, 0],
	[13, 12, 11, 17, 20, 1, 1, 14, 1, 1] => QQFieldElem[0, 0, -1//4, 0, 0, 0, 1//4, 0],
	[13, 12, 11, 17, 21, 1, 1, 21, 1, 1] => QQFieldElem[0, 0, 0, 0, 0, 1//12, 1//12, 0],
	[13, 12, 11, 17, 7, 1, 1, 20, 1, 1] => QQFieldElem[0, 0, 0, 0, 1//6, 0, 0, 0],
	[13, 12, 11, 17, 15, 1, 1, 20, 1, 1] => QQFieldElem[0, 0, 0, 0, 0, 1//12, 1//12, 0],
	[13, 12, 11, 17, 20, 1, 1, 15, 1, 1] => QQFieldElem[0, 0, 0, 0, 0, 1//12, 1//12, 0],
	[13, 12, 11, 17, 21, 1, 1, 20, 1, 1] => QQFieldElem[0, 1//12, 0, 0, 0, -1//12, 1//12, 0],
	[13, 12, 11, 17, 20, 1, 1, 21, 1, 1] => QQFieldElem[0, 1//12, 0, 0, 0, -1//12, 1//12, 0],
	[13, 12, 11, 17, 7, 1, 1, 14, 1, 1] => QQFieldElem[0, 0, 0, 0, 0, 0, 0, 0],
	[13, 12, 11, 17, 15, 1, 1, 14, 1, 1] => QQFieldElem[0, 0, 0, 0, 0, 0, -1//4, 0],
	[13, 12, 11, 17, 20, 1, 1, 20, 1, 1] => QQFieldElem[0, -1//12, 0, 0, 0, 0, 1//12, 0],
	[13, 12, 11, 17, 7, 1, 1, 15, 1, 1] => QQFieldElem[-1//6, 0, 0, 0, 0, 0, 0, 0],
	[13, 12, 11, 17, 21, 1, 1, 14, 1, 1] => QQFieldElem[0, 0, 1//4, 0, 0, 0, 0, 0],
	[13, 12, 11, 17, 15, 1, 1, 15, 1, 1] => QQFieldElem[0, 1//12, 0, 0, 0, -1//12, 1//12, 0],
	[13, 12, 11, 17, 7, 1, 1, 21, 1, 1] => QQFieldElem[1//6, 0, 0, 0, -1//6, 0, 0, 0],
	[13, 12, 11, 17, 15, 1, 1, 21, 1, 1] => QQFieldElem[0, -1//12, 0, 0, 0, 0, 1//12, 0])