Dict(
	[13, 17, 17, 13, 21, 1, 1, 21, 1, 1] => QQFieldElem[1//6, 1//2, 1//3, 1//2, 0, -1//6, -1//6, -1//3],
	[13, 17, 17, 13, 20, 1, 1, 7, 1, 1] => QQFieldElem[0, 0, 0, 0, 0, 0, 2//9, 0],
	[13, 17, 17, 13, 6, 1, 1, 7, 1, 1] => QQFieldElem[0, 0, 0, 0, 0, 0, 1//3, 0],
	[13, 17, 17, 13, 21, 1, 1, 9, 1, 1] => QQFieldElem[-1//6, 0, 0, 0, 0, 0, 0, 0],
	[13, 17, 17, 13, 15, 1, 1, 20, 1, 1] => QQFieldElem[1//6, -1//6, 1//3, -1//6, 0, 1//6, -1//6, 0],
	[13, 17, 17, 13, 20, 1, 1, 15, 1, 1] => QQFieldElem[-1//3, -1//3, -2//3, -1//3, 0, 0, 1//3, 1//3],
	[13, 17, 17, 13, 1, 1, 1, 14, 1, 1] => QQFieldElem[0, 3, 0, 0, 0, -3, 0, 0],
	[13, 17, 17, 13, 6, 1, 1, 15, 1, 1] => QQFieldElem[0, 0, 0, 0, 0, 0, 0, 0],
	[13, 17, 17, 13, 3, 1, 1, 14, 1, 1] => QQFieldElem[0, -9//16, 0, 0, 0, 9//16, 0, 0],
	[13, 17, 17, 13, 1, 1, 1, 7, 1, 1] => QQFieldElem[0, 0, 0, 0, 0, 0, -16//9, 0],
	[13, 17, 17, 13, 20, 1, 1, 21, 1, 1] => QQFieldElem[-1//3, -1//3, 0, -1//3, 0, 0, 0, 1//3],
	[13, 17, 17, 13, 21, 1, 1, 20, 1, 1] => QQFieldElem[-1//3, 0, 0, 0, 0, 1//3, 0, -1//3],
	[13, 17, 17, 13, 3, 1, 1, 7, 1, 1] => QQFieldElem[0, 0, 0, 0, 0, 0, 1//3, 0],
	[13, 17, 17, 13, 6, 1, 1, 21, 1, 1] => QQFieldElem[0, 0, 0, 0, 0, 0, 0, 0],
	[13, 17, 17, 13, 20, 1, 1, 9, 1, 1] => QQFieldElem[-1//6, 0, 0, 0, 0, 0, 0, 0],
	[13, 17, 17, 13, 1, 1, 1, 15, 1, 1] => QQFieldElem[16//3, 16//3, 0, 16//3, 0, -16//3, 0, 0],
	[13, 17, 17, 13, 6, 1, 1, 9, 1, 1] => QQFieldElem[1//2, 0, 0, 0, 0, 0, 0, 0],
	[13, 17, 17, 13, 3, 1, 1, 15, 1, 1] => QQFieldElem[1, 1, 0, 1, 0, -1, 0, 0],
	[13, 17, 17, 13, 15, 1, 1, 14, 1, 1] => QQFieldElem[0, 0, 0, 0, 0, 0, 0, 0],
	[13, 17, 17, 13, 1, 1, 1, 21, 1, 1] => QQFieldElem[-8//3, -8//3, -16//3, -8//3, 0, 8//3, 8//3, 0],
	[13, 17, 17, 13, 20, 1, 1, 20, 1, 1] => QQFieldElem[1//6, 1//6, -1//3, 1//6, 0, -1//2, 1//6, 1//3],
	[13, 17, 17, 13, 3, 1, 1, 21, 1, 1] => QQFieldElem[-1//2, -1//2, -1, -1//2, 0, 1//2, 1//2, 0],
	[13, 17, 17, 13, 15, 1, 1, 7, 1, 1] => QQFieldElem[0, 0, 0, 0, 0, 0, 2//9, 0],
	[13, 17, 17, 13, 6, 1, 1, 20, 1, 1] => QQFieldElem[0, 0, 0, 0, 0, 0, 0, 0],
	[13, 17, 17, 13, 1, 1, 1, 9, 1, 1] => QQFieldElem[-8//3, 0, 0, 0, 0, 0, 0, 0],
	[13, 17, 17, 13, 3, 1, 1, 9, 1, 1] => QQFieldElem[1//2, 0, 0, 0, 0, 0, 0, 0],
	[13, 17, 17, 13, 21, 1, 1, 14, 1, 1] => QQFieldElem[0, 0, 0, 0, 0, 0, 0, 0],
	[13, 17, 17, 13, 15, 1, 1, 15, 1, 1] => QQFieldElem[2//3, 1//3, 0, 1//3, 0, -1//3, 0, 0],
	[13, 17, 17, 13, 1, 1, 1, 20, 1, 1] => QQFieldElem[-8//3, -8//3, 16//3, -8//3, 0, 8//3, -8//3, 0],
	[13, 17, 17, 13, 21, 1, 1, 7, 1, 1] => QQFieldElem[0, 0, 0, 0, 0, 0, 2//9, 0],
	[13, 17, 17, 13, 3, 1, 1, 20, 1, 1] => QQFieldElem[-1//2, -1//2, 1, -1//2, 0, 1//2, -1//2, 0],
	[13, 17, 17, 13, 15, 1, 1, 21, 1, 1] => QQFieldElem[1//6, -1//6, -1//3, -1//6, 0, 1//6, 1//6, 0],
	[13, 17, 17, 13, 15, 1, 1, 9, 1, 1] => QQFieldElem[-1//6, 0, 0, 0, 0, 0, 0, 0],
	[13, 17, 17, 13, 20, 1, 1, 14, 1, 1] => QQFieldElem[0, 0, 0, 0, 0, 0, 0, 0],
	[13, 17, 17, 13, 21, 1, 1, 15, 1, 1] => QQFieldElem[-1//3, 0, 2//3, 0, 0, 1//3, -1//3, -1//3],
	[13, 17, 17, 13, 6, 1, 1, 14, 1, 1] => QQFieldElem[0, 9//16, 0, 0, 0, -9//16, 0, 0])