Dict(
	[13, 19, 16, 12, 14, 1, 1, 14, 1, 1] => QQFieldElem[0, -8, 0, 0, 0, 8, 0, 0],
	[13, 19, 16, 12, 15, 1, 1, 21, 1, 1] => QQFieldElem[1//6, 1//6, 1//3, -1//6, -1//3, 1//6, -1//6, 1//3],
	[13, 19, 16, 12, 4, 1, 1, 20, 1, 1] => QQFieldElem[1//2, 1//2, 0, -1//2, 0, -1//2, 1//2, 0],
	[13, 19, 16, 12, 21, 1, 1, 15, 1, 1] => QQFieldElem[-2//51, 1//51, -16//51, -4//51, 4//51, 1//51, 8//51, 8//51],
	[13, 19, 16, 12, 20, 1, 1, 14, 1, 1] => QQFieldElem[0, 0, 0, 0, 0, 0, 0, 0],
	[13, 19, 16, 12, 5, 1, 1, 20, 1, 1] => QQFieldElem[1//2, 1//2, 0, -1//2, 0, -1//2, 1//2, 0],
	[13, 19, 16, 12, 4, 1, 1, 6, 1, 1] => QQFieldElem[9//20, 0, 0, 0, 0, 0, -3//20, 0],
	[13, 19, 16, 12, 4, 1, 1, 8, 1, 1] => QQFieldElem[3//4, 0, 0, 0, 0, 0, 3//4, 0],
	[13, 19, 16, 12, 14, 1, 1, 15, 1, 1] => QQFieldElem[0, 0, 0, 0, 0, 0, 0, 0],
	[13, 19, 16, 12, 21, 1, 1, 21, 1, 1] => QQFieldElem[-1//6, -1//6, -1//3, 1//6, 1//3, -1//6, 1//6, -1//3],
	[13, 19, 16, 12, 5, 1, 1, 8, 1, 1] => QQFieldElem[-3//4, 0, 0, 0, 0, 0, -3//4, 0],
	[13, 19, 16, 12, 5, 1, 1, 6, 1, 1] => QQFieldElem[-9//20, 0, 0, 0, 0, 0, 3//20, 0],
	[13, 19, 16, 12, 15, 1, 1, 20, 1, 1] => QQFieldElem[-1//6, -1//6, -1//3, 1//6, 1//3, -1//6, 1//6, -1//3],
	[13, 19, 16, 12, 20, 1, 1, 15, 1, 1] => QQFieldElem[2//51, -1//51, 16//51, 4//51, -4//51, -1//51, -8//51, -8//51],
	[13, 19, 16, 12, 14, 1, 1, 21, 1, 1] => QQFieldElem[0, 0, 0, 0, 0, 0, 0, 0],
	[13, 19, 16, 12, 15, 1, 1, 6, 1, 1] => QQFieldElem[-1//5, 0, 0, 0, 0, 0, -1//10, 0],
	[13, 19, 16, 12, 15, 1, 1, 8, 1, 1] => QQFieldElem[0, 0, 0, 0, 0, 0, 1//2, 0],
	[13, 19, 16, 12, 4, 1, 1, 14, 1, 1] => QQFieldElem[0, -8, 0, 0, 0, 8, 0, 0],
	[13, 19, 16, 12, 20, 1, 1, 21, 1, 1] => QQFieldElem[0, 0, 0, 0, 0, 0, 0, 0],
	[13, 19, 16, 12, 5, 1, 1, 14, 1, 1] => QQFieldElem[0, 8, 0, 0, 0, -8, 0, 0],
	[13, 19, 16, 12, 21, 1, 1, 20, 1, 1] => QQFieldElem[0, 0, 0, 0, 0, 0, 0, 0],
	[13, 19, 16, 12, 21, 1, 1, 6, 1, 1] => QQFieldElem[-1//5, 0, 0, 0, 0, 0, -1//10, 0],
	[13, 19, 16, 12, 21, 1, 1, 8, 1, 1] => QQFieldElem[0, 0, 0, 0, 0, 0, 1//2, 0],
	[13, 19, 16, 12, 14, 1, 1, 20, 1, 1] => QQFieldElem[0, 0, 0, 0, 0, 0, 0, 0],
	[13, 19, 16, 12, 15, 1, 1, 14, 1, 1] => QQFieldElem[0, 0, 0, 0, 0, 0, 0, 0],
	[13, 19, 16, 12, 4, 1, 1, 15, 1, 1] => QQFieldElem[1//17, -8//17, 0, 2//17, 0, 8//17, 4//17, 0],
	[13, 19, 16, 12, 14, 1, 1, 6, 1, 1] => QQFieldElem[-9//20, 0, 0, 0, 0, 0, 3//20, 0],
	[13, 19, 16, 12, 5, 1, 1, 15, 1, 1] => QQFieldElem[1//17, -8//17, 0, 2//17, 0, 8//17, 4//17, 0],
	[13, 19, 16, 12, 20, 1, 1, 20, 1, 1] => QQFieldElem[1//6, 1//6, 1//3, -1//6, -1//3, 1//6, -1//6, 1//3],
	[13, 19, 16, 12, 14, 1, 1, 8, 1, 1] => QQFieldElem[-3//4, 0, 0, 0, 0, 0, -3//4, 0],
	[13, 19, 16, 12, 4, 1, 1, 21, 1, 1] => QQFieldElem[1//2, 1//2, 0, -1//2, 0, -1//2, 1//2, 0],
	[13, 19, 16, 12, 20, 1, 1, 6, 1, 1] => QQFieldElem[-1//5, 0, 0, 0, 0, 0, -1//10, 0],
	[13, 19, 16, 12, 20, 1, 1, 8, 1, 1] => QQFieldElem[0, 0, 0, 0, 0, 0, 1//2, 0],
	[13, 19, 16, 12, 21, 1, 1, 14, 1, 1] => QQFieldElem[0, 0, 0, 0, 0, 0, 0, 0],
	[13, 19, 16, 12, 15, 1, 1, 15, 1, 1] => QQFieldElem[0, 0, 0, 0, 0, 0, 0, 0],
	[13, 19, 16, 12, 5, 1, 1, 21, 1, 1] => QQFieldElem[1//2, 1//2, 0, -1//2, 0, -1//2, 1//2, 0])