Dict(
	[13, 13, 13, 17, 7, 1, 1, 21, 1, 1] => QQFieldElem[0, 0, 32//9, 0, 0, 0, 0, 0],
	[13, 13, 13, 17, 21, 1, 1, 7, 1, 1] => QQFieldElem[0, 0, 3//8, 0, 0, 0, 0, 0],
	[13, 13, 13, 17, 15, 1, 1, 21, 1, 1] => QQFieldElem[-1//3, 0, 0, 0, 0, 0, 0, -1//3],
	[13, 13, 13, 17, 21, 1, 1, 15, 1, 1] => QQFieldElem[-1//3, 0, 0, 0, 0, 0, 0, -1//3],
	[13, 13, 13, 17, 21, 1, 1, 21, 1, 1] => QQFieldElem[-1//3, 0, 0, -1//3, 0, 0, 0, 1//3],
	[13, 13, 13, 17, 7, 1, 1, 20, 1, 1] => QQFieldElem[0, 0, -32//9, 0, 0, 0, 32//9, 0],
	[13, 13, 13, 17, 20, 1, 1, 7, 1, 1] => QQFieldElem[0, 0, -3//8, 0, 0, 0, 3//8, 0],
	[13, 13, 13, 17, 15, 1, 1, 20, 1, 1] => QQFieldElem[-1//3, 0, 0, -1//3, 0, 0, 0, 1//3],
	[13, 13, 13, 17, 20, 1, 1, 15, 1, 1] => QQFieldElem[-1//3, 0, 0, -1//3, 0, 0, 0, 1//3],
	[13, 13, 13, 17, 20, 1, 1, 21, 1, 1] => QQFieldElem[-1//3, 0, 0, 1//3, 0, 0, 0, 0],
	[13, 13, 13, 17, 21, 1, 1, 20, 1, 1] => QQFieldElem[-1//3, 0, 0, 1//3, 0, 0, 0, 0],
	[13, 13, 13, 17, 7, 1, 1, 7, 1, 1] => QQFieldElem[0, 0, 0, 0, 0, 0, 0, 0],
	[13, 13, 13, 17, 20, 1, 1, 20, 1, 1] => QQFieldElem[-1//3, 0, 0, 0, 0, 0, 0, -1//3],
	[13, 13, 13, 17, 15, 1, 1, 7, 1, 1] => QQFieldElem[0, 0, 0, 0, 0, 0, -3//8, 0],
	[13, 13, 13, 17, 7, 1, 1, 15, 1, 1] => QQFieldElem[0, 0, 0, 0, 0, 0, -32//9, 0],
	[13, 13, 13, 17, 15, 1, 1, 15, 1, 1] => QQFieldElem[-1//3, 0, 0, 1//3, 0, 0, 0, 0])