Dict(
	[14, 12, 14, 12, 17, 1, 1, 17, 1, 1] => QQFieldElem[-1//8, 0, 0, 0, 0, 0, -1//8, 0],
	[14, 12, 14, 12, 19, 1, 1, 19, 1, 1] => QQFieldElem[1//8, 0, 0, 0, 0, 0, -1//8, 0],
	[14, 12, 14, 12, 10, 1, 1, 10, 1, 1] => QQFieldElem[-32//9, 0, 0, 0, 0, 0, 0, 0],
	[14, 12, 14, 12, 13, 1, 1, 16, 1, 1] => QQFieldElem[0, 0, 0, 0, 0, 0, 0, 0],
	[14, 12, 14, 12, 18, 1, 1, 16, 1, 1] => QQFieldElem[0, 0, 0, 0, 0, 0, 0, 0],
	[14, 12, 14, 12, 16, 1, 1, 13, 1, 1] => QQFieldElem[0, 0, 0, 0, 0, 0, 0, 0],
	[14, 12, 14, 12, 17, 1, 1, 13, 1, 1] => QQFieldElem[0, 0, 0, 0, 0, 0, 0, 0],
	[14, 12, 14, 12, 19, 1, 1, 16, 1, 1] => QQFieldElem[0, 0, 0, 0, 0, 0, 0, 0],
	[14, 12, 14, 12, 10, 1, 1, 18, 1, 1] => QQFieldElem[0, 0, 0, 0, 0, 0, 0, 0],
	[14, 12, 14, 12, 13, 1, 1, 10, 1, 1] => QQFieldElem[0, 0, 0, 0, 0, 0, 0, 0],
	[14, 12, 14, 12, 18, 1, 1, 10, 1, 1] => QQFieldElem[0, 0, 0, 0, 0, 0, 0, 0],
	[14, 12, 14, 12, 10, 1, 1, 17, 1, 1] => QQFieldElem[0, 0, 0, 0, 0, 0, 0, 0],
	[14, 12, 14, 12, 19, 1, 1, 10, 1, 1] => QQFieldElem[0, 0, 0, 0, 0, 0, 0, 0],
	[14, 12, 14, 12, 16, 1, 1, 19, 1, 1] => QQFieldElem[0, 0, 0, 0, 0, 0, 0, 0],
	[14, 12, 14, 12, 17, 1, 1, 19, 1, 1] => QQFieldElem[0, 0, 0, 0, 0, 0, 0, 0],
	[14, 12, 14, 12, 13, 1, 1, 18, 1, 1] => QQFieldElem[0, 0, 0, 0, 0, 0, 0, 0],
	[14, 12, 14, 12, 18, 1, 1, 18, 1, 1] => QQFieldElem[1//8, 0, 0, 0, 0, 0, -1//8, 0],
	[14, 12, 14, 12, 19, 1, 1, 18, 1, 1] => QQFieldElem[-1//8, 0, 0, 0, 0, 0, -1//8, 0],
	[14, 12, 14, 12, 18, 1, 1, 17, 1, 1] => QQFieldElem[0, 0, 0, 0, 0, 0, 0, 0],
	[14, 12, 14, 12, 10, 1, 1, 13, 1, 1] => QQFieldElem[0, 0, 0, 0, 0, 0, 0, 0],
	[14, 12, 14, 12, 16, 1, 1, 16, 1, 1] => QQFieldElem[-1//8, 0, 0, 0, 0, 0, -1//8, 0],
	[14, 12, 14, 12, 13, 1, 1, 17, 1, 1] => QQFieldElem[0, 0, 0, 0, 0, 0, 0, 0],
	[14, 12, 14, 12, 17, 1, 1, 16, 1, 1] => QQFieldElem[1//8, 0, 0, 0, 0, 0, -1//8, 0],
	[14, 12, 14, 12, 19, 1, 1, 17, 1, 1] => QQFieldElem[0, 0, 0, 0, 0, 0, 0, 0],
	[14, 12, 14, 12, 13, 1, 1, 13, 1, 1] => QQFieldElem[0, 0, 0, 0, 0, 0, -3//8, 0],
	[14, 12, 14, 12, 18, 1, 1, 13, 1, 1] => QQFieldElem[0, 0, 0, 0, 0, 0, 0, 0],
	[14, 12, 14, 12, 10, 1, 1, 19, 1, 1] => QQFieldElem[0, 0, 0, 0, 0, 0, 0, 0],
	[14, 12, 14, 12, 17, 1, 1, 10, 1, 1] => QQFieldElem[0, 0, 0, 0, 0, 0, 0, 0],
	[14, 12, 14, 12, 16, 1, 1, 10, 1, 1] => QQFieldElem[0, 0, 0, 0, 0, 0, 0, 0],
	[14, 12, 14, 12, 19, 1, 1, 13, 1, 1] => QQFieldElem[0, 0, 0, 0, 0, 0, 0, 0],
	[14, 12, 14, 12, 16, 1, 1, 18, 1, 1] => QQFieldElem[0, 0, 0, 0, 0, 0, 0, 0],
	[14, 12, 14, 12, 17, 1, 1, 18, 1, 1] => QQFieldElem[0, 0, 0, 0, 0, 0, 0, 0],
	[14, 12, 14, 12, 10, 1, 1, 16, 1, 1] => QQFieldElem[0, 0, 0, 0, 0, 0, 0, 0],
	[14, 12, 14, 12, 13, 1, 1, 19, 1, 1] => QQFieldElem[0, 0, 0, 0, 0, 0, 0, 0],
	[14, 12, 14, 12, 18, 1, 1, 19, 1, 1] => QQFieldElem[-1//8, 0, 0, 0, 0, 0, -1//8, 0],
	[14, 12, 14, 12, 16, 1, 1, 17, 1, 1] => QQFieldElem[1//8, 0, 0, 0, 0, 0, -1//8, 0])