Dict(
	[15, 14, 13, 13, 16, 1, 1, 15, 2, 1] => QQFieldElem[0, 0, 0, 0, 0, 0, 4, 0],
	[15, 14, 13, 13, 17, 1, 1, 15, 2, 1] => QQFieldElem[3//8, 0, 0, 0, 0, 0, 0, 0],
	[15, 14, 13, 13, 11, 1, 1, 20, 2, 1] => QQFieldElem[-1//3, -1//3, 0, 1//3, 0, 1//3, 1//3, 0],
	[15, 14, 13, 13, 19, 1, 1, 20, 2, 1] => QQFieldElem[-1//3, -1//3, -1//3, 1//3, 0, 0, 0, -1//3],
	[15, 14, 13, 13, 12, 1, 1, 21, 1, 1] => QQFieldElem[1//96, 1//96, -1//96, 1//96, 0, 0, 1//96, -1//96],
	[15, 14, 13, 13, 16, 1, 1, 21, 2, 1] => QQFieldElem[-1//3, 0, 1//3, 0, 0, -1//3, 0, -1//3],
	[15, 14, 13, 13, 16, 1, 1, 20, 1, 1] => QQFieldElem[-1//96, 1//96, 1//96, 1//96, 0, 0, 0, -1//96],
	[15, 14, 13, 13, 17, 1, 1, 21, 2, 1] => QQFieldElem[-1//3, 1//3, 0, -1//3, 0, -1//3, -1//3, 0],
	[15, 14, 13, 13, 17, 1, 1, 20, 1, 1] => QQFieldElem[-16//9, -16//9, 0, -16//9, 0, 16//9, -16//9, 0],
	[15, 14, 13, 13, 12, 1, 1, 15, 2, 1] => QQFieldElem[0, 0, 0, 0, 0, 0, 4, 0],
	[15, 14, 13, 13, 18, 1, 1, 15, 1, 1] => QQFieldElem[0, 0, 0, 0, 0, 0, 3//256, 0],
	[15, 14, 13, 13, 12, 1, 1, 21, 2, 1] => QQFieldElem[-1//3, 1//3, -1//3, -1//3, 0, 0, 1//3, 1//3],
	[15, 14, 13, 13, 16, 1, 1, 20, 2, 1] => QQFieldElem[-1//3, 1//3, -1//3, -1//3, 0, 0, 0, 1//3],
	[15, 14, 13, 13, 12, 1, 1, 20, 1, 1] => QQFieldElem[-1//96, 0, -1//96, 0, 0, -1//96, 1//96, 1//96],
	[15, 14, 13, 13, 19, 1, 1, 15, 1, 1] => QQFieldElem[0, 0, 0, 0, 0, 0, 3//256, 0],
	[15, 14, 13, 13, 11, 1, 1, 15, 1, 1] => QQFieldElem[0, 0, 0, 0, 0, 0, -64//3, 0],
	[15, 14, 13, 13, 17, 1, 1, 20, 2, 1] => QQFieldElem[-1//3, 1//3, 0, -1//3, 0, -1//3, 1//3, 0],
	[15, 14, 13, 13, 18, 1, 1, 21, 1, 1] => QQFieldElem[1//96, -1//96, -1//96, -1//96, 0, 0, 1//96, 1//96],
	[15, 14, 13, 13, 19, 1, 1, 21, 1, 1] => QQFieldElem[1//96, 0, 1//96, 0, 0, 1//96, 0, -1//96],
	[15, 14, 13, 13, 11, 1, 1, 21, 1, 1] => QQFieldElem[-16//9, -16//9, 0, -16//9, 0, 16//9, 16//9, 0],
	[15, 14, 13, 13, 18, 1, 1, 15, 2, 1] => QQFieldElem[-3//8, 0, 0, 0, 3//8, 0, 0, 0],
	[15, 14, 13, 13, 12, 1, 1, 20, 2, 1] => QQFieldElem[-1//3, 0, 1//3, 0, 0, -1//3, -1//3, -1//3],
	[15, 14, 13, 13, 19, 1, 1, 15, 2, 1] => QQFieldElem[0, 0, 0, 0, -3//8, 0, 0, 0],
	[15, 14, 13, 13, 11, 1, 1, 15, 2, 1] => QQFieldElem[0, 0, 0, 0, 0, 0, 4, 0],
	[15, 14, 13, 13, 18, 1, 1, 21, 2, 1] => QQFieldElem[-1//3, -1//3, -1//3, 1//3, 0, 0, 1//3, -1//3],
	[15, 14, 13, 13, 18, 1, 1, 20, 1, 1] => QQFieldElem[-1//96, 0, -1//96, 0, 0, 1//96, 1//96, -1//96],
	[15, 14, 13, 13, 19, 1, 1, 21, 2, 1] => QQFieldElem[-1//3, 0, 1//3, 0, 0, 1//3, 0, 1//3],
	[15, 14, 13, 13, 11, 1, 1, 21, 2, 1] => QQFieldElem[-1//3, -1//3, 0, 1//3, 0, 1//3, -1//3, 0],
	[15, 14, 13, 13, 17, 1, 1, 15, 1, 1] => QQFieldElem[2, 0, 0, 0, 0, 0, 0, 0],
	[15, 14, 13, 13, 11, 1, 1, 20, 1, 1] => QQFieldElem[-16//9, 16//9, 0, 16//9, 0, -16//9, -16//9, 0],
	[15, 14, 13, 13, 19, 1, 1, 20, 1, 1] => QQFieldElem[-1//96, -1//96, 1//96, -1//96, 0, 0, 0, 1//96],
	[15, 14, 13, 13, 16, 1, 1, 15, 1, 1] => QQFieldElem[0, 0, 0, 0, 1//8, 0, 0, 0],
	[15, 14, 13, 13, 16, 1, 1, 21, 1, 1] => QQFieldElem[1//96, 0, 1//96, 0, 0, -1//96, 0, 1//96],
	[15, 14, 13, 13, 18, 1, 1, 20, 2, 1] => QQFieldElem[-1//3, 0, 1//3, 0, 0, 1//3, -1//3, 1//3],
	[15, 14, 13, 13, 17, 1, 1, 21, 1, 1] => QQFieldElem[-16//9, 16//9, 0, 16//9, 0, -16//9, 16//9, 0],
	[15, 14, 13, 13, 12, 1, 1, 15, 1, 1] => QQFieldElem[1//8, 0, 0, 0, -1//8, 0, 0, 0])