Dict(
	[15, 15, 14, 6, 15, 1, 2, 14, 2, 1] => QQFieldElem[80//3, 0, -64//3, 0, 32//3, 0, -16//3, 0],
	[15, 15, 14, 6, 15, 1, 1, 5, 1, 1] => QQFieldElem[-1//64, 0, 0, 0, 0, 0, -1//64, 0],
	[15, 15, 14, 6, 21, 1, 1, 14, 1, 1] => QQFieldElem[1//2, 0, 0, 0, -1, 0, 1//2, 0],
	[15, 15, 14, 6, 21, 1, 2, 14, 1, 1] => QQFieldElem[7//6, 0, -2//3, 0, -1//3, 0, 5//6, 0],
	[15, 15, 14, 6, 15, 1, 1, 14, 2, 1] => QQFieldElem[-16, 0, 0, 0, 32, 0, -16, 0],
	[15, 15, 14, 6, 21, 1, 2, 4, 1, 1] => QQFieldElem[-3//32, 0, 0, 0, 0, 0, 0, 0],
	[15, 15, 14, 6, 21, 1, 1, 4, 1, 1] => QQFieldElem[0, 0, 0, 0, 0, 0, -1//8, 0],
	[15, 15, 14, 6, 21, 1, 2, 7, 1, 1] => QQFieldElem[16, 0, 32//3, 0, -32, 0, -112//3, 0],
	[15, 15, 14, 6, 21, 1, 1, 7, 1, 1] => QQFieldElem[320//9, 0, 0, 0, -256//9, 0, -64//3, 0],
	[15, 15, 14, 6, 21, 1, 2, 5, 1, 1] => QQFieldElem[1//2, 0, 0, 0, 0, 0, 0, 0],
	[15, 15, 14, 6, 21, 1, 2, 14, 2, 1] => QQFieldElem[5//6, 0, -1, 0, 1//3, 0, 1//2, 0],
	[15, 15, 14, 6, 15, 1, 2, 9, 1, 1] => QQFieldElem[-1//24, 0, -1//24, 0, 1//48, 0, 1//48, 0],
	[15, 15, 14, 6, 21, 1, 1, 14, 2, 1] => QQFieldElem[-2//3, 0, 8//9, 0, 0, 0, 2//9, 0],
	[15, 15, 14, 6, 15, 1, 1, 9, 1, 1] => QQFieldElem[1//48, 0, 1//24, 0, 1//48, 0, -1//48, 0],
	[15, 15, 14, 6, 20, 1, 1, 14, 1, 1] => QQFieldElem[64//9, 0, 0, 0, 256//9, 0, -64//3, 0],
	[15, 15, 14, 6, 21, 1, 1, 5, 1, 1] => QQFieldElem[0, 0, 0, 0, 0, 0, -2//3, 0],
	[15, 15, 14, 6, 20, 1, 2, 14, 1, 1] => QQFieldElem[-16, 0, -32//3, 0, 32, 0, -80//3, 0],
	[15, 15, 14, 6, 20, 1, 2, 4, 1, 1] => QQFieldElem[3//32, 0, 0, 0, 0, 0, 3//32, 0],
	[15, 15, 14, 6, 20, 1, 1, 4, 1, 1] => QQFieldElem[0, 0, 0, 0, 0, 0, 0, 0],
	[15, 15, 14, 6, 20, 1, 2, 7, 1, 1] => QQFieldElem[112//3, 0, 64//3, 0, -32//3, 0, -80//3, 0],
	[15, 15, 14, 6, 20, 1, 1, 7, 1, 1] => QQFieldElem[16, 0, 0, 0, -32, 0, -16, 0],
	[15, 15, 14, 6, 21, 1, 2, 9, 1, 1] => QQFieldElem[7//6, 0, 1, 0, -1//3, 0, -1//2, 0],
	[15, 15, 14, 6, 20, 1, 2, 5, 1, 1] => QQFieldElem[0, 0, 0, 0, 0, 0, 0, 0],
	[15, 15, 14, 6, 21, 1, 1, 9, 1, 1] => QQFieldElem[-2//3, 0, -8//9, 0, 0, 0, 10//9, 0],
	[15, 15, 14, 6, 20, 1, 2, 14, 2, 1] => QQFieldElem[-1//48, 0, 1//24, 0, -1//48, 0, -1//48, 0],
	[15, 15, 14, 6, 20, 1, 1, 14, 2, 1] => QQFieldElem[1//24, 0, -1//24, 0, -1//48, 0, 1//48, 0],
	[15, 15, 14, 6, 20, 1, 1, 5, 1, 1] => QQFieldElem[1//2, 0, 0, 0, 0, 0, 1//2, 0],
	[15, 15, 14, 6, 20, 1, 2, 9, 1, 1] => QQFieldElem[5//6, 0, 2//3, 0, 1//3, 0, 1//6, 0],
	[15, 15, 14, 6, 20, 1, 1, 9, 1, 1] => QQFieldElem[-1//2, 0, 0, 0, 1, 0, 1//2, 0],
	[15, 15, 14, 6, 15, 1, 2, 14, 1, 1] => QQFieldElem[4//3, 0, -4//3, 0, -2//3, 0, 2//3, 0],
	[15, 15, 14, 6, 15, 1, 1, 14, 1, 1] => QQFieldElem[2//3, 0, -4//3, 0, 2//3, 0, 2//3, 0],
	[15, 15, 14, 6, 15, 1, 2, 4, 1, 1] => QQFieldElem[-3//1024, 0, 0, 0, 0, 0, 3//1024, 0],
	[15, 15, 14, 6, 15, 1, 1, 4, 1, 1] => QQFieldElem[-3//1024, 0, 0, 0, 0, 0, -3//1024, 0],
	[15, 15, 14, 6, 15, 1, 2, 7, 1, 1] => QQFieldElem[2//3, 0, 4//3, 0, 2//3, 0, -2//3, 0],
	[15, 15, 14, 6, 15, 1, 1, 7, 1, 1] => QQFieldElem[4//3, 0, 4//3, 0, -2//3, 0, -2//3, 0],
	[15, 15, 14, 6, 15, 1, 2, 5, 1, 1] => QQFieldElem[1//64, 0, 0, 0, 0, 0, -1//64, 0])