Dict(
	[16, 10, 11, 11, 21, 1, 1, 15, 1, 1] => QQFieldElem[0, 0, 0, -1//12, 0, 0, 1//12, 1//12],
	[16, 10, 11, 11, 15, 1, 1, 9, 1, 1] => QQFieldElem[8//3, 0, 0, 0, 0, 0, 0, 0],
	[16, 10, 11, 11, 14, 1, 1, 15, 1, 1] => QQFieldElem[0, 0, 0, 0, 0, 0, -1//3, 0],
	[16, 10, 11, 11, 21, 1, 1, 21, 1, 1] => QQFieldElem[0, 0, 0, 0, 0, 0, 1//12, -1//12],
	[16, 10, 11, 11, 15, 1, 1, 20, 1, 1] => QQFieldElem[0, 0, 0, 0, 0, 0, 1//12, -1//12],
	[16, 10, 11, 11, 21, 1, 1, 9, 1, 1] => QQFieldElem[0, 0, 0, 0, -8//3, 0, 0, 0],
	[16, 10, 11, 11, 20, 1, 1, 15, 1, 1] => QQFieldElem[0, 0, 0, 0, 0, 0, 1//12, -1//12],
	[16, 10, 11, 11, 14, 1, 1, 21, 1, 1] => QQFieldElem[0, 0, -1//3, 0, 0, 0, 1//3, 0],
	[16, 10, 11, 11, 14, 1, 1, 9, 1, 1] => QQFieldElem[0, 0, 0, 0, 0, 0, 0, 0],
	[16, 10, 11, 11, 21, 1, 1, 20, 1, 1] => QQFieldElem[0, 0, 0, 1//12, 0, 0, 1//12, 0],
	[16, 10, 11, 11, 20, 1, 1, 21, 1, 1] => QQFieldElem[0, 0, 0, 1//12, 0, 0, 1//12, 0],
	[16, 10, 11, 11, 20, 1, 1, 9, 1, 1] => QQFieldElem[-8//3, 0, 0, 0, 8//3, 0, 0, 0],
	[16, 10, 11, 11, 14, 1, 1, 20, 1, 1] => QQFieldElem[0, 0, 1//3, 0, 0, 0, 0, 0],
	[16, 10, 11, 11, 20, 1, 1, 20, 1, 1] => QQFieldElem[0, 0, 0, -1//12, 0, 0, 1//12, 1//12],
	[16, 10, 11, 11, 15, 1, 1, 15, 1, 1] => QQFieldElem[0, 0, 0, 1//12, 0, 0, 1//12, 0],
	[16, 10, 11, 11, 15, 1, 1, 21, 1, 1] => QQFieldElem[0, 0, 0, -1//12, 0, 0, 1//12, 1//12])