Dict(
	[17, 13, 14, 14, 18, 1, 1, 14, 1, 2] => QQFieldElem[-1//2, 0, 0, 0, 0, 0, 1//2, 0],
	[17, 13, 14, 14, 12, 1, 1, 14, 1, 1] => QQFieldElem[-1//64, 0, 0, 0, 0, 0, 1//64, 0],
	[17, 13, 14, 14, 19, 1, 1, 14, 1, 2] => QQFieldElem[-1//2, 0, 0, 0, 0, 0, -1//2, 0],
	[17, 13, 14, 14, 11, 1, 1, 14, 1, 2] => QQFieldElem[-1//2, 0, 0, 0, 0, 0, -1//2, 0],
	[17, 13, 14, 14, 12, 1, 1, 7, 1, 1] => QQFieldElem[0, -24, 0, 0, 0, 24, 0, 0],
	[17, 13, 14, 14, 18, 1, 1, 14, 1, 1] => QQFieldElem[-8//3, 0, 0, 0, 0, 0, 8//3, 0],
	[17, 13, 14, 14, 19, 1, 1, 14, 1, 1] => QQFieldElem[-1//64, 0, 0, 0, 0, 0, -1//64, 0],
	[17, 13, 14, 14, 12, 1, 1, 9, 1, 1] => QQFieldElem[0, 0, 0, 6, 0, 0, 0, 0],
	[17, 13, 14, 14, 11, 1, 1, 14, 1, 1] => QQFieldElem[-8//3, 0, 0, 0, 0, 0, -8//3, 0],
	[17, 13, 14, 14, 18, 1, 1, 7, 1, 1] => QQFieldElem[0, 3//4, 0, 0, 0, -3//4, 0, 0],
	[17, 13, 14, 14, 19, 1, 1, 7, 1, 1] => QQFieldElem[0, -24, 0, 0, 0, 24, 0, 0],
	[17, 13, 14, 14, 11, 1, 1, 7, 1, 1] => QQFieldElem[0, 128, 0, 0, 0, -128, 0, 0],
	[17, 13, 14, 14, 12, 1, 1, 14, 1, 2] => QQFieldElem[-1//2, 0, 0, 0, 0, 0, 1//2, 0],
	[17, 13, 14, 14, 18, 1, 1, 9, 1, 1] => QQFieldElem[0, 0, 0, 3//16, 0, 0, 0, 0],
	[17, 13, 14, 14, 19, 1, 1, 9, 1, 1] => QQFieldElem[0, 0, 0, -6, 0, 0, 0, 0],
	[17, 13, 14, 14, 11, 1, 1, 9, 1, 1] => QQFieldElem[0, 0, 0, -32, 0, 0, 0, 0])