Dict(
	[17, 11, 13, 19, 21, 1, 1, 20, 1, 1] => QQFieldElem[0, 0, 0, 0, 0, 0, 0, 0],
	[17, 11, 13, 19, 5, 1, 1, 14, 1, 1] => QQFieldElem[0, 3, 0, 0, 0, -3, 0, 0],
	[17, 11, 13, 19, 20, 1, 1, 21, 1, 1] => QQFieldElem[0, 0, 0, 0, 0, 0, 0, 0],
	[17, 11, 13, 19, 21, 1, 1, 6, 1, 1] => QQFieldElem[1//5, 0, 0, 0, 0, 0, -1//10, 0],
	[17, 11, 13, 19, 21, 1, 1, 8, 1, 1] => QQFieldElem[0, 0, 0, 0, 0, 0, -1//6, 0],
	[17, 11, 13, 19, 14, 1, 1, 20, 1, 1] => QQFieldElem[0, 0, 0, 0, 0, 0, 0, 0],
	[17, 11, 13, 19, 15, 1, 1, 14, 1, 1] => QQFieldElem[0, 0, 0, 0, 0, 0, 0, 0],
	[17, 11, 13, 19, 4, 1, 1, 15, 1, 1] => QQFieldElem[-16//3, 0, 0, 0, 0, 0, 0, 0],
	[17, 11, 13, 19, 14, 1, 1, 6, 1, 1] => QQFieldElem[3//20, 0, 0, 0, 0, 0, -9//20, 0],
	[17, 11, 13, 19, 20, 1, 1, 20, 1, 1] => QQFieldElem[1//10, 1//30, 0, 1//10, 0, 1//30, -3//10, -1//5],
	[17, 11, 13, 19, 14, 1, 1, 8, 1, 1] => QQFieldElem[1//4, 0, 0, 0, 0, 0, 1//4, 0],
	[17, 11, 13, 19, 5, 1, 1, 15, 1, 1] => QQFieldElem[-1, 0, 0, 0, 0, 0, 0, 0],
	[17, 11, 13, 19, 4, 1, 1, 21, 1, 1] => QQFieldElem[-8//15, -8//5, 0, 8//15, 0, -8//5, 8//5, -16//15],
	[17, 11, 13, 19, 20, 1, 1, 6, 1, 1] => QQFieldElem[1//5, 0, 0, 0, 0, 0, -1//10, 0],
	[17, 11, 13, 19, 20, 1, 1, 8, 1, 1] => QQFieldElem[0, 0, 0, 0, 0, 0, -1//6, 0],
	[17, 11, 13, 19, 21, 1, 1, 14, 1, 1] => QQFieldElem[0, 0, 0, 0, 0, 0, 0, 0],
	[17, 11, 13, 19, 15, 1, 1, 15, 1, 1] => QQFieldElem[0, 0, 0, 0, 0, 0, 0, 0],
	[17, 11, 13, 19, 5, 1, 1, 21, 1, 1] => QQFieldElem[-1//10, -3//10, 0, 1//10, 0, -3//10, 3//10, -1//5],
	[17, 11, 13, 19, 14, 1, 1, 14, 1, 1] => QQFieldElem[0, -3, 0, 0, 0, 3, 0, 0],
	[17, 11, 13, 19, 15, 1, 1, 21, 1, 1] => QQFieldElem[-1//10, 1//30, 0, 1//10, 0, 1//30, 3//10, -1//5],
	[17, 11, 13, 19, 4, 1, 1, 20, 1, 1] => QQFieldElem[-8//15, 8//5, 0, -8//15, 0, 8//5, 8//5, 16//15],
	[17, 11, 13, 19, 21, 1, 1, 15, 1, 1] => QQFieldElem[0, 1//3, 0, 0, 0, 1//3, 0, 0],
	[17, 11, 13, 19, 20, 1, 1, 14, 1, 1] => QQFieldElem[0, 0, 0, 0, 0, 0, 0, 0],
	[17, 11, 13, 19, 5, 1, 1, 20, 1, 1] => QQFieldElem[-1//10, 3//10, 0, -1//10, 0, 3//10, 3//10, 1//5],
	[17, 11, 13, 19, 4, 1, 1, 6, 1, 1] => QQFieldElem[-4//5, 0, 0, 0, 0, 0, 12//5, 0],
	[17, 11, 13, 19, 4, 1, 1, 8, 1, 1] => QQFieldElem[-4//3, 0, 0, 0, 0, 0, -4//3, 0],
	[17, 11, 13, 19, 14, 1, 1, 15, 1, 1] => QQFieldElem[0, 0, 0, 0, 0, 0, 0, 0],
	[17, 11, 13, 19, 5, 1, 1, 6, 1, 1] => QQFieldElem[3//20, 0, 0, 0, 0, 0, -9//20, 0],
	[17, 11, 13, 19, 21, 1, 1, 21, 1, 1] => QQFieldElem[1//10, -1//30, 0, -1//10, 0, -1//30, -3//10, 1//5],
	[17, 11, 13, 19, 5, 1, 1, 8, 1, 1] => QQFieldElem[1//4, 0, 0, 0, 0, 0, 1//4, 0],
	[17, 11, 13, 19, 15, 1, 1, 20, 1, 1] => QQFieldElem[-1//10, -1//30, 0, -1//10, 0, -1//30, 3//10, 1//5],
	[17, 11, 13, 19, 20, 1, 1, 15, 1, 1] => QQFieldElem[0, -1//3, 0, 0, 0, -1//3, 0, 0],
	[17, 11, 13, 19, 14, 1, 1, 21, 1, 1] => QQFieldElem[0, 0, 0, 0, 0, 0, 0, 0],
	[17, 11, 13, 19, 15, 1, 1, 6, 1, 1] => QQFieldElem[1//5, 0, 0, 0, 0, 0, -1//10, 0],
	[17, 11, 13, 19, 15, 1, 1, 8, 1, 1] => QQFieldElem[0, 0, 0, 0, 0, 0, -1//6, 0],
	[17, 11, 13, 19, 4, 1, 1, 14, 1, 1] => QQFieldElem[0, -16, 0, 0, 0, 16, 0, 0])