Dict(
	[17, 19, 17, 19, 5, 1, 1, 5, 1, 1] => QQFieldElem[0, 0, 0, 0, 0, 0, 0, 0],
	[17, 19, 17, 19, 5, 1, 1, 15, 1, 1] => QQFieldElem[1//8, 0, 0, 0, 0, 0, 0, 0],
	[17, 19, 17, 19, 15, 1, 1, 4, 1, 1] => QQFieldElem[3//50, 0, 0, 0, 0, 0, -2//25, 0],
	[17, 19, 17, 19, 20, 1, 1, 20, 1, 1] => QQFieldElem[-1//25, 14//75, 0, 2//75, 0, 14//75, 4//75, -4//75],
	[17, 19, 17, 19, 4, 1, 1, 21, 1, 1] => QQFieldElem[-1//400, -7//600, 0, 1//25, 0, -7//600, 79//1200, -2//25],
	[17, 19, 17, 19, 15, 1, 1, 5, 1, 1] => QQFieldElem[1//6, 0, 0, 0, 0, 0, 0, 0],
	[17, 19, 17, 19, 21, 1, 1, 14, 1, 1] => QQFieldElem[0, 0, 0, 0, 0, 0, 0, 0],
	[17, 19, 17, 19, 15, 1, 1, 15, 1, 1] => QQFieldElem[0, 0, 0, 0, 0, 0, -2//3, 0],
	[17, 19, 17, 19, 5, 1, 1, 21, 1, 1] => QQFieldElem[-13//400, 3//200, 0, 1//50, 0, 3//200, 9//400, -1//25],
	[17, 19, 17, 19, 21, 1, 1, 4, 1, 1] => QQFieldElem[3//10, 3//25, 0, 4//25, 0, 3//25, 1//10, -8//25],
	[17, 19, 17, 19, 14, 1, 1, 14, 1, 1] => QQFieldElem[0, 0, 0, 0, 0, 0, 0, 0],
	[17, 19, 17, 19, 15, 1, 1, 21, 1, 1] => QQFieldElem[-3//50, 4//75, 0, -1//25, 0, 4//75, -13//150, 2//25],
	[17, 19, 17, 19, 21, 1, 1, 5, 1, 1] => QQFieldElem[1//6, 1//3, 0, 0, 0, 1//3, 1//2, 0],
	[17, 19, 17, 19, 14, 1, 1, 4, 1, 1] => QQFieldElem[12//25, 0, 0, 0, 0, 0, 9//25, 0],
	[17, 19, 17, 19, 4, 1, 1, 20, 1, 1] => QQFieldElem[-1//400, 7//600, 0, -1//25, 0, 7//600, 79//1200, 2//25],
	[17, 19, 17, 19, 20, 1, 1, 14, 1, 1] => QQFieldElem[0, 0, 0, 0, 0, 0, 0, 0],
	[17, 19, 17, 19, 5, 1, 1, 20, 1, 1] => QQFieldElem[-13//400, -3//200, 0, -1//50, 0, -3//200, 9//400, 1//25],
	[17, 19, 17, 19, 21, 1, 1, 15, 1, 1] => QQFieldElem[-1, 0, 0, -2//3, 0, 0, 1//3, 4//3],
	[17, 19, 17, 19, 14, 1, 1, 5, 1, 1] => QQFieldElem[0, 0, 0, 0, 0, 0, -1, 0],
	[17, 19, 17, 19, 20, 1, 1, 4, 1, 1] => QQFieldElem[3//10, -3//25, 0, -4//25, 0, -3//25, 1//10, 8//25],
	[17, 19, 17, 19, 14, 1, 1, 15, 1, 1] => QQFieldElem[0, 0, 0, 0, 0, 0, 0, 0],
	[17, 19, 17, 19, 21, 1, 1, 21, 1, 1] => QQFieldElem[-1//25, -14//75, 0, -2//75, 0, -14//75, 4//75, 4//75],
	[17, 19, 17, 19, 15, 1, 1, 20, 1, 1] => QQFieldElem[-3//50, -4//75, 0, 1//25, 0, -4//75, -13//150, -2//25],
	[17, 19, 17, 19, 20, 1, 1, 5, 1, 1] => QQFieldElem[1//6, -1//3, 0, 0, 0, -1//3, 1//2, 0],
	[17, 19, 17, 19, 20, 1, 1, 15, 1, 1] => QQFieldElem[-1, 0, 0, 2//3, 0, 0, 1//3, -4//3],
	[17, 19, 17, 19, 14, 1, 1, 21, 1, 1] => QQFieldElem[0, 0, 0, 0, 0, 0, 0, 0],
	[17, 19, 17, 19, 4, 1, 1, 14, 1, 1] => QQFieldElem[1//12, 0, 0, 0, 0, 0, 1//16, 0],
	[17, 19, 17, 19, 20, 1, 1, 21, 1, 1] => QQFieldElem[-22//25, -8//75, 0, 56//75, 0, -8//75, 88//75, -112//75],
	[17, 19, 17, 19, 5, 1, 1, 14, 1, 1] => QQFieldElem[0, 0, 0, 0, 0, 0, -1//16, 0],
	[17, 19, 17, 19, 21, 1, 1, 20, 1, 1] => QQFieldElem[-22//25, 8//75, 0, -56//75, 0, 8//75, 88//75, 112//75],
	[17, 19, 17, 19, 4, 1, 1, 4, 1, 1] => QQFieldElem[0, 0, 0, 0, 0, 0, 0, 0],
	[17, 19, 17, 19, 5, 1, 1, 4, 1, 1] => QQFieldElem[0, 0, 0, 0, 0, 0, 0, 0],
	[17, 19, 17, 19, 14, 1, 1, 20, 1, 1] => QQFieldElem[0, 0, 0, 0, 0, 0, 0, 0],
	[17, 19, 17, 19, 4, 1, 1, 5, 1, 1] => QQFieldElem[0, 0, 0, 0, 0, 0, 0, 0],
	[17, 19, 17, 19, 15, 1, 1, 14, 1, 1] => QQFieldElem[0, 0, 0, 0, 0, 0, 0, 0],
	[17, 19, 17, 19, 4, 1, 1, 15, 1, 1] => QQFieldElem[1//8, 0, 0, 0, 0, 0, -1//6, 0])