Dict(
	[18, 11, 14, 15, 13, 1, 1, 20, 1, 1] => QQFieldElem[-1//96, -1//96, 1//96, -1//96, 1//96, 0, -1//96, 0],
	[18, 11, 14, 15, 18, 1, 1, 20, 1, 1] => QQFieldElem[-7//1632, 5//1632, -5//1632, -1//544, -1//544, -1//136, 11//1632, 1//272],
	[18, 11, 14, 15, 10, 1, 1, 15, 1, 2] => QQFieldElem[0, 0, 0, 0, 0, 0, 24, 0],
	[18, 11, 14, 15, 16, 1, 1, 20, 1, 2] => QQFieldElem[0, 0, 1//3, -1//3, -1//3, -1//3, 0, 0],
	[18, 11, 14, 15, 16, 1, 1, 15, 1, 1] => QQFieldElem[0, 0, 0, 0, 3//4, 0, 0, 0],
	[18, 11, 14, 15, 17, 1, 1, 20, 1, 2] => QQFieldElem[-11//51, -1//17, 0, 5//51, 0, 1//17, 7//51, 0],
	[18, 11, 14, 15, 19, 1, 1, 20, 1, 1] => QQFieldElem[-5//816, 1//136, 5//1632, 1//544, 1//544, -5//1632, 1//272, -1//272],
	[18, 11, 14, 15, 17, 1, 1, 15, 1, 1] => QQFieldElem[0, 0, 0, 0, 0, 0, -32//3, 0],
	[18, 11, 14, 15, 10, 1, 1, 21, 1, 2] => QQFieldElem[-1//3, -1//3, 0, -1//3, 0, 1//3, -1//3, 0],
	[18, 11, 14, 15, 16, 1, 1, 21, 1, 1] => QQFieldElem[1//96, -1//96, 0, 1//48, 0, 0, 1//48, 0],
	[18, 11, 14, 15, 13, 1, 1, 15, 1, 2] => QQFieldElem[0, 0, 0, 0, 0, 0, 24, 0],
	[18, 11, 14, 15, 17, 1, 1, 21, 1, 1] => QQFieldElem[-16//27, 16//9, 0, 16//27, 0, -16//9, 16//27, 0],
	[18, 11, 14, 15, 18, 1, 1, 15, 1, 2] => QQFieldElem[0, 0, 2, 0, 0, 0, 0, 0],
	[18, 11, 14, 15, 19, 1, 1, 15, 1, 2] => QQFieldElem[0, 0, -2, 0, 0, 0, 2, 0],
	[18, 11, 14, 15, 13, 1, 1, 21, 1, 2] => QQFieldElem[-1//3, 0, -2//3, -2//3, 0, -1//3, 0, 2//3],
	[18, 11, 14, 15, 18, 1, 1, 21, 1, 2] => QQFieldElem[-1//9, 0, -2//9, 2//9, 2//9, -1//9, 2//9, 0],
	[18, 11, 14, 15, 10, 1, 1, 20, 1, 2] => QQFieldElem[1//3, -1//3, 0, -1//3, 0, 1//3, -1//3, 0],
	[18, 11, 14, 15, 10, 1, 1, 15, 1, 1] => QQFieldElem[0, 0, 0, 0, 0, 0, -128, 0],
	[18, 11, 14, 15, 19, 1, 1, 21, 1, 2] => QQFieldElem[1//9, 1//9, 2//9, 2//9, -2//9, 0, 0, 0],
	[18, 11, 14, 15, 16, 1, 1, 20, 1, 1] => QQFieldElem[0, 0, -1//96, -1//96, -1//96, 1//96, 0, 0],
	[18, 11, 14, 15, 17, 1, 1, 20, 1, 1] => QQFieldElem[-208//153, 80//51, 0, 16//17, 0, -80//51, -16//153, 0],
	[18, 11, 14, 15, 10, 1, 1, 21, 1, 1] => QQFieldElem[-16//3, -16//9, 0, -16//3, 0, 16//9, -16//9, 0],
	[18, 11, 14, 15, 13, 1, 1, 20, 1, 2] => QQFieldElem[-1//3, 1//3, -1//3, -1//3, 1//3, 0, 1//3, 0],
	[18, 11, 14, 15, 13, 1, 1, 15, 1, 1] => QQFieldElem[3//4, 0, 0, 0, -3//4, 0, 0, 0],
	[18, 11, 14, 15, 18, 1, 1, 20, 1, 2] => QQFieldElem[-7//51, 1//17, 13//51, -1//17, 1//51, -4//17, -7//51, -2//51],
	[18, 11, 14, 15, 18, 1, 1, 15, 1, 1] => QQFieldElem[1//16, 0, 0, 0, 0, 0, 0, 0],
	[18, 11, 14, 15, 16, 1, 1, 15, 1, 2] => QQFieldElem[0, 0, 0, 0, 0, 0, 24, 0],
	[18, 11, 14, 15, 17, 1, 1, 15, 1, 2] => QQFieldElem[0, 0, 0, 0, 0, 0, -2, 0],
	[18, 11, 14, 15, 19, 1, 1, 15, 1, 1] => QQFieldElem[1//16, 0, 0, 0, 0, 0, 0, 0],
	[18, 11, 14, 15, 19, 1, 1, 20, 1, 2] => QQFieldElem[-2//17, 4//17, -13//51, -5//51, -1//51, -1//17, 2//17, 2//51],
	[18, 11, 14, 15, 13, 1, 1, 21, 1, 1] => QQFieldElem[1//96, 0, 0, 1//48, 0, 1//96, 1//48, 0],
	[18, 11, 14, 15, 18, 1, 1, 21, 1, 1] => QQFieldElem[1//288, 0, 0, -1//144, 1//144, 1//288, 0, 1//144],
	[18, 11, 14, 15, 16, 1, 1, 21, 1, 2] => QQFieldElem[-1//3, 1//3, 2//3, 0, 0, 0, -2//3, -2//3],
	[18, 11, 14, 15, 10, 1, 1, 20, 1, 1] => QQFieldElem[-16//9, 16//9, 0, -16//9, 0, -16//9, -16//9, 0],
	[18, 11, 14, 15, 17, 1, 1, 21, 1, 2] => QQFieldElem[-1//3, -1//9, 0, -1//9, 0, 1//9, 1//9, 0],
	[18, 11, 14, 15, 19, 1, 1, 21, 1, 1] => QQFieldElem[1//96, -1//288, 0, 0, -1//144, 0, 0, -1//144])