Dict(
	[18, 14, 18, 14, 12, 1, 1, 17, 1, 1] => QQFieldElem[0, 0, 0, 0, 0, 0, 0, 0],
	[18, 14, 18, 14, 17, 1, 1, 13, 1, 1] => QQFieldElem[0, 0, 0, 0, 0, 0, 0, 0],
	[18, 14, 18, 14, 11, 1, 1, 16, 1, 1] => QQFieldElem[0, 0, 0, 0, 0, 0, 0, 0],
	[18, 14, 18, 14, 13, 1, 1, 10, 1, 1] => QQFieldElem[3//8, 0, 0, 0, 0, 0, 3//8, 0],
	[18, 14, 18, 14, 12, 1, 1, 11, 1, 1] => QQFieldElem[-8//3, 0, 0, 0, 0, 0, 8//3, 0],
	[18, 14, 18, 14, 10, 1, 1, 17, 1, 1] => QQFieldElem[0, 0, 0, 0, 0, 0, 0, 0],
	[18, 14, 18, 14, 11, 1, 1, 10, 1, 1] => QQFieldElem[0, 0, 0, 0, 0, 0, 0, 0],
	[18, 14, 18, 14, 16, 1, 1, 12, 1, 1] => QQFieldElem[0, 0, 0, 0, 0, 0, 0, 0],
	[18, 14, 18, 14, 12, 1, 1, 13, 1, 1] => QQFieldElem[0, 0, 0, 0, 0, 0, 0, 0],
	[18, 14, 18, 14, 17, 1, 1, 12, 1, 1] => QQFieldElem[0, 0, 0, 0, 0, 0, 0, 0],
	[18, 14, 18, 14, 10, 1, 1, 11, 1, 1] => QQFieldElem[0, 0, 0, 0, 0, 0, 0, 0],
	[18, 14, 18, 14, 13, 1, 1, 17, 1, 1] => QQFieldElem[0, 0, 0, 0, 0, 0, 0, 0],
	[18, 14, 18, 14, 10, 1, 1, 13, 1, 1] => QQFieldElem[-8//3, 0, 0, 0, 0, 0, 8//3, 0],
	[18, 14, 18, 14, 16, 1, 1, 16, 1, 1] => QQFieldElem[0, 0, 0, 0, 0, 0, 0, 0],
	[18, 14, 18, 14, 17, 1, 1, 16, 1, 1] => QQFieldElem[-1, 0, 0, 0, 0, 0, 0, 0],
	[18, 14, 18, 14, 12, 1, 1, 12, 1, 1] => QQFieldElem[-2, 0, 0, 0, 0, 0, 2, 0],
	[18, 14, 18, 14, 13, 1, 1, 11, 1, 1] => QQFieldElem[0, 0, 0, 0, 0, 0, 0, 0],
	[18, 14, 18, 14, 11, 1, 1, 17, 1, 1] => QQFieldElem[0, 0, 0, 0, 0, 0, 0, 0],
	[18, 14, 18, 14, 13, 1, 1, 13, 1, 1] => QQFieldElem[-1//2, 0, 0, 0, 0, 0, -1//2, 0],
	[18, 14, 18, 14, 16, 1, 1, 10, 1, 1] => QQFieldElem[0, 0, 0, 0, 0, 0, 0, 0],
	[18, 14, 18, 14, 11, 1, 1, 11, 1, 1] => QQFieldElem[-1//2, 0, 0, 0, 0, 0, -1//2, 0],
	[18, 14, 18, 14, 17, 1, 1, 10, 1, 1] => QQFieldElem[0, 0, 0, 0, 0, 0, 0, 0],
	[18, 14, 18, 14, 12, 1, 1, 16, 1, 1] => QQFieldElem[0, 0, 0, 0, 0, 0, 0, 0],
	[18, 14, 18, 14, 10, 1, 1, 12, 1, 1] => QQFieldElem[0, 0, 0, 0, 0, 0, 0, 0],
	[18, 14, 18, 14, 11, 1, 1, 13, 1, 1] => QQFieldElem[0, 0, 0, 0, 0, 0, 0, 0],
	[18, 14, 18, 14, 10, 1, 1, 16, 1, 1] => QQFieldElem[0, 0, 0, 0, 0, 0, 0, 0],
	[18, 14, 18, 14, 13, 1, 1, 12, 1, 1] => QQFieldElem[0, 0, 0, 0, 0, 0, 0, 0],
	[18, 14, 18, 14, 12, 1, 1, 10, 1, 1] => QQFieldElem[0, 0, 0, 0, 0, 0, 0, 0],
	[18, 14, 18, 14, 16, 1, 1, 17, 1, 1] => QQFieldElem[-1, 0, 0, 0, 0, 0, 0, 0],
	[18, 14, 18, 14, 17, 1, 1, 17, 1, 1] => QQFieldElem[0, 0, 0, 0, 0, 0, 0, 0],
	[18, 14, 18, 14, 11, 1, 1, 12, 1, 1] => QQFieldElem[3//8, 0, 0, 0, 0, 0, 3//8, 0],
	[18, 14, 18, 14, 16, 1, 1, 11, 1, 1] => QQFieldElem[0, 0, 0, 0, 0, 0, 0, 0],
	[18, 14, 18, 14, 10, 1, 1, 10, 1, 1] => QQFieldElem[-2, 0, 0, 0, 0, 0, 2, 0],
	[18, 14, 18, 14, 17, 1, 1, 11, 1, 1] => QQFieldElem[0, 0, 0, 0, 0, 0, 0, 0],
	[18, 14, 18, 14, 13, 1, 1, 16, 1, 1] => QQFieldElem[0, 0, 0, 0, 0, 0, 0, 0],
	[18, 14, 18, 14, 16, 1, 1, 13, 1, 1] => QQFieldElem[0, 0, 0, 0, 0, 0, 0, 0])