Dict(
	[18, 14, 14, 12, 9, 1, 1, 10, 1, 1] => QQFieldElem[0, 0, 0, -3//128, 0, 0, 0, 0],
	[18, 14, 14, 12, 14, 1, 2, 17, 1, 1] => QQFieldElem[1//4, 0, 0, 0, 0, 0, -1//4, 0],
	[18, 14, 14, 12, 14, 1, 1, 17, 1, 1] => QQFieldElem[1//4, 0, 0, 0, 0, 0, 1//4, 0],
	[18, 14, 14, 12, 14, 1, 2, 13, 1, 1] => QQFieldElem[1//4, 0, 0, 0, 0, 0, 1//4, 0],
	[18, 14, 14, 12, 9, 1, 1, 17, 1, 1] => QQFieldElem[0, -1//32, 0, 0, 0, 1//32, 0, 0],
	[18, 14, 14, 12, 14, 1, 1, 13, 1, 1] => QQFieldElem[1//4, 0, 0, 0, 0, 0, -1//4, 0],
	[18, 14, 14, 12, 7, 1, 1, 16, 1, 1] => QQFieldElem[0, -1//6, 0, 0, 0, 1//6, 0, 0],
	[18, 14, 14, 12, 7, 1, 1, 10, 1, 1] => QQFieldElem[0, 0, 0, 1//256, 0, 0, 0, 0],
	[18, 14, 14, 12, 9, 1, 1, 13, 1, 1] => QQFieldElem[0, -1//32, 0, 0, 0, 1//32, 0, 0],
	[18, 14, 14, 12, 14, 1, 2, 16, 1, 1] => QQFieldElem[-8, 0, 0, 0, 0, 0, 8, 0],
	[18, 14, 14, 12, 14, 1, 1, 16, 1, 1] => QQFieldElem[-8, 0, 0, 0, 0, 0, -8, 0],
	[18, 14, 14, 12, 7, 1, 1, 17, 1, 1] => QQFieldElem[0, -1//192, 0, 0, 0, 1//192, 0, 0],
	[18, 14, 14, 12, 14, 1, 2, 10, 1, 1] => QQFieldElem[3//16, 0, 0, 0, 0, 0, -3//16, 0],
	[18, 14, 14, 12, 14, 1, 1, 10, 1, 1] => QQFieldElem[-3//16, 0, 0, 0, 0, 0, -3//16, 0],
	[18, 14, 14, 12, 9, 1, 1, 16, 1, 1] => QQFieldElem[0, -1, 0, 0, 0, 1, 0, 0],
	[18, 14, 14, 12, 7, 1, 1, 13, 1, 1] => QQFieldElem[0, 1//192, 0, 0, 0, -1//192, 0, 0])