Dict(
	[18, 18, 17, 16, 14, 1, 1, 20, 1, 1] => QQFieldElem[0, 0, 0, 0, 0, 0, 0, 0],
	[18, 18, 17, 16, 4, 1, 1, 15, 1, 1] => QQFieldElem[1//68, 2//17, 0, -1//34, 0, -2//17, 1//17, 0],
	[18, 18, 17, 16, 14, 1, 1, 8, 1, 1] => QQFieldElem[-1, 0, 0, 0, 0, 0, 0, 0],
	[18, 18, 17, 16, 5, 1, 1, 15, 1, 1] => QQFieldElem[0, 0, 0, 0, 0, 0, 0, 0],
	[18, 18, 17, 16, 4, 1, 1, 3, 1, 1] => QQFieldElem[0, 0, 0, 0, 0, 0, 0, 0],
	[18, 18, 17, 16, 5, 1, 1, 3, 1, 1] => QQFieldElem[-64//25, 0, 0, 0, 0, 0, 48//25, 0],
	[18, 18, 17, 16, 15, 1, 1, 7, 1, 1] => QQFieldElem[1//6, -1//3, 0, 0, 0, 1//3, -1//3, 0],
	[18, 18, 17, 16, 20, 1, 1, 20, 1, 1] => QQFieldElem[-14//15, -2//15, 6//5, -8//15, 4//15, 16//15, -1, -8//15],
	[18, 18, 17, 16, 4, 1, 1, 21, 1, 1] => QQFieldElem[0, -3//40, -1//10, -3//40, -1//20, 1//40, 1//10, 1//10],
	[18, 18, 17, 16, 20, 1, 1, 8, 1, 1] => QQFieldElem[0, 0, 0, 0, 0, 0, 0, 0],
	[18, 18, 17, 16, 5, 1, 1, 21, 1, 1] => QQFieldElem[0, 0, 0, 0, 0, 0, 0, 0],
	[18, 18, 17, 16, 15, 1, 1, 15, 1, 1] => QQFieldElem[0, 0, 0, 0, 0, 0, 0, 0],
	[18, 18, 17, 16, 15, 1, 1, 3, 1, 1] => QQFieldElem[11//50, -3//25, 0, -4//25, 0, 3//25, -1//25, 0],
	[18, 18, 17, 16, 21, 1, 1, 7, 1, 1] => QQFieldElem[1//3, 1//6, 0, 1//6, -1//3, -1//6, -1//3, -1//3],
	[18, 18, 17, 16, 15, 1, 1, 21, 1, 1] => QQFieldElem[1//15, 17//30, 0, -1//30, -1//3, -13//30, 1//5, 1//15],
	[18, 18, 17, 16, 4, 1, 1, 20, 1, 1] => QQFieldElem[-1//20, -1//40, 1//10, 1//40, 1//20, 3//40, 0, -1//10],
	[18, 18, 17, 16, 21, 1, 1, 15, 1, 1] => QQFieldElem[-20//51, -1//3, -4//17, -11//51, -14//51, 7//51, 0, 28//51],
	[18, 18, 17, 16, 14, 1, 1, 7, 1, 1] => QQFieldElem[0, 0, 0, 0, 0, 0, 1, 0],
	[18, 18, 17, 16, 5, 1, 1, 20, 1, 1] => QQFieldElem[0, 0, 0, 0, 0, 0, 0, 0],
	[18, 18, 17, 16, 21, 1, 1, 3, 1, 1] => QQFieldElem[7//25, 7//50, 4//25, 7//50, -3//25, 1//50, -3//25, -3//25],
	[18, 18, 17, 16, 4, 1, 1, 8, 1, 1] => QQFieldElem[0, 0, 0, 0, 0, 0, 0, 0],
	[18, 18, 17, 16, 14, 1, 1, 15, 1, 1] => QQFieldElem[0, 0, 0, 0, 0, 0, 0, 0],
	[18, 18, 17, 16, 21, 1, 1, 21, 1, 1] => QQFieldElem[-2//3, -16//15, -6//5, -16//15, -4//15, 2//15, 1//5, 8//15],
	[18, 18, 17, 16, 20, 1, 1, 7, 1, 1] => QQFieldElem[0, 1//6, 0, -1//6, 1//3, -1//6, -1//3, 1//3],
	[18, 18, 17, 16, 14, 1, 1, 3, 1, 1] => QQFieldElem[12//25, 0, 0, 0, 0, 0, -9//25, 0],
	[18, 18, 17, 16, 15, 1, 1, 20, 1, 1] => QQFieldElem[-4//15, 13//30, 0, 1//30, 1//3, -17//30, 1//5, -1//15],
	[18, 18, 17, 16, 5, 1, 1, 8, 1, 1] => QQFieldElem[-16//3, 0, 0, 0, 0, 0, 0, 0],
	[18, 18, 17, 16, 20, 1, 1, 15, 1, 1] => QQFieldElem[-2//3, -7//51, 4//17, 1//3, 14//51, 1//3, -4//17, -28//51],
	[18, 18, 17, 16, 14, 1, 1, 21, 1, 1] => QQFieldElem[0, 0, 0, 0, 0, 0, 0, 0],
	[18, 18, 17, 16, 20, 1, 1, 3, 1, 1] => QQFieldElem[4//25, -1//50, -4//25, 1//50, 3//25, -7//50, 1//25, 3//25],
	[18, 18, 17, 16, 15, 1, 1, 8, 1, 1] => QQFieldElem[0, 0, 0, 0, 0, 0, 0, 0],
	[18, 18, 17, 16, 20, 1, 1, 21, 1, 1] => QQFieldElem[0, 0, 0, 0, 0, 0, 0, 0],
	[18, 18, 17, 16, 21, 1, 1, 20, 1, 1] => QQFieldElem[0, 0, 0, 0, 0, 0, 0, 0],
	[18, 18, 17, 16, 4, 1, 1, 7, 1, 1] => QQFieldElem[0, 0, 0, 0, 0, 0, 0, 0],
	[18, 18, 17, 16, 21, 1, 1, 8, 1, 1] => QQFieldElem[0, 0, 0, 0, 0, 0, 0, 0],
	[18, 18, 17, 16, 5, 1, 1, 7, 1, 1] => QQFieldElem[0, 0, 0, 0, 0, 0, -16//3, 0])