Dict(
	[19, 10, 13, 13, 20, 1, 1, 6, 1, 1] => QQFieldElem[1//8, 0, 0, 0, -1//8, 0, 0, 0],
	[19, 10, 13, 13, 15, 1, 1, 15, 1, 1] => QQFieldElem[0, 1//12, 0, 0, 0, -1//12, 1//12, 0],
	[19, 10, 13, 13, 8, 1, 1, 15, 1, 1] => QQFieldElem[8//9, 0, 0, 0, 0, 0, 0, 0],
	[19, 10, 13, 13, 15, 1, 1, 21, 1, 1] => QQFieldElem[0, 0, 0, 0, 0, 1//12, 1//12, 0],
	[19, 10, 13, 13, 21, 1, 1, 15, 1, 1] => QQFieldElem[0, 0, 0, 0, 0, 1//12, 1//12, 0],
	[19, 10, 13, 13, 8, 1, 1, 21, 1, 1] => QQFieldElem[0, 0, 0, 0, -8//9, 0, 0, 0],
	[19, 10, 13, 13, 21, 1, 1, 21, 1, 1] => QQFieldElem[0, -1//12, 0, 0, 0, 0, 1//12, 0],
	[19, 10, 13, 13, 15, 1, 1, 20, 1, 1] => QQFieldElem[0, -1//12, 0, 0, 0, 0, 1//12, 0],
	[19, 10, 13, 13, 20, 1, 1, 15, 1, 1] => QQFieldElem[0, -1//12, 0, 0, 0, 0, 1//12, 0],
	[19, 10, 13, 13, 8, 1, 1, 20, 1, 1] => QQFieldElem[-8//9, 0, 0, 0, 8//9, 0, 0, 0],
	[19, 10, 13, 13, 15, 1, 1, 6, 1, 1] => QQFieldElem[-1//8, 0, 0, 0, 0, 0, 0, 0],
	[19, 10, 13, 13, 8, 1, 1, 6, 1, 1] => QQFieldElem[0, 0, 0, 0, 0, 0, 0, 0],
	[19, 10, 13, 13, 21, 1, 1, 20, 1, 1] => QQFieldElem[0, 1//12, 0, 0, 0, -1//12, 1//12, 0],
	[19, 10, 13, 13, 20, 1, 1, 21, 1, 1] => QQFieldElem[0, 1//12, 0, 0, 0, -1//12, 1//12, 0],
	[19, 10, 13, 13, 21, 1, 1, 6, 1, 1] => QQFieldElem[0, 0, 0, 0, 1//8, 0, 0, 0],
	[19, 10, 13, 13, 20, 1, 1, 20, 1, 1] => QQFieldElem[0, 0, 0, 0, 0, 1//12, 1//12, 0])