Dict(
	[20, 14, 3, 21, 14, 2, 2, 15, 2, 1] => QQFieldElem[6, 0, 0, 0, 0, 0, 0, 0],
	[20, 14, 3, 21, 14, 2, 1, 15, 2, 1] => QQFieldElem[6, 0, 0, 0, 0, 0, 0, 0],
	[20, 14, 3, 21, 14, 1, 2, 20, 1, 1] => QQFieldElem[0, 0, 3//1024, 0, 0, 0, -3//2048, 0],
	[20, 14, 3, 21, 14, 1, 1, 20, 1, 1] => QQFieldElem[0, 0, -3//1024, 0, 0, 0, 3//2048, 0],
	[20, 14, 3, 21, 14, 2, 2, 20, 1, 1] => QQFieldElem[-3//64, 0, 0, 0, 3//32, 0, 0, 0],
	[20, 14, 3, 21, 14, 2, 1, 20, 1, 1] => QQFieldElem[3//64, 0, 0, 0, -3//32, 0, 0, 0],
	[20, 14, 3, 21, 14, 1, 2, 20, 2, 1] => QQFieldElem[0, 0, 0, 0, 0, 0, -1//128, 0],
	[20, 14, 3, 21, 14, 1, 1, 20, 2, 1] => QQFieldElem[0, 0, 0, 0, 0, 0, -1//128, 0],
	[20, 14, 3, 21, 14, 2, 2, 20, 2, 1] => QQFieldElem[-1//4, 0, 0, 0, 0, 0, 0, 0],
	[20, 14, 3, 21, 14, 2, 1, 20, 2, 1] => QQFieldElem[-1//4, 0, 0, 0, 0, 0, 0, 0],
	[20, 14, 3, 21, 14, 1, 2, 15, 1, 1] => QQFieldElem[0, 0, 3//128, 0, 0, 0, -3//256, 0],
	[20, 14, 3, 21, 14, 1, 1, 15, 1, 1] => QQFieldElem[0, 0, -3//128, 0, 0, 0, 3//256, 0],
	[20, 14, 3, 21, 14, 2, 2, 15, 1, 1] => QQFieldElem[3//8, 0, 0, 0, -3//4, 0, 0, 0],
	[20, 14, 3, 21, 14, 2, 1, 15, 1, 1] => QQFieldElem[-3//8, 0, 0, 0, 3//4, 0, 0, 0],
	[20, 14, 3, 21, 14, 1, 2, 15, 2, 1] => QQFieldElem[0, 0, 0, 0, 0, 0, -3//16, 0],
	[20, 14, 3, 21, 14, 1, 1, 15, 2, 1] => QQFieldElem[0, 0, 0, 0, 0, 0, -3//16, 0])