Dict(
	[20, 10, 10, 14, 15, 1, 1, 17, 1, 1] => QQFieldElem[1//8, 0, 0, 0, -1//8, 0, 0, 0],
	[20, 10, 10, 14, 15, 2, 1, 18, 1, 1] => QQFieldElem[0, 0, 0, 0, 1//3, 0, 0, 0],
	[20, 10, 10, 14, 20, 1, 1, 16, 1, 1] => QQFieldElem[3//128, 0, -3//128, 3//128, 0, 3//128, 0, 0],
	[20, 10, 10, 14, 15, 2, 1, 17, 1, 1] => QQFieldElem[0, 0, -4//9, 0, 0, 0, 4//9, 0],
	[20, 10, 10, 14, 21, 1, 1, 18, 1, 1] => QQFieldElem[3//128, 3//128, 0, 0, 0, 0, -3//128, 3//128],
	[20, 10, 10, 14, 15, 1, 1, 11, 1, 1] => QQFieldElem[0, 0, 0, 0, 0, 0, -3//32, 0],
	[20, 10, 10, 14, 20, 2, 1, 16, 1, 1] => QQFieldElem[3//128, 0, -3//128, -3//128, 0, -3//128, 0, 0],
	[20, 10, 10, 14, 21, 2, 1, 18, 1, 1] => QQFieldElem[3//128, -3//128, 0, 0, 0, 0, -3//128, -3//128],
	[20, 10, 10, 14, 21, 1, 1, 17, 1, 1] => QQFieldElem[-1//32, 0, 0, 1//32, 1//32, 1//32, -1//32, 0],
	[20, 10, 10, 14, 15, 2, 1, 11, 1, 1] => QQFieldElem[0, 0, 0, 0, 1//3, 0, 0, 0],
	[20, 10, 10, 14, 21, 2, 1, 17, 1, 1] => QQFieldElem[-1//32, 0, 0, -1//32, 1//32, -1//32, -1//32, 0],
	[20, 10, 10, 14, 21, 1, 1, 11, 1, 1] => QQFieldElem[3//128, 0, -3//128, -3//128, 0, -3//128, 3//128, 0],
	[20, 10, 10, 14, 20, 1, 1, 18, 1, 1] => QQFieldElem[3//128, -3//128, 0, 0, 0, 0, 3//128, -3//128],
	[20, 10, 10, 14, 21, 2, 1, 11, 1, 1] => QQFieldElem[3//128, 0, -3//128, 3//128, 0, 3//128, 3//128, 0],
	[20, 10, 10, 14, 15, 1, 1, 12, 1, 1] => QQFieldElem[-1//8, 0, 0, 0, 0, 0, 0, 0],
	[20, 10, 10, 14, 20, 2, 1, 18, 1, 1] => QQFieldElem[3//128, 3//128, 0, 0, 0, 0, 3//128, 3//128],
	[20, 10, 10, 14, 20, 1, 1, 17, 1, 1] => QQFieldElem[1//32, 1//32, 0, -1//32, -1//32, -1//32, -1//32, 1//32],
	[20, 10, 10, 14, 15, 1, 1, 19, 1, 1] => QQFieldElem[0, 0, 0, 0, 1//8, 0, 0, 0],
	[20, 10, 10, 14, 15, 2, 1, 19, 1, 1] => QQFieldElem[0, 0, -4//9, 0, 0, 0, 4//9, 0],
	[20, 10, 10, 14, 15, 2, 1, 12, 1, 1] => QQFieldElem[0, 0, -4//9, 0, 0, 0, 4//9, 0],
	[20, 10, 10, 14, 20, 2, 1, 17, 1, 1] => QQFieldElem[1//32, -1//32, 0, 1//32, -1//32, 1//32, -1//32, -1//32],
	[20, 10, 10, 14, 20, 1, 1, 11, 1, 1] => QQFieldElem[3//128, 3//128, 3//128, -3//128, 0, -3//128, -3//128, 3//128],
	[20, 10, 10, 14, 15, 1, 1, 16, 1, 1] => QQFieldElem[0, 0, 3//32, 0, 0, 0, 0, 0],
	[20, 10, 10, 14, 21, 1, 1, 19, 1, 1] => QQFieldElem[1//32, -1//32, 0, 0, 0, 0, -1//32, -1//32],
	[20, 10, 10, 14, 21, 1, 1, 12, 1, 1] => QQFieldElem[0, 1//32, 0, -1//32, -1//32, -1//32, -1//32, 1//32],
	[20, 10, 10, 14, 20, 2, 1, 11, 1, 1] => QQFieldElem[3//128, -3//128, 3//128, 3//128, 0, 3//128, -3//128, -3//128],
	[20, 10, 10, 14, 15, 2, 1, 16, 1, 1] => QQFieldElem[0, 0, 0, 0, 1//3, 0, 0, 0],
	[20, 10, 10, 14, 21, 2, 1, 19, 1, 1] => QQFieldElem[1//32, 1//32, 0, 0, 0, 0, -1//32, 1//32],
	[20, 10, 10, 14, 21, 2, 1, 12, 1, 1] => QQFieldElem[0, -1//32, 0, 1//32, -1//32, 1//32, -1//32, -1//32],
	[20, 10, 10, 14, 21, 1, 1, 16, 1, 1] => QQFieldElem[3//128, -3//128, 3//128, 3//128, 0, 3//128, 0, -3//128],
	[20, 10, 10, 14, 20, 1, 1, 19, 1, 1] => QQFieldElem[-1//32, -1//32, 0, 0, 0, 0, -1//32, -1//32],
	[20, 10, 10, 14, 21, 2, 1, 16, 1, 1] => QQFieldElem[3//128, 3//128, 3//128, -3//128, 0, -3//128, 0, 3//128],
	[20, 10, 10, 14, 15, 1, 1, 18, 1, 1] => QQFieldElem[0, 0, -3//32, 0, 0, 0, 3//32, 0],
	[20, 10, 10, 14, 20, 1, 1, 12, 1, 1] => QQFieldElem[0, 0, 0, 1//32, 1//32, 1//32, -1//32, 0],
	[20, 10, 10, 14, 20, 2, 1, 19, 1, 1] => QQFieldElem[-1//32, 1//32, 0, 0, 0, 0, -1//32, 1//32],
	[20, 10, 10, 14, 20, 2, 1, 12, 1, 1] => QQFieldElem[0, 0, 0, -1//32, 1//32, -1//32, -1//32, 0])