Dict(
	[11, 10, 10, 13, 9, 1, 1, 13, 1, 1] => QQFieldElem[4//17, 8//17, -1//17, -2//17],
	[11, 10, 10, 13, 3, 1, 1, 11, 1, 1] => QQFieldElem[-5//17, -3//34, -3//17, 5//34],
	[11, 10, 10, 13, 9, 1, 1, 3, 1, 1] => QQFieldElem[-1//2, 0, 1//2, 0],
	[11, 10, 10, 13, 13, 1, 1, 11, 1, 1] => QQFieldElem[-3//34, -23//34, -29//34, -7//34],
	[11, 10, 10, 13, 3, 1, 1, 13, 1, 1] => QQFieldElem[3//17, -5//34, -5//17, -3//34],
	[11, 10, 10, 13, 13, 1, 1, 13, 1, 1] => QQFieldElem[-11//17, -5//17, 7//17, 14//17],
	[11, 10, 10, 13, 13, 2, 1, 11, 1, 1] => QQFieldElem[5//34, 27//34, 37//34, 23//34],
	[11, 10, 10, 13, 13, 2, 1, 13, 1, 1] => QQFieldElem[31//34, 11//34, -29//34, -41//34],
	[11, 10, 10, 13, 3, 1, 1, 3, 1, 1] => QQFieldElem[-1//2, 0, 0, 1//2],
	[11, 10, 10, 13, 13, 1, 1, 3, 1, 1] => QQFieldElem[1//2, 0, -1//2, -1],
	[11, 10, 10, 13, 13, 2, 1, 3, 1, 1] => QQFieldElem[-1//2, 0, 1//2, 1],
	[11, 10, 10, 13, 9, 1, 1, 10, 1, 1] => QQFieldElem[-1, 0, 1, -1],
	[11, 10, 10, 13, 3, 1, 1, 10, 1, 1] => QQFieldElem[0, -1//2, 1//2, 0],
	[11, 10, 10, 13, 13, 1, 1, 10, 1, 1] => QQFieldElem[1, 0, -1, 0],
	[11, 10, 10, 13, 9, 1, 1, 11, 1, 1] => QQFieldElem[15//34, 13//34, 9//34, 1//34],
	[11, 10, 10, 13, 13, 2, 1, 10, 1, 1] => QQFieldElem[-1//2, 0, 1//2, 1])