Dict(
	[11, 14, 14, 11, 11, 1, 1, 14, 1, 1] => QQFieldElem[1, 3//2, 1, -1//2],
	[11, 14, 14, 11, 13, 1, 1, 7, 1, 1] => QQFieldElem[-1//2, -5//2, -4, -5//2],
	[11, 14, 14, 11, 11, 2, 2, 14, 1, 1] => QQFieldElem[-2, -13//2, -7, -7//2],
	[11, 14, 14, 11, 11, 1, 1, 4, 1, 1] => QQFieldElem[5, -3//2, -7, -17//2],
	[11, 14, 14, 11, 1, 1, 1, 12, 1, 1] => QQFieldElem[1, 1//2, -1//2, -1],
	[11, 14, 14, 11, 11, 2, 2, 4, 1, 1] => QQFieldElem[-7, 0, 7, 10],
	[11, 14, 14, 11, 9, 1, 1, 14, 1, 2] => QQFieldElem[13, 25//2, 5, -11//2],
	[11, 14, 14, 11, 11, 1, 1, 14, 2, 1] => QQFieldElem[-1, -5//2, -3, -3//2],
	[11, 14, 14, 11, 13, 1, 1, 12, 1, 1] => QQFieldElem[0, 0, 0, -1//2],
	[11, 14, 14, 11, 11, 2, 2, 14, 2, 1] => QQFieldElem[0, -1//4, -1//4, 0],
	[11, 14, 14, 11, 9, 1, 1, 14, 2, 2] => QQFieldElem[13//2, 7, 5//2, -3],
	[11, 14, 14, 11, 10, 1, 1, 8, 1, 1] => QQFieldElem[-3//2, 7//2, 13//2, 11//2],
	[11, 14, 14, 11, 1, 1, 1, 6, 1, 1] => QQFieldElem[1//2, 0, -1//2, -1],
	[11, 14, 14, 11, 11, 1, 2, 14, 1, 2] => QQFieldElem[-7, -5, 0, 5],
	[11, 14, 14, 11, 13, 1, 2, 8, 1, 1] => QQFieldElem[-5, -1, 7//2, 6],
	[11, 14, 14, 11, 13, 1, 1, 6, 1, 1] => QQFieldElem[2, 13//2, 13//2, 3],
	[11, 14, 14, 11, 11, 2, 1, 14, 1, 2] => QQFieldElem[11//4, 11//4, 7//4, -3//4],
	[11, 14, 14, 11, 9, 1, 1, 7, 1, 1] => QQFieldElem[0, 0, -1//2, 0],
	[11, 14, 14, 11, 11, 1, 2, 14, 2, 2] => QQFieldElem[19//4, 5//2, -1, -17//4],
	[11, 14, 14, 11, 1, 1, 1, 14, 1, 1] => QQFieldElem[0, -3//2, -3//2, -1],
	[11, 14, 14, 11, 1, 1, 1, 4, 1, 1] => QQFieldElem[5//2, 5//2, 1, -1],
	[11, 14, 14, 11, 13, 1, 1, 14, 1, 1] => QQFieldElem[-1//4, -1//4, -1//4, -1//4],
	[11, 14, 14, 11, 11, 2, 1, 14, 2, 2] => QQFieldElem[-7//2, -15//4, -7//4, 3//2],
	[11, 14, 14, 11, 9, 1, 1, 12, 1, 1] => QQFieldElem[1//2, 1//2, 1//2, 0],
	[11, 14, 14, 11, 13, 1, 1, 4, 1, 1] => QQFieldElem[-4, 0, 4, 11//2],
	[11, 14, 14, 11, 1, 1, 1, 14, 2, 1] => QQFieldElem[1//2, 1, 1//2, 0],
	[11, 14, 14, 11, 11, 1, 2, 7, 1, 1] => QQFieldElem[-7//2, 1, 11//2, 6],
	[11, 14, 14, 11, 13, 1, 1, 14, 2, 1] => QQFieldElem[4, 11//2, 7//2, 0],
	[11, 14, 14, 11, 11, 2, 1, 7, 1, 1] => QQFieldElem[-3, -7, -7, -3],
	[11, 14, 14, 11, 11, 1, 2, 12, 1, 1] => QQFieldElem[-1//2, 0, 1//2, 1],
	[11, 14, 14, 11, 10, 1, 1, 14, 1, 2] => QQFieldElem[0, 1//2, 0, 1//2],
	[11, 14, 14, 11, 9, 1, 1, 6, 1, 1] => QQFieldElem[0, 1//2, 1//2, 0],
	[11, 14, 14, 11, 11, 2, 1, 12, 1, 1] => QQFieldElem[0, 0, 0, 0],
	[11, 14, 14, 11, 13, 1, 2, 14, 1, 2] => QQFieldElem[-21//2, -15, -21//2, 0],
	[11, 14, 14, 11, 10, 1, 1, 14, 2, 2] => QQFieldElem[2, 1, -1, -2],
	[11, 14, 14, 11, 9, 1, 1, 14, 1, 1] => QQFieldElem[14, 10, 0, -10],
	[11, 14, 14, 11, 13, 1, 2, 14, 2, 2] => QQFieldElem[35//4, 29//4, 5//4, -21//4],
	[11, 14, 14, 11, 9, 1, 1, 4, 1, 1] => QQFieldElem[-1, 0, 1, 3//2],
	[11, 14, 14, 11, 11, 1, 2, 6, 1, 1] => QQFieldElem[7//2, -11//2, -23//2, -21//2],
	[11, 14, 14, 11, 11, 1, 1, 8, 1, 1] => QQFieldElem[-6, -9//2, 0, 9//2],
	[11, 14, 14, 11, 11, 2, 2, 8, 1, 1] => QQFieldElem[10, 7, 0, -7],
	[11, 14, 14, 11, 11, 2, 1, 6, 1, 1] => QQFieldElem[10, 14, 10, 0],
	[11, 14, 14, 11, 10, 1, 1, 7, 1, 1] => QQFieldElem[7//2, 7//2, 3//2, -3//2],
	[11, 14, 14, 11, 9, 1, 1, 14, 2, 1] => QQFieldElem[-6, -12, -10, -2],
	[11, 14, 14, 11, 11, 1, 2, 14, 1, 1] => QQFieldElem[-2, 2, 5, 5],
	[11, 14, 14, 11, 13, 1, 2, 7, 1, 1] => QQFieldElem[3, 9//2, 7//2, 1//2],
	[11, 14, 14, 11, 10, 1, 1, 12, 1, 1] => QQFieldElem[-3//2, -3//2, -1//2, 1//2],
	[11, 14, 14, 11, 11, 1, 2, 4, 1, 1] => QQFieldElem[17//2, 5, -3//2, -7],
	[11, 14, 14, 11, 11, 2, 1, 14, 1, 1] => QQFieldElem[-4, -6, -4, 0],
	[11, 14, 14, 11, 11, 2, 1, 4, 1, 1] => QQFieldElem[-5, 5, 12, 12],
	[11, 14, 14, 11, 13, 1, 2, 12, 1, 1] => QQFieldElem[1//2, 1, 1//2, -1//2],
	[11, 14, 14, 11, 11, 1, 2, 14, 2, 1] => QQFieldElem[1//4, 1//2, 1//4, 0],
	[11, 14, 14, 11, 11, 2, 1, 14, 2, 1] => QQFieldElem[7//2, 9//2, 5//2, -1//2],
	[11, 14, 14, 11, 10, 1, 1, 6, 1, 1] => QQFieldElem[-7, -5, 0, 5],
	[11, 14, 14, 11, 1, 1, 1, 8, 1, 1] => QQFieldElem[-1, -3//2, -3//2, 0],
	[11, 14, 14, 11, 11, 1, 1, 14, 1, 2] => QQFieldElem[3//2, -1, -3, -3],
	[11, 14, 14, 11, 13, 1, 2, 6, 1, 1] => QQFieldElem[-7, -8, -9//2, 3//2],
	[11, 14, 14, 11, 13, 1, 1, 8, 1, 1] => QQFieldElem[11//2, 4, 0, -4],
	[11, 14, 14, 11, 11, 2, 2, 14, 1, 2] => QQFieldElem[13//4, 25//4, 23//4, 7//4],
	[11, 14, 14, 11, 10, 1, 1, 14, 1, 1] => QQFieldElem[-8, -4, 2, 7],
	[11, 14, 14, 11, 10, 1, 1, 4, 1, 1] => QQFieldElem[-7//2, -17//2, -17//2, -7//2],
	[11, 14, 14, 11, 11, 1, 1, 14, 2, 2] => QQFieldElem[-15//2, -15//2, -3, 3],
	[11, 14, 14, 11, 13, 1, 2, 14, 1, 1] => QQFieldElem[5, 3//2, -3, -11//2],
	[11, 14, 14, 11, 11, 2, 2, 14, 2, 2] => QQFieldElem[0, 1//2, 1//2, 1//2],
	[11, 14, 14, 11, 10, 1, 1, 14, 2, 1] => QQFieldElem[1, 1//2, 1//2, 0],
	[11, 14, 14, 11, 13, 1, 2, 4, 1, 1] => QQFieldElem[1, -7//2, -6, -5],
	[11, 14, 14, 11, 13, 1, 2, 14, 2, 1] => QQFieldElem[-12, -12, -5, 5],
	[11, 14, 14, 11, 11, 1, 1, 7, 1, 1] => QQFieldElem[1//2, 3, 7//2, 2],
	[11, 14, 14, 11, 11, 2, 2, 7, 1, 1] => QQFieldElem[-1//2, -11//2, -15//2, -11//2],
	[11, 14, 14, 11, 11, 1, 1, 12, 1, 1] => QQFieldElem[-1, -3//2, -1, 1//2],
	[11, 14, 14, 11, 9, 1, 1, 8, 1, 1] => QQFieldElem[1, 1//2, 1//2, -1//2],
	[11, 14, 14, 11, 1, 1, 1, 14, 1, 2] => QQFieldElem[-5, 1, 6, 8],
	[11, 14, 14, 11, 11, 2, 2, 12, 1, 1] => QQFieldElem[-1//2, -3//2, -3//2, -1//2],
	[11, 14, 14, 11, 13, 1, 1, 14, 1, 2] => QQFieldElem[3//2, 10, 12, 15//2],
	[11, 14, 14, 11, 1, 1, 1, 14, 2, 2] => QQFieldElem[-7, -13//2, -3, 5//2],
	[11, 14, 14, 11, 13, 1, 1, 14, 2, 2] => QQFieldElem[-21//4, -29//4, -21//4, -1//4],
	[11, 14, 14, 11, 11, 1, 2, 8, 1, 1] => QQFieldElem[-7, -17//2, -5, 3//2],
	[11, 14, 14, 11, 11, 1, 1, 6, 1, 1] => QQFieldElem[-7//2, -13//2, -11//2, -3//2],
	[11, 14, 14, 11, 11, 2, 2, 6, 1, 1] => QQFieldElem[5, 13, 13, 6],
	[11, 14, 14, 11, 11, 2, 1, 8, 1, 1] => QQFieldElem[10, 4, -4, -10],
	[11, 14, 14, 11, 1, 1, 1, 7, 1, 1] => QQFieldElem[-1//2, 0, 0, 1//2])