Dict(
	[11, 7, 12, 13, 10, 1, 1, 14, 1, 2] => QQFieldElem[-27//68, -71//68, -91//68, -29//68],
	[11, 7, 12, 13, 13, 2, 1, 12, 1, 1] => QQFieldElem[0, -9//2, -6, -9//2],
	[11, 7, 12, 13, 11, 1, 1, 12, 1, 1] => QQFieldElem[0, 5, 7, 5],
	[11, 7, 12, 13, 3, 1, 1, 14, 1, 2] => QQFieldElem[10//17, 23//34, -5//34, -5//17],
	[11, 7, 12, 13, 10, 1, 1, 6, 1, 1] => QQFieldElem[0, -1//2, -1, -1//2],
	[11, 7, 12, 13, 13, 1, 1, 14, 1, 2] => QQFieldElem[-31//34, 3//17, 29//34, 41//34],
	[11, 7, 12, 13, 3, 1, 1, 6, 1, 1] => QQFieldElem[-1//2, -1//2, -1//2, 0],
	[11, 7, 12, 13, 13, 2, 1, 14, 1, 2] => QQFieldElem[-47//34, -47//17, -69//34, -19//34],
	[11, 7, 12, 13, 11, 1, 1, 14, 1, 2] => QQFieldElem[3//17, -5//34, -5//17, 7//17],
	[11, 7, 12, 13, 13, 1, 1, 6, 1, 1] => QQFieldElem[-1, 0, 1, 3//2],
	[11, 7, 12, 13, 10, 1, 1, 14, 1, 1] => QQFieldElem[-44//17, -20//17, 11//17, 39//17],
	[11, 7, 12, 13, 13, 2, 1, 6, 1, 1] => QQFieldElem[-2, -3, -2, -1//2],
	[11, 7, 12, 13, 11, 1, 1, 6, 1, 1] => QQFieldElem[3, 4, 3, 0],
	[11, 7, 12, 13, 10, 1, 1, 7, 1, 1] => QQFieldElem[1, 1//2, 0, -1//2],
	[11, 7, 12, 13, 3, 1, 1, 14, 1, 1] => QQFieldElem[-3//68, 11//68, 5//68, -7//68],
	[11, 7, 12, 13, 13, 1, 1, 14, 1, 1] => QQFieldElem[11//17, -7//34, -7//17, -11//34],
	[11, 7, 12, 13, 3, 1, 1, 7, 1, 1] => QQFieldElem[0, 0, 0, -1//2],
	[11, 7, 12, 13, 13, 2, 1, 14, 1, 1] => QQFieldElem[23//17, 46//17, 41//17, 14//17],
	[11, 7, 12, 13, 11, 1, 1, 14, 1, 1] => QQFieldElem[151//68, 115//68, -25//68, -135//68],
	[11, 7, 12, 13, 13, 1, 1, 7, 1, 1] => QQFieldElem[-3//2, -3//2, -1//2, 1],
	[11, 7, 12, 13, 10, 1, 1, 12, 1, 1] => QQFieldElem[1, 0, -1, -1],
	[11, 7, 12, 13, 13, 2, 1, 7, 1, 1] => QQFieldElem[5//2, -1//2, -5//2, -3],
	[11, 7, 12, 13, 11, 1, 1, 7, 1, 1] => QQFieldElem[-3, 0, 3, 4],
	[11, 7, 12, 13, 3, 1, 1, 12, 1, 1] => QQFieldElem[0, -1//2, 0, -1//2],
	[11, 7, 12, 13, 13, 1, 1, 12, 1, 1] => QQFieldElem[-3, -3//2, 1, 5//2])