Dict(
	[12, 12, 10, 13, 14, 1, 1, 11, 1, 1] => QQFieldElem[1, 0, 0, 0],
	[12, 12, 10, 13, 7, 1, 1, 9, 1, 1] => QQFieldElem[2, 3, 2, 0],
	[12, 12, 10, 13, 14, 1, 1, 13, 1, 1] => QQFieldElem[-7//2, -1//2, 1//2, 9//2],
	[12, 12, 10, 13, 14, 2, 1, 11, 1, 1] => QQFieldElem[7//6, 7//6, 1//2, -5//6],
	[12, 12, 10, 13, 12, 1, 1, 11, 1, 1] => QQFieldElem[4, 3, 0, -3],
	[12, 12, 10, 13, 6, 1, 1, 11, 1, 1] => QQFieldElem[2, 1, 0, -1],
	[12, 12, 10, 13, 14, 2, 1, 13, 1, 1] => QQFieldElem[3, 1, -2, -4],
	[12, 12, 10, 13, 14, 1, 1, 11, 2, 1] => QQFieldElem[-3//2, 3//2, 3//2, 5//2],
	[12, 12, 10, 13, 12, 1, 1, 13, 1, 1] => QQFieldElem[7//6, 13//6, 3//2, 1//6],
	[12, 12, 10, 13, 6, 1, 1, 13, 1, 1] => QQFieldElem[1, -1, -1, -1],
	[12, 12, 10, 13, 7, 1, 1, 10, 1, 1] => QQFieldElem[-1//2, -1//2, -1//2, -1//2],
	[12, 12, 10, 13, 14, 2, 1, 11, 2, 1] => QQFieldElem[1, -1, -2, -2],
	[12, 12, 10, 13, 12, 1, 1, 11, 2, 1] => QQFieldElem[-1, -1, -1, -1],
	[12, 12, 10, 13, 6, 1, 1, 11, 2, 1] => QQFieldElem[1, 1, 0, 0],
	[12, 12, 10, 13, 14, 1, 1, 9, 1, 1] => QQFieldElem[-13//2, -15//2, -9//2, 3//2],
	[12, 12, 10, 13, 14, 2, 1, 9, 1, 1] => QQFieldElem[5, 5, 2, -2],
	[12, 12, 10, 13, 12, 1, 1, 9, 1, 1] => QQFieldElem[-3//2, 3//2, 7//2, 7//2],
	[12, 12, 10, 13, 6, 1, 1, 9, 1, 1] => QQFieldElem[3, 3, 1, -1],
	[12, 12, 10, 13, 7, 1, 1, 11, 1, 1] => QQFieldElem[0, 5//3, 7//3, 4//3],
	[12, 12, 10, 13, 14, 1, 1, 10, 1, 1] => QQFieldElem[2, 7//2, 3, 1//2],
	[12, 12, 10, 13, 7, 1, 1, 13, 1, 1] => QQFieldElem[1, 0, 1, -1],
	[12, 12, 10, 13, 14, 2, 1, 10, 1, 1] => QQFieldElem[-2, -3, -2, 0],
	[12, 12, 10, 13, 12, 1, 1, 10, 1, 1] => QQFieldElem[1, -1//6, -4//3, -11//6],
	[12, 12, 10, 13, 6, 1, 1, 10, 1, 1] => QQFieldElem[-1, -2, -1, 0],
	[12, 12, 10, 13, 7, 1, 1, 11, 2, 1] => QQFieldElem[-4, -4, -1, 3])