Dict(
	[12, 8, 10, 11, 14, 1, 1, 11, 1, 1] => QQFieldElem[3//2, -1//2, -2, -5//2],
	[12, 8, 10, 11, 14, 1, 1, 13, 1, 1] => QQFieldElem[3//4, 1//4, -1//2, -1],
	[12, 8, 10, 11, 2, 1, 1, 11, 1, 1] => QQFieldElem[0, 0, -1//2, 0],
	[12, 8, 10, 11, 12, 1, 1, 11, 1, 1] => QQFieldElem[-1//2, -3//2, -3//2, -1//2],
	[12, 8, 10, 11, 2, 1, 1, 13, 1, 1] => QQFieldElem[-1//4, -1//4, 1//2, -1//2],
	[12, 8, 10, 11, 14, 1, 1, 5, 1, 1] => QQFieldElem[-4, -2, 3//2, 4],
	[12, 8, 10, 11, 12, 1, 1, 13, 1, 1] => QQFieldElem[1//2, 0, -1//2, 1//2],
	[12, 8, 10, 11, 12, 2, 1, 11, 1, 1] => QQFieldElem[-1, 1, 2, 2],
	[12, 8, 10, 11, 2, 1, 1, 5, 1, 1] => QQFieldElem[-1, -1, -1//2, 0],
	[12, 8, 10, 11, 12, 2, 1, 13, 1, 1] => QQFieldElem[-1//2, 0, 0, 1//2],
	[12, 8, 10, 11, 12, 1, 1, 5, 1, 1] => QQFieldElem[-5//2, -1//2, 3//2, 5//2],
	[12, 8, 10, 11, 12, 2, 1, 5, 1, 1] => QQFieldElem[5, 3, -1, -4],
	[12, 8, 10, 11, 14, 1, 1, 9, 1, 1] => QQFieldElem[-5//2, -3, -1, 2],
	[12, 8, 10, 11, 2, 1, 1, 9, 1, 1] => QQFieldElem[0, -1//2, -1//2, 1//2],
	[12, 8, 10, 11, 12, 1, 1, 9, 1, 1] => QQFieldElem[-5//2, -3//2, 1//2, 7//2],
	[12, 8, 10, 11, 12, 2, 1, 9, 1, 1] => QQFieldElem[4, 3, 1, -2])