Dict(
	[12, 14, 13, 9, 12, 1, 1, 9, 1, 1] => QQFieldElem[0, 1, 2, 2],
	[12, 14, 13, 9, 14, 1, 2, 10, 1, 1] => QQFieldElem[-3//17, 58//17, 80//17, 57//17],
	[12, 14, 13, 9, 14, 1, 1, 10, 1, 1] => QQFieldElem[12//17, -45//17, -65//17, -58//17],
	[12, 14, 13, 9, 4, 1, 1, 3, 1, 1] => QQFieldElem[0, 1//2, 1//2, 0],
	[12, 14, 13, 9, 12, 1, 2, 10, 1, 1] => QQFieldElem[-14//17, -92//17, -114//17, -74//17],
	[12, 14, 13, 9, 8, 1, 1, 11, 1, 1] => QQFieldElem[46//17, 40//17, 20//17, -24//17],
	[12, 14, 13, 9, 12, 1, 1, 10, 1, 1] => QQFieldElem[5//17, 28//17, 31//17, 24//17],
	[12, 14, 13, 9, 4, 1, 1, 13, 2, 1] => QQFieldElem[3//2, 1//2, -1//2, -3//2],
	[12, 14, 13, 9, 8, 1, 1, 13, 1, 1] => QQFieldElem[1, 3//2, 1, 1//2],
	[12, 14, 13, 9, 4, 1, 1, 9, 1, 1] => QQFieldElem[-1//2, 0, 0, -1//2],
	[12, 14, 13, 9, 14, 1, 2, 11, 1, 1] => QQFieldElem[56//17, 96//17, 82//17, 24//17],
	[12, 14, 13, 9, 14, 1, 1, 11, 1, 1] => QQFieldElem[-37//17, -78//17, -73//17, -28//17],
	[12, 14, 13, 9, 8, 1, 1, 3, 1, 1] => QQFieldElem[-3, -4, -3, 0],
	[12, 14, 13, 9, 14, 1, 2, 13, 1, 1] => QQFieldElem[-5, -5, -3//2, 5//2],
	[12, 14, 13, 9, 8, 1, 1, 13, 2, 1] => QQFieldElem[-7//2, -11//2, -4, 0],
	[12, 14, 13, 9, 14, 1, 1, 13, 1, 1] => QQFieldElem[3//2, 1, 1//2, -1],
	[12, 14, 13, 9, 12, 1, 2, 11, 1, 1] => QQFieldElem[-73//17, -147//17, -133//17, -41//17],
	[12, 14, 13, 9, 4, 1, 1, 10, 1, 1] => QQFieldElem[-4//17, -2//17, -1//17, 8//17],
	[12, 14, 13, 9, 12, 1, 1, 11, 1, 1] => QQFieldElem[20//17, 44//17, 39//17, 11//17],
	[12, 14, 13, 9, 8, 1, 1, 9, 1, 1] => QQFieldElem[2, 2, 2, 0],
	[12, 14, 13, 9, 12, 1, 2, 13, 1, 1] => QQFieldElem[5//2, 4, 3, 1//2],
	[12, 14, 13, 9, 12, 1, 1, 13, 1, 1] => QQFieldElem[-2, -3, -3, -1],
	[12, 14, 13, 9, 14, 1, 2, 3, 1, 1] => QQFieldElem[3//2, -7//2, -13//2, -11//2],
	[12, 14, 13, 9, 14, 1, 1, 3, 1, 1] => QQFieldElem[-2, 2, 5, 5],
	[12, 14, 13, 9, 14, 1, 2, 13, 2, 1] => QQFieldElem[7//2, 7//2, 1, -2],
	[12, 14, 13, 9, 14, 1, 1, 13, 2, 1] => QQFieldElem[-3, -3, -1, 1],
	[12, 14, 13, 9, 12, 1, 2, 3, 1, 1] => QQFieldElem[-2, 7, 12, 10],
	[12, 14, 13, 9, 8, 1, 1, 10, 1, 1] => QQFieldElem[37//17, 27//17, 5//17, -23//17],
	[12, 14, 13, 9, 12, 1, 1, 3, 1, 1] => QQFieldElem[1, -3, -5, -4],
	[12, 14, 13, 9, 14, 1, 2, 9, 1, 1] => QQFieldElem[-1//2, 5//2, 9//2, 7//2],
	[12, 14, 13, 9, 12, 1, 2, 13, 2, 1] => QQFieldElem[3//2, 1//2, -1//2, -3//2],
	[12, 14, 13, 9, 14, 1, 1, 9, 1, 1] => QQFieldElem[1, -2, -4, -3],
	[12, 14, 13, 9, 4, 1, 1, 11, 1, 1] => QQFieldElem[1//17, -8//17, -4//17, -2//17],
	[12, 14, 13, 9, 12, 1, 1, 13, 2, 1] => QQFieldElem[-1//4, -1//4, 1//4, -1//4],
	[12, 14, 13, 9, 12, 1, 2, 9, 1, 1] => QQFieldElem[1, -4, -7, -6],
	[12, 14, 13, 9, 4, 1, 1, 13, 1, 1] => QQFieldElem[-1//4, 1//4, -1//4, 1//4])