Dict(
	[12, 8, 11, 13, 14, 1, 1, 13, 1, 2] => QQFieldElem[-1, -5//2, -7//2, -3//2],
	[12, 8, 11, 13, 8, 1, 1, 11, 1, 1] => QQFieldElem[1, 1, 0, -1],
	[12, 8, 11, 13, 14, 2, 1, 13, 1, 2] => QQFieldElem[7//2, 1, -3//2, -7//2],
	[12, 8, 11, 13, 12, 1, 1, 13, 1, 2] => QQFieldElem[0, 1//2, 0, 0],
	[12, 8, 11, 13, 8, 1, 1, 13, 1, 1] => QQFieldElem[-1, 1, 2, 2],
	[12, 8, 11, 13, 4, 1, 1, 9, 1, 1] => QQFieldElem[-1//6, 1//6, 1//6, 0],
	[12, 8, 11, 13, 8, 1, 1, 5, 1, 1] => QQFieldElem[0, -3//2, -2, -3//2],
	[12, 8, 11, 13, 14, 1, 1, 11, 1, 1] => QQFieldElem[2, 0, -5//2, -5//2],
	[12, 8, 11, 13, 14, 1, 1, 13, 1, 1] => QQFieldElem[-1//2, -3//2, -3//2, -1//2],
	[12, 8, 11, 13, 14, 2, 1, 11, 1, 1] => QQFieldElem[5//2, 3, 1, -1//2],
	[12, 8, 11, 13, 12, 1, 1, 11, 1, 1] => QQFieldElem[-2, -3, -2, 0],
	[12, 8, 11, 13, 4, 1, 1, 13, 1, 2] => QQFieldElem[-3//2, -2, -1, 1//2],
	[12, 8, 11, 13, 8, 1, 1, 9, 1, 1] => QQFieldElem[5//6, 5//6, 1//2, -1//6],
	[12, 8, 11, 13, 14, 1, 1, 5, 1, 1] => QQFieldElem[-11//4, -11//4, -7//4, 3//4],
	[12, 8, 11, 13, 14, 2, 1, 13, 1, 1] => QQFieldElem[-3, -1, 1, 3],
	[12, 8, 11, 13, 12, 1, 1, 13, 1, 1] => QQFieldElem[5//4, -1//2, -9//4, -2],
	[12, 8, 11, 13, 14, 2, 1, 5, 1, 1] => QQFieldElem[7//4, -1//4, -9//4, -13//4],
	[12, 8, 11, 13, 12, 1, 1, 5, 1, 1] => QQFieldElem[-3, 0, 3, 4],
	[12, 8, 11, 13, 8, 1, 1, 13, 1, 2] => QQFieldElem[-3//2, -7//4, -1, 1//4],
	[12, 8, 11, 13, 14, 1, 1, 9, 1, 1] => QQFieldElem[2, 1, -1//2, -1],
	[12, 8, 11, 13, 4, 1, 1, 11, 1, 1] => QQFieldElem[1//2, 0, 0, 1//2],
	[12, 8, 11, 13, 14, 2, 1, 9, 1, 1] => QQFieldElem[1, 2, 1, 1//2],
	[12, 8, 11, 13, 4, 1, 1, 13, 1, 1] => QQFieldElem[1//4, 0, 1//4, 0],
	[12, 8, 11, 13, 12, 1, 1, 9, 1, 1] => QQFieldElem[-1//3, -5//3, -5//3, -1],
	[12, 8, 11, 13, 4, 1, 1, 5, 1, 1] => QQFieldElem[3//4, 1//4, -1//4, -3//4])