Dict(
	[12, 8, 8, 14, 5, 1, 1, 5, 1, 1] => QQFieldElem[-1//2, -1//2, 0, 0],
	[12, 8, 8, 14, 13, 2, 1, 5, 1, 1] => QQFieldElem[-1//2, -1//2, -1, 0],
	[12, 8, 8, 14, 13, 1, 1, 9, 1, 1] => QQFieldElem[1, 1, 1, -1],
	[12, 8, 8, 14, 5, 1, 1, 9, 1, 1] => QQFieldElem[0, 0, -1//2, 1//2],
	[12, 8, 8, 14, 13, 2, 1, 9, 1, 1] => QQFieldElem[-1//2, -1//2, -1, 0],
	[12, 8, 8, 14, 10, 1, 1, 11, 1, 1] => QQFieldElem[4//17, -9//17, -1//17, -2//17],
	[12, 8, 8, 14, 10, 1, 1, 13, 1, 1] => QQFieldElem[1//17, 2//17, 4//17, 8//17],
	[12, 8, 8, 14, 10, 1, 1, 5, 1, 1] => QQFieldElem[0, 0, 0, 1],
	[12, 8, 8, 14, 13, 1, 1, 11, 1, 1] => QQFieldElem[-5//17, 7//17, 14//17, 11//17],
	[12, 8, 8, 14, 5, 1, 1, 11, 1, 1] => QQFieldElem[-9//34, -1//34, -1//17, -2//17],
	[12, 8, 8, 14, 13, 1, 1, 13, 1, 1] => QQFieldElem[23//34, 29//34, 7//34, -3//34],
	[12, 8, 8, 14, 13, 2, 1, 11, 1, 1] => QQFieldElem[1//17, 2//17, -9//34, -35//34],
	[12, 8, 8, 14, 5, 1, 1, 13, 1, 1] => QQFieldElem[1//17, 2//17, -9//34, -1//34],
	[12, 8, 8, 14, 13, 2, 1, 13, 1, 1] => QQFieldElem[-4//17, -8//17, -15//34, -13//34],
	[12, 8, 8, 14, 13, 1, 1, 5, 1, 1] => QQFieldElem[3//2, 3//2, 1//2, -1//2],
	[12, 8, 8, 14, 10, 1, 1, 9, 1, 1] => QQFieldElem[1, 0, -1, 2])