Dict(
	[12, 13, 9, 12, 11, 2, 1, 14, 1, 1] => QQFieldElem[0, 0, 1//2, -1//2],
	[12, 13, 9, 12, 13, 1, 1, 14, 2, 1] => QQFieldElem[2, 3//2, 1//2, -1],
	[12, 13, 9, 12, 11, 1, 1, 7, 1, 1] => QQFieldElem[-2, -1, 1, 2],
	[12, 13, 9, 12, 11, 1, 1, 14, 2, 1] => QQFieldElem[1//2, 1//2, 1//2, 1//2],
	[12, 13, 9, 12, 13, 1, 1, 12, 1, 1] => QQFieldElem[3//2, 1, 1//2, -1//2],
	[12, 13, 9, 12, 11, 2, 1, 7, 1, 1] => QQFieldElem[9//4, 1//4, -7//4, -11//4],
	[12, 13, 9, 12, 11, 2, 1, 14, 2, 1] => QQFieldElem[-2, -1, 0, 1],
	[12, 13, 9, 12, 11, 1, 1, 12, 1, 1] => QQFieldElem[-2, -1, 0, 1],
	[12, 13, 9, 12, 9, 1, 1, 6, 1, 1] => QQFieldElem[0, 0, -1//2, 0],
	[12, 13, 9, 12, 11, 2, 1, 12, 1, 1] => QQFieldElem[9//4, 5//4, -3//4, -9//4],
	[12, 13, 9, 12, 10, 1, 1, 6, 1, 1] => QQFieldElem[1//2, 0, -1//2, -1],
	[12, 13, 9, 12, 9, 1, 1, 14, 1, 1] => QQFieldElem[1//2, 0, 0, 0],
	[12, 13, 9, 12, 13, 1, 1, 6, 1, 1] => QQFieldElem[0, -1, -3//2, -1],
	[12, 13, 9, 12, 10, 1, 1, 14, 1, 1] => QQFieldElem[-2, -1, 0, 1],
	[12, 13, 9, 12, 9, 1, 1, 7, 1, 1] => QQFieldElem[1//2, 1//2, 0, -1//2],
	[12, 13, 9, 12, 11, 1, 1, 6, 1, 1] => QQFieldElem[1//2, 3//2, 3//2, 1//2],
	[12, 13, 9, 12, 9, 1, 1, 14, 2, 1] => QQFieldElem[0, 1//2, 1, 1//2],
	[12, 13, 9, 12, 11, 2, 1, 6, 1, 1] => QQFieldElem[-5//4, -7//4, -5//4, 1//4],
	[12, 13, 9, 12, 10, 1, 1, 7, 1, 1] => QQFieldElem[1//2, 1, 1//2, 0],
	[12, 13, 9, 12, 13, 1, 1, 14, 1, 1] => QQFieldElem[5//2, 1, -1, -2],
	[12, 13, 9, 12, 10, 1, 1, 14, 2, 1] => QQFieldElem[7//4, 3//4, -3//4, -7//4],
	[12, 13, 9, 12, 9, 1, 1, 12, 1, 1] => QQFieldElem[0, 1//2, 0, 0],
	[12, 13, 9, 12, 11, 1, 1, 14, 1, 1] => QQFieldElem[2, 3//2, 1//2, -3//2],
	[12, 13, 9, 12, 13, 1, 1, 7, 1, 1] => QQFieldElem[2, 1, -1//2, -2],
	[12, 13, 9, 12, 10, 1, 1, 12, 1, 1] => QQFieldElem[1//2, 1, 1//2, 0])