Dict(
	[12, 14, 12, 7, 11, 1, 1, 3, 1, 1] => QQFieldElem[-1, -3, -3, -1],
	[12, 14, 12, 7, 11, 1, 1, 13, 2, 1] => QQFieldElem[0, 1//2, -1//4, 1//4],
	[12, 14, 12, 7, 10, 1, 1, 10, 1, 1] => QQFieldElem[1//3, -1//2, -2//3, -5//6],
	[12, 14, 12, 7, 3, 1, 1, 10, 1, 1] => QQFieldElem[1//6, 0, 1//6, -1//6],
	[12, 14, 12, 7, 13, 1, 2, 10, 1, 1] => QQFieldElem[7//6, 0, -5//6, -5//3],
	[12, 14, 12, 7, 13, 1, 1, 10, 1, 1] => QQFieldElem[-1, -1//3, 1//3, 4//3],
	[12, 14, 12, 7, 11, 1, 1, 10, 1, 1] => QQFieldElem[-1, 1//3, 5//3, 5//3],
	[12, 14, 12, 7, 10, 1, 1, 11, 1, 1] => QQFieldElem[1//2, -1//2, -1//2, -3//2],
	[12, 14, 12, 7, 10, 1, 1, 13, 1, 1] => QQFieldElem[2, 2, 1, 0],
	[12, 14, 12, 7, 3, 1, 1, 11, 1, 1] => QQFieldElem[0, 0, 1//2, -1//2],
	[12, 14, 12, 7, 13, 1, 2, 11, 1, 1] => QQFieldElem[5//2, 1//2, -3//2, -5//2],
	[12, 14, 12, 7, 13, 1, 1, 11, 1, 1] => QQFieldElem[-2, -1, 1, 2],
	[12, 14, 12, 7, 3, 1, 1, 13, 1, 1] => QQFieldElem[1//2, -1//4, 1//4, 0],
	[12, 14, 12, 7, 13, 1, 2, 13, 1, 1] => QQFieldElem[-2, 0, 2, 3],
	[12, 14, 12, 7, 10, 1, 1, 3, 1, 1] => QQFieldElem[1, 3//2, 1, 1//2],
	[12, 14, 12, 7, 13, 1, 1, 13, 1, 1] => QQFieldElem[1//4, -5//4, -3//4, -5//4],
	[12, 14, 12, 7, 10, 1, 1, 13, 2, 1] => QQFieldElem[0, 3//2, 3//2, 0],
	[12, 14, 12, 7, 11, 1, 1, 11, 1, 1] => QQFieldElem[-2, 0, 2, 3],
	[12, 14, 12, 7, 11, 1, 1, 13, 1, 1] => QQFieldElem[-5//4, -5//4, -7//4, -3//4],
	[12, 14, 12, 7, 3, 1, 1, 3, 1, 1] => QQFieldElem[-1//2, 0, 1//2, 1//2],
	[12, 14, 12, 7, 3, 1, 1, 13, 2, 1] => QQFieldElem[-9//4, -3//4, 3//4, 3//4],
	[12, 14, 12, 7, 13, 1, 2, 3, 1, 1] => QQFieldElem[1//2, 2, 5//2, 1],
	[12, 14, 12, 7, 13, 1, 2, 13, 2, 1] => QQFieldElem[11//4, 3//4, -5//4, -11//4],
	[12, 14, 12, 7, 13, 1, 1, 3, 1, 1] => QQFieldElem[0, -2, -2, -1],
	[12, 14, 12, 7, 13, 1, 1, 13, 2, 1] => QQFieldElem[-2, -1, 1//2, 5//2])