Dict(
	[13, 7, 10, 14, 14, 1, 1, 14, 1, 1] => QQFieldElem[-1//2, -5//2, -5//2, -3//2],
	[13, 7, 10, 14, 8, 1, 1, 12, 1, 1] => QQFieldElem[0, 1, 1, 1],
	[13, 7, 10, 14, 14, 2, 1, 14, 1, 1] => QQFieldElem[1, 2, 2, 1],
	[13, 7, 10, 14, 14, 1, 1, 7, 1, 1] => QQFieldElem[-1, 3, 5, 4],
	[13, 7, 10, 14, 6, 1, 1, 14, 1, 1] => QQFieldElem[1, 1, 0, -1],
	[13, 7, 10, 14, 14, 2, 1, 7, 1, 1] => QQFieldElem[0, -2, -3, -2],
	[13, 7, 10, 14, 6, 1, 1, 7, 1, 1] => QQFieldElem[-1, -2, -2, -1],
	[13, 7, 10, 14, 14, 1, 1, 12, 1, 1] => QQFieldElem[-2, -7//2, -3, -1//2],
	[13, 7, 10, 14, 14, 2, 1, 12, 1, 1] => QQFieldElem[2, 3, 2, 0],
	[13, 7, 10, 14, 6, 1, 1, 12, 1, 1] => QQFieldElem[1, 1, 0, -1],
	[13, 7, 10, 14, 8, 1, 1, 8, 1, 1] => QQFieldElem[0, -2, -2, -2],
	[13, 7, 10, 14, 14, 1, 1, 8, 1, 1] => QQFieldElem[3//2, 11//2, 13//2, 7//2],
	[13, 7, 10, 14, 8, 1, 1, 14, 1, 1] => QQFieldElem[-1, 0, 1, 1],
	[13, 7, 10, 14, 14, 2, 1, 8, 1, 1] => QQFieldElem[-2, -4, -4, -2],
	[13, 7, 10, 14, 8, 1, 1, 7, 1, 1] => QQFieldElem[1, -1, -2, -2],
	[13, 7, 10, 14, 6, 1, 1, 8, 1, 1] => QQFieldElem[-2, -2, -2, 0])