Dict(
	[14, 6, 11, 11, 14, 1, 1, 11, 1, 1] => QQFieldElem[-2, -2, -1, 1],
	[14, 6, 11, 11, 7, 1, 1, 9, 1, 1] => QQFieldElem[-3//2, -1//2, 1//2, 3//2],
	[14, 6, 11, 11, 14, 1, 1, 13, 1, 1] => QQFieldElem[-1//2, 1//2, 3//2, 3//2],
	[14, 6, 11, 11, 14, 2, 1, 11, 1, 1] => QQFieldElem[3//2, 1//2, -1//2, -3//2],
	[14, 6, 11, 11, 6, 1, 1, 11, 1, 1] => QQFieldElem[-1, -1, 0, 1],
	[14, 6, 11, 11, 14, 2, 1, 13, 1, 1] => QQFieldElem[1, 0, -2, -2],
	[14, 6, 11, 11, 7, 1, 1, 11, 1, 2] => QQFieldElem[-3//2, -3//2, -1//2, 1//2],
	[14, 6, 11, 11, 6, 1, 1, 13, 1, 1] => QQFieldElem[-1, -2, -2, -1],
	[14, 6, 11, 11, 14, 1, 1, 9, 1, 1] => QQFieldElem[1//2, -1//2, -3//2, -3//2],
	[14, 6, 11, 11, 14, 2, 1, 9, 1, 1] => QQFieldElem[0, 1, 1, 1],
	[14, 6, 11, 11, 14, 1, 1, 11, 1, 2] => QQFieldElem[1//2, 3//2, 1//2, 1//2],
	[14, 6, 11, 11, 6, 1, 1, 9, 1, 1] => QQFieldElem[1, 2, 2, 1],
	[14, 6, 11, 11, 7, 1, 1, 11, 1, 1] => QQFieldElem[1, 3//2, 1, -1//2],
	[14, 6, 11, 11, 14, 2, 1, 11, 1, 2] => QQFieldElem[0, -1, -1, -1],
	[14, 6, 11, 11, 7, 1, 1, 13, 1, 1] => QQFieldElem[5//2, 3//2, 1//2, -1//2],
	[14, 6, 11, 11, 6, 1, 1, 11, 1, 2] => QQFieldElem[1//2, -1, -3//2, -1])