Dict(
	[14, 10, 9, 14, 13, 2, 1, 14, 1, 1] => QQFieldElem[5//4, 5//4, 1//4, -3//4],
	[14, 10, 9, 14, 11, 1, 1, 14, 1, 1] => QQFieldElem[0, 1, 1, 1],
	[14, 10, 9, 14, 13, 1, 1, 7, 1, 1] => QQFieldElem[-7//2, -3//2, 1//2, 5//2],
	[14, 10, 9, 14, 13, 1, 1, 4, 1, 1] => QQFieldElem[7, 0, -7, -10],
	[14, 10, 9, 14, 13, 2, 1, 4, 1, 1] => QQFieldElem[-5, 0, 5, 7],
	[14, 10, 9, 14, 11, 1, 1, 4, 1, 1] => QQFieldElem[-14, -10, 0, 10],
	[14, 10, 9, 14, 1, 1, 1, 12, 1, 1] => QQFieldElem[-1//4, -1//4, 0, 0],
	[14, 10, 9, 14, 11, 2, 1, 14, 1, 1] => QQFieldElem[0, 0, 1//2, -1//2],
	[14, 10, 9, 14, 13, 2, 1, 7, 1, 1] => QQFieldElem[3, 2, 0, -2],
	[14, 10, 9, 14, 11, 1, 1, 7, 1, 1] => QQFieldElem[4, 4, 2, -2],
	[14, 10, 9, 14, 11, 2, 1, 4, 1, 1] => QQFieldElem[-3, 0, 3, 4],
	[14, 10, 9, 14, 11, 2, 1, 7, 1, 1] => QQFieldElem[1, 0, 0, -1],
	[14, 10, 9, 14, 13, 1, 1, 12, 1, 1] => QQFieldElem[-1, -1, -1//2, 1//2],
	[14, 10, 9, 14, 13, 2, 1, 12, 1, 1] => QQFieldElem[5//4, 5//4, 3//4, -1//4],
	[14, 10, 9, 14, 11, 1, 1, 12, 1, 1] => QQFieldElem[1, 1, 1, 0],
	[14, 10, 9, 14, 11, 2, 1, 12, 1, 1] => QQFieldElem[0, 0, 1//2, -1//2],
	[14, 10, 9, 14, 1, 1, 1, 8, 1, 1] => QQFieldElem[1, -1//2, -1, -3//2],
	[14, 10, 9, 14, 13, 1, 1, 8, 1, 1] => QQFieldElem[-3//2, -7//2, -5//2, -1//2],
	[14, 10, 9, 14, 13, 2, 1, 8, 1, 1] => QQFieldElem[2, 3, 2, 0],
	[14, 10, 9, 14, 11, 1, 1, 8, 1, 1] => QQFieldElem[-2, 2, 4, 4],
	[14, 10, 9, 14, 1, 1, 1, 14, 1, 1] => QQFieldElem[0, 0, -1//4, -1//4],
	[14, 10, 9, 14, 11, 2, 1, 8, 1, 1] => QQFieldElem[0, 1, 1, 0],
	[14, 10, 9, 14, 1, 1, 1, 4, 1, 1] => QQFieldElem[5, 7//2, 0, -7//2],
	[14, 10, 9, 14, 13, 1, 1, 14, 1, 1] => QQFieldElem[-1, -1, -1//2, 1//2],
	[14, 10, 9, 14, 1, 1, 1, 7, 1, 1] => QQFieldElem[-3//2, -1, -1//2, 1])