Dict(
	[14, 13, 9, 7, 13, 1, 1, 14, 1, 1] => QQFieldElem[0, 1, 1, 0],
	[14, 13, 9, 7, 10, 1, 1, 14, 2, 1] => QQFieldElem[-1, 1, 1, 1],
	[14, 13, 9, 7, 11, 1, 1, 14, 1, 1] => QQFieldElem[0, 0, 1, 0],
	[14, 13, 9, 7, 13, 1, 1, 14, 2, 1] => QQFieldElem[0, 0, 1, 1],
	[14, 13, 9, 7, 11, 1, 1, 14, 2, 1] => QQFieldElem[0, -1, -2, -1],
	[14, 13, 9, 7, 9, 1, 1, 6, 1, 1] => QQFieldElem[-1//2, -1//2, -1//2, -1//2],
	[14, 13, 9, 7, 9, 1, 1, 8, 1, 1] => QQFieldElem[0, 1//2, 1, 1//2],
	[14, 13, 9, 7, 10, 1, 1, 6, 1, 1] => QQFieldElem[1//2, 3//2, 3//2, 1//2],
	[14, 13, 9, 7, 10, 1, 1, 8, 1, 1] => QQFieldElem[0, -3//2, -2, -3//2],
	[14, 13, 9, 7, 9, 1, 1, 14, 1, 1] => QQFieldElem[0, 0, 2, 0],
	[14, 13, 9, 7, 13, 1, 1, 6, 1, 1] => QQFieldElem[1//2, -1//2, -1//2, -1//2],
	[14, 13, 9, 7, 13, 1, 1, 8, 1, 1] => QQFieldElem[0, 1//2, 1, 1//2],
	[14, 13, 9, 7, 10, 1, 1, 14, 1, 1] => QQFieldElem[1, 1, 1, 1],
	[14, 13, 9, 7, 11, 1, 1, 6, 1, 1] => QQFieldElem[-1//2, -1//2, -1//2, 1//2],
	[14, 13, 9, 7, 11, 1, 1, 8, 1, 1] => QQFieldElem[0, 1//2, 1, 1//2],
	[14, 13, 9, 7, 9, 1, 1, 14, 2, 1] => QQFieldElem[0, -2, -3, -2])