Dict(
	[14, 9, 8, 11, 14, 1, 1, 6, 1, 1] => QQFieldElem[7//2, 7//2, 3//2, -3//2],
	[14, 9, 8, 11, 7, 1, 1, 7, 1, 1] => QQFieldElem[1, 0, 0, 0],
	[14, 9, 8, 11, 4, 1, 1, 12, 1, 1] => QQFieldElem[0, 1//2, 1//2, 0],
	[14, 9, 8, 11, 14, 2, 1, 6, 1, 1] => QQFieldElem[-5//2, -5//2, -3//2, 1//2],
	[14, 9, 8, 11, 7, 1, 1, 12, 1, 1] => QQFieldElem[3//2, 3//2, 1//2, -1//2],
	[14, 9, 8, 11, 14, 1, 1, 14, 1, 1] => QQFieldElem[2, 3, 2, 0],
	[14, 9, 8, 11, 14, 2, 1, 14, 1, 1] => QQFieldElem[-5//2, -7//2, -2, 0],
	[14, 9, 8, 11, 14, 1, 1, 7, 1, 1] => QQFieldElem[1, 2, 2, 1],
	[14, 9, 8, 11, 4, 1, 1, 6, 1, 1] => QQFieldElem[-1//2, -1//2, 1//2, 1//2],
	[14, 9, 8, 11, 14, 2, 1, 7, 1, 1] => QQFieldElem[-1//2, -3//2, -2, -1],
	[14, 9, 8, 11, 14, 1, 1, 12, 1, 1] => QQFieldElem[3//2, 2, 3//2, 0],
	[14, 9, 8, 11, 7, 1, 1, 6, 1, 1] => QQFieldElem[1, 0, -1, -1],
	[14, 9, 8, 11, 14, 2, 1, 12, 1, 1] => QQFieldElem[-3//2, -2, -1, 1//2],
	[14, 9, 8, 11, 4, 1, 1, 14, 1, 1] => QQFieldElem[0, 0, 1//2, 1//2],
	[14, 9, 8, 11, 4, 1, 1, 7, 1, 1] => QQFieldElem[0, 0, -1//2, 1//2],
	[14, 9, 8, 11, 7, 1, 1, 14, 1, 1] => QQFieldElem[1, 1, 1, 0])