Dict(
	[3, 14, 12, 11, 9, 1, 1, 14, 1, 1] => QQFieldElem[-1//6, 1, 11//6, 5//3],
	[3, 14, 12, 11, 13, 1, 2, 8, 1, 1] => QQFieldElem[2, 2, 1, -1],
	[3, 14, 12, 11, 13, 1, 1, 8, 1, 1] => QQFieldElem[-7//2, -9//2, -5//2, 1//2],
	[3, 14, 12, 11, 5, 1, 1, 8, 1, 1] => QQFieldElem[2, 3, 2, 0],
	[3, 14, 12, 11, 13, 1, 2, 12, 1, 2] => QQFieldElem[1, 0, -2, -2],
	[3, 14, 12, 11, 13, 1, 1, 12, 1, 2] => QQFieldElem[-5//2, -2, 3//2, 4],
	[3, 14, 12, 11, 13, 1, 2, 14, 1, 1] => QQFieldElem[3, 2, 0, -2],
	[3, 14, 12, 11, 5, 1, 1, 12, 1, 2] => QQFieldElem[-1//2, 1//2, 3//2, 3//2],
	[3, 14, 12, 11, 13, 1, 1, 14, 1, 1] => QQFieldElem[-7//2, -3, -3//2, 1],
	[3, 14, 12, 11, 9, 1, 1, 12, 1, 1] => QQFieldElem[-5//2, -7//2, -3//2, 1//2],
	[3, 14, 12, 11, 5, 1, 1, 14, 1, 1] => QQFieldElem[1//2, 3//2, 3//2, 1//2],
	[3, 14, 12, 11, 13, 1, 2, 12, 1, 1] => QQFieldElem[3//2, 2, 3//2, 0],
	[3, 14, 12, 11, 13, 1, 1, 12, 1, 1] => QQFieldElem[5//2, 5//2, 1//2, -3//2],
	[3, 14, 12, 11, 5, 1, 1, 12, 1, 1] => QQFieldElem[1, 1, 1, 0],
	[3, 14, 12, 11, 9, 1, 1, 8, 1, 1] => QQFieldElem[-7//6, 1//2, 11//6, 13//6],
	[3, 14, 12, 11, 9, 1, 1, 12, 1, 2] => QQFieldElem[2, 2, 1, -1])