Dict(
	[6, 14, 12, 12, 13, 1, 2, 9, 1, 1] => QQFieldElem[-1, -1, -1, 0],
	[6, 14, 12, 12, 13, 1, 1, 9, 1, 1] => QQFieldElem[3//2, 3//2, 1//2, -1//2],
	[6, 14, 12, 12, 5, 1, 1, 9, 1, 1] => QQFieldElem[-2, -2, -1, 1],
	[6, 14, 12, 12, 13, 1, 2, 11, 1, 2] => QQFieldElem[1//2, 1//2, -1//2, -3//2],
	[6, 14, 12, 12, 13, 1, 1, 11, 1, 2] => QQFieldElem[0, -3//2, 0, 3//2],
	[6, 14, 12, 12, 5, 1, 1, 11, 1, 2] => QQFieldElem[-5//3, 1//6, 5//3, 5//2],
	[6, 14, 12, 12, 9, 1, 1, 11, 1, 1] => QQFieldElem[-1, -3//2, -1, -1//2],
	[6, 14, 12, 12, 9, 1, 1, 13, 1, 1] => QQFieldElem[-2//3, 7//6, 5//3, 3//2],
	[6, 14, 12, 12, 13, 1, 2, 11, 1, 1] => QQFieldElem[1, 3//2, 2, 1//2],
	[6, 14, 12, 12, 13, 1, 1, 11, 1, 1] => QQFieldElem[2, 1, 0, -2],
	[6, 14, 12, 12, 5, 1, 1, 11, 1, 1] => QQFieldElem[1, 1, 1, 0],
	[6, 14, 12, 12, 13, 1, 2, 13, 1, 1] => QQFieldElem[3//2, 3//2, 1//2, -1//2],
	[6, 14, 12, 12, 13, 1, 1, 13, 1, 1] => QQFieldElem[-1, -1//2, -1, 1//2],
	[6, 14, 12, 12, 5, 1, 1, 13, 1, 1] => QQFieldElem[1, 1, 1, 0],
	[6, 14, 12, 12, 9, 1, 1, 9, 1, 1] => QQFieldElem[5//6, -7//6, -5//2, -13//6],
	[6, 14, 12, 12, 9, 1, 1, 11, 1, 2] => QQFieldElem[1//2, 3//2, 3//2, 1//2])