Dict(
	[7, 14, 10, 13, 14, 1, 1, 11, 1, 1] => QQFieldElem[3, 1, -1, -3],
	[7, 14, 10, 13, 7, 1, 1, 9, 1, 1] => QQFieldElem[2, 1, 0, -1],
	[7, 14, 10, 13, 14, 1, 1, 13, 1, 1] => QQFieldElem[3, 2, 0, -2],
	[7, 14, 10, 13, 12, 1, 1, 11, 1, 1] => QQFieldElem[-4, 0, 4, 5],
	[7, 14, 10, 13, 8, 1, 1, 9, 1, 1] => QQFieldElem[-1, 0, 1, 1],
	[7, 14, 10, 13, 12, 1, 1, 13, 1, 1] => QQFieldElem[-4, -2, 2, 4],
	[7, 14, 10, 13, 7, 1, 1, 10, 1, 1] => QQFieldElem[-1, -1, 0, 1],
	[7, 14, 10, 13, 8, 1, 1, 10, 1, 1] => QQFieldElem[1, 0, -1, -2],
	[7, 14, 10, 13, 14, 1, 1, 9, 1, 1] => QQFieldElem[-3//2, -1//2, 1//2, 3//2],
	[7, 14, 10, 13, 12, 1, 1, 9, 1, 1] => QQFieldElem[2, 0, -2, -3],
	[7, 14, 10, 13, 7, 1, 1, 11, 1, 1] => QQFieldElem[-2, -2, 0, 2],
	[7, 14, 10, 13, 14, 1, 1, 10, 1, 1] => QQFieldElem[3//2, 1//2, -1//2, -3//2],
	[7, 14, 10, 13, 7, 1, 1, 13, 1, 1] => QQFieldElem[-2, -2, 0, 0],
	[7, 14, 10, 13, 8, 1, 1, 11, 1, 1] => QQFieldElem[2, 0, -2, -2],
	[7, 14, 10, 13, 12, 1, 1, 10, 1, 1] => QQFieldElem[-2, 0, 2, 3],
	[7, 14, 10, 13, 8, 1, 1, 13, 1, 1] => QQFieldElem[2, 0, 0, -2])