Dict(
	[7, 13, 14, 13, 12, 1, 1, 12, 1, 2] => QQFieldElem[-4, -4, -2, 2],
	[7, 13, 14, 13, 8, 1, 1, 12, 1, 1] => QQFieldElem[-10, -20, -18, -5],
	[7, 13, 14, 13, 14, 1, 1, 4, 1, 1] => QQFieldElem[1, 3, 3, 1],
	[7, 13, 14, 13, 12, 1, 2, 14, 1, 1] => QQFieldElem[1, 0, -1, -1],
	[7, 13, 14, 13, 12, 1, 2, 4, 1, 1] => QQFieldElem[13//2, 15//2, 7//2, -5//2],
	[7, 13, 14, 13, 14, 1, 2, 14, 1, 2] => QQFieldElem[-2, 8, 13, 10],
	[7, 13, 14, 13, 12, 1, 1, 14, 1, 2] => QQFieldElem[-4, -4, -2, 1],
	[7, 13, 14, 13, 8, 1, 1, 14, 1, 1] => QQFieldElem[-13//2, -41//2, -45//2, -23//2],
	[7, 13, 14, 13, 8, 1, 1, 4, 1, 1] => QQFieldElem[-3, -3, -1, 1],
	[7, 13, 14, 13, 6, 1, 1, 8, 1, 1] => QQFieldElem[1//2, 1//2, 1//2, -1//2],
	[7, 13, 14, 13, 14, 1, 2, 7, 1, 1] => QQFieldElem[7, 7, 3, -3],
	[7, 13, 14, 13, 6, 1, 1, 12, 1, 2] => QQFieldElem[-4, -2, 2, 4],
	[7, 13, 14, 13, 12, 1, 1, 7, 1, 1] => QQFieldElem[19//2, 21//2, 13//2, -5//2],
	[7, 13, 14, 13, 14, 1, 2, 12, 1, 1] => QQFieldElem[2, -11, -18, -14],
	[7, 13, 14, 13, 7, 1, 1, 8, 1, 1] => QQFieldElem[1, -1, -2, -2],
	[7, 13, 14, 13, 12, 1, 1, 12, 1, 1] => QQFieldElem[7, 13, 11, 3],
	[7, 13, 14, 13, 7, 1, 1, 12, 1, 2] => QQFieldElem[6, 16, 16, 8],
	[7, 13, 14, 13, 14, 1, 1, 8, 1, 1] => QQFieldElem[2, 4, 3, 1],
	[7, 13, 14, 13, 6, 1, 1, 14, 1, 2] => QQFieldElem[-5, -3, 1, 4],
	[7, 13, 14, 13, 12, 1, 2, 8, 1, 1] => QQFieldElem[8, 8, 4, -3],
	[7, 13, 14, 13, 14, 1, 1, 12, 1, 2] => QQFieldElem[4, -4, -10, -10],
	[7, 13, 14, 13, 14, 1, 2, 14, 1, 1] => QQFieldElem[4, -10, -18, -16],
	[7, 13, 14, 13, 12, 1, 2, 12, 1, 2] => QQFieldElem[0, 4, 6, 4],
	[7, 13, 14, 13, 14, 1, 2, 4, 1, 1] => QQFieldElem[-3, -4, -2, 1],
	[7, 13, 14, 13, 12, 1, 1, 14, 1, 1] => QQFieldElem[5, 14, 15, 7],
	[7, 13, 14, 13, 7, 1, 1, 14, 1, 2] => QQFieldElem[5//2, 31//2, 39//2, 25//2],
	[7, 13, 14, 13, 12, 1, 1, 4, 1, 1] => QQFieldElem[-9//2, -13//2, -7//2, 1//2],
	[7, 13, 14, 13, 6, 1, 1, 7, 1, 1] => QQFieldElem[-1, -1, 0, 0],
	[7, 13, 14, 13, 8, 1, 1, 8, 1, 1] => QQFieldElem[-3, -3, -1, 1],
	[7, 13, 14, 13, 6, 1, 1, 12, 1, 1] => QQFieldElem[0, -1, -1, -1],
	[7, 13, 14, 13, 14, 1, 1, 14, 1, 2] => QQFieldElem[6, -3, -10, -11],
	[7, 13, 14, 13, 8, 1, 1, 12, 1, 2] => QQFieldElem[-1, -9, -11, -7],
	[7, 13, 14, 13, 12, 1, 2, 14, 1, 2] => QQFieldElem[0, 4, 6, 4],
	[7, 13, 14, 13, 7, 1, 1, 7, 1, 1] => QQFieldElem[-1, 1, 3, 3],
	[7, 13, 14, 13, 7, 1, 1, 12, 1, 1] => QQFieldElem[4, 7, 6, 1],
	[7, 13, 14, 13, 14, 1, 1, 7, 1, 1] => QQFieldElem[-4, -6, -4, 0],
	[7, 13, 14, 13, 6, 1, 1, 14, 1, 1] => QQFieldElem[0, -1, -1, -1],
	[7, 13, 14, 13, 12, 1, 2, 7, 1, 1] => QQFieldElem[-25//2, -25//2, -11//2, 9//2],
	[7, 13, 14, 13, 6, 1, 1, 4, 1, 1] => QQFieldElem[1, 1, 0, 0],
	[7, 13, 14, 13, 14, 1, 1, 12, 1, 1] => QQFieldElem[-5, 8, 15, 14],
	[7, 13, 14, 13, 8, 1, 1, 14, 1, 2] => QQFieldElem[1, -8, -13, -10],
	[7, 13, 14, 13, 12, 1, 2, 12, 1, 1] => QQFieldElem[1, 0, -1, -2],
	[7, 13, 14, 13, 7, 1, 1, 14, 1, 1] => QQFieldElem[3, 7, 7, 3],
	[7, 13, 14, 13, 14, 1, 2, 8, 1, 1] => QQFieldElem[-9//2, -9//2, -5//2, 3//2],
	[7, 13, 14, 13, 7, 1, 1, 4, 1, 1] => QQFieldElem[1, -1, -2, -2],
	[7, 13, 14, 13, 8, 1, 1, 7, 1, 1] => QQFieldElem[5, 5, 2, -2],
	[7, 13, 14, 13, 12, 1, 1, 8, 1, 1] => QQFieldElem[-6, -7, -4, 1],
	[7, 13, 14, 13, 14, 1, 2, 12, 1, 2] => QQFieldElem[0, 8, 12, 8],
	[7, 13, 14, 13, 14, 1, 1, 14, 1, 1] => QQFieldElem[-6, 6, 15, 15])