Dict(
	[7, 13, 14, 9, 4, 1, 1, 8, 1, 1] => QQFieldElem[-1, 0, 1, 0],
	[7, 13, 14, 9, 14, 1, 2, 12, 1, 1] => QQFieldElem[-2, -3, -2, 0],
	[7, 13, 14, 9, 14, 1, 1, 12, 1, 1] => QQFieldElem[1, 4, 5, 3],
	[7, 13, 14, 9, 7, 1, 1, 8, 1, 1] => QQFieldElem[-1, -1, -1, -1],
	[7, 13, 14, 9, 4, 1, 1, 14, 1, 1] => QQFieldElem[-1, -1, -1, 0],
	[7, 13, 14, 9, 4, 1, 1, 7, 1, 1] => QQFieldElem[-1, 0, 1, 1],
	[7, 13, 14, 9, 7, 1, 1, 14, 1, 1] => QQFieldElem[-1, -2, -2, -1],
	[7, 13, 14, 9, 14, 1, 2, 8, 1, 1] => QQFieldElem[-1, -1, -1, 1],
	[7, 13, 14, 9, 7, 1, 1, 7, 1, 1] => QQFieldElem[-1, -2, -2, -1],
	[7, 13, 14, 9, 14, 1, 1, 8, 1, 1] => QQFieldElem[3//2, 5//2, 5//2, 1//2],
	[7, 13, 14, 9, 4, 1, 1, 12, 1, 1] => QQFieldElem[-1, -1, 0, 1],
	[7, 13, 14, 9, 7, 1, 1, 12, 1, 1] => QQFieldElem[-1, -2, -2, -1],
	[7, 13, 14, 9, 14, 1, 2, 14, 1, 1] => QQFieldElem[-1, -2, -2, -1],
	[7, 13, 14, 9, 14, 1, 1, 14, 1, 1] => QQFieldElem[-1, 2, 4, 3],
	[7, 13, 14, 9, 14, 1, 2, 7, 1, 1] => QQFieldElem[-3//2, -3//2, -1//2, 1//2],
	[7, 13, 14, 9, 14, 1, 1, 7, 1, 1] => QQFieldElem[2, 4, 3, 1])