Dict(
	[8, 11, 11, 8, 11, 1, 2, 14, 1, 1] => QQFieldElem[-1//2, 0, 0, 1//2],
	[8, 11, 11, 8, 13, 1, 1, 4, 1, 1] => QQFieldElem[-2, -3//2, 0, 3//2],
	[8, 11, 11, 8, 11, 1, 1, 14, 1, 1] => QQFieldElem[-1//4, 1//4, -1//4, -1//4],
	[8, 11, 11, 8, 11, 1, 2, 4, 1, 1] => QQFieldElem[2, 0, -2, -3],
	[8, 11, 11, 8, 11, 1, 1, 4, 1, 1] => QQFieldElem[0, 3//2, 2, 3//2],
	[8, 11, 11, 8, 1, 1, 1, 12, 1, 1] => QQFieldElem[1//2, 0, 0, 1//2],
	[8, 11, 11, 8, 13, 1, 1, 12, 1, 1] => QQFieldElem[1//2, 1, 1//2, 0],
	[8, 11, 11, 8, 11, 1, 2, 12, 1, 1] => QQFieldElem[-1, -1, 0, 0],
	[8, 11, 11, 8, 11, 1, 1, 12, 1, 1] => QQFieldElem[1, 1//2, 0, -1//2],
	[8, 11, 11, 8, 1, 1, 1, 8, 1, 1] => QQFieldElem[1//2, -1//2, 0, 0],
	[8, 11, 11, 8, 13, 1, 1, 8, 1, 1] => QQFieldElem[0, 1//2, 1, 1//2],
	[8, 11, 11, 8, 11, 1, 2, 8, 1, 1] => QQFieldElem[-1, -1, 0, 0],
	[8, 11, 11, 8, 11, 1, 1, 8, 1, 1] => QQFieldElem[1//2, 0, -1//2, -1],
	[8, 11, 11, 8, 1, 1, 1, 14, 1, 1] => QQFieldElem[1//4, 0, -1//4, 1//2],
	[8, 11, 11, 8, 1, 1, 1, 4, 1, 1] => QQFieldElem[-1//2, 1//2, 1, 1],
	[8, 11, 11, 8, 13, 1, 1, 14, 1, 1] => QQFieldElem[3//4, 3//4, 1//4, -1//4])