Dict(
	[10, 10, 9, 8, 13, 12] => QQFieldElem[2, 1, 1, 1, 1, 1, 2, 0, 2, 2],
	[10, 10, 9, 8, 3, 12] => QQFieldElem[8, 0, 7, 1, 5, 3, 3, 5, 1, 7],
	[10, 10, 9, 8, 14, 12] => QQFieldElem[-2, -1, 1, 3, 1, -1, -2, 0, 2, 2],
	[10, 10, 9, 8, 4, 12] => QQFieldElem[-1, 0, -1, 0, 0, 0, 0, 0, 0, -1],
	[10, 10, 9, 8, 5, 5] => QQFieldElem[2, 1, 2, 2, 1, 2, 0, 3, 1, 3],
	[10, 10, 9, 8, 3, 14] => QQFieldElem[23, 0, 21, 4, 16, 10, 10, 16, 4, 21],
	[10, 10, 9, 8, 15, 14] => QQFieldElem[13, 1, 10, 2, 7, 7, 5, 10, 0, 11],
	[10, 10, 9, 8, 4, 14] => QQFieldElem[0, 0, 1, 0, 1, 1, 1, 1, 0, 1],
	[10, 10, 9, 8, 13, 14] => QQFieldElem[5, 2, 3, 3, 3, 2, 5, 0, 4, 4],
	[10, 10, 9, 8, 14, 14] => QQFieldElem[0, 0, 1, 1, 1, 0, 0, 0, 1, 1],
	[10, 10, 9, 8, 5, 12] => QQFieldElem[5, 0, 4, 0, 3, 2, 2, 3, 0, 4],
	[10, 10, 9, 8, 3, 4] => QQFieldElem[-2, 0, -1, -1, 0, -2, 0, -1, -1, -1],
	[10, 10, 9, 8, 15, 4] => QQFieldElem[3, 0, -7, -10, -4, 3, 3, -5, -9, -7],
	[10, 10, 9, 8, 15, 15] => QQFieldElem[-56//67, -25//67, -96//67, -89//67, -51//67, -84//67, 24//67, -98//67, -52//67, -166//67],
	[10, 10, 9, 8, 5, 14] => QQFieldElem[-13, 0, -12, -2, -9, -5, -5, -9, -2, -12],
	[10, 10, 9, 8, 4, 4] => QQFieldElem[-2, -4, 0, 0, -4, -2, 0, -2, -3, -2],
	[10, 10, 9, 8, 13, 15] => QQFieldElem[3317//1541, 1281//1541, 1963//1541, 3215//1541, 86//1541, 3267//1541, 3747//1541, -510//1541, 3506//1541, 3178//1541],
	[10, 10, 9, 8, 14, 4] => QQFieldElem[-2, 0, 4, 6, 3, -2, -2, 3, 6, 4],
	[10, 10, 9, 8, 13, 4] => QQFieldElem[0, 0, -3, -1, 3, -3, -3, 3, -1, -3],
	[10, 10, 9, 8, 3, 2] => QQFieldElem[3, 1, 2, 2, 1, 3, 0, 3, 0, 3],
	[10, 10, 9, 8, 4, 2] => QQFieldElem[-2, -2, -1, -1, -2, -2, 0, -1, -2, -1],
	[10, 10, 9, 8, 14, 2] => QQFieldElem[1, 0, -2, -2, -1, 0, 0, -1, -2, -2],
	[10, 10, 9, 8, 13, 2] => QQFieldElem[-1, 0, 2, 0, -1, 2, 2, -1, 0, 2],
	[10, 10, 9, 8, 15, 2] => QQFieldElem[-2, -1, 1, 2, 1, -3, -1, 0, 3, 0],
	[10, 10, 9, 8, 3, 15] => QQFieldElem[2685//1541, 13//1541, 1674//1541, 995//1541, 458//1541, 1917//1541, 352//1541, 2337//1541, 287//1541, 2769//1541],
	[10, 10, 9, 8, 4, 15] => QQFieldElem[-1404//1541, -86//1541, -1354//1541, -1011//1541, -422//1541, -1302//1541, -432//1541, -1117//1541, -2//1541, -1367//1541],
	[10, 10, 9, 8, 3, 5] => QQFieldElem[3, 0, 2, 2, 0, 3, 0, 2, 1, 2],
	[10, 10, 9, 8, 15, 5] => QQFieldElem[3, -1, -9, -11, -4, 1, 3, -6, -10, -10],
	[10, 10, 9, 8, 14, 15] => QQFieldElem[-999//1541, -239//1541, -430//1541, 792//1541, -241//1541, -393//1541, -663//1541, -291//1541, 532//1541, -54//1541],
	[10, 10, 9, 8, 4, 5] => QQFieldElem[-2, 0, -1, -1, 0, -2, 0, -1, -1, -1],
	[10, 10, 9, 8, 13, 5] => QQFieldElem[3, 0, 2, 3, -1, 3, 3, -1, 3, 2],
	[10, 10, 9, 8, 14, 5] => QQFieldElem[-3, 0, 4, 6, 2, -2, -2, 2, 6, 4],
	[10, 10, 9, 8, 5, 4] => QQFieldElem[0, 0, 1, 1, 0, 0, 0, 1, 0, 1],
	[10, 10, 9, 8, 15, 12] => QQFieldElem[-2, 1, -6, -5, -5, -1, 1, -4, -4, -8],
	[10, 10, 9, 8, 5, 15] => QQFieldElem[2436//1541, 518//1541, 2099//1541, 1359//1541, 1180//1541, 2180//1541, 631//1541, 2320//1541, -418//1541, 2464//1541],
	[10, 10, 9, 8, 5, 2] => QQFieldElem[2, 1, 1, 1, 1, 2, 0, 2, 0, 2])