Dict(
	[10, 19, 4, 15, 19, 12] => QQFieldElem[19, 32, 25, 6, -3, 8, 27, 32, 16, -2],
	[10, 19, 4, 15, 18, 12] => QQFieldElem[-3, -3, -1, 2, 3, 0, -5, -3, 2, 4],
	[10, 19, 4, 15, 20, 13] => QQFieldElem[6, 1, -3, 0, 0, 6, 1, 2, -6, 4],
	[10, 19, 4, 15, 20, 15] => QQFieldElem[0, 1, -1, -2, 1, 0, 2, 1, -2, 0],
	[10, 19, 4, 15, 16, 13] => QQFieldElem[1, 2, -1, 1, 2, 1, -1, 2, 1, 0],
	[10, 19, 4, 15, 16, 15] => QQFieldElem[4, 4, -1, 0, 0, 0, 0, -1, 4, 4],
	[10, 19, 4, 15, 19, 14] => QQFieldElem[-37//67, 81//67, 161//67, 163//67, 86//67, 2//67, 20//67, 131//67, 179//67, 140//67],
	[10, 19, 4, 15, 18, 14] => QQFieldElem[-15//67, -74//67, 20//67, -48//67, -43//67, -1//67, -10//67, -32//67, -56//67, -3//67],
	[10, 19, 4, 15, 20, 12] => QQFieldElem[-15, -29, -26, -11, -1, -7, -21, -30, -21, -4],
	[10, 19, 4, 15, 16, 12] => QQFieldElem[2, 7, 4, 0, 4, 7, 2, 0, 6, 6],
	[10, 19, 4, 15, 19, 13] => QQFieldElem[-1, 3, 5, 5, 0, -1, 1, 5, 5, 2],
	[10, 19, 4, 15, 19, 15] => QQFieldElem[-1, -2, 1, 1, 0, 0, -1, 1, 2, -1],
	[10, 19, 4, 15, 18, 13] => QQFieldElem[-4, -2, -3, -3, -1, -4, 0, -6, 0, -5],
	[10, 19, 4, 15, 18, 15] => QQFieldElem[-1, 0, 0, 1, 0, 1, 0, 0, -1, -1],
	[10, 19, 4, 15, 20, 14] => QQFieldElem[1, 0, -3, -2, -1, 0, 0, -1, -2, -3],
	[10, 19, 4, 15, 16, 14] => QQFieldElem[-176//67, -234//67, -11//67, -121//67, -241//67, -110//67, -95//67, -103//67, -197//67, -129//67])