Dict(
	[12, 14, 18, 8, 17, 25] => QQFieldElem[-48300//39601, -21739//39601, 65585//39601, -41744//39601, -73951//39601, 70822//39601, 1501//39601, -68179//39601, 6805//39601, 18555//39601],
	[12, 14, 18, 8, 19, 13] => QQFieldElem[-38, -24, 10, -13, -40, -10, 8, -27, -35, 3],
	[12, 14, 18, 8, 19, 15] => QQFieldElem[0, 0, -6, -1, 3, -5, -1, 2, -5, -2],
	[12, 14, 18, 8, 7, 13] => QQFieldElem[-64, -64, 0, -18, -77, -42, 7, -42, -77, -18],
	[12, 14, 18, 8, 9, 23] => QQFieldElem[-4, -1, 4, -3, -5, 4, 1, -5, -1, 2],
	[12, 14, 18, 8, 7, 15] => QQFieldElem[7, 0, -4, 4, 5, -2, -2, 5, 4, -4],
	[12, 14, 18, 8, 17, 13] => QQFieldElem[52, 46, -4, 16, 60, 28, -7, 35, 58, 9],
	[12, 14, 18, 8, 17, 15] => QQFieldElem[-4, -1, 4, -3, -5, 4, 1, -5, -1, 2],
	[12, 14, 18, 8, 9, 25] => QQFieldElem[-48300//39601, -21739//39601, 65585//39601, -41744//39601, -73951//39601, 70822//39601, 1501//39601, -68179//39601, 6805//39601, 18555//39601],
	[12, 14, 18, 8, 19, 23] => QQFieldElem[0, 0, -6, -1, 3, -5, -1, 2, -5, -2],
	[12, 14, 18, 8, 7, 23] => QQFieldElem[7, 0, -4, 4, 5, -2, -2, 5, 4, -4],
	[12, 14, 18, 8, 17, 23] => QQFieldElem[-3, -2, 5, -2, -5, 4, 0, -4, 1, 1],
	[12, 14, 18, 8, 9, 13] => QQFieldElem[52, 46, -4, 16, 60, 28, -7, 35, 58, 9],
	[12, 14, 18, 8, 9, 15] => QQFieldElem[-3, -2, 5, -2, -5, 4, 0, -4, 1, 1],
	[12, 14, 18, 8, 19, 25] => QQFieldElem[-19813//39601, 32657//39601, -73456//39601, 1547//39601, 68186//39601, -96381//39601, 1097//39601, 56258//39601, -75152//39601, 8337//39601],
	[12, 14, 18, 8, 7, 25] => QQFieldElem[108386//39601, -11442//39601, -65012//39601, 64745//39601, 76836//39601, -42507//39601, -33060//39601, 79537//39601, 48624//39601, -74327//39601])