Dict(
	[12, 17, 22, 22, 23, 18] => QQFieldElem[13, 1, 10, 2, 7, 7, 5, 10, 0, 11],
	[12, 17, 22, 22, 11, 8] => QQFieldElem[6, 0, 3, 1, 4, 1, 1, 4, 1, 3],
	[12, 17, 22, 22, 18, 21] => QQFieldElem[-3, 0, 4, 6, 2, -2, -2, 2, 6, 4],
	[12, 17, 22, 22, 11, 23] => QQFieldElem[4973//1541, 3121//1541, 399//1541, 1444//1541, 4456//1541, 2669//1541, -485//1541, 3929//1541, 3943//1541, 2143//1541],
	[12, 17, 22, 22, 18, 18] => QQFieldElem[0, 0, 1, 1, 1, 0, 0, 0, 1, 1],
	[12, 17, 22, 22, 11, 6] => QQFieldElem[0, -2, 1, 1, -2, 0, 0, 1, -3, 1],
	[12, 17, 22, 22, 23, 16] => QQFieldElem[-9, 0, 16, 20, 8, -7, -6, 8, 21, 15],
	[12, 17, 22, 22, 21, 21] => QQFieldElem[2, 1, 2, 2, 1, 2, 0, 3, 1, 3],
	[12, 17, 22, 22, 21, 18] => QQFieldElem[-13, 0, -12, -2, -9, -5, -5, -9, -2, -12],
	[12, 17, 22, 22, 13, 21] => QQFieldElem[3, 0, 2, 3, -1, 3, 3, -1, 3, 2],
	[12, 17, 22, 22, 23, 8] => QQFieldElem[-2, 1, -6, -5, -5, -1, 1, -4, -4, -8],
	[12, 17, 22, 22, 18, 16] => QQFieldElem[5, 0, -10, -13, -5, 4, 4, -5, -13, -10],
	[12, 17, 22, 22, 13, 18] => QQFieldElem[5, 2, 3, 3, 3, 2, 5, 0, 4, 4],
	[12, 17, 22, 22, 23, 23] => QQFieldElem[-56//67, -25//67, -96//67, -89//67, -51//67, -84//67, 24//67, -98//67, -52//67, -166//67],
	[12, 17, 22, 22, 23, 6] => QQFieldElem[-1, 0, -2, -2, 0, -2, 1, -2, -1, -2],
	[12, 17, 22, 22, 18, 8] => QQFieldElem[-2, -1, 1, 3, 1, -1, -2, 0, 2, 2],
	[12, 17, 22, 22, 21, 16] => QQFieldElem[1, 0, -1, -1, 0, 1, 0, 0, -2, 0],
	[12, 17, 22, 22, 18, 23] => QQFieldElem[-999//1541, -239//1541, -430//1541, 792//1541, -241//1541, -393//1541, -663//1541, -291//1541, 532//1541, -54//1541],
	[12, 17, 22, 22, 16, 21] => QQFieldElem[-2, 0, -1, -1, 0, -2, 0, -1, -1, -1],
	[12, 17, 22, 22, 13, 16] => QQFieldElem[-7, 0, -2, -6, 1, -4, -4, 1, -6, -2],
	[12, 17, 22, 22, 18, 6] => QQFieldElem[-1, 0, 0, 0, 0, -1, -1, 0, 0, 0],
	[12, 17, 22, 22, 16, 18] => QQFieldElem[0, 0, 1, 0, 1, 1, 1, 1, 0, 1],
	[12, 17, 22, 22, 21, 8] => QQFieldElem[5, 0, 4, 0, 3, 2, 2, 3, 0, 4],
	[12, 17, 22, 22, 21, 23] => QQFieldElem[2436//1541, 518//1541, 2099//1541, 1359//1541, 1180//1541, 2180//1541, 631//1541, 2320//1541, -418//1541, 2464//1541],
	[12, 17, 22, 22, 11, 21] => QQFieldElem[-3, -5, 0, 0, -5, -3, 0, -1, -6, -1],
	[12, 17, 22, 22, 13, 8] => QQFieldElem[2, 1, 1, 1, 1, 1, 2, 0, 2, 2],
	[12, 17, 22, 22, 21, 6] => QQFieldElem[3, 0, 2, 2, 0, 3, 0, 2, 1, 2],
	[12, 17, 22, 22, 11, 18] => QQFieldElem[15, 0, 11, 3, 11, 5, 5, 11, 3, 11],
	[12, 17, 22, 22, 13, 23] => QQFieldElem[3317//1541, 1281//1541, 1963//1541, 3215//1541, 86//1541, 3267//1541, 3747//1541, -510//1541, 3506//1541, 3178//1541],
	[12, 17, 22, 22, 16, 16] => QQFieldElem[2, -1, 1, 1, -1, 2, 0, -1, 2, -1],
	[12, 17, 22, 22, 13, 6] => QQFieldElem[-9, 0, -2, -8, 2, -5, -5, 2, -8, -2],
	[12, 17, 22, 22, 16, 8] => QQFieldElem[-1, 0, -1, 0, 0, 0, 0, 0, 0, -1],
	[12, 17, 22, 22, 11, 16] => QQFieldElem[-2, -2, -1, -1, -2, -2, 0, -2, -2, -2],
	[12, 17, 22, 22, 16, 23] => QQFieldElem[-1404//1541, -86//1541, -1354//1541, -1011//1541, -422//1541, -1302//1541, -432//1541, -1117//1541, -2//1541, -1367//1541],
	[12, 17, 22, 22, 23, 21] => QQFieldElem[3, -1, -9, -11, -4, 1, 3, -6, -10, -10],
	[12, 17, 22, 22, 16, 6] => QQFieldElem[2, -3, 1, 1, -3, 2, 0, -2, 3, -2])