Dict(
	[12, 14, 14, 22, 21, 23] => QQFieldElem[0, -3, 0, 4, -1, -6, -1, 4, 0, -3],
	[12, 14, 14, 22, 23, 25] => QQFieldElem[560//737, -420//737, -916//737, -48//737, -93//737, -567//737, -106//737, 377//737, -284//737, -1154//737],
	[12, 14, 14, 22, 13, 23] => QQFieldElem[-2, -6, -2, 1, -3, -6, -1, 0, -4, -4],
	[12, 14, 14, 22, 23, 13] => QQFieldElem[3, 3, 1, 0, 2, 4, 1, 0, 3, 2],
	[12, 14, 14, 22, 23, 15] => QQFieldElem[2, 1, -2, -2, -2, 1, 1, 1, -3, -3],
	[12, 14, 14, 22, 21, 25] => QQFieldElem[-1817//737, -664//737, 819//737, -855//737, -1979//737, -12//737, 415//737, -1622//737, -1558//737, 541//737],
	[12, 14, 14, 22, 13, 25] => QQFieldElem[-10//11, 2//11, 14//11, -7//11, -6//11, 6//11, 7//11, -14//11, -2//11, 10//11],
	[12, 14, 14, 22, 11, 23] => QQFieldElem[0, 6, 4, -1, 2, 7, 2, -1, 4, 6],
	[12, 14, 14, 22, 21, 13] => QQFieldElem[0, -3, -2, 1, -1, -4, -1, 1, -2, -3],
	[12, 14, 14, 22, 21, 15] => QQFieldElem[-1, 0, 1, -1, -1, 1, 1, -1, -1, 1],
	[12, 14, 14, 22, 13, 13] => QQFieldElem[-2, -4, -2, 0, -2, -5, -1, 0, -4, -3],
	[12, 14, 14, 22, 13, 15] => QQFieldElem[0, 0, 2, 1, 1, 1, 0, 0, 1, 3],
	[12, 14, 14, 22, 23, 23] => QQFieldElem[4, 3, -5, -7, 1, 6, 1, -4, -3, -2],
	[12, 14, 14, 22, 11, 25] => QQFieldElem[2151//737, 782//737, -1060//737, 1058//737, 2142//737, 245//737, -673//737, 2039//737, 1715//737, -666//737],
	[12, 14, 14, 22, 11, 13] => QQFieldElem[0, 4, 3, -1, 1, 5, 1, -1, 3, 4],
	[12, 14, 14, 22, 11, 15] => QQFieldElem[1, 0, -2, 1, 1, -1, -1, 1, 1, -2])