Dict(
	[13, 10, 9, 12, 2, 10] => QQFieldElem[-11, 0, 6, -6, -8, 3, 3, -8, -6, 6],
	[13, 10, 9, 12, 2, 18] => QQFieldElem[1, 0, 2, 0, 0, 1, 1, 0, 0, 2],
	[13, 10, 9, 12, 12, 10] => QQFieldElem[2, 0, -1, 1, 2, -1, -1, 2, 1, -1],
	[13, 10, 9, 12, 12, 18] => QQFieldElem[-1, 0, -1, 1, 0, -1, -1, 0, 1, -1],
	[13, 10, 9, 12, 4, 10] => QQFieldElem[-1, 0, 2, 1, -1, 1, 1, -1, 1, 2],
	[13, 10, 9, 12, 4, 18] => QQFieldElem[0, 0, 0, -1, 0, 0, 0, 0, -1, 0],
	[13, 10, 9, 12, 14, 10] => QQFieldElem[0, 0, -3, -5, -2, 1, 1, -2, -5, -3],
	[13, 10, 9, 12, 14, 18] => QQFieldElem[3, 0, 0, -2, 0, 2, 2, 0, -2, 0],
	[13, 10, 9, 12, 2, 20] => QQFieldElem[9, 0, 3, 6, 1, 4, 4, 1, 6, 3],
	[13, 10, 9, 12, 12, 20] => QQFieldElem[-2, 0, -1, 0, -2, 0, 0, -2, 0, -1],
	[13, 10, 9, 12, 2, 8] => QQFieldElem[-1, 0, 4, 1, -5, 4, 4, -5, 1, 4],
	[13, 10, 9, 12, 4, 20] => QQFieldElem[-3, 0, -1, -3, 1, -2, -2, 1, -3, -1],
	[13, 10, 9, 12, 14, 20] => QQFieldElem[4, 0, 1, 2, 0, 2, 2, 0, 2, 1],
	[13, 10, 9, 12, 12, 8] => QQFieldElem[2, 0, 0, 1, 1, 0, 0, 1, 1, 0],
	[13, 10, 9, 12, 4, 8] => QQFieldElem[-6, 0, -1, -5, 0, -3, -3, 0, -5, -1],
	[13, 10, 9, 12, 14, 8] => QQFieldElem[4, 0, 1, 4, -2, 3, 3, -2, 4, 1])