Dict(
	[13, 14, 9, 18, 6, 14] => QQFieldElem[0, 3, 1, 0, 1, 2, 1, 0, 1, 3],
	[13, 14, 9, 18, 18, 12] => QQFieldElem[0, 5, 9, 6, 1, -1, 2, 7, 8, 4],
	[13, 14, 9, 18, 18, 24] => QQFieldElem[-2, -2, 1, 1, -2, -1, -1, -1, 1, -1],
	[13, 14, 9, 18, 8, 24] => QQFieldElem[2, 0, -1, 1, 2, -1, -1, 2, 1, -1],
	[13, 14, 9, 18, 10, 12] => QQFieldElem[1, 2, 3, 3, 2, 0, 0, 3, 4, 2],
	[13, 14, 9, 18, 10, 24] => QQFieldElem[1, 2, 0, 0, 1, 2, 0, 1, 1, 1],
	[13, 14, 9, 18, 8, 12] => QQFieldElem[0, -2, -3, -2, -1, -1, -1, -2, -3, -2],
	[13, 14, 9, 18, 20, 15] => QQFieldElem[2, 10, 5, -5, 0, 9, 6, 0, 2, 4],
	[13, 14, 9, 18, 16, 15] => QQFieldElem[5, 0, -4, 2, 5, -3, -3, 5, 2, -4],
	[13, 14, 9, 18, 6, 25] => QQFieldElem[-13319//529, -31490//529, -11814//529, 370//529, -23576//529, -27292//529, -3597//529, -6481//529, -28117//529, -20995//529],
	[13, 14, 9, 18, 8, 22] => QQFieldElem[0, -6, -11, -9, -2, 2, -2, -9, -11, -6],
	[13, 14, 9, 18, 18, 22] => QQFieldElem[-5, -51, -84, -65, -17, 4, -26, -73, -81, -41],
	[13, 14, 9, 18, 10, 22] => QQFieldElem[-2, 6, 14, 13, 4, -2, 2, 11, 15, 9],
	[13, 14, 9, 18, 18, 14] => QQFieldElem[16, -7, -44, -50, -19, 13, 9, -27, -52, -38],
	[13, 14, 9, 18, 8, 14] => QQFieldElem[-6, 0, 10, 13, 5, -4, -4, 5, 13, 10],
	[13, 14, 9, 18, 10, 14] => QQFieldElem[13, 5, -14, -23, -10, 8, 12, -5, -21, -19],
	[13, 14, 9, 18, 6, 15] => QQFieldElem[-66, 0, 52, -30, -62, 35, 35, -62, -30, 52],
	[13, 14, 9, 18, 20, 12] => QQFieldElem[-1, -6, -9, -8, -4, 0, -2, -9, -11, -5],
	[13, 14, 9, 18, 20, 24] => QQFieldElem[0, -3, -2, -3, -3, -1, 0, -2, -4, -4],
	[13, 14, 9, 18, 16, 12] => QQFieldElem[1, 1, 0, 0, 1, 1, 0, 0, 1, 1],
	[13, 14, 9, 18, 16, 24] => QQFieldElem[0, 3, 1, 0, 2, 1, 2, 0, 1, 3],
	[13, 14, 9, 18, 8, 25] => QQFieldElem[290//529, -1773//529, -1528//529, 423//529, -200//529, -1972//529, -811//529, 793//529, -935//529, -2006//529],
	[13, 14, 9, 18, 10, 25] => QQFieldElem[1215//529, 1282//529, -145//529, 395//529, 1424//529, 731//529, -87//529, 723//529, 1473//529, 169//529],
	[13, 14, 9, 18, 18, 25] => QQFieldElem[-1//23, -13//23, 27//23, 24//23, -35//23, 16//23, 30//23, -32//23, 6//23, 25//23],
	[13, 14, 9, 18, 20, 22] => QQFieldElem[0, 48, 88, 73, 21, -8, 20, 73, 88, 48],
	[13, 14, 9, 18, 16, 22] => QQFieldElem[1, 3, 4, 2, 0, 0, 2, 4, 3, 1],
	[13, 14, 9, 18, 18, 15] => QQFieldElem[2, 4, 3, 3, 4, 5, 1, 0, 7, 6],
	[13, 14, 9, 18, 8, 15] => QQFieldElem[-8, -8, 0, -3, -10, -5, 1, -5, -10, -3],
	[13, 14, 9, 18, 20, 14] => QQFieldElem[-31, 0, 57, 73, 30, -23, -23, 29, 73, 57],
	[13, 14, 9, 18, 6, 24] => QQFieldElem[0, -32, -17, 3, -13, -27, -13, 3, -17, -32],
	[13, 14, 9, 18, 10, 15] => QQFieldElem[-1, -6, -4, 2, -1, -6, -3, 0, -3, -4],
	[13, 14, 9, 18, 16, 14] => QQFieldElem[0, -1, -1, -1, 0, 0, 0, -1, -1, -1],
	[13, 14, 9, 18, 6, 12] => QQFieldElem[-11, -17, -5, -3, -14, -14, -3, -5, -17, -11],
	[13, 14, 9, 18, 6, 22] => QQFieldElem[3, 4, 1, 1, 3, 3, 1, 1, 4, 3],
	[13, 14, 9, 18, 20, 25] => QQFieldElem[-1539//529, -1377//529, -169//529, -853//529, -1839//529, -1067//529, 216//529, -810//529, -2289//529, -602//529],
	[13, 14, 9, 18, 16, 25] => QQFieldElem[303//529, 2053//529, 421//529, -326//529, 1451//529, 1431//529, 41//529, 243//529, 1586//529, 1027//529])