Dict(
	[13, 22, 22, 8, 18, 24] => QQFieldElem[15, 1, 3, 13, -2, 9, 11, -3, 12, 5],
	[13, 22, 22, 8, 8, 24] => QQFieldElem[-8, -2, -1, -8, 0, -4, -7, 1, -6, -4],
	[13, 22, 22, 8, 18, 17] => QQFieldElem[9, 5, 1, 10, 2, 4, 10, 0, 6, 7],
	[13, 22, 22, 8, 8, 17] => QQFieldElem[-4, -3, 0, -4, -2, -2, -5, -1, -3, -4],
	[13, 22, 22, 8, 18, 19] => QQFieldElem[3, -1, -5, -5, -2, 3, 1, -3, -6, -3],
	[13, 22, 22, 8, 8, 19] => QQFieldElem[-1, 2, 5, 4, 2, 0, 0, 3, 5, 4],
	[13, 22, 22, 8, 8, 22] => QQFieldElem[-1, 0, 2, 4, 1, -1, 0, 1, 3, 3],
	[13, 22, 22, 8, 18, 22] => QQFieldElem[2, 0, -5, -9, -3, 2, 1, -2, -8, -7],
	[13, 22, 22, 8, 16, 24] => QQFieldElem[-22, 0, -7, -20, 4, -14, -14, 4, -20, -7],
	[13, 22, 22, 8, 16, 17] => QQFieldElem[-11, -5, -2, -12, -2, -5, -11, 0, -8, -8],
	[13, 22, 22, 8, 16, 19] => QQFieldElem[0, 0, -1, -2, 0, 0, 0, 0, -2, -1],
	[13, 22, 22, 8, 16, 22] => QQFieldElem[1, 0, 1, 4, 1, 0, 1, 0, 3, 3],
	[13, 22, 22, 8, 6, 24] => QQFieldElem[14, 0, 4, 13, -3, 9, 9, -3, 13, 4],
	[13, 22, 22, 8, 6, 17] => QQFieldElem[6, 3, 1, 6, 1, 3, 6, 0, 5, 5],
	[13, 22, 22, 8, 6, 19] => QQFieldElem[0, 0, 0, 1, 0, 0, 0, 0, 1, 0],
	[13, 22, 22, 8, 6, 22] => QQFieldElem[-1, 0, 0, -2, 0, 0, -1, 0, -1, -1])