Dict(
	[13, 18, 7, 14, 22, 20] => QQFieldElem[34//23, 40//23, 5//23, 14//23, 47//23, 32//23, 7//23, 22//23, 2, 16//23],
	[13, 18, 7, 14, 24, 10] => QQFieldElem[0, 4, 0, 0, 2, 1, 2, 1, 0, 3],
	[13, 18, 7, 14, 24, 18] => QQFieldElem[-3, -3, 0, -2, -4, 0, 1, -4, -4, 0],
	[13, 18, 7, 14, 22, 8] => QQFieldElem[0, -2, -3, -3, -1, 0, -1, -3, -3, -2],
	[13, 18, 7, 14, 12, 10] => QQFieldElem[99, 99, 0, 28, 119, 65, -11, 65, 119, 28],
	[13, 18, 7, 14, 12, 18] => QQFieldElem[0, 249, 178, -51, 85, 275, 85, -51, 178, 249],
	[13, 18, 7, 14, 14, 10] => QQFieldElem[1, -3, 1, 0, -2, 1, -1, -1, 1, -2],
	[13, 18, 7, 14, 14, 18] => QQFieldElem[1, 0, -1, 0, 1, -1, -1, 1, 0, -1],
	[13, 18, 7, 14, 24, 20] => QQFieldElem[0, 0, 1, 0, -1, 1, 1, -1, 0, 1],
	[13, 18, 7, 14, 12, 20] => QQFieldElem[1021//23, 3145//23, 1513//23, -152//23, 1941//23, 3003//23, 602//23, 225//23, 2739//23, 2411//23],
	[13, 18, 7, 14, 24, 8] => QQFieldElem[-4, 0, 6, 6, 2, -3, -3, 3, 7, 4],
	[13, 18, 7, 14, 14, 20] => QQFieldElem[-4//23, -8//23, -10//23, -5//23, 7//23, -12//23, -11//23, 15//23, -12//23, -12//23],
	[13, 18, 7, 14, 12, 8] => QQFieldElem[-2, 0, 2, -1, -2, 1, 1, -2, -1, 2],
	[13, 18, 7, 14, 14, 8] => QQFieldElem[2, 2, 0, 1, 0, 1, 2, 1, 0, 1],
	[13, 18, 7, 14, 22, 10] => QQFieldElem[1, 0, -1, 0, 1, -1, -1, 1, 0, -1],
	[13, 18, 7, 14, 22, 18] => QQFieldElem[3, 5, 2, 1, 4, 4, 1, 2, 5, 3])