Dict(
	[13, 13, 14, 14, 5, 1] => QQFieldElem[-2, 0, 0, -2, 0, -1, -1, 0, -2, 0],
	[13, 13, 14, 14, 4, 25] => QQFieldElem[170//353, 0, -435//353, 64//353, 249//353, -325//353, -325//353, 249//353, 64//353, -435//353],
	[13, 13, 14, 14, 14, 25] => QQFieldElem[6009//353, 0, -4298//353, 2881//353, 5070//353, -2777//353, -2777//353, 5070//353, 2881//353, -4298//353],
	[13, 13, 14, 14, 25, 5] => QQFieldElem[-2, 0, -5, -15, -9, 5, 5, -9, -15, -5],
	[13, 13, 14, 14, 2, 13] => QQFieldElem[13, 0, 8, 7, 3, 7, 7, 3, 7, 8],
	[13, 13, 14, 14, 24, 13] => QQFieldElem[6, 0, -8, 4, 6, -5, -5, 6, 4, -8],
	[13, 13, 14, 14, 12, 21] => QQFieldElem[8, 0, -8, 3, 9, -6, -6, 9, 3, -8],
	[13, 13, 14, 14, 5, 3] => QQFieldElem[1, 0, 1, 2, 0, 1, 1, 0, 2, 1],
	[13, 13, 14, 14, 22, 23] => QQFieldElem[-61//23, 0, 18//23, -67//23, 13//23, -24//23, -24//23, 13//23, -67//23, 18//23],
	[13, 13, 14, 14, 15, 21] => QQFieldElem[-32, 0, 23, -16, -28, 15, 15, -28, -16, 23],
	[13, 13, 14, 14, 22, 11] => QQFieldElem[0, 0, 1, 0, 1, 0, 0, 1, 0, 1],
	[13, 13, 14, 14, 2, 23] => QQFieldElem[-98//23, 0, -48//23, -59//23, -27//23, -51//23, -51//23, -27//23, -59//23, -48//23],
	[13, 13, 14, 14, 24, 23] => QQFieldElem[348//23, 0, -275//23, 179//23, 301//23, -170//23, -170//23, 301//23, 179//23, -275//23],
	[13, 13, 14, 14, 22, 25] => QQFieldElem[1024//353, 0, -170//353, 589//353, 499//353, 15//353, 15//353, 499//353, 589//353, -170//353],
	[13, 13, 14, 14, 5, 15] => QQFieldElem[35//23, 0, 8//23, 22//23, 6//23, 11//23, 11//23, 6//23, 22//23, 8//23],
	[13, 13, 14, 14, 12, 1] => QQFieldElem[-3, 0, 1, -2, -1, 0, 0, -1, -2, 1],
	[13, 13, 14, 14, 15, 1] => QQFieldElem[5, 0, -3, 4, 5, -3, -3, 5, 4, -3],
	[13, 13, 14, 14, 2, 11] => QQFieldElem[1, 0, 1, -1, 1, 0, 0, 1, -1, 1],
	[13, 13, 14, 14, 24, 11] => QQFieldElem[6, 0, -11, -13, -5, 4, 4, -5, -13, -11],
	[13, 13, 14, 14, 5, 5] => QQFieldElem[0, 0, 1, 0, -1, 1, 1, -1, 0, 1],
	[13, 13, 14, 14, 25, 13] => QQFieldElem[-14, 0, -2, -13, -2, -5, -5, -2, -13, -2],
	[13, 13, 14, 14, 12, 3] => QQFieldElem[1, 0, 1, 1, 0, 1, 1, 0, 1, 1],
	[13, 13, 14, 14, 15, 3] => QQFieldElem[10, 0, -17, -20, -7, 6, 6, -7, -20, -17],
	[13, 13, 14, 14, 2, 25] => QQFieldElem[260//353, 0, -250//353, 264//353, -76//353, -61//353, -61//353, -76//353, 264//353, -250//353],
	[13, 13, 14, 14, 24, 25] => QQFieldElem[-3730//353, 0, 2609//353, -1778//353, -3200//353, 1649//353, 1649//353, -3200//353, -1778//353, 2609//353],
	[13, 13, 14, 14, 12, 15] => QQFieldElem[195//23, 0, -123//23, 116//23, 132//23, -57//23, -57//23, 132//23, 116//23, -123//23],
	[13, 13, 14, 14, 15, 15] => QQFieldElem[-361//23, 0, 250//23, -175//23, -307//23, 154//23, 154//23, -307//23, -175//23, 250//23],
	[13, 13, 14, 14, 4, 21] => QQFieldElem[0, 0, -3, -1, 3, -3, -3, 3, -1, -3],
	[13, 13, 14, 14, 25, 23] => QQFieldElem[-16//23, 0, 148//23, 42//23, -164//23, 163//23, 163//23, -164//23, 42//23, 148//23],
	[13, 13, 14, 14, 14, 21] => QQFieldElem[44, 0, -31, 22, 38, -19, -19, 38, 22, -31],
	[13, 13, 14, 14, 12, 5] => QQFieldElem[-5, 0, 4, -2, -5, 3, 3, -5, -2, 4],
	[13, 13, 14, 14, 25, 11] => QQFieldElem[-10, 0, 22, 28, 11, -7, -7, 11, 28, 22],
	[13, 13, 14, 14, 15, 5] => QQFieldElem[9, 0, -4, 11, 12, -7, -7, 12, 11, -4],
	[13, 13, 14, 14, 5, 13] => QQFieldElem[7, 0, 2, 7, -2, 5, 5, -2, 7, 2],
	[13, 13, 14, 14, 25, 25] => QQFieldElem[1495//353, 0, -1614//353, 459//353, 1681//353, -1145//353, -1145//353, 1681//353, 459//353, -1614//353],
	[13, 13, 14, 14, 4, 1] => QQFieldElem[-3, 0, 1, -2, -1, 0, 0, -1, -2, 1],
	[13, 13, 14, 14, 14, 1] => QQFieldElem[-7, 0, 5, -4, -7, 3, 3, -7, -4, 5],
	[13, 13, 14, 14, 22, 21] => QQFieldElem[-2, 0, -3, -3, 3, -4, -4, 3, -3, -3],
	[13, 13, 14, 14, 4, 3] => QQFieldElem[1, 0, 1, 0, 0, 1, 1, 0, 0, 1],
	[13, 13, 14, 14, 14, 3] => QQFieldElem[-3, 0, 3, 1, -1, 0, 0, -1, 1, 3],
	[13, 13, 14, 14, 5, 23] => QQFieldElem[-67//23, 0, -7//23, -57//23, 9//23, -29//23, -29//23, 9//23, -57//23, -7//23],
	[13, 13, 14, 14, 5, 11] => QQFieldElem[1, 0, 1, -1, 1, 0, 0, 1, -1, 1],
	[13, 13, 14, 14, 2, 21] => QQFieldElem[-3, 0, -2, -3, 1, -3, -3, 1, -3, -2],
	[13, 13, 14, 14, 24, 21] => QQFieldElem[-27, 0, 20, -12, -23, 12, 12, -23, -12, 20],
	[13, 13, 14, 14, 12, 13] => QQFieldElem[12, 0, 9, 8, 0, 9, 9, 0, 8, 9],
	[13, 13, 14, 14, 15, 13] => QQFieldElem[9, 0, -7, 4, 9, -5, -5, 9, 4, -7],
	[13, 13, 14, 14, 22, 1] => QQFieldElem[-2, 0, 0, -2, 0, -1, -1, 0, -2, 0],
	[13, 13, 14, 14, 4, 15] => QQFieldElem[1//23, 0, -30//23, -2//23, 12//23, -24//23, -24//23, 12//23, -2//23, -30//23],
	[13, 13, 14, 14, 14, 15] => QQFieldElem[442//23, 0, -311//23, 220//23, 382//23, -189//23, -189//23, 382//23, 220//23, -311//23],
	[13, 13, 14, 14, 5, 25] => QQFieldElem[404//353, 0, 46//353, 231//353, 110//353, 79//353, 79//353, 110//353, 231//353, 46//353],
	[13, 13, 14, 14, 4, 5] => QQFieldElem[-4, 0, 2, -2, -3, 1, 1, -3, -2, 2],
	[13, 13, 14, 14, 22, 3] => QQFieldElem[2, 0, 1, 1, 0, 1, 1, 0, 1, 1],
	[13, 13, 14, 14, 14, 5] => QQFieldElem[-14, 0, 10, -7, -12, 7, 7, -12, -7, 10],
	[13, 13, 14, 14, 2, 1] => QQFieldElem[-2, 0, 0, -2, 0, -1, -1, 0, -2, 0],
	[13, 13, 14, 14, 24, 1] => QQFieldElem[5, 0, -3, 4, 5, -3, -3, 5, 4, -3],
	[13, 13, 14, 14, 12, 23] => QQFieldElem[-127//23, 0, 42//23, -72//23, -77//23, 13//23, 13//23, -77//23, -72//23, 42//23],
	[13, 13, 14, 14, 15, 23] => QQFieldElem[396//23, 0, -282//23, 191//23, 333//23, -176//23, -176//23, 333//23, 191//23, -282//23],
	[13, 13, 14, 14, 12, 11] => QQFieldElem[0, 0, 1, -1, 1, 0, 0, 1, -1, 1],
	[13, 13, 14, 14, 15, 11] => QQFieldElem[1, 0, -3, -2, -1, 0, 0, -1, -2, -3],
	[13, 13, 14, 14, 2, 3] => QQFieldElem[2, 0, 1, 1, 0, 1, 1, 0, 1, 1],
	[13, 13, 14, 14, 22, 15] => QQFieldElem[50//23, 0, -28//23, 38//23, 25//23, -4//23, -4//23, 25//23, 38//23, -28//23],
	[13, 13, 14, 14, 24, 3] => QQFieldElem[5, 0, -9, -9, -3, 2, 2, -3, -9, -9],
	[13, 13, 14, 14, 25, 21] => QQFieldElem[22, 0, -8, 12, 9, 0, 0, 9, 12, -8],
	[13, 13, 14, 14, 12, 25] => QQFieldElem[2437//353, 0, -1678//353, 1258//353, 1927//353, -994//353, -994//353, 1927//353, 1258//353, -1678//353],
	[13, 13, 14, 14, 15, 25] => QQFieldElem[-4849//353, 0, 3427//353, -2382//353, -4160//353, 2179//353, 2179//353, -4160//353, -2382//353, 3427//353],
	[13, 13, 14, 14, 22, 5] => QQFieldElem[-1, 0, 1, 0, -2, 1, 1, -2, 0, 1],
	[13, 13, 14, 14, 2, 15] => QQFieldElem[22//23, 0, -16//23, 25//23, -12//23, 1//23, 1//23, -12//23, 25//23, -16//23],
	[13, 13, 14, 14, 24, 15] => QQFieldElem[-250//23, 0, 186//23, -121//23, -217//23, 112//23, 112//23, -217//23, -121//23, 186//23],
	[13, 13, 14, 14, 4, 13] => QQFieldElem[9, 0, 8, 3, 4, 5, 5, 4, 3, 8],
	[13, 13, 14, 14, 14, 13] => QQFieldElem[-16, 0, 10, -8, -13, 6, 6, -13, -8, 10],
	[13, 13, 14, 14, 25, 1] => QQFieldElem[2, 0, 1, -1, -4, 4, 4, -4, -1, 1],
	[13, 13, 14, 14, 2, 5] => QQFieldElem[-1, 0, 1, 0, -2, 1, 1, -2, 0, 1],
	[13, 13, 14, 14, 24, 5] => QQFieldElem[10, 0, -6, 7, 10, -5, -5, 10, 7, -6],
	[13, 13, 14, 14, 25, 3] => QQFieldElem[-21, 0, 32, 39, 17, -14, -14, 17, 39, 32],
	[13, 13, 14, 14, 5, 21] => QQFieldElem[-3, 0, -2, -3, 1, -3, -3, 1, -3, -2],
	[13, 13, 14, 14, 4, 23] => QQFieldElem[-103//23, 0, -19//23, -43//23, -61//23, -13//23, -13//23, -61//23, -43//23, -19//23],
	[13, 13, 14, 14, 14, 23] => QQFieldElem[-588//23, 0, 425//23, -285//23, -507//23, 269//23, 269//23, -507//23, -285//23, 425//23],
	[13, 13, 14, 14, 22, 13] => QQFieldElem[8, 0, 5, 5, 1, 5, 5, 1, 5, 5],
	[13, 13, 14, 14, 4, 11] => QQFieldElem[0, 0, 1, 0, 1, 0, 0, 1, 0, 1],
	[13, 13, 14, 14, 14, 11] => QQFieldElem[-1, 0, 1, 0, -1, 0, 0, -1, 0, 1],
	[13, 13, 14, 14, 25, 15] => QQFieldElem[5, 0, -5, 1, 5, -3, -3, 5, 1, -5])