Dict(
	[14, 7, 9, 12, 3, 10] => QQFieldElem[0, 1, 1, 1, 2, 2, 1, 1, 1, 0],
	[14, 7, 9, 12, 15, 10] => QQFieldElem[-2, -1, 5, 1, 1, -1, -3, 3, 3, 1],
	[14, 7, 9, 12, 15, 18] => QQFieldElem[-4, -4, 0, -3, 3, -3, -5, -1, -3, 1],
	[14, 7, 9, 12, 3, 18] => QQFieldElem[2, 0, 0, 3, -1, 2, 2, -1, 3, 0],
	[14, 7, 9, 12, 13, 10] => QQFieldElem[-1, 0, 0, 1, 0, 0, 0, 0, 1, 0],
	[14, 7, 9, 12, 13, 18] => QQFieldElem[-2, 2, -2, 0, -1, -1, 0, 0, -1, -1],
	[14, 7, 9, 12, 3, 20] => QQFieldElem[-5701//4489, -5992//4489, -6873//4489, -3740//4489, 1179//4489, 4949//4489, 7832//4489, 9202//4489, 7642//4489, 2734//4489],
	[14, 7, 9, 12, 15, 20] => QQFieldElem[-3076//4489, -4259//4489, 1446//4489, -5640//4489, 1970//4489, -2403//4489, -5353//4489, 1250//4489, -3287//4489, -54//4489],
	[14, 7, 9, 12, 13, 20] => QQFieldElem[-1614//4489, 1043//4489, -508//4489, 1553//4489, -630//4489, -143//4489, -1615//4489, -2724//4489, -1068//4489, -2626//4489],
	[14, 7, 9, 12, 3, 8] => QQFieldElem[1, 2, 1, -1, 2, 2, -1, 1, 2, 1],
	[14, 7, 9, 12, 5, 10] => QQFieldElem[3, 1, -1, 3, 1, 1, 3, -1, 1, 3],
	[14, 7, 9, 12, 15, 8] => QQFieldElem[0, 1, -3, 0, -1, 0, 1, -2, -1, -1],
	[14, 7, 9, 12, 5, 18] => QQFieldElem[6, 0, 3, 6, 0, 4, 4, 0, 6, 3],
	[14, 7, 9, 12, 13, 8] => QQFieldElem[2, 0, 2, 1, 1, 1, 1, 1, 1, 2],
	[14, 7, 9, 12, 5, 20] => QQFieldElem[9597//4489, 2601//4489, 3588//4489, 9214//4489, 809//4489, 4580//4489, 6741//4489, -307//4489, 6801//4489, 5752//4489],
	[14, 7, 9, 12, 5, 8] => QQFieldElem[-2, -1, 0, -2, -1, -1, -2, 0, -1, -2])