Dict(
	[14, 10, 7, 14, 5, 20] => QQFieldElem[-535//979, -729//979, -362//979, -809//979, -574//979, -196//979, -467//979, -353//979, 47//979, -851//979],
	[14, 10, 7, 14, 5, 8] => QQFieldElem[1, 2, 0, -1, -1, 0, 2, 1, 0, -1],
	[14, 10, 7, 14, 15, 10] => QQFieldElem[1, 1, -2, -3, -2, 1, 2, -1, -3, -2],
	[14, 10, 7, 14, 15, 18] => QQFieldElem[-1, -1, 0, -2, 0, -1, 0, -1, -2, 0],
	[14, 10, 7, 14, 4, 10] => QQFieldElem[-35, 24, 42, -22, -22, 42, 24, -35, 0, 49],
	[14, 10, 7, 14, 4, 18] => QQFieldElem[-6, 0, 5, -3, -6, 3, 3, -6, -3, 5],
	[14, 10, 7, 14, 14, 10] => QQFieldElem[1, 0, 1, 1, 1, 0, 0, 1, 1, 1],
	[14, 10, 7, 14, 14, 18] => QQFieldElem[-1, 0, -1, 0, -1, 0, -1, 0, 0, -1],
	[14, 10, 7, 14, 15, 20] => QQFieldElem[-191//979, 135//979, -1057//979, -104//979, -75//979, -145//979, 159//979, -406//979, -190//979, -205//979],
	[14, 10, 7, 14, 4, 20] => QQFieldElem[3354//979, 592//979, -2126//979, 1734//979, 3152//979, -1216//979, -1239//979, 2665//979, 1850//979, -2023//979],
	[14, 10, 7, 14, 14, 20] => QQFieldElem[1054//979, 29//979, 984//979, 333//979, 419//979, 549//979, 404//979, 754//979, 213//979, 1080//979],
	[14, 10, 7, 14, 15, 8] => QQFieldElem[-6, -2, 3, 7, 2, -3, -5, 0, 6, 4],
	[14, 10, 7, 14, 5, 18] => QQFieldElem[2, 0, 1, 1, 0, 1, 1, 0, 1, 1],
	[14, 10, 7, 14, 5, 10] => QQFieldElem[-1, -1, 0, 0, 0, 0, -1, -1, 0, 0],
	[14, 10, 7, 14, 4, 8] => QQFieldElem[-1, 0, 0, -1, -1, 0, 0, -1, 0, 1],
	[14, 10, 7, 14, 14, 8] => QQFieldElem[3, 0, 0, -2, 0, 1, 1, 0, -2, 0])