Dict(
	[15, 7, 12, 10, 6, 10] => QQFieldElem[1, 0, 2, -1, 2, 0, 0, 2, -1, 2],
	[15, 7, 12, 10, 16, 19] => QQFieldElem[-3, -2, -1, -6, -2, -1, -4, 0, -4, -5],
	[15, 7, 12, 10, 6, 20] => QQFieldElem[28, -16, 14, 18, -16, 23, 7, -12, 30, -7],
	[15, 7, 12, 10, 16, 9] => QQFieldElem[1, 1, 1, 3, 1, 1, 2, 0, 2, 3],
	[15, 7, 12, 10, 18, 10] => QQFieldElem[-214//67, 127//67, 16//67, 26//67, 109//67, -187//67, -71//67, 128//67, -36//67, 117//67],
	[15, 7, 12, 10, 8, 10] => QQFieldElem[222//67, -133//67, 36//67, 159//67, -207//67, 199//67, 58//67, -181//67, 254//67, -122//67],
	[15, 7, 12, 10, 6, 19] => QQFieldElem[10, 6, 1, 11, 2, 4, 11, 0, 7, 8],
	[15, 7, 12, 10, 18, 20] => QQFieldElem[25, -66, 28, -4, -57, 46, -37, -30, 42, -58],
	[15, 7, 12, 10, 8, 20] => QQFieldElem[-51, 93, -45, -8, 81, -72, 39, 47, -75, 77],
	[15, 7, 12, 10, 6, 9] => QQFieldElem[-6, -3, -2, -6, -2, -3, -6, -1, -4, -6],
	[15, 7, 12, 10, 18, 19] => QQFieldElem[13, 2, 5, 15, 1, 7, 10, -1, 13, 9],
	[15, 7, 12, 10, 8, 19] => QQFieldElem[-21, -6, -4, -20, 0, -11, -18, 2, -16, -11],
	[15, 7, 12, 10, 16, 10] => QQFieldElem[55//67, 9//67, -11//67, 24//67, 13//67, 49//67, 53//67, -21//67, 8//67, -26//67],
	[15, 7, 12, 10, 18, 9] => QQFieldElem[-5, -1, -2, -7, 0, -3, -4, 1, -6, -4],
	[15, 7, 12, 10, 8, 9] => QQFieldElem[11, 3, 3, 11, 1, 6, 9, 0, 9, 7],
	[15, 7, 12, 10, 16, 20] => QQFieldElem[-14, 6, -6, -10, 6, -10, -5, 4, -13, 1])