Dict(
	[16, 22, 17, 21, 21, 17] => QQFieldElem[-7, 0, 14, 18, 7, -5, -5, 7, 18, 14],
	[16, 22, 17, 21, 21, 22] => QQFieldElem[5, 0, -7, -8, -3, 3, 3, -3, -8, -7],
	[16, 22, 17, 21, 16, 12] => QQFieldElem[1, 0, 1, 1, 0, 0, 0, 0, 1, 1],
	[16, 22, 17, 21, 16, 17] => QQFieldElem[4, 0, -9, -12, -4, 3, 3, -4, -12, -9],
	[16, 22, 17, 21, 21, 7] => QQFieldElem[-1, 0, 0, 0, 0, -1, -1, 0, 0, 0],
	[16, 22, 17, 21, 16, 22] => QQFieldElem[-3, 0, 4, 5, 2, -2, -2, 2, 5, 4],
	[16, 22, 17, 21, 11, 12] => QQFieldElem[3, 0, 2, 2, 0, 2, 2, 0, 2, 2],
	[16, 22, 17, 21, 11, 17] => QQFieldElem[0, 0, -1, 0, -1, 0, 0, -1, 0, -1],
	[16, 22, 17, 21, 6, 12] => QQFieldElem[2, 0, -2, 1, 2, -1, -1, 2, 1, -2],
	[16, 22, 17, 21, 11, 22] => QQFieldElem[-1, 0, 0, 0, -1, 0, 0, -1, 0, 0],
	[16, 22, 17, 21, 6, 17] => QQFieldElem[-6, 0, 5, -1, -4, 2, 2, -4, -1, 5],
	[16, 22, 17, 21, 6, 22] => QQFieldElem[10, 0, -7, 4, 8, -4, -4, 8, 4, -7],
	[16, 22, 17, 21, 16, 7] => QQFieldElem[2, 0, 0, 1, -1, 1, 1, -1, 1, 0],
	[16, 22, 17, 21, 11, 7] => QQFieldElem[-2, 0, 0, -3, 1, -2, -2, 1, -3, 0],
	[16, 22, 17, 21, 6, 7] => QQFieldElem[2, 0, -1, 1, 2, -1, -1, 2, 1, -1],
	[16, 22, 17, 21, 21, 12] => QQFieldElem[0, 0, -1, -1, 0, 0, 0, 0, -1, -1])