Dict(
	[17, 20, 20, 16, 22, 20] => QQFieldElem[69//11, 6//11, -134//11, -186//11, -73//11, 51//11, 54//11, -64//11, -182//11, -146//11],
	[17, 20, 20, 16, 2, 15] => QQFieldElem[0, -3, -4, 3, -3, -2, -3, 3, -4, -3],
	[17, 20, 20, 16, 12, 15] => QQFieldElem[-1, -4, -2, -8, -2, -2, 3, -7, -6, -4],
	[17, 20, 20, 16, 17, 5] => QQFieldElem[-2, 2, 6, 4, 0, -1, 1, 3, 5, 4],
	[17, 20, 20, 16, 17, 20] => QQFieldElem[-6, 0, 12, 16, 7, -5, -5, 7, 16, 12],
	[17, 20, 20, 16, 2, 5] => QQFieldElem[2, 0, 1, 0, 2, 0, 0, 1, 1, 0],
	[17, 20, 20, 16, 2, 20] => QQFieldElem[1//11, 2//11, 3//11, 4//11, 5//11, -5//11, 18//11, -14//11, 9//11, -1//11],
	[17, 20, 20, 16, 12, 5] => QQFieldElem[-1, -1, -3, -1, -2, 0, -1, -2, -2, -2],
	[17, 20, 20, 16, 12, 20] => QQFieldElem[17//11, 1//11, -15//11, -9//11, -14//11, 25//11, -2//11, 4//11, -23//11, -6//11],
	[17, 20, 20, 16, 22, 25] => QQFieldElem[3, 2, -2, -6, -3, 4, 3, -2, -4, -4],
	[17, 20, 20, 16, 17, 25] => QQFieldElem[-8, -7, 3, 4, -4, -6, -2, -2, -2, 2],
	[17, 20, 20, 16, 22, 15] => QQFieldElem[10, -3, -24, -27, -9, 7, 5, -14, -27, -21],
	[17, 20, 20, 16, 2, 25] => QQFieldElem[4, 7, 0, 0, 7, 4, 0, 2, 8, 2],
	[17, 20, 20, 16, 12, 25] => QQFieldElem[1, -3, -2, 0, -1, -2, -2, 2, -3, -3],
	[17, 20, 20, 16, 17, 15] => QQFieldElem[-8, 9, 29, 29, 13, -3, -3, 17, 34, 26],
	[17, 20, 20, 16, 22, 5] => QQFieldElem[1, -1, -4, -3, -1, 1, 0, -3, -4, -2])