Dict(
	[17, 13, 14, 8, 14, 17] => QQFieldElem[-3, 0, 1, -2, -2, 0, 0, -2, -2, 1],
	[17, 13, 14, 8, 24, 9] => QQFieldElem[3, -2, 4, 1, -4, 7, 1, -4, 5, 0],
	[17, 13, 14, 8, 14, 19] => QQFieldElem[-71//23, -82//23, -24//23, -17//23, -67//23, -76//23, -5//23, -24//23, -102//23, -47//23],
	[17, 13, 14, 8, 12, 9] => QQFieldElem[-7, 0, -2, -7, 2, -5, -5, 2, -7, -2],
	[17, 13, 14, 8, 14, 9] => QQFieldElem[0, 3, -2, 2, 3, -3, 3, 2, -2, 3],
	[17, 13, 14, 8, 24, 7] => QQFieldElem[-1, -1, 0, -2, -4, 1, 3, -3, -4, 0],
	[17, 13, 14, 8, 12, 7] => QQFieldElem[-1, -1, 0, -1, 0, 0, -2, 0, 0, -1],
	[17, 13, 14, 8, 14, 7] => QQFieldElem[0, 0, -1, 0, 1, -1, -1, 1, 0, -1],
	[17, 13, 14, 8, 22, 17] => QQFieldElem[-4, -4, 0, -2, -4, -2, -1, -2, -4, -2],
	[17, 13, 14, 8, 22, 19] => QQFieldElem[-1, -71//23, -34//23, -13//23, -27//23, -63//23, -36//23, 8//23, -55//23, -70//23],
	[17, 13, 14, 8, 22, 9] => QQFieldElem[-3, 0, -2, -3, 1, -3, -3, 1, -3, -2],
	[17, 13, 14, 8, 24, 17] => QQFieldElem[8, 4, -2, 4, 6, 2, 1, 4, 6, 0],
	[17, 13, 14, 8, 22, 7] => QQFieldElem[1, 1, 0, 0, 2, 1, -1, 1, 2, 0],
	[17, 13, 14, 8, 24, 19] => QQFieldElem[126//23, 202//23, 85//23, 39//23, 135//23, 199//23, 65//23, 24//23, 211//23, 157//23],
	[17, 13, 14, 8, 12, 17] => QQFieldElem[-2, -2, 0, -2, -2, -1, -2, -1, -2, -2],
	[17, 13, 14, 8, 12, 19] => QQFieldElem[-22//23, -36//23, -9//23, -32//23, -17//23, -30//23, -38//23, -2//23, -31//23, -38//23])