Dict(
	[17, 14, 7, 14, 20, 20] => QQFieldElem[-14//23, -28//23, -33//23, 4//23, -17//23, -45//23, 3//23, -5//23, -40//23, -21//23],
	[17, 14, 7, 14, 20, 8] => QQFieldElem[-5, -3, 2, 5, 1, -3, -5, -1, 5, 3],
	[17, 14, 7, 14, 18, 10] => QQFieldElem[-2, 0, 0, -1, -2, 0, 0, -2, -1, 0],
	[17, 14, 7, 14, 18, 18] => QQFieldElem[0, -1, 0, 1, -1, -1, 1, 0, -1, 0],
	[17, 14, 7, 14, 8, 18] => QQFieldElem[58, 0, -41, 28, 50, -26, -26, 50, 28, -41],
	[17, 14, 7, 14, 10, 10] => QQFieldElem[1, 1, 1, 0, 1, 2, 0, 0, 2, 1],
	[17, 14, 7, 14, 10, 18] => QQFieldElem[-2, 0, 0, -2, 0, -1, -1, 0, -2, 0],
	[17, 14, 7, 14, 8, 10] => QQFieldElem[-74, -178, -74, 0, -125, -164, -28, -28, -164, -125],
	[17, 14, 7, 14, 18, 20] => QQFieldElem[-26//23, -2//23, 26//23, -7//23, -21//23, 17//23, 17//23, -1, -18//23, 20//23],
	[17, 14, 7, 14, 8, 20] => QQFieldElem[-1003//23, -2781//23, -1266//23, 65//23, -1827//23, -2629//23, -22, -305//23, -2483//23, -2051//23],
	[17, 14, 7, 14, 10, 20] => QQFieldElem[18//23, 14//23, 24//23, -3//23, 13//23, 37//23, -1//23, 3//23, 31//23, 13//23],
	[17, 14, 7, 14, 18, 8] => QQFieldElem[2, 0, 0, -1, 0, 1, 1, 0, -1, 0],
	[17, 14, 7, 14, 8, 8] => QQFieldElem[-2, -4, -2, 0, -3, -4, -1, -1, -4, -3],
	[17, 14, 7, 14, 10, 8] => QQFieldElem[1, 3, 1, 0, 0, 0, 2, 2, 0, 0],
	[17, 14, 7, 14, 20, 18] => QQFieldElem[2, -1, -1, 1, 0, 1, 0, -1, 1, -1],
	[17, 14, 7, 14, 20, 10] => QQFieldElem[1, -1, 0, 0, 0, -1, 1, 1, -2, 0])