Dict(
	[18, 21, 18, 21, 18, 8] => QQFieldElem[-38, -108, -128, -75, -11, -11, -75, -128, -108, -38],
	[18, 21, 18, 21, 8, 8] => QQFieldElem[1, 1, 0, 1, 1, 0, 1, 1, 0, 1],
	[18, 21, 18, 21, 18, 23] => QQFieldElem[0, 0, 1, 4, 1, 0, 0, 0, 3, 3],
	[18, 21, 18, 21, 8, 23] => QQFieldElem[17, 25, -4, 25, 17, 0, 28, 8, 8, 28],
	[18, 21, 18, 21, 13, 8] => QQFieldElem[11, 20, 17, 5, -1, 5, 17, 20, 11, 0],
	[18, 21, 18, 21, 13, 23] => QQFieldElem[-1, 1, -1, -1, 1, -1, 0, 0, -1, 0],
	[18, 21, 18, 21, 23, 13] => QQFieldElem[3, -6, -16, -16, -6, 3, 0, -12, -19, -12],
	[18, 21, 18, 21, 23, 18] => QQFieldElem[3, 3, -1, -4, -1, 3, 3, 0, -2, -2],
	[18, 21, 18, 21, 18, 13] => QQFieldElem[0, 11, 20, 17, 5, -1, 5, 17, 20, 11],
	[18, 21, 18, 21, 8, 13] => QQFieldElem[4, 0, 1, 3, 0, 3, 1, 0, 4, 0],
	[18, 21, 18, 21, 18, 18] => QQFieldElem[-1, 0, 3, 5, 2, -1, -1, 2, 5, 3],
	[18, 21, 18, 21, 8, 18] => QQFieldElem[10, 0, -2, 19, -4, -4, 19, -2, 0, 10],
	[18, 21, 18, 21, 13, 13] => QQFieldElem[-1, -2, -3, -2, 0, 0, -2, -3, -2, -1],
	[18, 21, 18, 21, 23, 8] => QQFieldElem[18, 81, 115, 81, 18, 0, 47, 104, 104, 47],
	[18, 21, 18, 21, 13, 18] => QQFieldElem[0, 0, -1, 0, 0, 0, 0, 0, -1, 0],
	[18, 21, 18, 21, 23, 23] => QQFieldElem[1, 1, 0, -2, -2, 1, 2, 1, -2, -2])