Dict(
	[18, 7, 13, 14, 9, 22] => QQFieldElem[-2, 0, 0, -1, 1, -1, -1, 1, -1, 0],
	[18, 7, 13, 14, 9, 14] => QQFieldElem[0, 1, -3, -1, 1, -1, 1, -1, -3, 1],
	[18, 7, 13, 14, 19, 12] => QQFieldElem[2, 0, -2, -3, -1, 1, 1, 0, -3, -3],
	[18, 7, 13, 14, 19, 24] => QQFieldElem[15812//2189, 7831//2189, 4162//2189, 18357//2189, 3677//2189, 7279//2189, 16260//2189, 931//2189, 13102//2189, 12865//2189],
	[18, 7, 13, 14, 7, 12] => QQFieldElem[9, 9, 0, 2, 11, 6, -2, 6, 11, 2],
	[18, 7, 13, 14, 7, 24] => QQFieldElem[12195//2189, 4865//2189, 1704//2189, 12062//2189, -64//2189, 4112//2189, 11093//2189, -1264//2189, 8522//2189, 9662//2189],
	[18, 7, 13, 14, 19, 22] => QQFieldElem[8, 9, 2, 15, 7, 1, 12, 3, 8, 15],
	[18, 7, 13, 14, 17, 12] => QQFieldElem[0, 0, 0, 1, 1, 0, 0, 0, 1, 1],
	[18, 7, 13, 14, 17, 24] => QQFieldElem[-12860//2189, -6096//2189, -1840//2189, -14854//2189, -2161//2189, -6177//2189, -13746//2189, 553//2189, -10569//2189, -9426//2189],
	[18, 7, 13, 14, 7, 22] => QQFieldElem[8, 8, 0, 11, 4, 1, 12, 1, 4, 11],
	[18, 7, 13, 14, 17, 22] => QQFieldElem[-9, -9, 0, -13, -6, -2, -13, -2, -6, -13],
	[18, 7, 13, 14, 19, 14] => QQFieldElem[9, 3, 9, 14, 0, 5, 7, 3, 15, 7],
	[18, 7, 13, 14, 7, 14] => QQFieldElem[12, 0, 4, 11, -3, 8, 8, -3, 11, 4],
	[18, 7, 13, 14, 17, 14] => QQFieldElem[-8, 0, -2, -7, 2, -5, -5, 2, -7, -2],
	[18, 7, 13, 14, 9, 12] => QQFieldElem[-1, 0, 1, 1, 0, 0, 0, 0, 1, 1],
	[18, 7, 13, 14, 9, 24] => QQFieldElem[-1554//2189, 764//2189, -1516//2189, -1893//2189, -15//2189, -2867//2189, -923//2189, 251//2189, -1765//2189, 828//2189])