Dict(
	[18, 22, 22, 8, 23, 17] => QQFieldElem[-1, -2, 1, 4, 2, -3, -3, 2, 3, 1],
	[18, 22, 22, 8, 23, 19] => QQFieldElem[0, -3, -6, -7, -1, 0, -1, -5, -7, -4],
	[18, 22, 22, 8, 23, 22] => QQFieldElem[6, 2, -7, -9, -4, 3, 5, -2, -9, -8],
	[18, 22, 22, 8, 21, 24] => QQFieldElem[-317//737, -557//737, -104//737, -784//737, -606//737, -76//737, -800//737, -281//737, -367//737, -739//737],
	[18, 22, 22, 8, 21, 17] => QQFieldElem[2, 2, 0, 0, 1, 1, 1, 1, 1, 0],
	[18, 22, 22, 8, 21, 19] => QQFieldElem[1, 0, -1, 0, -1, 1, 1, -1, 0, -1],
	[18, 22, 22, 8, 21, 22] => QQFieldElem[-2, -2, 0, 1, 1, -1, -3, -1, 1, 1],
	[18, 22, 22, 8, 13, 24] => QQFieldElem[-353//737, -783//737, 305//737, -422//737, -533//737, -259//737, -942//737, 80//737, 233//737, -802//737],
	[18, 22, 22, 8, 13, 17] => QQFieldElem[-3, -3, -1, -4, -6, -1, 2, -4, -7, -2],
	[18, 22, 22, 8, 13, 19] => QQFieldElem[0, 2, 4, 4, 1, -1, 1, 3, 5, 2],
	[18, 22, 22, 8, 13, 22] => QQFieldElem[-4, -2, 4, 4, 1, -2, -3, 1, 4, 3],
	[18, 22, 22, 8, 11, 24] => QQFieldElem[697//737, 1141//737, 45//737, 1303//737, 900//737, 288//737, 1480//737, 483//737, 421//737, 1404//737],
	[18, 22, 22, 8, 11, 17] => QQFieldElem[3, 3, 0, 1, 4, 2, -1, 2, 4, 1],
	[18, 22, 22, 8, 11, 19] => QQFieldElem[0, 0, 1, 0, 1, 0, 0, 1, 0, 1],
	[18, 22, 22, 8, 11, 22] => QQFieldElem[2, 2, 0, 1, 1, 1, 2, 1, 1, 1],
	[18, 22, 22, 8, 23, 24] => QQFieldElem[365//737, 367//737, -687//737, -190//737, 263//737, 320//737, 498//737, -446//737, -433//737, 86//737])