Dict(
	[18, 18, 17, 17, 17, 1] => QQFieldElem[-2, 0, -1, 0, -2, 0, 0, -2, 0, -1],
	[18, 18, 17, 17, 22, 3] => QQFieldElem[-1, 0, 3, 3, 1, -2, -2, 1, 3, 3],
	[18, 18, 17, 17, 2, 1] => QQFieldElem[-1, 0, -2, 0, -1, -1, -1, -1, 0, -2],
	[18, 18, 17, 17, 24, 1] => QQFieldElem[3, 0, -3, -4, -1, 1, 1, -1, -4, -3],
	[18, 18, 17, 17, 12, 23] => QQFieldElem[-68//23, 0, -84//23, -17//23, -30//23, -49//23, -49//23, -30//23, -17//23, -84//23],
	[18, 18, 17, 17, 17, 3] => QQFieldElem[0, 0, 1, 0, 1, 0, 0, 1, 0, 1],
	[18, 18, 17, 17, 12, 11] => QQFieldElem[-5, 0, -6, -2, -4, -2, -2, -4, -2, -6],
	[18, 18, 17, 17, 2, 3] => QQFieldElem[1, 0, 0, -1, 0, 0, 0, 0, -1, 0],
	[18, 18, 17, 17, 24, 3] => QQFieldElem[-28, 0, 51, 66, 27, -20, -20, 27, 66, 51],
	[18, 18, 17, 17, 19, 13] => QQFieldElem[-2, 0, 1, 2, 0, -1, -1, 0, 2, 1],
	[18, 18, 17, 17, 12, 18] => QQFieldElem[50//23, 0, 44//23, 3//23, 37//23, 15//23, 15//23, 37//23, 3//23, 44//23],
	[18, 18, 17, 17, 4, 13] => QQFieldElem[4, 0, 4, 3, -1, 4, 4, -1, 3, 4],
	[18, 18, 17, 17, 14, 13] => QQFieldElem[-5, 0, 2, -3, -3, 1, 1, -3, -3, 2],
	[18, 18, 17, 17, 19, 23] => QQFieldElem[-22//23, 0, 8//23, 6//23, -7//23, -3//23, -3//23, -7//23, 6//23, 8//23],
	[18, 18, 17, 17, 19, 11] => QQFieldElem[20, 0, -30, -41, -15, 14, 14, -15, -41, -30],
	[18, 18, 17, 17, 12, 16] => QQFieldElem[1, 0, 1, 0, 1, 0, 0, 1, 0, 1],
	[18, 18, 17, 17, 4, 23] => QQFieldElem[-66//23, 0, 24//23, -5//23, -90//23, 37//23, 37//23, -90//23, -5//23, 24//23],
	[18, 18, 17, 17, 14, 23] => QQFieldElem[-104//23, 0, 88//23, -49//23, -100//23, 59//23, 59//23, -100//23, -49//23, 88//23],
	[18, 18, 17, 17, 4, 11] => QQFieldElem[-5, 0, -4, -1, -3, -2, -2, -3, -1, -4],
	[18, 18, 17, 17, 22, 13] => QQFieldElem[4, 0, 2, 2, 1, 2, 2, 1, 2, 2],
	[18, 18, 17, 17, 14, 11] => QQFieldElem[-1, 0, 3, 3, 1, -1, -1, 1, 3, 3],
	[18, 18, 17, 17, 19, 18] => QQFieldElem[-12//23, 0, 29//23, 14//23, 4//23, 1//23, 1//23, 4//23, 14//23, 29//23],
	[18, 18, 17, 17, 17, 13] => QQFieldElem[1, 0, 3, -2, 3, 0, 0, 3, -2, 3],
	[18, 18, 17, 17, 2, 13] => QQFieldElem[5, 0, 3, 2, 2, 2, 2, 2, 2, 3],
	[18, 18, 17, 17, 24, 13] => QQFieldElem[3, 0, -5, -2, 1, -1, -1, 1, -2, -5],
	[18, 18, 17, 17, 19, 16] => QQFieldElem[-3, 0, 6, 7, 3, -2, -2, 3, 7, 6],
	[18, 18, 17, 17, 12, 21] => QQFieldElem[-4, 0, 6, -3, -3, 3, 3, -3, -3, 6],
	[18, 18, 17, 17, 22, 23] => QQFieldElem[2, 0, 1, 1, 1, 1, 1, 1, 1, 1],
	[18, 18, 17, 17, 4, 18] => QQFieldElem[-54//23, 0, 27//23, -52//23, -5//23, -7//23, -7//23, -5//23, -52//23, 27//23],
	[18, 18, 17, 17, 22, 11] => QQFieldElem[-1, 0, -5, -4, -3, 0, 0, -3, -4, -5],
	[18, 18, 17, 17, 14, 18] => QQFieldElem[-12//23, 0, 6//23, -9//23, -19//23, 1//23, 1//23, -19//23, -9//23, 6//23],
	[18, 18, 17, 17, 17, 23] => QQFieldElem[55//23, 0, 49//23, 31//23, 6//23, 42//23, 42//23, 6//23, 31//23, 49//23],
	[18, 18, 17, 17, 4, 16] => QQFieldElem[-4, 0, 0, -4, 1, -2, -2, 1, -4, 0],
	[18, 18, 17, 17, 17, 11] => QQFieldElem[-5, 0, -5, -1, -4, -2, -2, -4, -1, -5],
	[18, 18, 17, 17, 14, 16] => QQFieldElem[0, 0, 0, 0, 0, 1, 1, 0, 0, 0],
	[18, 18, 17, 17, 2, 23] => QQFieldElem[-37//23, 0, -66//23, 8//23, -40//23, -27//23, -27//23, -40//23, 8//23, -66//23],
	[18, 18, 17, 17, 24, 23] => QQFieldElem[4, 0, -4, 1, 3, -2, -2, 3, 1, -4],
	[18, 18, 17, 17, 12, 1] => QQFieldElem[-2, 0, -2, 0, -1, -1, -1, -1, 0, -2],
	[18, 18, 17, 17, 2, 11] => QQFieldElem[-4, 0, -4, -1, -3, -2, -2, -3, -1, -4],
	[18, 18, 17, 17, 24, 11] => QQFieldElem[-21, 0, 43, 54, 23, -16, -16, 23, 54, 43],
	[18, 18, 17, 17, 12, 3] => QQFieldElem[0, 0, 3, 3, 2, 0, 0, 2, 3, 3],
	[18, 18, 17, 17, 19, 21] => QQFieldElem[0, 0, 2, 3, 2, -1, -1, 2, 3, 2],
	[18, 18, 17, 17, 22, 18] => QQFieldElem[-16//23, 0, -15//23, -12//23, -10//23, -14//23, -14//23, -10//23, -12//23, -15//23],
	[18, 18, 17, 17, 22, 16] => QQFieldElem[-1, 0, 0, 0, 0, -1, -1, 0, 0, 0],
	[18, 18, 17, 17, 17, 18] => QQFieldElem[-9//23, 0, -7//23, 22//23, -43//23, 18//23, 18//23, -43//23, 22//23, -7//23],
	[18, 18, 17, 17, 2, 18] => QQFieldElem[25//23, 0, 22//23, -10//23, 30//23, -4//23, -4//23, 30//23, -10//23, 22//23],
	[18, 18, 17, 17, 24, 18] => QQFieldElem[31//23, 0, -27//23, -17//23, 5//23, 7//23, 7//23, 5//23, -17//23, -27//23],
	[18, 18, 17, 17, 17, 16] => QQFieldElem[1, 0, 1, 2, -2, 2, 2, -2, 2, 1],
	[18, 18, 17, 17, 4, 21] => QQFieldElem[10, 0, -1, 5, 6, 0, 0, 6, 5, -1],
	[18, 18, 17, 17, 19, 1] => QQFieldElem[-1, 0, 4, 4, 2, -1, -1, 2, 4, 4],
	[18, 18, 17, 17, 14, 21] => QQFieldElem[10, 0, -7, 5, 8, -4, -4, 8, 5, -7],
	[18, 18, 17, 17, 2, 16] => QQFieldElem[0, 0, 0, -1, 1, -1, -1, 1, -1, 0],
	[18, 18, 17, 17, 24, 16] => QQFieldElem[5, 0, -8, -10, -4, 3, 3, -4, -10, -8],
	[18, 18, 17, 17, 19, 3] => QQFieldElem[27, 0, -50, -64, -26, 20, 20, -26, -64, -50],
	[18, 18, 17, 17, 4, 1] => QQFieldElem[-2, 0, -1, 0, -2, 0, 0, -2, 0, -1],
	[18, 18, 17, 17, 14, 1] => QQFieldElem[0, 0, 0, -1, -1, 0, 0, -1, -1, 0],
	[18, 18, 17, 17, 22, 21] => QQFieldElem[-2, 0, 1, 0, -2, 1, 1, -2, 0, 1],
	[18, 18, 17, 17, 4, 3] => QQFieldElem[0, 0, 0, -1, 0, 0, 0, 0, -1, 0],
	[18, 18, 17, 17, 14, 3] => QQFieldElem[-4, 0, 7, 9, 4, -2, -2, 4, 9, 7],
	[18, 18, 17, 17, 17, 21] => QQFieldElem[4, 0, -3, 3, 2, -1, -1, 2, 3, -3],
	[18, 18, 17, 17, 2, 21] => QQFieldElem[-1, 0, 5, -1, -2, 3, 3, -2, -1, 5],
	[18, 18, 17, 17, 24, 21] => QQFieldElem[-6, 0, 3, -8, -8, 5, 5, -8, -8, 3],
	[18, 18, 17, 17, 12, 13] => QQFieldElem[7, 0, 4, 3, 3, 3, 3, 3, 3, 4],
	[18, 18, 17, 17, 22, 1] => QQFieldElem[-1, 0, -1, 0, -1, -1, -1, -1, 0, -1])