Dict(
	[20, 16, 21, 25, 11, 15] => QQFieldElem[1, 0, -6, -7, -3, 1, 1, -3, -7, -6],
	[20, 16, 21, 25, 16, 5] => QQFieldElem[18, 0, -33, -42, -17, 13, 13, -17, -42, -33],
	[20, 16, 21, 25, 6, 15] => QQFieldElem[3, 0, 2, 2, 0, 2, 2, 0, 2, 2],
	[20, 16, 21, 25, 16, 20] => QQFieldElem[166, 0, -305, -393, -160, 122, 122, -160, -393, -305],
	[20, 16, 21, 25, 11, 5] => QQFieldElem[-6, 0, 8, 11, 4, -4, -4, 4, 11, 8],
	[20, 16, 21, 25, 11, 20] => QQFieldElem[-32, 0, 58, 76, 31, -24, -24, 31, 76, 58],
	[20, 16, 21, 25, 6, 5] => QQFieldElem[2, 0, 1, 1, 0, 1, 1, 0, 1, 1],
	[20, 16, 21, 25, 21, 25] => QQFieldElem[62, 0, -113, -145, -59, 45, 45, -59, -145, -113],
	[20, 16, 21, 25, 6, 20] => QQFieldElem[1, 0, 0, 0, 1, 0, 0, 1, 0, 0],
	[20, 16, 21, 25, 21, 15] => QQFieldElem[8, 0, -18, -24, -9, 6, 6, -9, -24, -18],
	[20, 16, 21, 25, 16, 25] => QQFieldElem[-66, 0, 123, 160, 66, -50, -50, 66, 160, 123],
	[20, 16, 21, 25, 21, 5] => QQFieldElem[-15, 0, 24, 30, 13, -11, -11, 13, 30, 24],
	[20, 16, 21, 25, 11, 25] => QQFieldElem[10, 0, -24, -29, -13, 8, 8, -13, -29, -24],
	[20, 16, 21, 25, 21, 20] => QQFieldElem[-146, 0, 268, 344, 139, -106, -106, 139, 344, 268],
	[20, 16, 21, 25, 16, 15] => QQFieldElem[-11, 0, 21, 28, 12, -9, -9, 12, 28, 21],
	[20, 16, 21, 25, 6, 25] => QQFieldElem[1, 0, 2, 0, 1, 1, 1, 1, 0, 2])