Dict(
	[20, 21, 21, 25, 11, 15] => QQFieldElem[-6, 0, 12, 16, 7, -5, -5, 7, 16, 12],
	[20, 21, 21, 25, 11, 10] => QQFieldElem[6, 0, -10, -13, -5, 4, 4, -5, -13, -10],
	[20, 21, 21, 25, 6, 15] => QQFieldElem[1, 0, -1, -1, 0, 0, 0, 0, -1, -1],
	[20, 21, 21, 25, 16, 20] => QQFieldElem[129, 0, -236, -303, -123, 94, 94, -123, -303, -236],
	[20, 21, 21, 25, 6, 10] => QQFieldElem[0, 0, 1, 1, 0, -1, -1, 0, 1, 1],
	[20, 21, 21, 25, 11, 20] => QQFieldElem[-33, 0, 60, 77, 31, -24, -24, 31, 77, 60],
	[20, 21, 21, 25, 21, 25] => QQFieldElem[25, 0, -46, -60, -25, 19, 19, -25, -60, -46],
	[20, 21, 21, 25, 6, 20] => QQFieldElem[2, 0, -3, -4, -1, 2, 2, -1, -4, -3],
	[20, 21, 21, 25, 21, 15] => QQFieldElem[-19, 0, 33, 40, 15, -12, -12, 15, 40, 33],
	[20, 21, 21, 25, 21, 10] => QQFieldElem[11, 0, -20, -26, -11, 8, 8, -11, -26, -20],
	[20, 21, 21, 25, 16, 25] => QQFieldElem[-30, 0, 56, 72, 29, -22, -22, 29, 72, 56],
	[20, 21, 21, 25, 11, 25] => QQFieldElem[7, 0, -14, -17, -7, 5, 5, -7, -17, -14],
	[20, 21, 21, 25, 21, 20] => QQFieldElem[-104, 0, 190, 244, 99, -76, -76, 99, 244, 190],
	[20, 21, 21, 25, 16, 15] => QQFieldElem[23, 0, -42, -54, -22, 17, 17, -22, -54, -42],
	[20, 21, 21, 25, 6, 25] => QQFieldElem[0, 0, 1, 1, 1, 0, 0, 1, 1, 1],
	[20, 21, 21, 25, 16, 10] => QQFieldElem[-16, 0, 29, 37, 15, -12, -12, 15, 37, 29])