Dict(
	[20, 4, 14, 20, 15, 19] => QQFieldElem[13, 0, -23, -27, -10, 8, 8, -10, -27, -23],
	[20, 4, 14, 20, 13, 17] => QQFieldElem[12, 17, 10, 1, -1, 5, 14, 16, 7, -3],
	[20, 4, 14, 20, 14, 17] => QQFieldElem[-32, -44, -23, 9, 14, -16, -44, -37, -4, 16],
	[20, 4, 14, 20, 13, 19] => QQFieldElem[-3, -3, -1, -6, -9, -1, 4, -4, -10, -4],
	[20, 4, 14, 20, 11, 18] => QQFieldElem[-2, -1, -1, 0, -1, 1, 0, 0, 0, 1],
	[20, 4, 14, 20, 14, 19] => QQFieldElem[-17, -8, 18, 27, 8, -13, -12, 6, 22, 20],
	[20, 4, 14, 20, 11, 20] => QQFieldElem[14//11, -5//11, 31//11, 1//11, 4//11, 18//11, 10//11, 13//11, -6//11, 30//11],
	[20, 4, 14, 20, 11, 17] => QQFieldElem[-3, -4, -1, -1, -3, -2, -1, -3, -4, -1],
	[20, 4, 14, 20, 11, 19] => QQFieldElem[7, 9, 2, 1, 9, 7, 0, 4, 10, 5],
	[20, 4, 14, 20, 15, 18] => QQFieldElem[58, 37, -41, -82, -41, 37, 58, 0, -71, -71],
	[20, 4, 14, 20, 13, 18] => QQFieldElem[16, 16, 1, -13, -8, 9, 19, 10, -7, -12],
	[20, 4, 14, 20, 14, 18] => QQFieldElem[-70, -55, 29, 84, 45, -43, -76, -15, 67, 75],
	[20, 4, 14, 20, 15, 20] => QQFieldElem[29//11, -41//11, -188//11, -203//11, -86//11, 31//11, 16//11, -131//11, -201//11, -172//11],
	[20, 4, 14, 20, 13, 20] => QQFieldElem[29//11, 14//11, -1//11, -16//11, -9//11, 31//11, 16//11, 12//11, -25//11, 4//11],
	[20, 4, 14, 20, 14, 20] => QQFieldElem[-5, 2, 13, 17, 9, -6, -3, 8, 18, 13],
	[20, 4, 14, 20, 15, 17] => QQFieldElem[24, 31, 13, -10, -10, 13, 31, 24, 0, -13])