Dict(
	[21, 16, 24, 24, 9, 6] => QQFieldElem[2, 0, -4, -5, -2, 1, 1, -2, -5, -4],
	[21, 16, 24, 24, 9, 11] => QQFieldElem[0, 0, -1, -1, 0, 0, 0, 0, -1, -1],
	[21, 16, 24, 24, 19, 16] => QQFieldElem[-1, 0, 1, 0, 1, 0, 0, 1, 0, 1],
	[21, 16, 24, 24, 24, 21] => QQFieldElem[24//23, 0, -28//23, -24//23, -3//23, 8//23, 8//23, -3//23, -24//23, -28//23],
	[21, 16, 24, 24, 14, 21] => QQFieldElem[35//23, 0, -14//23, -12//23, 10//23, 4//23, 4//23, 10//23, -12//23, -14//23],
	[21, 16, 24, 24, 19, 6] => QQFieldElem[-5, 0, 3, 2, 3, -3, -3, 3, 2, 3],
	[21, 16, 24, 24, 19, 11] => QQFieldElem[-7, 0, -1, -4, 2, -4, -4, 2, -4, -1],
	[21, 16, 24, 24, 24, 16] => QQFieldElem[0, 0, -1, -2, -1, 1, 1, -1, -2, -1],
	[21, 16, 24, 24, 9, 21] => QQFieldElem[10//23, 0, -4//23, -10//23, -7//23, -12//23, -12//23, -7//23, -10//23, -4//23],
	[21, 16, 24, 24, 14, 16] => QQFieldElem[-5, 0, 3, -4, -5, 3, 3, -5, -4, 3],
	[21, 16, 24, 24, 24, 6] => QQFieldElem[5, 0, -9, -11, -4, 3, 3, -4, -11, -9],
	[21, 16, 24, 24, 24, 11] => QQFieldElem[2, 0, -3, -3, -1, 1, 1, -1, -3, -3],
	[21, 16, 24, 24, 9, 16] => QQFieldElem[1, 0, -1, -1, -1, -2, -2, -1, -1, -1],
	[21, 16, 24, 24, 14, 6] => QQFieldElem[6, 0, -11, -13, -4, 3, 3, -4, -13, -11],
	[21, 16, 24, 24, 14, 11] => QQFieldElem[4, 0, -2, -1, -1, 2, 2, -1, -1, -2],
	[21, 16, 24, 24, 19, 21] => QQFieldElem[-2, 0, -1, -1, -1, -2, -2, -1, -1, -1])