Dict(
	[22, 17, 7, 12, 13, 16] => QQFieldElem[1, 0, -1, 0, 2, -1, -1, 2, 0, -1],
	[22, 17, 7, 12, 21, 8] => QQFieldElem[-3, 0, -3, 0, -2, -1, -1, -2, 0, -3],
	[22, 17, 7, 12, 13, 8] => QQFieldElem[-2, 0, 0, -2, 0, -1, -1, 0, -2, 0],
	[22, 17, 7, 12, 21, 6] => QQFieldElem[-8, 0, -5, -5, -1, -5, -5, -1, -5, -5],
	[22, 17, 7, 12, 11, 18] => QQFieldElem[32//67, 0, 71//67, 65//67, 118//67, 123//67, 123//67, 118//67, 65//67, 71//67],
	[22, 17, 7, 12, 13, 6] => QQFieldElem[13, 0, 3, 11, -1, 7, 7, -1, 11, 3],
	[22, 17, 7, 12, 11, 16] => QQFieldElem[1, 0, 1, 0, 1, 1, 1, 1, 0, 1],
	[22, 17, 7, 12, 23, 18] => QQFieldElem[-16//67, 0, -2//67, 1//67, 8//67, 39//67, 39//67, 8//67, 1//67, -2//67],
	[22, 17, 7, 12, 11, 8] => QQFieldElem[0, 0, 2, 2, 2, 1, 1, 2, 2, 2],
	[22, 17, 7, 12, 11, 6] => QQFieldElem[2, 0, 1, 1, 0, 1, 1, 0, 1, 1],
	[22, 17, 7, 12, 23, 16] => QQFieldElem[1, 0, -2, -2, -1, 0, 0, -1, -2, -2],
	[22, 17, 7, 12, 21, 18] => QQFieldElem[-53//67, 0, -82//67, -26//67, -74//67, -76//67, -76//67, -74//67, -26//67, -82//67],
	[22, 17, 7, 12, 23, 8] => QQFieldElem[0, 0, -1, -1, -1, 0, 0, -1, -1, -1],
	[22, 17, 7, 12, 13, 18] => QQFieldElem[-58//67, 0, 43//67, -55//67, -38//67, -1//67, -1//67, -38//67, -55//67, 43//67],
	[22, 17, 7, 12, 23, 6] => QQFieldElem[-1, 0, -1, -1, 0, -1, -1, 0, -1, -1],
	[22, 17, 7, 12, 21, 16] => QQFieldElem[-1, 0, -2, 0, -1, -1, -1, -1, 0, -2])