Dict(
	[22, 12, 12, 17, 21, 23] => QQFieldElem[-86//253, -128//253, 28//253, -190//253, -67//253, -54//253, -30//253, -83//253, -103//253, -101//253],
	[22, 12, 12, 17, 11, 21] => QQFieldElem[-1, 0, -1, -1, -1, 0, -1, 0, -1, -1],
	[22, 12, 12, 17, 11, 18] => QQFieldElem[9, 0, 9, 2, 7, 4, 4, 7, 2, 9],
	[22, 12, 12, 17, 13, 23] => QQFieldElem[-284//253, 48//253, 116//253, -245//253, 120//253, -43//253, -305//253, 126//253, 7//253, -57//253],
	[22, 12, 12, 17, 11, 16] => QQFieldElem[2, 0, 3, 0, 3, 0, 2, 0, 1, 1],
	[22, 12, 12, 17, 23, 21] => QQFieldElem[7, 0, -11, -12, -6, 4, 5, -5, -13, -11],
	[22, 12, 12, 17, 23, 18] => QQFieldElem[0, -3, -9, -7, -5, 1, 0, -8, -7, -8],
	[22, 12, 12, 17, 11, 23] => QQFieldElem[-139//253, 52//253, -43//253, 93//253, -123//253, 101//253, -225//253, 10//253, -140//253, -125//253],
	[22, 12, 12, 17, 23, 16] => QQFieldElem[-2, -1, 0, 2, 0, -2, -2, 1, 1, 0],
	[22, 12, 12, 17, 21, 21] => QQFieldElem[-1, 0, 1, 0, 1, 0, -1, 0, 1, 1],
	[22, 12, 12, 17, 21, 18] => QQFieldElem[2, 0, 1, -1, 1, 1, 1, 1, -1, 1],
	[22, 12, 12, 17, 13, 21] => QQFieldElem[-4, 0, 5, 5, 2, -2, -2, 2, 5, 5],
	[22, 12, 12, 17, 13, 18] => QQFieldElem[-1, 2, 4, 4, 2, -1, 0, 3, 5, 3],
	[22, 12, 12, 17, 23, 23] => QQFieldElem[14//11, 6//11, -13//11, 12//11, -7//11, 7//11, 21//11, -9//11, -6//11, 8//11],
	[22, 12, 12, 17, 21, 16] => QQFieldElem[1, 1, 1, 0, 1, 1, 1, 0, 1, 1],
	[22, 12, 12, 17, 13, 16] => QQFieldElem[-1, 0, 0, -2, -2, 1, 1, -2, -2, 0])