Dict(
	[22, 9, 10, 23, 4, 18] => QQFieldElem[-2, 0, 5, 5, 2, -2, -1, 2, 5, 4],
	[22, 9, 10, 23, 14, 18] => QQFieldElem[3, 0, -5, -7, -3, 3, 2, -3, -7, -4],
	[22, 9, 10, 23, 2, 20] => QQFieldElem[-2, 0, 2, 3, 1, -1, -1, 1, 3, 2],
	[22, 9, 10, 23, 12, 20] => QQFieldElem[2, 0, -4, -5, -2, 2, 2, -2, -5, -4],
	[22, 9, 10, 23, 4, 20] => QQFieldElem[19, -4, -41, -50, -19, 14, 12, -24, -51, -38],
	[22, 9, 10, 23, 14, 20] => QQFieldElem[-25, 4, 54, 66, 26, -19, -17, 31, 67, 51],
	[22, 9, 10, 23, 2, 23] => QQFieldElem[-106//67, -21//67, 182//67, 279//67, 126//67, -25//67, -79//67, 116//67, 227//67, 217//67],
	[22, 9, 10, 23, 12, 23] => QQFieldElem[549//67, 141//67, -753//67, -1098//67, -511//67, 321//67, 406//67, -329//67, -1036//67, -854//67],
	[22, 9, 10, 23, 4, 23] => QQFieldElem[173//67, 21//67, -584//67, -681//67, -327//67, 159//67, 213//67, -317//67, -629//67, -619//67],
	[22, 9, 10, 23, 14, 23] => QQFieldElem[-1051//67, -200//67, 1711//67, 2236//67, 999//67, -806//67, -813//67, 757//67, 2264//67, 1821//67],
	[22, 9, 10, 23, 2, 25] => QQFieldElem[2, 0, 1, 0, 2, 0, 0, 2, 0, 1],
	[22, 9, 10, 23, 12, 25] => QQFieldElem[1, 0, 1, 1, 0, 1, 1, 0, 1, 1],
	[22, 9, 10, 23, 4, 25] => QQFieldElem[-2, 0, -1, 1, -2, 0, -1, 0, -1, 0],
	[22, 9, 10, 23, 14, 25] => QQFieldElem[-2, -1, -3, -4, -1, -2, -1, -2, -3, -4],
	[22, 9, 10, 23, 2, 18] => QQFieldElem[1, 0, -2, -2, -1, 0, 0, -1, -2, -2],
	[22, 9, 10, 23, 12, 18] => QQFieldElem[-1, 0, 2, 3, 1, -2, -2, 1, 3, 2])