Dict(
	[22, 8, 17, 18, 12, 17] => QQFieldElem[-4, -4, 0, 4, 2, -2, -5, -2, 2, 4],
	[22, 8, 17, 18, 24, 22] => QQFieldElem[-1, -9, -15, -11, -2, 0, -5, -12, -14, -7],
	[22, 8, 17, 18, 24, 19] => QQFieldElem[-3, -6, -9, -5, -1, -2, -3, -8, -9, -2],
	[22, 8, 17, 18, 12, 19] => QQFieldElem[0, -1, 1, 1, -1, 0, 0, 0, 1, 0],
	[22, 8, 17, 18, 14, 24] => QQFieldElem[44//23, 52//23, 1, 26//23, 40//23, 28//23, 15//23, 38//23, 64//23, 20//23],
	[22, 8, 17, 18, 12, 22] => QQFieldElem[1, 0, -2, 0, 1, -1, -1, 1, 0, -2],
	[22, 8, 17, 18, 14, 17] => QQFieldElem[25, -10, -64, -74, -28, 20, 14, -39, -77, -56],
	[22, 8, 17, 18, 14, 19] => QQFieldElem[1, 5, 5, 3, 2, 0, 2, 6, 5, 2],
	[22, 8, 17, 18, 14, 22] => QQFieldElem[0, 5, 8, 5, 1, 1, 3, 5, 7, 5],
	[22, 8, 17, 18, 22, 24] => QQFieldElem[3//23, -19//23, -9//23, -12//23, -11//23, 11//23, -7//23, -17//23, -3//23, -12//23],
	[22, 8, 17, 18, 22, 17] => QQFieldElem[10, 6, -6, -13, -6, 6, 10, 0, -11, -11],
	[22, 8, 17, 18, 22, 19] => QQFieldElem[0, -3, -2, -3, -2, 1, -2, -3, -2, -3],
	[22, 8, 17, 18, 22, 22] => QQFieldElem[0, 0, 2, 2, 0, 0, 0, 1, 2, 1],
	[22, 8, 17, 18, 24, 24] => QQFieldElem[-32//23, -45//23, -51//23, -29//23, -10//23, -26//23, -21//23, -47//23, -59//23, -15//23],
	[22, 8, 17, 18, 24, 17] => QQFieldElem[-35, 21, 102, 113, 42, -29, -16, 65, 120, 84],
	[22, 8, 17, 18, 12, 24] => QQFieldElem[-1, -22//23, -6//23, -5//23, -21//23, -26//23, -5//23, -4//23, -30//23, -11//23])