Dict(
	[22, 17, 12, 12, 21, 13] => QQFieldElem[-14, 0, -12, -1, -8, -4, -4, -8, -1, -12],
	[22, 17, 12, 12, 21, 21] => QQFieldElem[2, 0, 2, -1, 2, 0, 2, 0, 0, 0],
	[22, 17, 12, 12, 23, 23] => QQFieldElem[-91//67, 28//67, -40//67, 85//67, -63//67, 12//67, -50//67, 62//67, 65//67, 25//67],
	[22, 17, 12, 12, 23, 11] => QQFieldElem[3, 1, -2, -2, 1, 1, 1, 0, -1, -2],
	[22, 17, 12, 12, 16, 13] => QQFieldElem[5, 0, 4, 0, 3, 2, 2, 3, 0, 4],
	[22, 17, 12, 12, 18, 23] => QQFieldElem[-387//1541, 217//1541, 226//1541, 642//1541, 1036//1541, 1098//1541, 1053//1541, 514//1541, 85//1541, -225//1541],
	[22, 17, 12, 12, 16, 21] => QQFieldElem[-1, -1, 1, 1, 1, -1, -1, 0, 1, 1],
	[22, 17, 12, 12, 18, 11] => QQFieldElem[-3, 0, 2, -1, -2, 1, 1, -2, -1, 2],
	[22, 17, 12, 12, 21, 23] => QQFieldElem[1245//1541, -1821//1541, 802//1541, -1922//1541, 1099//1541, -522//1541, 1773//1541, 1524//1541, 1829//1541, 2229//1541],
	[22, 17, 12, 12, 21, 11] => QQFieldElem[-1, -1, -1, 0, -1, -1, -1, 0, -1, -1],
	[22, 17, 12, 12, 23, 13] => QQFieldElem[12, 0, 14, 3, 11, 4, 7, 9, 5, 12],
	[22, 17, 12, 12, 16, 23] => QQFieldElem[424//1541, -182//1541, 59//1541, -787//1541, 175//1541, 123//1541, 459//1541, 66//1541, -121//1541, 139//1541],
	[22, 17, 12, 12, 23, 21] => QQFieldElem[-6, 0, 7, 12, 3, -3, -5, 5, 11, 9],
	[22, 17, 12, 12, 16, 11] => QQFieldElem[-2, -9, -5, 0, -5, -9, -2, 0, -8, -8],
	[22, 17, 12, 12, 18, 13] => QQFieldElem[-2, -1, -2, -2, -1, -2, 0, -2, 0, -2],
	[22, 17, 12, 12, 18, 21] => QQFieldElem[0, 0, -1, -1, 0, 1, 1, 0, -1, -1])