Dict(
	[22, 22, 10, 10, 24, 3] => QQFieldElem[16, 0, 4, 16, -5, 11, 11, -5, 16, 4],
	[22, 22, 10, 10, 19, 13] => QQFieldElem[-154//89, 0, -41//89, -72//89, -116//89, -42//89, -42//89, -116//89, -72//89, -41//89],
	[22, 22, 10, 10, 20, 1] => QQFieldElem[12, 0, 5, 9, 0, 7, 7, 0, 9, 5],
	[22, 22, 10, 10, 25, 13] => QQFieldElem[95//89, 0, 12//89, 71//89, -29//89, 34//89, 34//89, -29//89, 71//89, 12//89],
	[22, 22, 10, 10, 20, 11] => QQFieldElem[16, 0, 4, 16, -5, 11, 11, -5, 16, 4],
	[22, 22, 10, 10, 20, 3] => QQFieldElem[32, 0, 9, 30, -7, 21, 21, -7, 30, 9],
	[22, 22, 10, 10, 24, 13] => QQFieldElem[-282//89, 0, -119//89, -222//89, 28//89, -174//89, -174//89, 28//89, -222//89, -119//89],
	[22, 22, 10, 10, 19, 1] => QQFieldElem[5, 0, 3, 2, 2, 2, 2, 2, 2, 3],
	[22, 22, 10, 10, 25, 1] => QQFieldElem[-2, 0, 0, -2, 0, -1, -1, 0, -2, 0],
	[22, 22, 10, 10, 19, 11] => QQFieldElem[0, 0, -1, 2, -3, 1, 1, -3, 2, -1],
	[22, 22, 10, 10, 20, 13] => QQFieldElem[-282//89, 0, -119//89, -222//89, 28//89, -174//89, -174//89, 28//89, -222//89, -119//89],
	[22, 22, 10, 10, 25, 11] => QQFieldElem[-7, 0, -2, -6, 1, -4, -4, 1, -6, -2],
	[22, 22, 10, 10, 19, 3] => QQFieldElem[0, 0, -1, 2, -3, 1, 1, -3, 2, -1],
	[22, 22, 10, 10, 25, 3] => QQFieldElem[-7, 0, -2, -6, 1, -4, -4, 1, -6, -2],
	[22, 22, 10, 10, 24, 1] => QQFieldElem[12, 0, 5, 9, 0, 7, 7, 0, 9, 5],
	[22, 22, 10, 10, 24, 11] => QQFieldElem[32, 0, 9, 30, -7, 21, 21, -7, 30, 9])