Dict(
	[23, 12, 9, 23, 18, 24] => QQFieldElem[434//253, 186//253, 147//253, 603//253, -19//253, 228//253, 629//253, -70//253, 221//253, 380//253],
	[23, 12, 9, 23, 8, 24] => QQFieldElem[-456//253, -340//253, -81//253, -229//253, -289//253, -327//253, -233//253, -106//253, -540//253, -292//253],
	[23, 12, 9, 23, 10, 24] => QQFieldElem[307//253, 240//253, -47//253, 370//253, 457//253, 82//253, -29//253, 179//253, 530//253, 221//253],
	[23, 12, 9, 23, 8, 17] => QQFieldElem[-1, 4, 8, 7, 2, -1, 1, 6, 8, 5],
	[23, 12, 9, 23, 18, 17] => QQFieldElem[5, -4, -15, -16, -6, 4, 2, -10, -17, -12],
	[23, 12, 9, 23, 18, 19] => QQFieldElem[3, 2, 0, 1, 1, 2, 2, 0, 2, 1],
	[23, 12, 9, 23, 8, 19] => QQFieldElem[-2, -3, -1, 0, -2, -3, -1, 0, -3, -2],
	[23, 12, 9, 23, 18, 22] => QQFieldElem[14, 12, 1, 19, 7, 4, 19, 2, 10, 18],
	[23, 12, 9, 23, 10, 19] => QQFieldElem[-1, 3, 6, 9, 7, 0, -3, 4, 12, 8],
	[23, 12, 9, 23, 8, 22] => QQFieldElem[-8, -5, -1, -9, -3, -3, -8, -1, -6, -7],
	[23, 12, 9, 23, 10, 22] => QQFieldElem[1, 1, 0, 5, 3, -1, 1, 1, 3, 4],
	[23, 12, 9, 23, 10, 17] => QQFieldElem[21, -21, -76, -80, -29, 18, 6, -51, -87, -59],
	[23, 12, 9, 23, 20, 24] => QQFieldElem[-31//253, 59//253, -137//253, -784//253, -89//253, 56//253, -316//253, 258//253, -323//253, -750//253],
	[23, 12, 9, 23, 20, 17] => QQFieldElem[-37, 16, 96, 110, 42, -29, -20, 59, 115, 83],
	[23, 12, 9, 23, 20, 19] => QQFieldElem[3, 0, -7, -13, -7, 2, 4, -3, -13, -11],
	[23, 12, 9, 23, 20, 22] => QQFieldElem[-3, -5, -1, -14, -7, 1, -7, 0, -7, -15])