Dict(
	[23, 21, 24, 22, 9, 13] => QQFieldElem[23, -194, 67, -58, -155, 97, -136, -83, 81, -187],
	[23, 21, 24, 22, 24, 8] => QQFieldElem[-11, -30, -36, -21, -3, -3, -21, -36, -30, -11],
	[23, 21, 24, 22, 9, 18] => QQFieldElem[910//67, 514//67, 216//67, 1170//67, 85//67, 418//67, 1232//67, -91//67, 628//67, 986//67],
	[23, 21, 24, 22, 19, 3] => QQFieldElem[-122, -192, -128, -5, 33, -58, -172, -175, -64, 32],
	[23, 21, 24, 22, 24, 23] => QQFieldElem[2, 0, -2, -2, -1, 1, 1, -1, -2, -2],
	[23, 21, 24, 22, 4, 8] => QQFieldElem[3, 1, 0, 4, 0, 1, 3, 0, 2, 2],
	[23, 21, 24, 22, 14, 8] => QQFieldElem[-5, -8, -5, -1, 1, -2, -7, -7, -3, 0],
	[23, 21, 24, 22, 4, 23] => QQFieldElem[-9, 2, -3, -8, 4, -8, -3, 2, -9, 0],
	[23, 21, 24, 22, 14, 23] => QQFieldElem[1, 0, 0, 1, 0, 1, 1, 0, 0, 1],
	[23, 21, 24, 22, 24, 3] => QQFieldElem[88, 161, 134, 38, -14, 38, 134, 161, 88, 0],
	[23, 21, 24, 22, 19, 13] => QQFieldElem[0, 8, 11, 7, 2, -1, 4, 10, 10, 4],
	[23, 21, 24, 22, 9, 8] => QQFieldElem[26, 21, 2, 32, 11, 9, 33, 3, 18, 29],
	[23, 21, 24, 22, 9, 23] => QQFieldElem[30, 3, 8, 29, -4, 19, 21, -5, 27, 11],
	[23, 21, 24, 22, 4, 3] => QQFieldElem[1, -1, -1, -1, -1, 1, 0, -1, -1, -1],
	[23, 21, 24, 22, 19, 18] => QQFieldElem[-22//67, 222//67, 409//67, 278//67, 129//67, 70//67, 97//67, 230//67, 369//67, 277//67],
	[23, 21, 24, 22, 14, 3] => QQFieldElem[28, 31, 5, -19, -13, 16, 34, 20, -10, -21],
	[23, 21, 24, 22, 24, 13] => QQFieldElem[0, -6, -10, -8, -3, 1, -3, -8, -10, -6],
	[23, 21, 24, 22, 9, 3] => QQFieldElem[-4, 1, -2, -4, 1, -3, -2, 1, -5, -1],
	[23, 21, 24, 22, 24, 18] => QQFieldElem[12//67, 19//67, -150//67, -310//67, -113//67, 175//67, 75//67, -229//67, -250//67, -78//67],
	[23, 21, 24, 22, 19, 8] => QQFieldElem[17, 38, 39, 18, 0, 6, 29, 42, 30, 7],
	[23, 21, 24, 22, 4, 13] => QQFieldElem[7, 23, -5, 16, 16, -5, 23, 7, 0, 25],
	[23, 21, 24, 22, 14, 13] => QQFieldElem[3, -5, 1, 1, -3, 4, -1, -4, 3, -2],
	[23, 21, 24, 22, 19, 23] => QQFieldElem[-1, 1, 3, 3, 1, 0, 0, 2, 3, 2],
	[23, 21, 24, 22, 4, 18] => QQFieldElem[42//67, 33//67, 78//67, 121//67, -94//67, 110//67, 162//67, -98//67, 63//67, 129//67],
	[23, 21, 24, 22, 14, 18] => QQFieldElem[44//67, -42//67, -81//67, -20//67, 77//67, -6//67, -60//67, 9//67, -1//67, -85//67])