Dict(
	[25, 16, 20, 21, 5, 15] => QQFieldElem[-1, 2, 3, 0, 0, 3, 2, -1, 0, 2],
	[25, 16, 20, 21, 5, 10] => QQFieldElem[-7, -19, -21, -12, -3, -3, -12, -21, -19, -7],
	[25, 16, 20, 21, 25, 25] => QQFieldElem[6, 2, -6, -9, -6, 2, 6, 0, -10, -10],
	[25, 16, 20, 21, 20, 20] => QQFieldElem[-3, 6, 19, 19, 6, -3, 0, 13, 21, 13],
	[25, 16, 20, 21, 5, 20] => QQFieldElem[-1, 0, 0, -1, 0, -1, 0, 0, -1, 0],
	[25, 16, 20, 21, 25, 15] => QQFieldElem[0, -19, -33, -26, -8, 1, -8, -26, -33, -19],
	[25, 16, 20, 21, 25, 10] => QQFieldElem[-138, -138, 0, 118, 77, -78, -164, -78, 77, 118],
	[25, 16, 20, 21, 15, 25] => QQFieldElem[0, -5, -4, -4, 0, -4, 0, -4, -4, -5],
	[25, 16, 20, 21, 25, 20] => QQFieldElem[7, 0, -12, -14, -5, 4, 4, -5, -14, -12],
	[25, 16, 20, 21, 20, 25] => QQFieldElem[-3, 0, 12, 13, 7, -3, -3, 7, 13, 12],
	[25, 16, 20, 21, 15, 15] => QQFieldElem[-4, -10, -10, -4, 0, -3, -9, -12, -9, -3],
	[25, 16, 20, 21, 15, 10] => QQFieldElem[-28, 44, 132, 132, 44, -28, 0, 94, 145, 94],
	[25, 16, 20, 21, 5, 25] => QQFieldElem[-2, 3, 3, -2, 0, 3, 2, -3, 2, 3],
	[25, 16, 20, 21, 20, 15] => QQFieldElem[7, 31, 44, 31, 7, 0, 18, 40, 40, 18],
	[25, 16, 20, 21, 20, 10] => QQFieldElem[180, 113, -123, -252, -123, 113, 180, 0, -217, -217],
	[25, 16, 20, 21, 15, 20] => QQFieldElem[-1, -4, -5, -4, -1, 0, -2, -5, -5, -2])