Dict(
	[25, 4, 5, 25, 2, 25] => QQFieldElem[0, 0, 4, 3, 2, 0, 0, 2, 3, 4],
	[25, 4, 5, 25, 5, 24] => QQFieldElem[-199, 0, 365, 469, 190, -145, -145, 190, 469, 365],
	[25, 4, 5, 25, 3, 25] => QQFieldElem[21, 0, -45, -57, -25, 17, 17, -25, -57, -45],
	[25, 4, 5, 25, 5, 23] => QQFieldElem[14, 0, -25, -31, -12, 9, 9, -12, -31, -25],
	[25, 4, 5, 25, 5, 22] => QQFieldElem[-20, 0, 35, 45, 19, -15, -15, 19, 45, 35],
	[25, 4, 5, 25, 4, 25] => QQFieldElem[-100, 0, 184, 236, 96, -73, -73, 96, 236, 184],
	[25, 4, 5, 25, 5, 25] => QQFieldElem[86, 0, -155, -196, -78, 60, 60, -78, -196, -155],
	[25, 4, 5, 25, 2, 24] => QQFieldElem[4, 0, -6, -8, -3, 3, 3, -3, -8, -6],
	[25, 4, 5, 25, 3, 24] => QQFieldElem[-63, 0, 115, 148, 60, -46, -46, 60, 148, 115],
	[25, 4, 5, 25, 2, 23] => QQFieldElem[0, 0, 1, 1, 0, 0, 0, 0, 1, 1],
	[25, 4, 5, 25, 2, 22] => QQFieldElem[0, 0, -2, -3, -1, 0, 0, -1, -3, -2],
	[25, 4, 5, 25, 4, 24] => QQFieldElem[247, 0, -453, -582, -236, 180, 180, -236, -582, -453],
	[25, 4, 5, 25, 3, 23] => QQFieldElem[5, 0, -9, -12, -5, 4, 4, -5, -12, -9],
	[25, 4, 5, 25, 3, 22] => QQFieldElem[-10, 0, 18, 23, 9, -7, -7, 9, 23, 18],
	[25, 4, 5, 25, 4, 23] => QQFieldElem[-18, 0, 32, 41, 17, -13, -13, 17, 41, 32],
	[25, 4, 5, 25, 4, 22] => QQFieldElem[29, 0, -51, -65, -27, 21, 21, -27, -65, -51])