Dict(
	[25, 5, 24, 5, 24, 25] => QQFieldElem[-4, 0, 1, 4, 0, -2, -2, 0, 4, 1],
	[25, 5, 24, 5, 22, 24] => QQFieldElem[0, 0, 0, 0, 0, 1, 0, 1, 0, 1],
	[25, 5, 24, 5, 25, 24] => QQFieldElem[2, 0, -3, -4, -2, 2, 2, -2, -4, -3],
	[25, 5, 24, 5, 22, 23] => QQFieldElem[1, 1, 0, 1, 1, 0, 1, 0, 0, 1],
	[25, 5, 24, 5, 23, 24] => QQFieldElem[2, 1, 0, 0, 0, 0, 1, 2, 0, -1],
	[25, 5, 24, 5, 22, 22] => QQFieldElem[0, 0, -1, -1, 0, 0, 0, 0, -1, -1],
	[25, 5, 24, 5, 25, 23] => QQFieldElem[5, 5, 0, -4, -3, 3, 7, 3, -3, -4],
	[25, 5, 24, 5, 23, 23] => QQFieldElem[2, 4, 3, 1, 0, 1, 3, 4, 2, 0],
	[25, 5, 24, 5, 25, 22] => QQFieldElem[11, 21, 19, 5, -4, 5, 19, 21, 11, 0],
	[25, 5, 24, 5, 23, 22] => QQFieldElem[3, 9, 12, 9, 3, 0, 5, 12, 12, 5],
	[25, 5, 24, 5, 24, 24] => QQFieldElem[-3, -2, 2, 5, 2, -2, -3, 0, 4, 4],
	[25, 5, 24, 5, 24, 23] => QQFieldElem[-8, -11, -4, 2, 2, -4, -11, -8, 0, 3],
	[25, 5, 24, 5, 22, 25] => QQFieldElem[3, -3, 5, -5, 6, -5, 5, -3, 3, 0],
	[25, 5, 24, 5, 24, 22] => QQFieldElem[-14, -32, -32, -14, 0, -5, -24, -35, -24, -5],
	[25, 5, 24, 5, 25, 25] => QQFieldElem[0, -2, -4, -4, -2, 0, 0, -3, -5, -3],
	[25, 5, 24, 5, 23, 25] => QQFieldElem[-3, -3, 0, -8, 3, -9, 5, -9, 3, -8])