Dict(
	[4, 9, 9, 14, 11, 9] => QQFieldElem[-1, 0, 4, 0, -1, 0, 1, -3, -3, 1],
	[4, 9, 9, 14, 15, 10] => QQFieldElem[2//11, 4//11, -5//11, -3//11, -12//11, 12//11, 3//11, 5//11, -4//11, -2//11],
	[4, 9, 9, 14, 13, 10] => QQFieldElem[-15//11, -30//11, -34//11, 6//11, -20//11, -46//11, -6//11, -10//11, -25//11, -40//11],
	[4, 9, 9, 14, 14, 10] => QQFieldElem[9//11, -4//11, 16//11, 3//11, 12//11, -1//11, 8//11, 6//11, 4//11, 13//11],
	[4, 9, 9, 14, 15, 8] => QQFieldElem[3, 0, -2, -4, -1, 2, 2, -1, -4, -2],
	[4, 9, 9, 14, 13, 8] => QQFieldElem[0, -3, -1, 0, 0, -3, 0, 0, -1, -3],
	[4, 9, 9, 14, 11, 10] => QQFieldElem[63//11, 49//11, 46//11, -12//11, 84//11, 26//11, 23//11, 9//11, 72//11, 36//11],
	[4, 9, 9, 14, 14, 8] => QQFieldElem[-3, 0, 1, 1, 0, -3, 0, -1, 3, -1],
	[4, 9, 9, 14, 15, 6] => QQFieldElem[0, -1, -1, -1, -1, 0, -1, -1, -1, -1],
	[4, 9, 9, 14, 13, 6] => QQFieldElem[2, 2, 1, 2, 2, 2, 2, 1, 2, 2],
	[4, 9, 9, 14, 15, 9] => QQFieldElem[1, 1, 0, 0, 0, 1, 1, 0, -1, -1],
	[4, 9, 9, 14, 14, 6] => QQFieldElem[1, 1, 1, 1, 1, 0, 1, 1, 1, 1],
	[4, 9, 9, 14, 13, 9] => QQFieldElem[1, 2, 2, 2, 2, 1, 0, -1, 0, -1],
	[4, 9, 9, 14, 14, 9] => QQFieldElem[1, 0, 1, 1, 1, 0, 0, 1, 1, 1],
	[4, 9, 9, 14, 11, 8] => QQFieldElem[6, 4, 4, 1, 5, 5, 1, 4, 4, 6],
	[4, 9, 9, 14, 11, 6] => QQFieldElem[-3, -2, 0, -1, -4, -1, 0, -2, -3, 0])