Dict(
	[7, 18, 14, 13, 17, 12] => QQFieldElem[0, 3, 2, -1, 1, 4, 1, -1, 2, 3],
	[7, 18, 14, 13, 17, 24] => QQFieldElem[-2466//2189, 2449//2189, -1271//2189, -1867//2189, 2971//2189, -3334//2189, -25//2189, 1755//2189, -3703//2189, 1773//2189],
	[7, 18, 14, 13, 7, 22] => QQFieldElem[0, -8, 3, -4, -7, 4, -7, -4, 3, -8],
	[7, 18, 14, 13, 17, 22] => QQFieldElem[0, 4, -1, 2, 3, -2, 3, 2, -1, 4],
	[7, 18, 14, 13, 19, 14] => QQFieldElem[6, 2, 1, 2, -1, 4, 4, 0, 3, 0],
	[7, 18, 14, 13, 7, 14] => QQFieldElem[12, 0, 4, 11, -3, 8, 8, -3, 11, 4],
	[7, 18, 14, 13, 17, 14] => QQFieldElem[-3, 0, -1, -3, 1, -2, -2, 1, -3, -1],
	[7, 18, 14, 13, 9, 12] => QQFieldElem[5, 0, -4, 2, 4, -2, -2, 4, 2, -4],
	[7, 18, 14, 13, 9, 24] => QQFieldElem[-1337//2189, -452//2189, 290//2189, -1267//2189, -888//2189, -872//2189, -1472//2189, -862//2189, -1847//2189, -1028//2189],
	[7, 18, 14, 13, 9, 22] => QQFieldElem[-1, 0, 0, -1, 0, 0, 0, 0, -1, 0],
	[7, 18, 14, 13, 9, 14] => QQFieldElem[-2, -2, 0, -1, -1, -1, -2, -1, -1, -1],
	[7, 18, 14, 13, 19, 12] => QQFieldElem[-7, -3, 4, -1, -6, -1, 2, -4, -4, 3],
	[7, 18, 14, 13, 19, 24] => QQFieldElem[4355//2189, -2444//2189, 1878//2189, 1789//2189, -2535//2189, 4196//2189, 235//2189, -1174//2189, 4600//2189, -1781//2189],
	[7, 18, 14, 13, 7, 12] => QQFieldElem[0, -9, -7, 2, -3, -11, -3, 2, -7, -9],
	[7, 18, 14, 13, 7, 24] => QQFieldElem[7330//2189, -4865//2189, 4797//2189, 3657//2189, -6129//2189, 6228//2189, -753//2189, -4929//2189, 7197//2189, -3161//2189],
	[7, 18, 14, 13, 19, 22] => QQFieldElem[1, -4, 0, -3, -3, 2, -3, -2, 0, -5])