Dict(
	[7, 17, 7, 17, 21, 13] => QQFieldElem[-4, 0, -4, -1, -3, -2, -2, -3, -1, -4],
	[7, 17, 7, 17, 11, 11] => QQFieldElem[-1, -3, 1, -2, -1, -1, -2, 1, -3, -1],
	[7, 17, 7, 17, 21, 21] => QQFieldElem[-3, -1, -2, -1, -2, -2, -1, -2, -1, -3],
	[7, 17, 7, 17, 13, 13] => QQFieldElem[-2, 1, -2, 0, -1, 0, -1, -1, 0, -1],
	[7, 17, 7, 17, 13, 21] => QQFieldElem[-2, 0, 0, -1, -2, 0, 0, -2, -1, 0],
	[7, 17, 7, 17, 23, 23] => QQFieldElem[13163//4489, -777//4489, 8543//4489, 4025//4489, 7007//4489, 4234//4489, 4246//4489, 9049//4489, 2302//4489, 7560//4489],
	[7, 17, 7, 17, 23, 11] => QQFieldElem[14, 2, 9, 5, 8, 7, 5, 9, 4, 11],
	[7, 17, 7, 17, 11, 13] => QQFieldElem[1, 0, 1, 0, 1, 0, 0, 1, 0, 1],
	[7, 17, 7, 17, 21, 23] => QQFieldElem[-5734//4489, -155//4489, -6049//4489, -1664//4489, -2889//4489, -2772//4489, -1955//4489, -3770//4489, 361//4489, -6014//4489],
	[7, 17, 7, 17, 11, 21] => QQFieldElem[0, -1, 0, 0, -1, -1, 0, 0, -1, 0],
	[7, 17, 7, 17, 13, 23] => QQFieldElem[-2588//4489, 3013//4489, -809//4489, -2060//4489, -1127//4489, 3086//4489, 353//4489, -1581//4489, 3177//4489, 1986//4489],
	[7, 17, 7, 17, 21, 11] => QQFieldElem[-8, -2, -6, -3, -5, -5, -3, -6, -2, -8],
	[7, 17, 7, 17, 13, 11] => QQFieldElem[-6, 0, -2, -2, -4, -1, -1, -4, -2, -2],
	[7, 17, 7, 17, 23, 13] => QQFieldElem[8, 0, 7, 1, 4, 3, 4, 5, 2, 5],
	[7, 17, 7, 17, 23, 21] => QQFieldElem[6, 1, 2, 1, 3, 3, 2, 3, 1, 3],
	[7, 17, 7, 17, 11, 23] => QQFieldElem[4304//4489, 3204//4489, 2851//4489, 1844//4489, 1680//4489, -1115//4489, -3175//4489, -1714//4489, -1641//4489, -479//4489])