Dict(
	[8, 9, 7, 8, 3, 4] => QQFieldElem[2, 2, 0, 0, 1, 1, 0, 1, 1, 0],
	[8, 9, 7, 8, 15, 4] => QQFieldElem[0, 0, 0, -1, -1, 1, 1, -1, -1, 0],
	[8, 9, 7, 8, 5, 14] => QQFieldElem[118//737, -160//737, -317//737, -122//737, -444//737, -260//737, -681//737, 86//737, -247//737, -162//737],
	[8, 9, 7, 8, 3, 2] => QQFieldElem[0, 0, 0, -1, 1, -1, 0, -1, 1, -1],
	[8, 9, 7, 8, 13, 4] => QQFieldElem[3, 0, -1, 2, 2, 0, 0, 2, 2, -1],
	[8, 9, 7, 8, 15, 2] => QQFieldElem[-2, 0, 0, -2, 0, -1, -1, 0, -2, 0],
	[8, 9, 7, 8, 13, 2] => QQFieldElem[-8, 0, -4, -7, 2, -6, -6, 2, -7, -4],
	[8, 9, 7, 8, 5, 4] => QQFieldElem[1, 1, 0, 0, 1, 1, -1, 1, 1, 0],
	[8, 9, 7, 8, 15, 12] => QQFieldElem[0, 0, -1, 0, 0, 0, 0, 0, -1, 0],
	[8, 9, 7, 8, 3, 12] => QQFieldElem[3, 0, 1, -1, 1, 1, 1, 1, -1, 1],
	[8, 9, 7, 8, 5, 2] => QQFieldElem[4, 4, 0, 5, 2, 3, 3, 3, 2, 5],
	[8, 9, 7, 8, 13, 12] => QQFieldElem[0, 2, 0, 0, 2, -1, 2, 0, 0, 2],
	[8, 9, 7, 8, 3, 14] => QQFieldElem[114//737, -267//737, -681//737, -655//737, -1091//737, -1263//737, -1270//737, -529//737, -426//737, -169//737],
	[8, 9, 7, 8, 15, 14] => QQFieldElem[257//737, -311//737, -197//737, 159//737, -255//737, -229//737, 72//737, -100//737, -107//737, -103//737],
	[8, 9, 7, 8, 13, 14] => QQFieldElem[961//737, 833//737, 485//737, 368//737, 119//737, 893//737, 556//737, -199//737, 1180//737, 1129//737],
	[8, 9, 7, 8, 5, 12] => QQFieldElem[-3, 0, -3, 0, -2, -1, -1, -2, 0, -3])