Dict(
	[9, 22, 9, 22, 20, 23] => QQFieldElem[-2, -2, -2, -2, 0, -3, 0, -3, 0, -3],
	[9, 22, 9, 22, 25, 18] => QQFieldElem[3, 4, 4, 2, 1, 2, 4, 5, 3, 1],
	[9, 22, 9, 22, 23, 18] => QQFieldElem[-1, -1, 0, 0, 0, 0, -1, -1, 0, 0],
	[9, 22, 9, 22, 18, 18] => QQFieldElem[1, 1, 0, 0, 1, 0, 1, 0, 1, 0],
	[9, 22, 9, 22, 25, 20] => QQFieldElem[1, -5, 3, -1, -4, 3, -4, -1, 3, -5],
	[9, 22, 9, 22, 23, 20] => QQFieldElem[3, 1, 1, 3, 0, 2, 3, 0, 3, 2],
	[9, 22, 9, 22, 20, 25] => QQFieldElem[4//529, -53//529, -431//529, -70//529, 208//529, -315//529, -136//529, -174//529, 103//529, -538//529],
	[9, 22, 9, 22, 18, 20] => QQFieldElem[-2, 1, -1, -2, 2, -2, -1, 1, -2, 0],
	[9, 22, 9, 22, 25, 23] => QQFieldElem[-2, 2, -2, 2, -3, 0, -1, 1, 0, -2],
	[9, 22, 9, 22, 23, 23] => QQFieldElem[1, 0, 1, 0, 1, 1, 0, 0, 1, 1],
	[9, 22, 9, 22, 18, 23] => QQFieldElem[2, 1, 2, 1, 1, 2, 1, 2, 0, 3],
	[9, 22, 9, 22, 20, 18] => QQFieldElem[-2, -2, -2, 0, -1, 0, -2, -2, -2, 0],
	[9, 22, 9, 22, 25, 25] => QQFieldElem[210//529, 127//529, -145//529, 557//529, -189//529, 126//529, -263//529, 387//529, 382//529, -208//529],
	[9, 22, 9, 22, 23, 25] => QQFieldElem[146//529, 446//529, 403//529, 90//529, 186//529, 405//529, 326//529, -3//529, 321//529, 465//529],
	[9, 22, 9, 22, 20, 20] => QQFieldElem[-1, 0, -1, 0, -1, 0, 0, -1, -1, 0],
	[9, 22, 9, 22, 18, 25] => QQFieldElem[-206//529, -180//529, 243//529, -98//529, -132//529, 88//529, 127//529, -32//529, -279//529, 199//529])