Dict(
	[13, 23, 14, 24, 15, 11] => QQFieldElem[1//4, 0, 0, 0, 0, 0, 0, 0],
	[13, 23, 14, 24, 20, 11] => QQFieldElem[-3//4, 0, 0, 0, 1//2, 0, 0, 0],
	[13, 23, 14, 24, 17, 15] => QQFieldElem[-6//7, 0, 0, 0, 4//7, 0, 0, 0],
	[13, 23, 14, 24, 12, 15] => QQFieldElem[4//7, 0, 0, 0, -5//7, 0, 0, 0],
	[13, 23, 14, 24, 15, 15] => QQFieldElem[-1//14, 0, 0, 0, 3//14, 0, 0, 0],
	[13, 23, 14, 24, 17, 16] => QQFieldElem[-1//9, 0, 0, 0, 1//9, 0, 0, 0],
	[13, 23, 14, 24, 17, 20] => QQFieldElem[2//3, 0, 0, 0, 0, 0, 0, 0],
	[13, 23, 14, 24, 20, 15] => QQFieldElem[-3//14, 0, 0, 0, -5//14, 0, 0, 0],
	[13, 23, 14, 24, 12, 16] => QQFieldElem[-1//6, 0, 0, 0, 1//3, 0, 0, 0],
	[13, 23, 14, 24, 12, 20] => QQFieldElem[2, 0, 0, 0, -1, 0, 0, 0],
	[13, 23, 14, 24, 15, 16] => QQFieldElem[0, 0, 0, 0, 1//6, 0, 0, 0],
	[13, 23, 14, 24, 15, 20] => QQFieldElem[-1//2, 0, 0, 0, 1//2, 0, 0, 0],
	[13, 23, 14, 24, 17, 11] => QQFieldElem[0, 0, 0, 0, -1//2, 0, 0, 0],
	[13, 23, 14, 24, 20, 16] => QQFieldElem[1//9, 0, 0, 0, 1//18, 0, 0, 0],
	[13, 23, 14, 24, 20, 20] => QQFieldElem[-1//6, 0, 0, 0, 1//2, 0, 0, 0],
	[13, 23, 14, 24, 12, 11] => QQFieldElem[1//4, 0, 0, 0, 1//4, 0, 0, 0])