Dict(
	[16, 16, 15, 15, 2, 1] => QQFieldElem[1, 0, -1, -1],
	[16, 16, 15, 15, 11, 13] => QQFieldElem[0, 1//5, 3//5, 1//5],
	[16, 16, 15, 15, 12, 1] => QQFieldElem[0, -3, -5, -3],
	[16, 16, 15, 15, 11, 10] => QQFieldElem[0, 1, 2, 1],
	[16, 16, 15, 15, 2, 9] => QQFieldElem[1, 0, 1, 1],
	[16, 16, 15, 15, 14, 1] => QQFieldElem[0, 7, 11, 7],
	[16, 16, 15, 15, 12, 9] => QQFieldElem[0, 1, 2, 1],
	[16, 16, 15, 15, 14, 9] => QQFieldElem[0, -3, -4, -3],
	[16, 16, 15, 15, 11, 1] => QQFieldElem[0, -3, -5, -3],
	[16, 16, 15, 15, 2, 13] => QQFieldElem[4//5, 0, 3//5, 3//5],
	[16, 16, 15, 15, 2, 10] => QQFieldElem[1, 0, 1, 1],
	[16, 16, 15, 15, 12, 13] => QQFieldElem[0, 1//5, 3//5, 1//5],
	[16, 16, 15, 15, 11, 9] => QQFieldElem[0, 1, 1, 1],
	[16, 16, 15, 15, 12, 10] => QQFieldElem[0, 1, 1, 1],
	[16, 16, 15, 15, 14, 13] => QQFieldElem[0, -1, -2, -1],
	[16, 16, 15, 15, 14, 10] => QQFieldElem[0, -3, -4, -3])