Dict(
	[12, 12, 12, 12, 4, 9] => QQFieldElem[0, -1, -2, -1],
	[12, 12, 12, 12, 12, 3] => QQFieldElem[0, 4, 7, 4],
	[12, 12, 12, 12, 9, 1] => QQFieldElem[0, 5, 8, 5],
	[12, 12, 12, 12, 1, 2] => QQFieldElem[1, 1, 0, -1],
	[12, 12, 12, 12, 1, 10] => QQFieldElem[-1, -1, 0, -1],
	[12, 12, 12, 12, 10, 2] => QQFieldElem[3, 0, -5, -5],
	[12, 12, 12, 12, 10, 10] => QQFieldElem[-1, 0, 2, 2],
	[12, 12, 12, 12, 9, 3] => QQFieldElem[0, -1, -2, -1],
	[12, 12, 12, 12, 2, 10] => QQFieldElem[0, 0, 0, 1],
	[12, 12, 12, 12, 2, 2] => QQFieldElem[2, 2, 0, -1],
	[12, 12, 12, 12, 1, 9] => QQFieldElem[1, 0, 0, 0],
	[12, 12, 12, 12, 11, 4] => QQFieldElem[1, 0, -3, -3],
	[12, 12, 12, 12, 3, 1] => QQFieldElem[0, 5, 8, 5],
	[12, 12, 12, 12, 10, 9] => QQFieldElem[0, -2, -3, -2],
	[12, 12, 12, 12, 2, 9] => QQFieldElem[1, 0, 0, 0],
	[12, 12, 12, 12, 4, 1] => QQFieldElem[0, 5, 8, 5],
	[12, 12, 12, 12, 3, 3] => QQFieldElem[0, -2, -3, -2],
	[12, 12, 12, 12, 4, 3] => QQFieldElem[0, -2, -3, -2],
	[12, 12, 12, 12, 11, 12] => QQFieldElem[1, 0, -1, -1],
	[12, 12, 12, 12, 11, 11] => QQFieldElem[0, 2, 3, 2],
	[12, 12, 12, 12, 12, 4] => QQFieldElem[3, 0, -4, -4],
	[12, 12, 12, 12, 1, 1] => QQFieldElem[-1, 0, 2, 2],
	[12, 12, 12, 12, 9, 4] => QQFieldElem[0, 0, 1, 1],
	[12, 12, 12, 12, 10, 1] => QQFieldElem[0, 5, 8, 5],
	[12, 12, 12, 12, 12, 12] => QQFieldElem[1, 0, -2, -2],
	[12, 12, 12, 12, 2, 1] => QQFieldElem[-1, 0, 2, 2],
	[12, 12, 12, 12, 1, 3] => QQFieldElem[1, 0, 0, 0],
	[12, 12, 12, 12, 11, 2] => QQFieldElem[-4, 0, 7, 7],
	[12, 12, 12, 12, 11, 10] => QQFieldElem[1, 0, -3, -3],
	[12, 12, 12, 12, 12, 11] => QQFieldElem[0, 2, 3, 2],
	[12, 12, 12, 12, 10, 3] => QQFieldElem[0, -1, -2, -1],
	[12, 12, 12, 12, 2, 3] => QQFieldElem[1, 0, 0, 0],
	[12, 12, 12, 12, 9, 12] => QQFieldElem[-2//5, 0, 1//5, 1//5],
	[12, 12, 12, 12, 9, 11] => QQFieldElem[0, -3//5, -4//5, -3//5],
	[12, 12, 12, 12, 3, 4] => QQFieldElem[-1, 0, 1, 1],
	[12, 12, 12, 12, 11, 9] => QQFieldElem[0, 4, 7, 4],
	[12, 12, 12, 12, 12, 2] => QQFieldElem[-7, 0, 11, 11],
	[12, 12, 12, 12, 12, 10] => QQFieldElem[3, 0, -4, -4],
	[12, 12, 12, 12, 4, 4] => QQFieldElem[-1, 0, 2, 2],
	[12, 12, 12, 12, 9, 2] => QQFieldElem[2, 0, -3, -3],
	[12, 12, 12, 12, 9, 10] => QQFieldElem[-1, 0, 1, 1],
	[12, 12, 12, 12, 3, 12] => QQFieldElem[-2//5, 0, 1//5, 1//5],
	[12, 12, 12, 12, 4, 12] => QQFieldElem[-1//5, 0, 3//5, 3//5],
	[12, 12, 12, 12, 3, 11] => QQFieldElem[0, -3//5, -4//5, -3//5],
	[12, 12, 12, 12, 12, 9] => QQFieldElem[0, 4, 7, 4],
	[12, 12, 12, 12, 4, 11] => QQFieldElem[0, -3//5, -4//5, -3//5],
	[12, 12, 12, 12, 1, 4] => QQFieldElem[-1, -1, 0, -1],
	[12, 12, 12, 12, 9, 9] => QQFieldElem[0, -2, -3, -2],
	[12, 12, 12, 12, 10, 4] => QQFieldElem[-1, 0, 1, 1],
	[12, 12, 12, 12, 11, 1] => QQFieldElem[0, -11, -18, -11],
	[12, 12, 12, 12, 2, 4] => QQFieldElem[0, 0, 0, 1],
	[12, 12, 12, 12, 3, 2] => QQFieldElem[2, 0, -3, -3],
	[12, 12, 12, 12, 1, 12] => QQFieldElem[-3//5, -3//5, 0, -4//5],
	[12, 12, 12, 12, 3, 10] => QQFieldElem[0, 0, 1, 1],
	[12, 12, 12, 12, 11, 3] => QQFieldElem[0, 4, 7, 4],
	[12, 12, 12, 12, 4, 10] => QQFieldElem[-1, 0, 1, 1],
	[12, 12, 12, 12, 4, 2] => QQFieldElem[3, 0, -5, -5],
	[12, 12, 12, 12, 10, 12] => QQFieldElem[-1//5, 0, 3//5, 3//5],
	[12, 12, 12, 12, 1, 11] => QQFieldElem[3//5, 0, 1//5, 1//5],
	[12, 12, 12, 12, 2, 12] => QQFieldElem[1//5, 1//5, 0, 3//5],
	[12, 12, 12, 12, 10, 11] => QQFieldElem[0, -3//5, -4//5, -3//5],
	[12, 12, 12, 12, 12, 1] => QQFieldElem[0, -11, -18, -11],
	[12, 12, 12, 12, 2, 11] => QQFieldElem[3//5, 0, 1//5, 1//5],
	[12, 12, 12, 12, 3, 9] => QQFieldElem[0, -1, -2, -1])