Dict(
	[12, 16, 14, 10, 11, 6] => QQFieldElem[0, 0, 1, 1],
	[12, 16, 14, 10, 12, 13] => QQFieldElem[0, 2, 3, 2],
	[12, 16, 14, 10, 3, 13] => QQFieldElem[1, 0, 0, 0],
	[12, 16, 14, 10, 4, 13] => QQFieldElem[0, 0, 1, 1],
	[12, 16, 14, 10, 11, 14] => QQFieldElem[-1, 0, 0, 0],
	[12, 16, 14, 10, 12, 5] => QQFieldElem[0, 3, 5, 3],
	[12, 16, 14, 10, 3, 5] => QQFieldElem[1, 0, -1, -1],
	[12, 16, 14, 10, 4, 5] => QQFieldElem[-1, 0, 2, 2],
	[12, 16, 14, 10, 11, 13] => QQFieldElem[0, -1, -2, -1],
	[12, 16, 14, 10, 12, 6] => QQFieldElem[1, 0, -2, -2],
	[12, 16, 14, 10, 3, 6] => QQFieldElem[0, 0, 0, 1],
	[12, 16, 14, 10, 4, 6] => QQFieldElem[1, 1, 0, -1],
	[12, 16, 14, 10, 12, 14] => QQFieldElem[1, 0, -1, -1],
	[12, 16, 14, 10, 3, 14] => QQFieldElem[1, 1, 0, 2],
	[12, 16, 14, 10, 11, 5] => QQFieldElem[0, -2, -3, -2],
	[12, 16, 14, 10, 4, 14] => QQFieldElem[0, 0, 0, -1])