Dict(
	[12, 8, 8, 4, 12, 8] => QQFieldElem[2, 0, 0, 0, -1, -1],
	[12, 8, 8, 4, 10, 6] => QQFieldElem[5//3, 5//3, 5//3, 5//3, 2//3, -1//3],
	[12, 8, 8, 4, 12, 6] => QQFieldElem[6, 5, 1, 3, -1, -5],
	[12, 8, 8, 4, 9, 5] => QQFieldElem[0, 0, 1, 1, 0, 0],
	[12, 8, 8, 4, 11, 5] => QQFieldElem[-2, -4, -6, -5, 0, 2],
	[12, 8, 8, 4, 10, 7] => QQFieldElem[0, 1, 1, 0, -1, 1],
	[12, 8, 8, 4, 9, 8] => QQFieldElem[-1//3, -1//3, 4//3, -8//3, 7//3, -4//3],
	[12, 8, 8, 4, 12, 7] => QQFieldElem[1, 2, 1, -1, -2, -1],
	[12, 8, 8, 4, 9, 6] => QQFieldElem[1//3, -1//3, 1, -1//3, 1//3, 0],
	[12, 8, 8, 4, 11, 8] => QQFieldElem[-5//3, -2//3, 1//3, -1//3, -1//3, 2//3],
	[12, 8, 8, 4, 11, 6] => QQFieldElem[-4, -4, -3, -3, 0, 2],
	[12, 8, 8, 4, 9, 7] => QQFieldElem[2, -1, -1, 2, 0, 0],
	[12, 8, 8, 4, 10, 5] => QQFieldElem[2, 10//3, 8//3, 3, 8//3, 1//3],
	[12, 8, 8, 4, 11, 7] => QQFieldElem[-6, 4, 6, -8, -2, 8],
	[12, 8, 8, 4, 12, 5] => QQFieldElem[7, 7, 3, 5, 2, -3],
	[12, 8, 8, 4, 10, 8] => QQFieldElem[-1//3, 4//3, -4//3, 1, -1//3, -1//3])