Dict(
	[14, 6, 14, 10, 9, 11] => QQFieldElem[1, -1, 1, 0, 0, 1],
	[14, 6, 14, 10, 9, 9] => QQFieldElem[0, 1, 1, 0, 0, 0],
	[14, 6, 14, 10, 11, 11] => QQFieldElem[0, 4, 2, -3, 2, 4],
	[14, 6, 14, 10, 15, 13] => QQFieldElem[-1, 2, 4, -3, -6, -2],
	[14, 6, 14, 10, 11, 9] => QQFieldElem[-9, -6, 6, 0, -6, 0],
	[14, 6, 14, 10, 15, 15] => QQFieldElem[-2415//703, -958//703, 2248//703, -1479//703, -2990//703, 86//703],
	[14, 6, 14, 10, 13, 13] => QQFieldElem[3, -2, -4, 3, 2, -2],
	[14, 6, 14, 10, 13, 15] => QQFieldElem[1857//703, -210//703, -1581//703, 891//703, 1797//703, -963//703],
	[14, 6, 14, 10, 9, 13] => QQFieldElem[2//3, 1//3, 1//3, 2//3, 0, 0],
	[14, 6, 14, 10, 9, 15] => QQFieldElem[-43//703, -153//703, 224//703, -325//703, 315//703, -89//703],
	[14, 6, 14, 10, 11, 13] => QQFieldElem[-1, 0, 0, 0, 2, 2],
	[14, 6, 14, 10, 11, 15] => QQFieldElem[207//703, 524//703, -32//703, -54//703, 658//703, 314//703],
	[14, 6, 14, 10, 15, 11] => QQFieldElem[-7, -9, 3, 2, -10, -7],
	[14, 6, 14, 10, 15, 9] => QQFieldElem[25, 1, -22, 15, 15, -13],
	[14, 6, 14, 10, 13, 11] => QQFieldElem[6, 5, -5, 0, 7, 2],
	[14, 6, 14, 10, 13, 9] => QQFieldElem[-15, 5, 16, -15, -11, 11])