Dict(
	[15, 15, 15, 14, 12, 4] => QQFieldElem[-24, 3, 28, 15, 35, 39],
	[15, 15, 15, 14, 4, 4] => QQFieldElem[0, 0, 0, 1, 1, 0],
	[15, 15, 15, 14, 8, 16] => QQFieldElem[2, -1, 1, 1, -2, 2],
	[15, 15, 15, 14, 8, 12] => QQFieldElem[72//37, -66//37, 42//37, 15//37, -60//37, 18//37],
	[15, 15, 15, 14, 12, 16] => QQFieldElem[-4, -1, 3, -1, 0, 3],
	[15, 15, 15, 14, 8, 8] => QQFieldElem[1, 0, -1, -1, -2, -2],
	[15, 15, 15, 14, 16, 4] => QQFieldElem[21, 0, -21, -11, -28, -32],
	[15, 15, 15, 14, 4, 16] => QQFieldElem[3, 0, -3, 5, -2, 2],
	[15, 15, 15, 14, 12, 12] => QQFieldElem[-142//37, -24//37, 96//37, -8//37, 106//37, 168//37],
	[15, 15, 15, 14, 12, 8] => QQFieldElem[-8, -2, 6, 3, 8, 10],
	[15, 15, 15, 14, 4, 12] => QQFieldElem[-67//37, 46//37, -36//37, -71//37, 99//37, -100//37],
	[15, 15, 15, 14, 4, 8] => QQFieldElem[0, 2//3, -1//3, 0, 1//3, 1//3],
	[15, 15, 15, 14, 16, 16] => QQFieldElem[2, 1, -1, 0, -2, -3],
	[15, 15, 15, 14, 16, 12] => QQFieldElem[137//37, 44//37, -65//37, -10//37, -108//37, -160//37],
	[15, 15, 15, 14, 16, 8] => QQFieldElem[23//3, 5//3, -5, -5//3, -23//3, -10],
	[15, 15, 15, 14, 8, 4] => QQFieldElem[5, -2, -8, -5, -10, -10])