Dict(
	[10, 18, 17, 10, 12, 14] => QQFieldElem[0, -1, 2, 2, 5, 5, 6, 5, 3, 2],
	[10, 18, 17, 10, 2, 25] => QQFieldElem[0, 0, 0, -1, -1, 1, 1, -1, -1, 0],
	[10, 18, 17, 10, 4, 14] => QQFieldElem[0, 0, 0, 2, 2, 4, 3, 4, 2, 2],
	[10, 18, 17, 10, 14, 14] => QQFieldElem[1, 0, -1, -4, -5, -8, -7, -7, -4, -3],
	[10, 18, 17, 10, 12, 25] => QQFieldElem[1, 1, 0, 1, 2, 1, 1, 2, 1, 0],
	[10, 18, 17, 10, 4, 25] => QQFieldElem[-1, 0, 0, 0, 0, -1, -1, 0, 0, 0],
	[10, 18, 17, 10, 14, 25] => QQFieldElem[0, 0, 0, 0, -2, -3, -2, -1, 0, 0],
	[10, 18, 17, 10, 2, 15] => QQFieldElem[-3, -3, 0, 3, 6, 9, 11, 9, 6, 3],
	[10, 18, 17, 10, 12, 15] => QQFieldElem[4, 3, -5, -14, -23, -29, -31, -26, -17, -8],
	[10, 18, 17, 10, 4, 15] => QQFieldElem[6, 6, 0, -9, -20, -27, -31, -27, -20, -9],
	[10, 18, 17, 10, 14, 15] => QQFieldElem[-9, -6, 9, 30, 52, 65, 69, 59, 41, 18],
	[10, 18, 17, 10, 2, 24] => QQFieldElem[1, 0, -2, -2, -3, -5, -5, -3, -2, -2],
	[10, 18, 17, 10, 12, 24] => QQFieldElem[0, -5, -15, -29, -40, -44, -41, -34, -21, -8],
	[10, 18, 17, 10, 4, 24] => QQFieldElem[-1, 0, 1, 4, 6, 7, 7, 6, 4, 1],
	[10, 18, 17, 10, 14, 24] => QQFieldElem[-3, 3, 18, 37, 50, 56, 55, 44, 26, 9],
	[10, 18, 17, 10, 2, 14] => QQFieldElem[1, 1, 0, 0, -1, -1, -2, -1, -1, 0])