Dict(
	[10, 5, 9, 4, 7, 6] => QQFieldElem[1, 1, 1, 0, 1, 1, 1, 0, 1, 1],
	[10, 5, 9, 4, 8, 8] => QQFieldElem[-1, 0, 0, -1, 0, 0, -1, 1, -1, 0],
	[10, 5, 9, 4, 10, 8] => QQFieldElem[2, 2, 0, -2, -5, -7, -8, -7, -5, -2],
	[10, 5, 9, 4, 7, 9] => QQFieldElem[-1, 0, 2, 0, -1, 0, 1, 0, 0, 1],
	[10, 5, 9, 4, 9, 10] => QQFieldElem[1, 0, 0, 2, 2, 2, 2, 2, 2, 0],
	[10, 5, 9, 4, 8, 6] => QQFieldElem[2, 4, -1, 4, 2, 0, 4, 1, 1, 4],
	[10, 5, 9, 4, 10, 6] => QQFieldElem[0, -1, 0, 0, 1, 2, 2, 2, 2, 1],
	[10, 5, 9, 4, 8, 9] => QQFieldElem[1, -2, 1, 0, -2, 2, -1, -1, 2, -2],
	[10, 5, 9, 4, 10, 9] => QQFieldElem[0, 0, -2, -5, -7, -8, -8, -7, -5, -2],
	[10, 5, 9, 4, 9, 8] => QQFieldElem[-1, -3, -1, 0, 1, 4, 4, 4, 4, 1],
	[10, 5, 9, 4, 7, 10] => QQFieldElem[2, -2, -2, 2, 0, -3, -1, 3, -1, -3],
	[10, 5, 9, 4, 9, 6] => QQFieldElem[2, 1, 1, 2, 0, 0, 0, -1, 0, 0],
	[10, 5, 9, 4, 9, 9] => QQFieldElem[-1, -1, 0, 1, 3, 4, 4, 4, 3, 1],
	[10, 5, 9, 4, 8, 10] => QQFieldElem[0, 0, 0, 0, -1, 0, 1, 0, -1, 0],
	[10, 5, 9, 4, 10, 10] => QQFieldElem[0, 0, -1, -3, -3, -3, -3, -3, -1, 0],
	[10, 5, 9, 4, 7, 8] => QQFieldElem[0, -1, 0, 0, -1, 0, 0, 0, -1, 0])