Dict(
	[12, 13, 8, 7, 18, 12] => QQFieldElem[2, 0, 0, 1, -1, 1, 1, -1, 1, 0],
	[12, 13, 8, 7, 8, 12] => QQFieldElem[1, 0, 1, 2, 1, 0, 0, 1, 2, 1],
	[12, 13, 8, 7, 16, 4] => QQFieldElem[1, 0, 1, 2, 1, 0, 0, 1, 2, 1],
	[12, 13, 8, 7, 16, 2] => QQFieldElem[6, 0, -11, -15, -5, 4, 4, -5, -15, -11],
	[12, 13, 8, 7, 18, 14] => QQFieldElem[5, 0, -9, -12, -5, 4, 4, -5, -12, -9],
	[12, 13, 8, 7, 8, 14] => QQFieldElem[-7, 0, 17, 28, 14, -10, -10, 14, 28, 17],
	[12, 13, 8, 7, 6, 4] => QQFieldElem[-1, 0, 1, -1, -1, 0, 0, -1, -1, 1],
	[12, 13, 8, 7, 6, 2] => QQFieldElem[1, 0, 1, 0, 0, 1, 1, 0, 0, 1],
	[12, 13, 8, 7, 16, 12] => QQFieldElem[6, 0, 0, 3, -2, 4, 4, -2, 3, 0],
	[12, 13, 8, 7, 18, 4] => QQFieldElem[1, 0, 0, 1, 0, 0, 0, 0, 1, 0],
	[12, 13, 8, 7, 8, 4] => QQFieldElem[-2, 0, 2, -1, -3, 2, 2, -3, -1, 2],
	[12, 13, 8, 7, 6, 12] => QQFieldElem[0, 0, 0, -1, 0, -1, -1, 0, -1, 0],
	[12, 13, 8, 7, 8, 2] => QQFieldElem[-5, 0, 7, 5, 1, -1, -1, 1, 5, 7],
	[12, 13, 8, 7, 18, 2] => QQFieldElem[2, 0, -3, -4, -1, 1, 1, -1, -4, -3],
	[12, 13, 8, 7, 16, 14] => QQFieldElem[24, 0, -45, -58, -24, 18, 18, -24, -58, -45],
	[12, 13, 8, 7, 6, 14] => QQFieldElem[3, 0, -2, -1, 1, 0, 0, 1, -1, -2])