Dict(
	[12, 15, 15, 22, 13, 15] => QQFieldElem[0, 0, 0, 1, 2, 3, 3, 3, 2, 1],
	[12, 15, 15, 22, 23, 24] => QQFieldElem[-1, -6, -11, -18, -23, -24, -22, -16, -10, -5],
	[12, 15, 15, 22, 11, 14] => QQFieldElem[1, -1, -1, -1, -1, 0, -1, -1, -1, 0],
	[12, 15, 15, 22, 11, 25] => QQFieldElem[765//737, 309//737, 997//737, 321//737, 591//737, 300//737, 933//737, 521//737, -34//737, 1424//737],
	[12, 15, 15, 22, 21, 24] => QQFieldElem[2, 6, 9, 15, 19, 18, 16, 12, 7, 3],
	[12, 15, 15, 22, 23, 14] => QQFieldElem[0, -1, -2, -4, -4, -4, -3, -3, -2, -2],
	[12, 15, 15, 22, 13, 24] => QQFieldElem[0, 1, 1, 2, 3, 3, 3, 2, 1, 1],
	[12, 15, 15, 22, 11, 15] => QQFieldElem[1, 2, 1, 0, 1, 1, 0, 0, 1, 2],
	[12, 15, 15, 22, 23, 25] => QQFieldElem[-355//737, -259//737, -559//737, -727//737, -939//737, -1382//737, -1011//737, -1157//737, -885//737, -998//737],
	[12, 15, 15, 22, 21, 14] => QQFieldElem[0, 1, 1, 3, 3, 3, 2, 2, 1, 1],
	[12, 15, 15, 22, 23, 15] => QQFieldElem[3, 2, -1, -2, -3, -6, -8, -5, -3, -2],
	[12, 15, 15, 22, 13, 14] => QQFieldElem[0, 1, 2, 2, 2, 1, 2, 2, 2, 1],
	[12, 15, 15, 22, 21, 25] => QQFieldElem[-229//737, 26//737, -126//737, -388//737, 615//737, -32//737, -129//737, 82//737, 436//737, -486//737],
	[12, 15, 15, 22, 11, 24] => QQFieldElem[0, -1, 0, -1, -3, -1, -1, -2, 0, 0],
	[12, 15, 15, 22, 13, 25] => QQFieldElem[329//737, 130//737, 107//737, 271//737, 127//737, 577//737, 92//737, 410//737, -31//737, 518//737],
	[12, 15, 15, 22, 21, 15] => QQFieldElem[-1, 3, 3, 0, 2, 6, 3, 1, 3, 4])