Dict(
	[14, 8, 13, 10, 10, 10] => QQFieldElem[-1, 1, 3, 1, 2, 2, 1, 3, 1, -1],
	[14, 8, 13, 10, 18, 20] => QQFieldElem[20//23, 31//23, 32//23, 71//23, 42//23, 25//23, 55//23, 31//23, 43//23, 2],
	[14, 8, 13, 10, 8, 20] => QQFieldElem[0, -17//23, -16//23, -18//23, -4//23, 8//23, -4//23, -18//23, -16//23, -17//23],
	[14, 8, 13, 10, 10, 20] => QQFieldElem[-1//23, 17//23, 21//23, -4//23, -16//23, -16//23, -4//23, 21//23, 17//23, -1//23],
	[14, 8, 13, 10, 20, 10] => QQFieldElem[-1, -6, -12, -15, -18, -18, -15, -12, -6, -1],
	[14, 8, 13, 10, 18, 19] => QQFieldElem[0, 3, 1, 3, 6, 5, 7, 5, 1, 2],
	[14, 8, 13, 10, 8, 19] => QQFieldElem[0, 0, 1, 2, 1, 1, 1, 1, 2, 1],
	[14, 8, 13, 10, 10, 19] => QQFieldElem[0, -4, -7, -7, -4, -2, -4, -7, -7, -4],
	[14, 8, 13, 10, 18, 9] => QQFieldElem[12, 6, -15, -44, -73, -92, -95, -81, -55, -25],
	[14, 8, 13, 10, 8, 9] => QQFieldElem[-2, -2, 0, 2, 4, 6, 7, 6, 4, 2],
	[14, 8, 13, 10, 10, 9] => QQFieldElem[2, 0, -5, -11, -16, -19, -19, -16, -11, -5],
	[14, 8, 13, 10, 20, 20] => QQFieldElem[-6//23, -36//23, -58//23, -47//23, -50//23, -50//23, -47//23, -58//23, -36//23, -6//23],
	[14, 8, 13, 10, 20, 19] => QQFieldElem[0, 2, 2, -1, -6, -9, -6, -1, 2, 2],
	[14, 8, 13, 10, 20, 9] => QQFieldElem[-13, 0, 34, 78, 118, 142, 142, 118, 78, 34],
	[14, 8, 13, 10, 18, 10] => QQFieldElem[3, 5, 6, 12, 11, 10, 12, 7, 6, 5],
	[14, 8, 13, 10, 8, 10] => QQFieldElem[0, -2, -1, -2, -2, 0, -2, -2, -1, -2])