Dict(
	[15, 14, 14, 5, 15, 12] => QQFieldElem[-9, -9, -9, -9, 0, 4, 7, 12, 7, 4],
	[15, 14, 14, 5, 13, 12] => QQFieldElem[1, -1, -3, 0, -1, 0, 3, 2, 3, 3],
	[15, 14, 14, 5, 11, 15] => QQFieldElem[-73//11, 96//11, 364//11, 346//11, 108//11, -64//11, -16//11, 241//11, 399//11, 238//11],
	[15, 14, 14, 5, 14, 12] => QQFieldElem[7, 10, 12, 9, 3, -3, -9, -12, -10, -7],
	[15, 14, 14, 5, 11, 13] => QQFieldElem[5, 9, 9, 5, 4, 5, 3, 8, 12, 4],
	[15, 14, 14, 5, 15, 14] => QQFieldElem[0, 0, -2, -4, -5, -7, -7, -5, -4, -2],
	[15, 14, 14, 5, 13, 14] => QQFieldElem[3, 5, 4, 1, -1, 1, 4, 4, 2, 0],
	[15, 14, 14, 5, 14, 14] => QQFieldElem[-1, -1, 0, 2, 4, 5, 5, 4, 3, 1],
	[15, 14, 14, 5, 11, 12] => QQFieldElem[14, 18, -1, 21, 12, 1, 23, 5, 8, 23],
	[15, 14, 14, 5, 15, 13] => QQFieldElem[0, 0, 0, -7, -17, -20, -19, -20, -17, -7],
	[15, 14, 14, 5, 15, 15] => QQFieldElem[4//11, -3//11, -10//11, -28//11, -35//11, -42//11, -38//11, -34//11, -19//11, -4//11],
	[15, 14, 14, 5, 13, 13] => QQFieldElem[4, 5, 1, 1, 4, 2, -2, 0, 3, 1],
	[15, 14, 14, 5, 11, 14] => QQFieldElem[63, 123, 111, 46, -3, 25, 99, 127, 82, 14],
	[15, 14, 14, 5, 13, 15] => QQFieldElem[-1//11, -2//11, -14//11, -4//11, -5//11, -6//11, -7//11, -8//11, -9//11, -10//11],
	[15, 14, 14, 5, 14, 15] => QQFieldElem[-1, 0, 0, 1, 2, 3, 3, 2, 1, 0],
	[15, 14, 14, 5, 14, 13] => QQFieldElem[-3, -3, -2, 3, 11, 16, 17, 17, 14, 7])