Dict(
	[15, 15, 4, 15, 12, 12] => QQFieldElem[-2, -1, 0, -2, 0, -1, -2, 0, -1, -1],
	[15, 15, 4, 15, 15, 12] => QQFieldElem[-5, -11, -25, -31, -36, -37, -26, -18, -10, 1],
	[15, 15, 4, 15, 13, 12] => QQFieldElem[-3, -8, -5, -10, -10, -5, -8, -3, 0, -4],
	[15, 15, 4, 15, 14, 12] => QQFieldElem[7, 17, 29, 38, 41, 38, 29, 17, 7, 0],
	[15, 15, 4, 15, 12, 14] => QQFieldElem[10, 18, 15, 4, -1, 4, 15, 18, 10, 0],
	[15, 15, 4, 15, 15, 14] => QQFieldElem[-2, -4, -4, -6, -6, -8, -10, -10, -5, 0],
	[15, 15, 4, 15, 13, 14] => QQFieldElem[0, -1, -2, -1, -1, -1, -1, -2, -1, 0],
	[15, 15, 4, 15, 14, 14] => QQFieldElem[0, 1, 3, 5, 7, 8, 7, 5, 3, 1],
	[15, 15, 4, 15, 12, 13] => QQFieldElem[-1, -2, -1, 1, 1, -1, -2, -1, 0, 1],
	[15, 15, 4, 15, 12, 15] => QQFieldElem[96//253, 107//253, -167//253, -156//253, -60//253, 42//253, 148//253, -30//253, -208//253, -102//253],
	[15, 15, 4, 15, 15, 13] => QQFieldElem[-3, -10, -15, -20, -27, -30, -23, -18, -12, -7],
	[15, 15, 4, 15, 15, 15] => QQFieldElem[1, 0, -1, -2, -4, -4, -4, -4, -2, -1],
	[15, 15, 4, 15, 13, 13] => QQFieldElem[-1, -2, -3, -4, -4, -4, -3, -2, -1, 0],
	[15, 15, 4, 15, 13, 15] => QQFieldElem[-150//253, -15//253, -128//253, -241//253, -106//253, -256//253, -201//253, -67//253, -189//253, -5//23],
	[15, 15, 4, 15, 14, 13] => QQFieldElem[2, 8, 15, 22, 26, 26, 22, 15, 8, 2],
	[15, 15, 4, 15, 14, 15] => QQFieldElem[-39//253, 8//23, 34//23, 702//253, 988//253, 1115//253, 1076//253, 842//253, 538//253, 234//253])