Dict(
	[17, 7, 8, 18, 12, 23] => QQFieldElem[-3, 0, 1, -5, -5, 3, 3, -5, -5, 1],
	[17, 7, 8, 18, 2, 11] => QQFieldElem[-1, 0, 1, -1, -1, 0, 0, -1, -1, 1],
	[17, 7, 8, 18, 4, 23] => QQFieldElem[-3, 0, 1, -1, 0, -1, -1, 0, -1, 1],
	[17, 7, 8, 18, 12, 11] => QQFieldElem[2, 0, -1, 2, 2, -1, -1, 2, 2, -1],
	[17, 7, 8, 18, 14, 23] => QQFieldElem[2, 0, 2, 8, 5, -3, -3, 5, 8, 2],
	[17, 7, 8, 18, 4, 11] => QQFieldElem[0, 0, -1, 0, 1, -1, -1, 1, 0, -1],
	[17, 7, 8, 18, 14, 11] => QQFieldElem[-2, 0, 1, -3, -4, 2, 2, -4, -3, 1],
	[17, 7, 8, 18, 2, 13] => QQFieldElem[1, 0, 1, -1, -1, -1, -1, -1, -1, 1],
	[17, 7, 8, 18, 2, 21] => QQFieldElem[3, 0, -1, 1, 2, -1, -1, 2, 1, -1],
	[17, 7, 8, 18, 12, 13] => QQFieldElem[1, 0, -2, -1, 0, 0, 0, 0, -1, -2],
	[17, 7, 8, 18, 12, 21] => QQFieldElem[-5, 0, 4, -2, -4, 2, 2, -4, -2, 4],
	[17, 7, 8, 18, 4, 13] => QQFieldElem[1, 0, 0, 0, 0, 0, 0, 0, 0, 0],
	[17, 7, 8, 18, 14, 13] => QQFieldElem[-2, 0, 3, 3, 2, 1, 1, 2, 3, 3],
	[17, 7, 8, 18, 4, 21] => QQFieldElem[-2, 0, 1, -1, -2, 1, 1, -2, -1, 1],
	[17, 7, 8, 18, 14, 21] => QQFieldElem[8, 0, -6, 3, 7, -2, -2, 7, 3, -6],
	[17, 7, 8, 18, 2, 23] => QQFieldElem[2, 0, -1, 1, 2, -1, -1, 2, 1, -1])