Dict(
	[17, 18, 7, 18, 14, 22] => QQFieldElem[-3, 0, -1, -3, 1, -2, -2, 1, -3, -1],
	[17, 18, 7, 18, 24, 14] => QQFieldElem[3, 1, -1, 0, -1, 1, 2, -1, -1, -1],
	[17, 18, 7, 18, 12, 14] => QQFieldElem[14, -31, 14, 0, -26, 22, -15, -15, 22, -26],
	[17, 18, 7, 18, 14, 14] => QQFieldElem[-1, -2, -1, -2, -1, 0, -2, -1, -1, -2],
	[17, 18, 7, 18, 22, 12] => QQFieldElem[0, -1, -2, -2, -1, -1, -2, -2, -1, 0],
	[17, 18, 7, 18, 22, 24] => QQFieldElem[5//23, 20//23, 1//23, -5//23, -6//23, -3//23, 16//23, 10//23, -1//23, -8//23],
	[17, 18, 7, 18, 22, 22] => QQFieldElem[1, 2, 0, 1, 1, 0, 2, 1, 0, 1],
	[17, 18, 7, 18, 22, 14] => QQFieldElem[-1, 0, 2, 2, 1, -1, -1, 1, 2, 2],
	[17, 18, 7, 18, 24, 12] => QQFieldElem[-1, 0, 3, 5, 7, 9, 10, 9, 6, 3],
	[17, 18, 7, 18, 24, 24] => QQFieldElem[14//23, -29//23, 3//23, 10//23, -12//23, 15//23, -20//23, -27//23, 20//23, -5//23],
	[17, 18, 7, 18, 12, 12] => QQFieldElem[-3, 0, -1, -3, 1, -2, -2, 1, -3, -1],
	[17, 18, 7, 18, 12, 24] => QQFieldElem[-602//23, -744//23, 52//23, -859//23, -453//23, -76//23, -974//23, -176//23, -328//23, -40],
	[17, 18, 7, 18, 24, 22] => QQFieldElem[0, -4, 0, -2, -4, 0, -4, -3, 1, -3],
	[17, 18, 7, 18, 14, 12] => QQFieldElem[1, 1, 1, 0, -1, -2, -2, -2, -2, -1],
	[17, 18, 7, 18, 14, 24] => QQFieldElem[-32//23, -15//23, -15//23, -34//23, -7//23, -21//23, -30//23, 1//23, -31//23, -30//23],
	[17, 18, 7, 18, 12, 22] => QQFieldElem[-210, -145, -20, -249, -74, -74, -249, -20, -145, -210])