Dict(
	[17, 12, 7, 22, 18, 16] => QQFieldElem[1, 1, -2, -3, 0, 2, -1, -3, -1, 0],
	[17, 12, 7, 22, 8, 16] => QQFieldElem[0, 0, 0, 1, 1, 0, 0, 1, 1, 0],
	[17, 12, 7, 22, 18, 23] => QQFieldElem[-44, -43, -1, 27, 13, -22, -43, -28, 12, 31],
	[17, 12, 7, 22, 8, 23] => QQFieldElem[16, 25, 16, 0, -4, 8, 22, 22, 8, -4],
	[17, 12, 7, 22, 16, 21] => QQFieldElem[1, 2, 1, 0, 0, 0, 0, 1, 2, 1],
	[17, 12, 7, 22, 16, 18] => QQFieldElem[-2, 0, 2, 0, 0, 3, 3, 0, 0, 2],
	[17, 12, 7, 22, 16, 16] => QQFieldElem[-1, -1, 1, 1, -2, -2, 1, 1, -1, -1],
	[17, 12, 7, 22, 6, 21] => QQFieldElem[-1, 0, -1, -1, -1, -1, -1, -1, 0, -1],
	[17, 12, 7, 22, 6, 18] => QQFieldElem[-4, 0, 1, 0, -1, 3, 3, -1, 0, 1],
	[17, 12, 7, 22, 16, 23] => QQFieldElem[8, 0, -10, -7, 0, 1, 1, 0, -7, -10],
	[17, 12, 7, 22, 6, 16] => QQFieldElem[-1, -3, 0, 0, -2, -2, 0, 0, -3, -1],
	[17, 12, 7, 22, 18, 21] => QQFieldElem[-1, -2, 0, 4, 7, 9, 9, 6, 2, 0],
	[17, 12, 7, 22, 8, 21] => QQFieldElem[0, 0, 0, -1, -2, -3, -3, -2, -1, 0],
	[17, 12, 7, 22, 18, 18] => QQFieldElem[0, -2, -3, 2, 7, 7, 7, 10, 9, 3],
	[17, 12, 7, 22, 8, 18] => QQFieldElem[1, 1, 1, 0, -3, -5, -5, -5, -5, -3],
	[17, 12, 7, 22, 6, 23] => QQFieldElem[2, 0, -1, 0, 1, 0, 0, 1, 0, -1])