Dict(
	[18, 14, 13, 17, 22, 19] => QQFieldElem[0, 0, 0, 1, 1, -1, -1, 1, 1, 0],
	[18, 14, 13, 17, 22, 9] => QQFieldElem[0, 0, 1, 2, 3, 3, 3, 3, 2, 1],
	[18, 14, 13, 17, 2, 19] => QQFieldElem[-6, 0, 3, 3, 4, -5, -5, 4, 3, 3],
	[18, 14, 13, 17, 24, 19] => QQFieldElem[0, 0, -2, -4, -3, -3, -3, -3, -4, -2],
	[18, 14, 13, 17, 4, 24] => QQFieldElem[153//23, 0, 63//23, 169//23, -22//23, 97//23, 97//23, -22//23, 169//23, 63//23],
	[18, 14, 13, 17, 14, 24] => QQFieldElem[-174//23, 0, -119//23, -263//23, 16//23, -104//23, -104//23, 16//23, -263//23, -119//23],
	[18, 14, 13, 17, 4, 17] => QQFieldElem[1, 0, 0, 0, 0, 0, 0, 0, 0, 0],
	[18, 14, 13, 17, 14, 17] => QQFieldElem[3, 0, -8, -18, -27, -34, -34, -27, -18, -8],
	[18, 14, 13, 17, 2, 9] => QQFieldElem[0, 0, -1, -1, 0, 0, 0, 0, -1, -1],
	[18, 14, 13, 17, 24, 9] => QQFieldElem[-8, 0, 20, 47, 72, 87, 87, 72, 47, 20],
	[18, 14, 13, 17, 4, 22] => QQFieldElem[-14, 0, -3, -11, 3, -9, -9, 3, -11, -3],
	[18, 14, 13, 17, 14, 22] => QQFieldElem[19, 0, 2, 12, -4, 14, 14, -4, 12, 2],
	[18, 14, 13, 17, 22, 24] => QQFieldElem[-1//23, 0, -18//23, -22//23, 3//23, -8//23, -8//23, 3//23, -22//23, -18//23],
	[18, 14, 13, 17, 22, 17] => QQFieldElem[1, 0, -3, -6, -9, -11, -11, -9, -6, -3],
	[18, 14, 13, 17, 22, 22] => QQFieldElem[2, 0, 0, 1, 0, 2, 2, 0, 1, 0],
	[18, 14, 13, 17, 2, 24] => QQFieldElem[-204//23, 0, 8//23, -95//23, 37//23, -114//23, -114//23, 37//23, -95//23, 8//23],
	[18, 14, 13, 17, 24, 24] => QQFieldElem[-2, 0, 0, -1, 0, -2, -2, 0, -1, 0],
	[18, 14, 13, 17, 2, 17] => QQFieldElem[0, 0, -1, -1, 0, 0, 0, 0, -1, -1],
	[18, 14, 13, 17, 24, 17] => QQFieldElem[-5, 0, 13, 31, 47, 56, 56, 47, 31, 13],
	[18, 14, 13, 17, 2, 22] => QQFieldElem[17, 0, 9, 21, -2, 11, 11, -2, 21, 9],
	[18, 14, 13, 17, 24, 22] => QQFieldElem[3, 0, 1, 2, -3, -2, -2, -3, 2, 1],
	[18, 14, 13, 17, 12, 7] => QQFieldElem[1, 0, 1, 1, 0, 0, 0, 0, 1, 1],
	[18, 14, 13, 17, 12, 19] => QQFieldElem[1, 0, 2, 3, 0, 1, 1, 0, 3, 2],
	[18, 14, 13, 17, 12, 9] => QQFieldElem[1, 0, 0, -1, -1, -1, -1, -1, -1, 0],
	[18, 14, 13, 17, 4, 7] => QQFieldElem[2, 0, 1, 2, 0, 1, 1, 0, 2, 1],
	[18, 14, 13, 17, 14, 7] => QQFieldElem[-1, 0, 0, 0, 4, 4, 4, 4, 0, 0],
	[18, 14, 13, 17, 12, 24] => QQFieldElem[47//23, 0, 41//23, 91//23, -3//23, 31//23, 31//23, -3//23, 91//23, 41//23],
	[18, 14, 13, 17, 22, 7] => QQFieldElem[0, 0, 0, 0, 1, 1, 1, 1, 0, 0],
	[18, 14, 13, 17, 12, 17] => QQFieldElem[0, 0, 1, 2, 3, 4, 4, 3, 2, 1],
	[18, 14, 13, 17, 12, 22] => QQFieldElem[-9, 0, -1, -5, 2, -6, -6, 2, -5, -1],
	[18, 14, 13, 17, 4, 19] => QQFieldElem[3, 0, 3, 6, 0, 2, 2, 0, 6, 3],
	[18, 14, 13, 17, 14, 19] => QQFieldElem[-5, 0, -4, -8, 1, -1, -1, 1, -8, -4],
	[18, 14, 13, 17, 4, 9] => QQFieldElem[0, 0, 0, 1, 1, 2, 2, 1, 1, 0],
	[18, 14, 13, 17, 14, 9] => QQFieldElem[5, 0, -17, -39, -60, -73, -73, -60, -39, -17],
	[18, 14, 13, 17, 2, 7] => QQFieldElem[-3, 0, 0, -1, 1, -2, -2, 1, -1, 0],
	[18, 14, 13, 17, 24, 7] => QQFieldElem[0, 0, -1, -3, -4, -6, -6, -4, -3, -1])