Dict(
	[18, 10, 14, 12, 19, 25] => QQFieldElem[-18//2189, -2269//2189, -780//2189, -1975//2189, -2686//2189, -757//2189, -2139//2189, -2278//2189, -811//2189, -2325//2189],
	[18, 10, 14, 12, 7, 25] => QQFieldElem[3100//2189, -1302//2189, 1534//2189, 2060//2189, -2452//2189, 3167//2189, 1361//2189, -1941//2189, 3711//2189, -900//2189],
	[18, 10, 14, 12, 17, 25] => QQFieldElem[-2391//2189, 1048//2189, -727//2189, -1490//2189, 1476//2189, -1685//2189, -655//2189, 947//2189, -2291//2189, 906//2189],
	[18, 10, 14, 12, 19, 13] => QQFieldElem[5, 12, -2, 11, 11, 1, 16, 7, 3, 15],
	[18, 10, 14, 12, 19, 15] => QQFieldElem[1, -3, -3, -5, -8, -6, -7, -6, -2, -2],
	[18, 10, 14, 12, 7, 13] => QQFieldElem[-7, 16, -7, 0, 14, -11, 8, 8, -11, 14],
	[18, 10, 14, 12, 7, 15] => QQFieldElem[5, 0, 1, 4, -1, 3, 3, -1, 4, 1],
	[18, 10, 14, 12, 9, 23] => QQFieldElem[0, 2, -1, 1, 1, -2, 1, 0, -1, 2],
	[18, 10, 14, 12, 17, 13] => QQFieldElem[6, -12, 6, 0, -11, 8, -7, -7, 8, -11],
	[18, 10, 14, 12, 17, 15] => QQFieldElem[-4, 0, -1, -3, 1, -2, -2, 1, -3, -1],
	[18, 10, 14, 12, 9, 25] => QQFieldElem[-740//2189, 2062//2189, -691//2189, 285//2189, 1701//2189, -1448//2189, 353//2189, 1692//2189, -1479//2189, 2192//2189],
	[18, 10, 14, 12, 19, 23] => QQFieldElem[0, -1, 0, -3, -4, -3, -5, -4, -3, -3],
	[18, 10, 14, 12, 7, 23] => QQFieldElem[1, -2, 1, 0, -2, 2, -1, -1, 2, -2],
	[18, 10, 14, 12, 17, 23] => QQFieldElem[-1, 1, -1, 0, 2, 0, 2, 2, 0, 2],
	[18, 10, 14, 12, 9, 13] => QQFieldElem[-2, -16, 4, -9, -13, 4, -15, -7, 2, -17],
	[18, 10, 14, 12, 9, 15] => QQFieldElem[-2, 2, 1, 1, 4, 1, 2, 3, -1, 1])