Dict(
	[18, 25, 25, 16, 23, 25] => QQFieldElem[12//11, 2//11, -8//11, -29//11, -50//11, -60//11, -70//11, -58//11, -35//11, -23//11],
	[18, 25, 25, 16, 18, 25] => QQFieldElem[-1, -2, 0, 3, 4, 5, 6, 5, 2, 0],
	[18, 25, 25, 16, 23, 15] => QQFieldElem[0, -6, -18, -30, -39, -43, -39, -30, -18, -6],
	[18, 25, 25, 16, 23, 10] => QQFieldElem[10, 18, 33, 44, 44, 44, 33, 18, 10, 0],
	[18, 25, 25, 16, 3, 25] => QQFieldElem[27//11, 21//11, 4//11, 20//11, 25//11, 8//11, 13//11, 18//11, 23//11, 17//11],
	[18, 25, 25, 16, 18, 15] => QQFieldElem[1, 10, 24, 38, 48, 51, 46, 34, 19, 7],
	[18, 25, 25, 16, 13, 25] => QQFieldElem[-18//11, -3//11, 12//11, -17//11, -35//11, 2//11, -5//11, -34//11, -8//11, 7//11],
	[18, 25, 25, 16, 18, 10] => QQFieldElem[-11, -29, -47, -60, -64, -57, -42, -23, -7, 2],
	[18, 25, 25, 16, 23, 20] => QQFieldElem[2, 0, -2, -5, -9, -10, -10, -9, -5, -2],
	[18, 25, 25, 16, 3, 15] => QQFieldElem[0, -1, 0, 0, 0, 0, -1, 1, -1, -1],
	[18, 25, 25, 16, 3, 10] => QQFieldElem[0, 0, -2, -1, -1, -1, 0, 1, 0, 2],
	[18, 25, 25, 16, 13, 15] => QQFieldElem[-1, -4, -7, -9, -12, -12, -10, -6, -5, -1],
	[18, 25, 25, 16, 18, 20] => QQFieldElem[-1, 1, 3, 8, 10, 13, 11, 10, 6, 3],
	[18, 25, 25, 16, 13, 10] => QQFieldElem[3, 11, 17, 19, 22, 16, 11, 5, -1, -3],
	[18, 25, 25, 16, 3, 20] => QQFieldElem[1, 0, 2, -1, 1, 0, 2, 0, 0, 1],
	[18, 25, 25, 16, 13, 20] => QQFieldElem[1, -1, 0, -2, -1, -3, -2, -1, -1, 0])