Dict(
	[18, 12, 18, 14, 22, 17] => QQFieldElem[-2, -4, -2, 0, 2, 5, 5, 5, 5, 2],
	[18, 12, 18, 14, 19, 24] => QQFieldElem[139//23, 226//23, -8//23, 245//23, 179//23, 28//23, 291//23, 83//23, 76//23, 270//23],
	[18, 12, 18, 14, 9, 7] => QQFieldElem[8, 0, 1, 5, -2, 5, 5, -2, 5, 1],
	[18, 12, 18, 14, 19, 17] => QQFieldElem[2, -4, 6, 14, 13, 23, 20, 14, 17, 5],
	[18, 12, 18, 14, 7, 24] => QQFieldElem[15, 274//23, 22//23, 18, 154//23, 105//23, 428//23, 56//23, 224//23, 373//23],
	[18, 12, 18, 14, 22, 22] => QQFieldElem[-2, 1, -2, 0, 3, 0, 3, 3, 0, 3],
	[18, 12, 18, 14, 19, 19] => QQFieldElem[666//199, 174//199, 602//199, 1236//199, 479//199, 945//199, 936//199, 308//199, 953//199, 455//199],
	[18, 12, 18, 14, 19, 22] => QQFieldElem[-8, 3, -2, -2, 9, 0, 4, 8, -4, 3],
	[18, 12, 18, 14, 22, 19] => QQFieldElem[306//2189, -829//2189, 126//2189, 740//2189, -307//2189, -265//2189, -850//2189, -676//2189, 653//2189, 123//2189],
	[18, 12, 18, 14, 17, 24] => QQFieldElem[-74//23, -62//23, -1//23, -98//23, -32//23, -21//23, -99//23, -5//23, -51//23, -87//23],
	[18, 12, 18, 14, 7, 19] => QQFieldElem[6511//2189, -1465//2189, 2681//2189, 3098//2189, -3492//2189, 5428//2189, 2831//2189, -1493//2189, 5260//2189, -1396//2189],
	[18, 12, 18, 14, 22, 9] => QQFieldElem[1, 0, 0, 0, -2, -2, -2, -2, 0, 0],
	[18, 12, 18, 14, 17, 17] => QQFieldElem[0, 4, 0, 0, 1, -3, 0, 0, -3, 1],
	[18, 12, 18, 14, 7, 22] => QQFieldElem[-6, 14, -6, 0, 12, -10, 7, 7, -10, 12],
	[18, 12, 18, 14, 19, 9] => QQFieldElem[10, 18, 33, 53, 55, 58, 54, 35, 25, 11],
	[18, 12, 18, 14, 17, 19] => QQFieldElem[-170//199, 151//199, -70//199, -190//199, 60//199, -96//199, 30//199, 66//199, -208//199, -2//199],
	[18, 12, 18, 14, 17, 22] => QQFieldElem[2, -3, 2, 0, -3, 2, -2, -2, 2, -3],
	[18, 12, 18, 14, 7, 17] => QQFieldElem[4, -5, 4, 0, -6, 5, -2, -2, 5, -6],
	[18, 12, 18, 14, 7, 9] => QQFieldElem[8, 0, 1, 5, -2, 5, 5, -2, 5, 1],
	[18, 12, 18, 14, 24, 24] => QQFieldElem[-56//23, 17//23, -58//23, -104//23, -42//23, -119//23, -81//23, -25//23, -93//23, -9//23],
	[18, 12, 18, 14, 24, 17] => QQFieldElem[6, 4, -5, -16, -28, -35, -35, -31, -21, -9],
	[18, 12, 18, 14, 17, 9] => QQFieldElem[-2, 0, -1, -2, 1, 0, 0, 1, -2, -1],
	[18, 12, 18, 14, 24, 19] => QQFieldElem[720//2189, -1178//2189, -6013//2189, -8560//2189, -10766//2189, -11311//2189, -8567//2189, -7385//2189, -4773//2189, -1127//2189],
	[18, 12, 18, 14, 24, 22] => QQFieldElem[-1, -1, -2, -10, -12, -14, -17, -12, -10, -7],
	[18, 12, 18, 14, 19, 7] => QQFieldElem[-9, 0, -1, 2, 11, 2, 4, 8, 0, 5],
	[18, 12, 18, 14, 22, 7] => QQFieldElem[-2, -1, -2, 0, 2, 0, 1, 1, 0, 2],
	[18, 12, 18, 14, 7, 7] => QQFieldElem[-1, 14, -1, 0, 7, -5, 9, 9, -5, 7],
	[18, 12, 18, 14, 24, 9] => QQFieldElem[-3, -16, -37, -55, -67, -70, -60, -44, -25, -7],
	[18, 12, 18, 14, 17, 7] => QQFieldElem[3, 0, 3, 0, -3, 2, 0, 0, 2, -3],
	[18, 12, 18, 14, 9, 24] => QQFieldElem[-48//23, -247//23, 61//23, -145//23, -181//23, 72//23, -223//23, -87//23, 26//23, -259//23],
	[18, 12, 18, 14, 9, 17] => QQFieldElem[-5, 0, -2, -5, 1, -3, -3, 1, -5, -2],
	[18, 12, 18, 14, 24, 7] => QQFieldElem[1, 1, -1, -7, -9, -10, -11, -8, -7, -5],
	[18, 12, 18, 14, 9, 19] => QQFieldElem[-6071//2189, -2660//2189, -1856//2189, -7113//2189, -655//2189, -2733//2189, -5999//2189, -223//2189, -5623//2189, -4522//2189],
	[18, 12, 18, 14, 9, 22] => QQFieldElem[11, 0, 3, 10, -2, 7, 7, -2, 10, 3],
	[18, 12, 18, 14, 9, 9] => QQFieldElem[-6, -5, -2, -8, -3, -3, -8, -2, -5, -6],
	[18, 12, 18, 14, 22, 24] => QQFieldElem[49//23, 38//23, 1//23, 68//23, 22//23, 12//23, 63//23, -1//23, 33//23, 64//23])