Dict(
	[22, 22, 16, 18, 17, 18] => QQFieldElem[-3, -3, 0, 4, 9, 13, 14, 13, 9, 4],
	[22, 22, 16, 18, 12, 13] => QQFieldElem[1, 1, 1, 1, 0, -1, -1, -2, -1, -1],
	[22, 22, 16, 18, 22, 23] => QQFieldElem[0, -1, -3, -5, -7, -8, -8, -6, -4, -2],
	[22, 22, 16, 18, 12, 18] => QQFieldElem[1, -1, 1, 0, -2, 0, -2, -2, 0, -2],
	[22, 22, 16, 18, 7, 23] => QQFieldElem[-2, -2, -2, -2, 0, 1, -2, -4, -2, 1],
	[22, 22, 16, 18, 17, 23] => QQFieldElem[0, 0, 2, 4, 5, 7, 7, 5, 4, 2],
	[22, 22, 16, 18, 22, 3] => QQFieldElem[-6, -8, -2, -7, -2, 3, -2, 4, 2, -4],
	[22, 22, 16, 18, 7, 3] => QQFieldElem[-1, 0, 0, -1, 0, 0, -1, 0, 0, 0],
	[22, 22, 16, 18, 12, 23] => QQFieldElem[1, 1, 0, 0, 0, 0, 0, 0, 0, 0],
	[22, 22, 16, 18, 17, 3] => QQFieldElem[5, 4, 4, 5, 0, -1, -2, -5, -2, -1],
	[22, 22, 16, 18, 22, 13] => QQFieldElem[3, 5, 2, -4, -10, -16, -19, -17, -14, -7],
	[22, 22, 16, 18, 12, 3] => QQFieldElem[3, 4, -1, 4, 3, 0, 6, 2, 2, 6],
	[22, 22, 16, 18, 22, 18] => QQFieldElem[2, 3, -3, -7, -11, -17, -16, -14, -11, -3],
	[22, 22, 16, 18, 7, 13] => QQFieldElem[1, 1, 0, 0, 1, 1, 0, 0, 1, 0],
	[22, 22, 16, 18, 7, 18] => QQFieldElem[0, -3, -5, -3, 0, 0, -2, -4, -4, -2],
	[22, 22, 16, 18, 17, 13] => QQFieldElem[-5, -6, -5, 0, 7, 12, 16, 16, 12, 7])