Dict(
	[22, 9, 10, 23, 4, 18] => QQFieldElem[0, 1, 2, 4, 7, 7, 7, 6, 4, 2],
	[22, 9, 10, 23, 14, 18] => QQFieldElem[0, -1, -3, -6, -8, -10, -10, -7, -6, -3],
	[22, 9, 10, 23, 2, 20] => QQFieldElem[-1, 0, 1, 2, 3, 4, 4, 3, 2, 1],
	[22, 9, 10, 23, 12, 20] => QQFieldElem[0, 0, -2, -4, -6, -7, -7, -6, -4, -2],
	[22, 9, 10, 23, 4, 20] => QQFieldElem[5, -2, -18, -38, -55, -65, -64, -52, -33, -14],
	[22, 9, 10, 23, 14, 20] => QQFieldElem[-6, 2, 23, 50, 73, 86, 85, 70, 45, 19],
	[22, 9, 10, 23, 2, 23] => QQFieldElem[-81//67, -54//67, 4//67, 141//67, 207//67, 252//67, 304//67, 242//67, 151//67, 25//67],
	[22, 9, 10, 23, 12, 23] => QQFieldElem[228//67, 85//67, -180//67, -650//67, -1074//67, -1357//67, -1419//67, -1175//67, -832//67, -321//67],
	[22, 9, 10, 23, 4, 23] => QQFieldElem[14//67, 54//67, -138//67, -476//67, -743//67, -788//67, -840//67, -778//67, -486//67, -159//67],
	[22, 9, 10, 23, 14, 23] => QQFieldElem[-245//67, -7//67, 606//67, 1563//67, 2517//67, 3070//67, 3042//67, 2627//67, 1805//67, 806//67],
	[22, 9, 10, 23, 2, 25] => QQFieldElem[2, 0, 0, 2, 1, 0, 0, 1, 2, 0],
	[22, 9, 10, 23, 12, 25] => QQFieldElem[0, 0, -1, -1, 0, 0, 0, 0, -1, -1],
	[22, 9, 10, 23, 4, 25] => QQFieldElem[-2, -1, 0, 0, -1, -1, 1, 0, -2, 0],
	[22, 9, 10, 23, 14, 25] => QQFieldElem[0, 1, 1, 0, -1, -1, -2, -2, 1, 2],
	[22, 9, 10, 23, 2, 18] => QQFieldElem[1, 0, 0, -1, -2, -2, -2, -2, -1, 0],
	[22, 9, 10, 23, 12, 18] => QQFieldElem[1, 0, 2, 3, 4, 5, 5, 4, 3, 2])