Dict(
	[23, 25, 25, 16, 18, 25] => QQFieldElem[2//11, 5//11, 36//11, 67//11, 103//11, 116//11, 111//11, 93//11, 56//11, 27//11],
	[23, 25, 25, 16, 8, 25] => QQFieldElem[-2//11, 2//11, -1//11, -2//11, 8//11, -6//11, -2//11, 7//11, -3//11, -1//11],
	[23, 25, 25, 16, 23, 15] => QQFieldElem[-3, -13, -29, -45, -55, -58, -51, -37, -21, -7],
	[23, 25, 25, 16, 23, 10] => QQFieldElem[-12, -37, -65, -90, -102, -97, -79, -51, -23, -5],
	[23, 25, 25, 16, 18, 15] => QQFieldElem[4, 19, 39, 58, 70, 70, 61, 42, 23, 6],
	[23, 25, 25, 16, 8, 15] => QQFieldElem[1, 1, 1, 1, 1, 2, 1, 0, 1, 0],
	[23, 25, 25, 16, 13, 25] => QQFieldElem[-9//11, -9//11, -14//11, -16//11, -40//11, -23//11, -23//11, -32//11, -9//11, -12//11],
	[23, 25, 25, 16, 18, 10] => QQFieldElem[19, 54, 93, 124, 136, 127, 99, 61, 25, 2],
	[23, 25, 25, 16, 8, 10] => QQFieldElem[1, 2, 2, 3, 3, 2, 2, 0, -1, 0],
	[23, 25, 25, 16, 23, 20] => QQFieldElem[0, -2, -6, -10, -14, -16, -16, -13, -8, -3],
	[23, 25, 25, 16, 13, 15] => QQFieldElem[-3, -6, -12, -17, -18, -18, -14, -10, -4, -1],
	[23, 25, 25, 16, 18, 20] => QQFieldElem[0, 4, 8, 12, 16, 20, 19, 14, 8, 3],
	[23, 25, 25, 16, 13, 10] => QQFieldElem[-9, -21, -31, -40, -42, -36, -27, -14, -4, 0],
	[23, 25, 25, 16, 8, 20] => QQFieldElem[0, -2, -1, 1, 1, -2, -1, 0, 0, -1],
	[23, 25, 25, 16, 13, 20] => QQFieldElem[1, -1, 0, -4, -3, -4, -2, -3, -1, 1],
	[23, 25, 25, 16, 23, 25] => QQFieldElem[18//11, 0, -21//11, -45//11, -83//11, -91//11, -91//11, -83//11, -45//11, -21//11])