Dict(
	[23, 9, 7, 23, 3, 24] => QQFieldElem[1590//737, -98//737, 1415//737, -42//737, 778//737, 663//737, 405//737, 1313//737, 197//737, 731//737],
	[23, 9, 7, 23, 15, 24] => QQFieldElem[8//11, 5//11, -9//11, -12//11, -15//11, 4//11, 1//11, -2//11, -16//11, -8//11],
	[23, 9, 7, 23, 3, 17] => QQFieldElem[2, 2, 0, 0, -1, 1, 2, 1, 0, -1],
	[23, 9, 7, 23, 13, 24] => QQFieldElem[887//737, -635//737, 1385//737, 886//737, 1311//737, 438//737, -226//737, 694//737, 547//737, 2127//737],
	[23, 9, 7, 23, 15, 17] => QQFieldElem[1, 0, -2, -3, -2, -1, -1, -3, -3, -3],
	[23, 9, 7, 23, 3, 19] => QQFieldElem[2, 1, 0, 1, 0, 1, 2, 1, 1, 0],
	[23, 9, 7, 23, 3, 22] => QQFieldElem[2, 3, 2, 1, 3, 2, 0, 2, 4, 2],
	[23, 9, 7, 23, 15, 22] => QQFieldElem[1, 3, 2, -1, -2, -2, -1, 0, 2, 1],
	[23, 9, 7, 23, 15, 19] => QQFieldElem[2, 1, -1, -4, -6, -6, -7, -8, -7, -4],
	[23, 9, 7, 23, 13, 19] => QQFieldElem[-1, -1, 1, 1, 0, -1, -2, -1, 1, 1],
	[23, 9, 7, 23, 13, 22] => QQFieldElem[-1, -4, -4, -3, -1, 0, -1, -4, -5, -2],
	[23, 9, 7, 23, 13, 17] => QQFieldElem[-2, -2, 2, 3, 2, -1, -2, 0, 3, 3],
	[23, 9, 7, 23, 5, 24] => QQFieldElem[554//737, 701//737, -142//737, 1248//737, 361//737, 409//737, 600//737, 362//737, 674//737, 810//737],
	[23, 9, 7, 23, 5, 17] => QQFieldElem[-2, 0, 0, 0, 1, 0, 0, 2, 0, 1],
	[23, 9, 7, 23, 5, 19] => QQFieldElem[-3, -1, -1, 0, 4, 3, 4, 6, 3, 2],
	[23, 9, 7, 23, 5, 22] => QQFieldElem[0, -2, -1, 1, 0, -1, 1, 0, -1, -1])