Dict(
	[4, 10, 10, 14, 13, 9] => QQFieldElem[-1, -2, -2, -2, 0, 0, -2, -2, -2, -1],
	[4, 10, 10, 14, 14, 9] => QQFieldElem[0, 0, 1, 1, 2, 1, 2, 1, 1, 0],
	[4, 10, 10, 14, 15, 7] => QQFieldElem[0, -1, -1, -1, -1, -1, -1, -1, 0, 0],
	[4, 10, 10, 14, 11, 8] => QQFieldElem[-1, -4, 0, -3, -3, 0, -4, -1, 0, -4],
	[4, 10, 10, 14, 13, 7] => QQFieldElem[0, 0, -1, -2, -1, 0, 0, 0, -2, -2],
	[4, 10, 10, 14, 14, 7] => QQFieldElem[1, 1, 1, 1, 1, 1, 1, 1, 0, 0],
	[4, 10, 10, 14, 11, 9] => QQFieldElem[3, -1, 1, 2, -1, 2, 1, -1, 3, 0],
	[4, 10, 10, 14, 15, 10] => QQFieldElem[-3//11, -6//11, -9//11, -12//11, -15//11, -18//11, -21//11, -24//11, -16//11, -8//11],
	[4, 10, 10, 14, 13, 10] => QQFieldElem[13//11, 15//11, 6//11, -3//11, -1//11, 12//11, 14//11, 5//11, 7//11, -2//11],
	[4, 10, 10, 14, 14, 10] => QQFieldElem[1, 1, 1, 1, 1, 1, 2, 2, 1, 0],
	[4, 10, 10, 14, 11, 7] => QQFieldElem[2, -2, 1, 1, -2, 2, 0, -1, 3, -1],
	[4, 10, 10, 14, 15, 8] => QQFieldElem[0, -2, -4, -6, -8, -9, -8, -6, -4, -2],
	[4, 10, 10, 14, 13, 8] => QQFieldElem[-1, -1, 0, 0, -1, 0, 0, -1, -1, 0],
	[4, 10, 10, 14, 11, 10] => QQFieldElem[-4//11, -30//11, 10//11, -16//11, -20//11, 9//11, -28//11, -10//11, 8//11, -29//11],
	[4, 10, 10, 14, 14, 8] => QQFieldElem[0, 1, 3, 5, 5, 5, 5, 3, 1, 0],
	[4, 10, 10, 14, 15, 9] => QQFieldElem[1, 0, 0, -1, -2, -2, -2, -2, -1, 0])