Dict(
	[4, 24, 4, 24, 24, 24] => QQFieldElem[0, 0, 1, 2, 2, 3, 3, 2, 2, 1],
	[4, 24, 4, 24, 21, 24] => QQFieldElem[-24, -37, -24, 0, 8, -11, -34, -34, -11, 8],
	[4, 24, 4, 24, 24, 23] => QQFieldElem[7, 5, 5, 11, 8, 8, 11, 5, 5, 7],
	[4, 24, 4, 24, 21, 23] => QQFieldElem[-8, 0, -4, -6, 0, -5, -5, 0, -6, -4],
	[4, 24, 4, 24, 25, 25] => QQFieldElem[0, 2, 0, 0, 1, -2, -1, -1, -2, 1],
	[4, 24, 4, 24, 23, 25] => QQFieldElem[0, -6, 0, -1, -4, -1, -4, -1, 0, -6],
	[4, 24, 4, 24, 25, 21] => QQFieldElem[-10, -16, -16, -10, 0, 11, 19, 22, 19, 11],
	[4, 24, 4, 24, 23, 21] => QQFieldElem[-2, 0, 4, 8, 12, 15, 15, 12, 8, 4],
	[4, 24, 4, 24, 24, 25] => QQFieldElem[15, 15, 0, 21, 10, 5, 24, 5, 10, 21],
	[4, 24, 4, 24, 21, 25] => QQFieldElem[-24, -4, -4, -24, 0, -11, -19, 2, -19, -11],
	[4, 24, 4, 24, 24, 21] => QQFieldElem[12, 15, 12, 0, -16, -29, -38, -38, -29, -16],
	[4, 24, 4, 24, 21, 21] => QQFieldElem[1, 1, 0, 1, 1, 0, 1, 1, 1, 1],
	[4, 24, 4, 24, 25, 24] => QQFieldElem[13, 13, 0, -11, -8, 5, 12, 5, -8, -11],
	[4, 24, 4, 24, 23, 24] => QQFieldElem[5, 15, 19, 11, 0, 0, 11, 19, 15, 5],
	[4, 24, 4, 24, 25, 23] => QQFieldElem[0, 0, -2, -3, -4, -5, -4, -3, -2, 0],
	[4, 24, 4, 24, 23, 23] => QQFieldElem[-1, -2, 0, -2, -2, 0, -2, -1, 0, -1])