Dict(
	[4, 15, 10, 19, 18, 12] => QQFieldElem[4, 6, 6, 4, -1, -6, -9, -10, -9, -5],
	[4, 15, 10, 19, 20, 13] => QQFieldElem[0, -5, -5, -4, -9, -12, -6, -2, -6, -6],
	[4, 15, 10, 19, 20, 15] => QQFieldElem[0, 2, 1, 1, -1, -2, -2, 0, 1, 0],
	[4, 15, 10, 19, 16, 13] => QQFieldElem[0, -2, 1, 1, -2, 0, 0, -1, 1, -1],
	[4, 15, 10, 19, 16, 15] => QQFieldElem[4, 0, 4, -1, -1, 4, 0, 4, 0, 0],
	[4, 15, 10, 19, 19, 14] => QQFieldElem[-39//67, 18//67, 79//67, 129//67, 159//67, 177//67, 161//67, 138//67, 84//67, -2//67],
	[4, 15, 10, 19, 18, 14] => QQFieldElem[-14//67, -9//67, -73//67, -31//67, 21//67, -55//67, -47//67, -2//67, -42//67, 1//67],
	[4, 15, 10, 19, 20, 12] => QQFieldElem[18, 37, 50, 53, 46, 31, 12, -4, -12, -11],
	[4, 15, 10, 19, 16, 12] => QQFieldElem[1, 1, 0, 0, 0, 0, 1, 0, 0, 0],
	[4, 15, 10, 19, 19, 13] => QQFieldElem[0, 2, 4, 6, 6, 6, 6, 3, 1, 1],
	[4, 15, 10, 19, 19, 15] => QQFieldElem[-1, -1, -2, 1, 1, 2, 1, -1, 0, 0],
	[4, 15, 10, 19, 18, 13] => QQFieldElem[0, 4, 2, -2, 1, 4, 1, -1, 3, 4],
	[4, 15, 10, 19, 18, 15] => QQFieldElem[-2, -1, -1, -1, -1, -2, 0, -2, -1, -1],
	[4, 15, 10, 19, 20, 14] => QQFieldElem[1, 0, 0, -1, -3, -2, -2, -3, -1, 0],
	[4, 15, 10, 19, 16, 14] => QQFieldElem[-66//67, 15//67, -124//67, 7//67, 99//67, -87//67, -11//67, -19//67, -131//67, 110//67],
	[4, 15, 10, 19, 19, 12] => QQFieldElem[-23, -43, -54, -52, -38, -17, 5, 21, 26, 18])