Dict(
	[4, 5, 20, 19, 16, 2] => QQFieldElem[1, 0, 0, -1, -2, -2, -2, -2, -1, 0],
	[4, 5, 20, 19, 19, 3] => QQFieldElem[-2, 0, 1, -1, -1, 0, 0, -1, -1, 1],
	[4, 5, 20, 19, 20, 5] => QQFieldElem[-3, 0, -3, 0, -2, -2, -2, -2, 0, -3],
	[4, 5, 20, 19, 16, 5] => QQFieldElem[-7, 0, -8, 0, -6, -3, -3, -6, 0, -8],
	[4, 5, 20, 19, 18, 3] => QQFieldElem[-1, 0, 0, 0, 2, 1, 1, 2, 0, 0],
	[4, 5, 20, 19, 19, 4] => QQFieldElem[-2, 0, 0, -1, 0, -1, -1, 0, -1, 0],
	[4, 5, 20, 19, 19, 2] => QQFieldElem[0, 0, 0, 0, 1, 2, 2, 1, 0, 0],
	[4, 5, 20, 19, 18, 4] => QQFieldElem[25, 0, 8, 23, -4, 17, 17, -4, 23, 8],
	[4, 5, 20, 19, 18, 2] => QQFieldElem[4, 0, -8, -18, -29, -34, -34, -29, -18, -8],
	[4, 5, 20, 19, 19, 5] => QQFieldElem[2, 0, -1, -1, 1, 0, 0, 1, -1, -1],
	[4, 5, 20, 19, 20, 3] => QQFieldElem[2, 0, -2, -1, 0, -1, -1, 0, -1, -2],
	[4, 5, 20, 19, 16, 3] => QQFieldElem[1, 0, 2, 1, -1, 2, 2, -1, 1, 2],
	[4, 5, 20, 19, 18, 5] => QQFieldElem[0, 0, 1, -1, 2, 0, 0, 2, -1, 1],
	[4, 5, 20, 19, 20, 4] => QQFieldElem[0, 0, 0, 0, -1, 0, 0, -1, 0, 0],
	[4, 5, 20, 19, 20, 2] => QQFieldElem[-1, 0, 2, 5, 7, 8, 8, 7, 5, 2],
	[4, 5, 20, 19, 16, 4] => QQFieldElem[10, 0, 4, 9, -2, 7, 7, -2, 9, 4])