Dict(
	[4, 5, 15, 15, 12, 5] => QQFieldElem[41//11, 0, 42//11, 2//11, 34//11, 17//11, 17//11, 34//11, 2//11, 42//11],
	[4, 5, 15, 15, 15, 5] => QQFieldElem[7//11, 0, 1//11, -1//11, -6//11, -3//11, -3//11, -6//11, -1//11, 1//11],
	[4, 5, 15, 15, 13, 5] => QQFieldElem[51//11, 0, 12//11, 65//11, -6//11, 52//11, 52//11, -6//11, 65//11, 12//11],
	[4, 5, 15, 15, 14, 5] => QQFieldElem[-2, 0, -3, -1, -2, -1, -1, -2, -1, -3],
	[4, 5, 15, 15, 12, 3] => QQFieldElem[0, 0, 0, 0, 1, 0, 0, 1, 0, 0],
	[4, 5, 15, 15, 15, 3] => QQFieldElem[1, 0, -1, -1, -2, -3, -3, -2, -1, -1],
	[4, 5, 15, 15, 13, 3] => QQFieldElem[3, 0, 3, 8, 7, 11, 11, 7, 8, 3],
	[4, 5, 15, 15, 14, 3] => QQFieldElem[0, 0, 0, 1, 0, -1, -1, 0, 1, 0],
	[4, 5, 15, 15, 12, 4] => QQFieldElem[1, 0, 0, 0, 1, 0, 0, 1, 0, 0],
	[4, 5, 15, 15, 15, 4] => QQFieldElem[-1, 0, 1, 0, -1, -1, -1, -1, 0, 1],
	[4, 5, 15, 15, 12, 2] => QQFieldElem[1, 0, 0, -1, -1, -2, -2, -1, -1, 0],
	[4, 5, 15, 15, 13, 4] => QQFieldElem[-6, 0, -1, -4, 3, -1, -1, 3, -4, -1],
	[4, 5, 15, 15, 15, 2] => QQFieldElem[-1, 0, 2, 4, 6, 8, 8, 6, 4, 2],
	[4, 5, 15, 15, 14, 4] => QQFieldElem[3, 0, -4, -3, 0, 0, 0, 0, -3, -4],
	[4, 5, 15, 15, 13, 2] => QQFieldElem[5, 0, -7, -15, -26, -30, -30, -26, -15, -7],
	[4, 5, 15, 15, 14, 2] => QQFieldElem[-1, 0, 2, 1, 1, 2, 2, 1, 1, 2])