Dict(
	[4, 24, 24, 4, 5, 24] => QQFieldElem[-5, 0, 12, 25, 34, 38, 38, 34, 25, 12],
	[4, 24, 24, 4, 1, 21] => QQFieldElem[-3, 0, 1, -1, 0, -1, -1, 0, -1, 1],
	[4, 24, 24, 4, 3, 25] => QQFieldElem[4, 0, 1, 2, -3, 2, 2, -3, 2, 1],
	[4, 24, 24, 4, 5, 23] => QQFieldElem[-2, 0, 0, 0, 3, 2, 2, 3, 0, 0],
	[4, 24, 24, 4, 4, 25] => QQFieldElem[16, 0, 8, 22, 7, 23, 23, 7, 22, 8],
	[4, 24, 24, 4, 3, 21] => QQFieldElem[1, 0, 0, 2, 2, 0, 0, 2, 2, 0],
	[4, 24, 24, 4, 1, 24] => QQFieldElem[2, 0, -5, -7, -3, 2, 2, -3, -7, -5],
	[4, 24, 24, 4, 4, 21] => QQFieldElem[3, 0, 0, 1, -2, -1, -1, -2, 1, 0],
	[4, 24, 24, 4, 1, 23] => QQFieldElem[-16, 0, -5, -15, 4, -11, -11, 4, -15, -5],
	[4, 24, 24, 4, 5, 25] => QQFieldElem[-1, 0, -3, -8, -10, -14, -14, -10, -8, -3],
	[4, 24, 24, 4, 3, 24] => QQFieldElem[-1, 0, 3, 6, 6, 4, 4, 6, 6, 3],
	[4, 24, 24, 4, 5, 21] => QQFieldElem[0, 0, 0, 0, 1, 2, 2, 1, 0, 0],
	[4, 24, 24, 4, 4, 24] => QQFieldElem[4, 0, -9, -21, -33, -39, -39, -33, -21, -9],
	[4, 24, 24, 4, 3, 23] => QQFieldElem[4, 0, 2, 4, -1, 4, 4, -1, 4, 2],
	[4, 24, 24, 4, 1, 25] => QQFieldElem[-19, 0, -7, -18, 4, -13, -13, 4, -18, -7],
	[4, 24, 24, 4, 4, 23] => QQFieldElem[13, 0, 3, 10, -6, 5, 5, -6, 10, 3])