Dict(
	[4, 15, 5, 14, 11, 14] => QQFieldElem[0, 1, -1, -3, -1, 1, 0, 0, -2, -2],
	[4, 15, 5, 14, 13, 15] => QQFieldElem[0, -1, 0, 0, -1, -1, 0, 0, -1, 0],
	[4, 15, 5, 14, 14, 15] => QQFieldElem[-1, 0, 0, 1, 2, 3, 3, 2, 1, 0],
	[4, 15, 5, 14, 14, 13] => QQFieldElem[3, 8, 13, 17, 19, 17, 13, 8, 3, 0],
	[4, 15, 5, 14, 15, 12] => QQFieldElem[0, -1, -1, -1, -1, 0, 0, 1, 2, 1],
	[4, 15, 5, 14, 13, 12] => QQFieldElem[0, 0, 0, 0, 0, 0, 1, 1, 0, 0],
	[4, 15, 5, 14, 11, 15] => QQFieldElem[-1, 0, 0, -2, -2, 0, 0, -1, 0, -3],
	[4, 15, 5, 14, 14, 12] => QQFieldElem[1, 1, 1, 1, 1, 0, -1, -2, -2, -1],
	[4, 15, 5, 14, 11, 13] => QQFieldElem[0, -1, -1, -1, 0, 0, -2, 0, 0, -2],
	[4, 15, 5, 14, 15, 14] => QQFieldElem[2, 0, -1, -2, -4, -5, -5, -4, -2, -1],
	[4, 15, 5, 14, 13, 14] => QQFieldElem[-1, -1, -1, -1, -1, -1, -1, -1, -1, 0],
	[4, 15, 5, 14, 14, 14] => QQFieldElem[0, 1, 2, 4, 5, 6, 5, 4, 2, 1],
	[4, 15, 5, 14, 11, 12] => QQFieldElem[0, 0, -3, -4, -1, 0, 0, -1, -4, -3],
	[4, 15, 5, 14, 15, 13] => QQFieldElem[0, -3, -10, -15, -16, -16, -15, -10, -3, 0],
	[4, 15, 5, 14, 15, 15] => QQFieldElem[1, 1, 0, -1, -1, -3, -3, -3, -1, -1],
	[4, 15, 5, 14, 13, 13] => QQFieldElem[-1, -3, -3, -2, -3, -3, -1, 0, -1, -1])