Dict(
	[7, 18, 18, 17, 11, 12] => QQFieldElem[11, 8, 2, 13, 4, 4, 13, 2, 8, 11],
	[7, 18, 18, 17, 11, 24] => QQFieldElem[1993//737, 3227//737, 3977//737, 1449//737, 505//737, 507//737, 2896//737, 3998//737, 2581//737, 1021//737],
	[7, 18, 18, 17, 11, 22] => QQFieldElem[3, 4, 4, 4, 1, 1, 4, 4, 4, 3],
	[7, 18, 18, 17, 23, 12] => QQFieldElem[-6, 3, -2, -3, 5, -3, 0, 4, -5, 1],
	[7, 18, 18, 17, 11, 14] => QQFieldElem[-3, 0, 6, 7, 3, -2, -2, 3, 7, 6],
	[7, 18, 18, 17, 23, 24] => QQFieldElem[-504//737, -1140//737, -995//737, -619//737, -320//737, -241//737, -1317//737, -1271//737, -862//737, -574//737],
	[7, 18, 18, 17, 23, 22] => QQFieldElem[-1, -1, -3, -4, -3, -5, -5, -4, -4, -1],
	[7, 18, 18, 17, 21, 12] => QQFieldElem[-4, -3, -1, -5, -2, -2, -5, -1, -3, -4],
	[7, 18, 18, 17, 21, 24] => QQFieldElem[783//737, 1192//737, 1480//737, 580//737, 76//737, 177//737, 1059//737, 1435//737, 997//737, 339//737],
	[7, 18, 18, 17, 23, 14] => QQFieldElem[0, 1, 2, 1, 0, -1, -2, -1, 1, 1],
	[7, 18, 18, 17, 13, 12] => QQFieldElem[7, 0, 2, 6, -2, 4, 4, -2, 6, 2],
	[7, 18, 18, 17, 13, 24] => QQFieldElem[247//737, 120//737, -128//737, -90//737, 344//737, -91//737, 255//737, 95//737, -142//737, 138//737],
	[7, 18, 18, 17, 21, 22] => QQFieldElem[0, 1, 2, 1, 1, 1, 1, 2, 1, 0],
	[7, 18, 18, 17, 13, 22] => QQFieldElem[1, 0, 0, 1, 0, 1, 1, 0, 1, 0],
	[7, 18, 18, 17, 21, 14] => QQFieldElem[1, 0, -2, -2, -1, 0, 0, -1, -2, -2],
	[7, 18, 18, 17, 13, 14] => QQFieldElem[0, 0, 0, 0, 0, 0, 1, 1, 0, 0])