Dict(
	[7, 22, 22, 17, 11, 23] => QQFieldElem[243//737, -977//737, -481//737, -557//737, 786//737, 182//737, -510//737, -927//737, -453//737, 461//737],
	[7, 22, 22, 17, 23, 16] => QQFieldElem[-3, 0, -1, 0, 3, 0, 2, 3, -2, 0],
	[7, 22, 22, 17, 21, 21] => QQFieldElem[0, 0, 0, 0, 1, 1, 0, 0, 0, 0],
	[7, 22, 22, 17, 21, 18] => QQFieldElem[-2, 0, 1, -1, -2, 0, 0, -2, -1, 1],
	[7, 22, 22, 17, 13, 21] => QQFieldElem[0, 0, 0, 1, 2, 3, 3, 2, 1, 0],
	[7, 22, 22, 17, 13, 18] => QQFieldElem[-1, -2, -1, 0, 0, 0, 1, 1, 0, 0],
	[7, 22, 22, 17, 23, 23] => QQFieldElem[-30//737, 248//737, 669//737, 551//737, -370//737, -532//737, -210//737, 442//737, 247//737, -157//737],
	[7, 22, 22, 17, 21, 16] => QQFieldElem[-1, 0, 0, -2, 0, 0, -2, 0, 0, -1],
	[7, 22, 22, 17, 13, 16] => QQFieldElem[1, 0, 0, 0, -2, -1, -1, -2, 0, 0],
	[7, 22, 22, 17, 21, 23] => QQFieldElem[313//737, 164//737, 169//737, -123//737, 421//737, 195//737, -20//737, 7//737, 199//737, 336//737],
	[7, 22, 22, 17, 11, 21] => QQFieldElem[-1, -4, -5, -3, 0, 0, -3, -5, -4, -1],
	[7, 22, 22, 17, 11, 18] => QQFieldElem[3, 0, -1, 2, 3, -1, -1, 3, 2, -1],
	[7, 22, 22, 17, 13, 23] => QQFieldElem[243//737, -240//737, -481//737, -557//737, 49//737, 182//737, 227//737, -190//737, -453//737, -276//737],
	[7, 22, 22, 17, 11, 16] => QQFieldElem[0, -1, 0, 1, -1, -1, 1, 0, -1, 0],
	[7, 22, 22, 17, 23, 21] => QQFieldElem[0, 0, -1, -3, -5, -7, -6, -4, -3, -1],
	[7, 22, 22, 17, 23, 18] => QQFieldElem[4, 3, 0, 0, 1, -1, -2, 0, 0, -2])