Dict(
	[7, 8, 13, 12, 16, 12] => QQFieldElem[-2, 0, 1, 1, 1, -1, -1, 1, 1, 1],
	[7, 8, 13, 12, 18, 4] => QQFieldElem[0, 0, 0, 1, 2, 2, 2, 2, 1, 0],
	[7, 8, 13, 12, 8, 4] => QQFieldElem[-3, 0, 2, -1, -2, 1, 1, -2, -1, 2],
	[7, 8, 13, 12, 18, 2] => QQFieldElem[1, 0, -1, -1, 0, 1, 1, 0, -1, -1],
	[7, 8, 13, 12, 8, 2] => QQFieldElem[-2, 0, 3, 2, 0, 0, 0, 0, 2, 3],
	[7, 8, 13, 12, 6, 12] => QQFieldElem[0, 0, 2, 2, 1, -1, -1, 1, 2, 2],
	[7, 8, 13, 12, 16, 14] => QQFieldElem[1, 0, -1, -1, -1, 1, 1, -1, -1, -1],
	[7, 8, 13, 12, 6, 14] => QQFieldElem[3, 0, -2, -1, 1, 0, 0, 1, -1, -2],
	[7, 8, 13, 12, 18, 12] => QQFieldElem[-1, 0, 1, 2, 3, 3, 3, 3, 2, 1],
	[7, 8, 13, 12, 8, 12] => QQFieldElem[1, 0, -1, -1, 0, 0, 0, 0, -1, -1],
	[7, 8, 13, 12, 16, 4] => QQFieldElem[1, 0, -1, -1, 0, 0, 0, 0, -1, -1],
	[7, 8, 13, 12, 16, 2] => QQFieldElem[3, 0, -4, -5, -2, 2, 2, -2, -5, -4],
	[7, 8, 13, 12, 18, 14] => QQFieldElem[1, 0, 0, 0, -1, 0, 0, -1, 0, 0],
	[7, 8, 13, 12, 8, 14] => QQFieldElem[2, 0, -1, 2, 2, -1, -1, 2, 2, -1],
	[7, 8, 13, 12, 6, 4] => QQFieldElem[-1, 0, 1, -2, -2, 1, 1, -2, -2, 1],
	[7, 8, 13, 12, 6, 2] => QQFieldElem[2, 0, -3, -5, -2, 2, 2, -2, -5, -3])