Dict(
	[8, 9, 8, 9, 14, 15] => QQFieldElem[386//529, 44//529, 125//529, 426//529, -49//529, 328//529, 364//529, -90//529, 463//529, -16//529],
	[8, 9, 8, 9, 15, 15] => QQFieldElem[-114//529, -87//529, 366//529, -145//529, -372//529, 169//529, -335//529, -327//529, 395//529, 224//529],
	[8, 9, 8, 9, 12, 5] => QQFieldElem[8, 0, 4, 6, 0, 5, 5, 0, 6, 4],
	[8, 9, 8, 9, 15, 5] => QQFieldElem[1, 1, 0, -3, -5, -5, -6, -5, -2, -1],
	[8, 9, 8, 9, 2, 12] => QQFieldElem[3, 0, -1, 2, 2, 0, 0, 2, 2, -1],
	[8, 9, 8, 9, 4, 5] => QQFieldElem[-1, -1, -1, 0, -2, 0, -1, -1, 0, -2],
	[8, 9, 8, 9, 14, 5] => QQFieldElem[1, 0, 1, 2, 2, 3, 3, 2, 2, 1],
	[8, 9, 8, 9, 12, 12] => QQFieldElem[7, 6, 2, 8, 3, 3, 8, 2, 6, 7],
	[8, 9, 8, 9, 5, 4] => QQFieldElem[1, 3, 1, 0, 1, 1, 2, 2, 1, 1],
	[8, 9, 8, 9, 5, 15] => QQFieldElem[-25//529, -562//529, -226//529, -55//529, -360//529, -246//529, -273//529, -197//529, -215//529, -517//529],
	[8, 9, 8, 9, 15, 12] => QQFieldElem[-2, -2, -1, -4, -7, -4, -2, -4, -3, 0],
	[8, 9, 8, 9, 5, 2] => QQFieldElem[-21, -32, -21, 0, 7, -9, -30, -30, -9, 7],
	[8, 9, 8, 9, 4, 12] => QQFieldElem[-1, 0, -1, -1, 0, -1, -1, 0, -1, -1],
	[8, 9, 8, 9, 14, 12] => QQFieldElem[1, 1, 1, 3, 3, 3, 3, 1, 1, 1],
	[8, 9, 8, 9, 2, 14] => QQFieldElem[-3, 0, 1, -1, -3, 1, 1, -3, -1, 1],
	[8, 9, 8, 9, 5, 5] => QQFieldElem[-1, -1, -1, 0, 0, -1, 0, 0, -1, 0],
	[8, 9, 8, 9, 12, 14] => QQFieldElem[2, 0, -2, 3, 0, 0, 3, -2, 0, 2],
	[8, 9, 8, 9, 15, 14] => QQFieldElem[-5, -4, 0, -2, -5, -2, -1, -5, -4, 1],
	[8, 9, 8, 9, 4, 14] => QQFieldElem[5, 0, -2, 2, 5, -2, -2, 5, 2, -2],
	[8, 9, 8, 9, 5, 12] => QQFieldElem[2, 0, -1, 1, 1, -1, -1, 1, 1, -1],
	[8, 9, 8, 9, 14, 14] => QQFieldElem[2, 3, 2, 2, 2, 2, 2, 2, 3, 2],
	[8, 9, 8, 9, 2, 4] => QQFieldElem[-1, 1, -1, 0, 1, -2, 1, 1, -2, 1],
	[8, 9, 8, 9, 2, 15] => QQFieldElem[-1465//529, 288//529, -865//529, -578//529, -994//529, 79//529, -551//529, -1599//529, 626//529, -1307//529],
	[8, 9, 8, 9, 2, 2] => QQFieldElem[-3, -4, -3, 0, 2, 0, -5, -5, 0, 2],
	[8, 9, 8, 9, 12, 4] => QQFieldElem[14, 0, 3, 11, -3, 9, 9, -3, 11, 3],
	[8, 9, 8, 9, 12, 15] => QQFieldElem[2513//529, -407//529, 563//529, 2672//529, -1266//529, 1727//529, 1923//529, -1548//529, 2991//529, 148//529],
	[8, 9, 8, 9, 15, 4] => QQFieldElem[0, -3, -3, -3, -4, -4, -5, -5, -4, -3],
	[8, 9, 8, 9, 5, 14] => QQFieldElem[3, 0, -2, 1, 2, -1, -1, 2, 1, -2],
	[8, 9, 8, 9, 12, 2] => QQFieldElem[-21, 0, 36, 45, 19, -15, -15, 19, 45, 36],
	[8, 9, 8, 9, 4, 4] => QQFieldElem[1, -2, 1, 0, -1, 3, -2, -2, 3, -1],
	[8, 9, 8, 9, 15, 2] => QQFieldElem[9, 32, 43, 29, 5, 0, 21, 42, 38, 15],
	[8, 9, 8, 9, 14, 4] => QQFieldElem[2, 0, 2, 4, 1, 3, 3, 1, 4, 2],
	[8, 9, 8, 9, 4, 2] => QQFieldElem[21, 32, 21, 0, -5, 10, 29, 29, 10, -5],
	[8, 9, 8, 9, 4, 15] => QQFieldElem[-1590//529, 123//529, -1466//529, -324//529, -678//529, -1151//529, -329//529, -997//529, -449//529, -1247//529],
	[8, 9, 8, 9, 14, 2] => QQFieldElem[11, 0, -21, -27, -11, 8, 8, -11, -27, -21],
	[8, 9, 8, 9, 2, 5] => QQFieldElem[-1, 3, -1, 0, 1, 1, 0, 0, 1, 1])