Dict(
	[8, 20, 20, 7, 4, 24] => QQFieldElem[2, 0, -1, 0, 0, 0, 2, 2, -1, -2],
	[8, 20, 20, 7, 14, 24] => QQFieldElem[-5, -3, 2, 0, -1, 4, 6, 1, -1, 2],
	[8, 20, 20, 7, 2, 14] => QQFieldElem[1, -2, -4, -3, -3, -2, 0, -1, -5, -5],
	[8, 20, 20, 7, 12, 14] => QQFieldElem[-2, 2, 2, -1, 0, 4, 2, -2, 1, 3],
	[8, 20, 20, 7, 2, 25] => QQFieldElem[-90, -102, -21, 60, 44, -51, -111, -67, 28, 64],
	[8, 20, 20, 7, 4, 14] => QQFieldElem[-2, 2, 6, 7, 4, 0, -1, 4, 8, 6],
	[8, 20, 20, 7, 14, 14] => QQFieldElem[1, -2, -3, -1, -1, -3, -2, -1, -2, -3],
	[8, 20, 20, 7, 12, 25] => QQFieldElem[-3, -7, -9, -11, -7, 1, -1, -11, -14, -6],
	[8, 20, 20, 7, 4, 25] => QQFieldElem[140, 130, -18, -133, -78, 81, 158, 65, -92, -128],
	[8, 20, 20, 7, 14, 25] => QQFieldElem[7, 2, -9, -13, -6, 5, 7, -4, -13, -10],
	[8, 20, 20, 7, 2, 15] => QQFieldElem[31//23, 22//23, -16//23, -34//23, 13//23, 65//23, 61//23, 11//23, -29//23, -28//23],
	[8, 20, 20, 7, 12, 15] => QQFieldElem[12//23, -22//23, -40//23, -43//23, -58//23, -82//23, -78//23, -56//23, -48//23, -28//23],
	[8, 20, 20, 7, 4, 15] => QQFieldElem[-34//23, 1//23, 52//23, 49//23, -35//23, -105//23, -101//23, -10//23, 67//23, 64//23],
	[8, 20, 20, 7, 14, 15] => QQFieldElem[-9//23, -1//23, 27//23, 74//23, 126//23, 145//23, 141//23, 101//23, 56//23, 15//23],
	[8, 20, 20, 7, 2, 24] => QQFieldElem[-3, 0, 2, -1, -2, 1, 0, -3, -1, 3],
	[8, 20, 20, 7, 12, 24] => QQFieldElem[8, 4, -3, 1, 5, -3, -6, 2, 4, -3])