Dict(
	[8, 25, 25, 7, 2, 25] => QQFieldElem[-37, -10, 51, 73, 30, -27, -30, 22, 69, 57],
	[8, 25, 25, 7, 12, 25] => QQFieldElem[1, -50, -94, -77, -19, 10, -24, -78, -91, -49],
	[8, 25, 25, 7, 4, 25] => QQFieldElem[57, 51, -12, -59, -35, 34, 65, 22, -44, -55],
	[8, 25, 25, 7, 14, 25] => QQFieldElem[9, 21, 22, 12, 2, 3, 15, 24, 19, 5],
	[8, 25, 25, 7, 2, 20] => QQFieldElem[0, -1, 0, 2, 5, 7, 6, 3, 0, 0],
	[8, 25, 25, 7, 12, 20] => QQFieldElem[2, 1, -1, -4, -6, -8, -7, -4, -2, -1],
	[8, 25, 25, 7, 2, 24] => QQFieldElem[-1, -1, 1, 2, 2, 1, 2, 2, 2, 1],
	[8, 25, 25, 7, 4, 20] => QQFieldElem[-1, -1, -3, -7, -12, -15, -14, -10, -4, -1],
	[8, 25, 25, 7, 12, 24] => QQFieldElem[2, 1, -2, -4, -5, -6, -8, -7, -5, -2],
	[8, 25, 25, 7, 14, 20] => QQFieldElem[-1, 1, 5, 11, 15, 17, 16, 13, 8, 3],
	[8, 25, 25, 7, 2, 19] => QQFieldElem[0, -2, -5, -5, -3, -2, -3, -5, -5, -3],
	[8, 25, 25, 7, 4, 24] => QQFieldElem[3, 2, -1, -2, -1, -2, -2, -1, -1, -2],
	[8, 25, 25, 7, 12, 19] => QQFieldElem[0, 2, 3, 3, 2, 3, 4, 4, 3, 1],
	[8, 25, 25, 7, 14, 24] => QQFieldElem[-2, -1, 2, 4, 6, 9, 10, 8, 5, 3],
	[8, 25, 25, 7, 4, 19] => QQFieldElem[-2, 1, 5, 6, 4, 2, 2, 4, 6, 4],
	[8, 25, 25, 7, 14, 19] => QQFieldElem[0, -1, -2, -2, -3, -4, -4, -3, -2, -1])