Dict(
	[8, 18, 17, 9, 2, 23] => QQFieldElem[1, 0, 0, 1, 0, 0, 0, 0, 1, 0],
	[8, 18, 17, 9, 12, 23] => QQFieldElem[-1, -1, -2, -4, -5, -5, -4, -3, -2, 0],
	[8, 18, 17, 9, 4, 23] => QQFieldElem[-1, 0, 0, 0, 1, 1, 1, 1, 0, 0],
	[8, 18, 17, 9, 14, 23] => QQFieldElem[0, 1, 5, 9, 11, 12, 11, 8, 4, 1],
	[8, 18, 17, 9, 2, 25] => QQFieldElem[-7, 0, -2, -6, 2, -5, -5, 2, -6, -2],
	[8, 18, 17, 9, 12, 25] => QQFieldElem[2, -1, 2, 2, -2, 2, 1, -1, 3, 0],
	[8, 18, 17, 9, 4, 25] => QQFieldElem[5, 0, 1, 4, -1, 3, 3, -1, 4, 1],
	[8, 18, 17, 9, 14, 25] => QQFieldElem[-1, 1, -2, -2, 1, -1, -1, -1, -2, 1],
	[8, 18, 17, 9, 2, 13] => QQFieldElem[1, 2, 1, 0, 0, 0, 2, 2, 0, 0],
	[8, 18, 17, 9, 2, 15] => QQFieldElem[0, -1, 0, 0, -1, 0, -1, -1, 0, -1],
	[8, 18, 17, 9, 12, 13] => QQFieldElem[-2, -2, 1, 2, 1, -1, -3, -1, 2, 2],
	[8, 18, 17, 9, 12, 15] => QQFieldElem[0, 1, 0, 1, 2, 2, 3, 2, 1, 1],
	[8, 18, 17, 9, 4, 13] => QQFieldElem[0, -1, 0, 0, 0, 0, -1, -1, 0, 0],
	[8, 18, 17, 9, 4, 15] => QQFieldElem[1, 2, 1, 0, -1, -3, -3, -3, -3, -1],
	[8, 18, 17, 9, 14, 13] => QQFieldElem[2, 1, -2, -3, -1, 2, 3, 0, -3, -2],
	[8, 18, 17, 9, 14, 15] => QQFieldElem[-2, -2, 1, 4, 7, 9, 9, 9, 7, 3])