Dict(
	[8, 8, 10, 10, 5, 11] => QQFieldElem[2, 0, -1, 0, 0, -2, -2, 0, 0, -1],
	[8, 8, 10, 10, 3, 13] => QQFieldElem[-4, 0, 4, -1, -2, 4, 4, -2, -1, 4],
	[8, 8, 10, 10, 15, 13] => QQFieldElem[9, 0, -7, 2, 3, -8, -8, 3, 2, -7],
	[8, 8, 10, 10, 15, 15] => QQFieldElem[-88//67, 0, -49//67, -197//67, -146//67, -235//67, -235//67, -146//67, -197//67, -49//67],
	[8, 8, 10, 10, 5, 3] => QQFieldElem[0, 0, 0, -1, -2, -2, -2, -2, -1, 0],
	[8, 8, 10, 10, 4, 13] => QQFieldElem[-2, 0, 1, 0, 0, 2, 2, 0, 0, 1],
	[8, 8, 10, 10, 13, 15] => QQFieldElem[5//67, 0, 34//67, 15//67, -45//67, 40//67, 40//67, -45//67, 15//67, 34//67],
	[8, 8, 10, 10, 14, 13] => QQFieldElem[0, 0, 1, 0, 1, 1, 1, 1, 0, 1],
	[8, 8, 10, 10, 14, 15] => QQFieldElem[105//67, 0, 44//67, 114//67, -7//67, 103//67, 103//67, -7//67, 114//67, 44//67],
	[8, 8, 10, 10, 13, 13] => QQFieldElem[-4, 0, 3, -2, -4, 2, 2, -4, -2, 3],
	[8, 8, 10, 10, 3, 15] => QQFieldElem[-16//67, 0, 52//67, 19//67, 10//67, 73//67, 73//67, 10//67, 19//67, 52//67],
	[8, 8, 10, 10, 4, 15] => QQFieldElem[21//67, 0, 49//67, 63//67, 12//67, 101//67, 101//67, 12//67, 63//67, 49//67],
	[8, 8, 10, 10, 3, 5] => QQFieldElem[0, 0, 0, -2, -4, -3, -3, -4, -2, 0],
	[8, 8, 10, 10, 15, 5] => QQFieldElem[5, 0, -6, -14, -26, -28, -28, -26, -14, -6],
	[8, 8, 10, 10, 4, 5] => QQFieldElem[2, 0, 0, -1, -5, -3, -3, -5, -1, 0],
	[8, 8, 10, 10, 13, 5] => QQFieldElem[-2, 0, 0, -2, -1, -1, -1, -1, -2, 0],
	[8, 8, 10, 10, 14, 5] => QQFieldElem[-4, 0, 0, -1, 4, 2, 2, 4, -1, 0],
	[8, 8, 10, 10, 5, 13] => QQFieldElem[-11, 0, 9, -6, -10, 5, 5, -10, -6, 9],
	[8, 8, 10, 10, 5, 15] => QQFieldElem[3//67, 0, -60//67, 9//67, -27//67, -43//67, -43//67, -27//67, 9//67, -60//67],
	[8, 8, 10, 10, 3, 1] => QQFieldElem[-4, 0, 8, 11, 5, -3, -3, 5, 11, 8],
	[8, 8, 10, 10, 15, 1] => QQFieldElem[3, 0, -4, -4, -1, 2, 2, -1, -4, -4],
	[8, 8, 10, 10, 4, 1] => QQFieldElem[7, 0, -12, -15, -6, 5, 5, -6, -15, -12],
	[8, 8, 10, 10, 13, 1] => QQFieldElem[28, 0, -51, -65, -26, 20, 20, -26, -65, -51],
	[8, 8, 10, 10, 14, 1] => QQFieldElem[3, 0, -6, -8, -3, 2, 2, -3, -8, -6],
	[8, 8, 10, 10, 3, 11] => QQFieldElem[-2, 0, 5, 10, 15, 19, 19, 15, 10, 5],
	[8, 8, 10, 10, 15, 11] => QQFieldElem[-1, 0, -3, -9, -12, -14, -14, -12, -9, -3],
	[8, 8, 10, 10, 5, 5] => QQFieldElem[1, 0, 0, 2, 2, 2, 2, 2, 2, 0],
	[8, 8, 10, 10, 4, 11] => QQFieldElem[0, 0, 2, 4, 5, 7, 7, 5, 4, 2],
	[8, 8, 10, 10, 13, 11] => QQFieldElem[0, 0, 0, -1, -2, -1, -1, -2, -1, 0],
	[8, 8, 10, 10, 14, 11] => QQFieldElem[1, 0, 1, 3, 2, 4, 4, 2, 3, 1],
	[8, 8, 10, 10, 3, 3] => QQFieldElem[-1, 0, 2, 4, 6, 7, 7, 6, 4, 2],
	[8, 8, 10, 10, 15, 3] => QQFieldElem[-2, 0, 8, 19, 28, 34, 34, 28, 19, 8],
	[8, 8, 10, 10, 4, 3] => QQFieldElem[0, 0, 1, 3, 5, 7, 7, 5, 3, 1],
	[8, 8, 10, 10, 13, 3] => QQFieldElem[1, 0, -1, -1, 0, 2, 2, 0, -1, -1],
	[8, 8, 10, 10, 14, 3] => QQFieldElem[0, 0, -2, -4, -5, -6, -6, -5, -4, -2],
	[8, 8, 10, 10, 5, 1] => QQFieldElem[-7, 0, 12, 14, 5, -4, -4, 5, 14, 12])