Dict(
	[8, 14, 7, 13, 18, 7] => QQFieldElem[0, 1, 2, 1, -1, -1, 1, 2, 1, 0],
	[8, 14, 7, 13, 8, 7] => QQFieldElem[1, 0, 0, 0, -1, 0, 0, -1, 0, 0],
	[8, 14, 7, 13, 20, 17] => QQFieldElem[-5, -5, -3, -7, -2, -2, -7, -3, -5, -5],
	[8, 14, 7, 13, 10, 7] => QQFieldElem[-1, -1, -1, 0, 1, 0, -2, -2, 0, 1],
	[8, 14, 7, 13, 20, 19] => QQFieldElem[-5//23, -70//23, 24//23, -48//23, -67//23, 24//23, -64//23, -22//23, 12//23, -4],
	[8, 14, 7, 13, 20, 9] => QQFieldElem[4, -7, 4, 0, -7, 5, -4, -4, 5, -7],
	[8, 14, 7, 13, 20, 7] => QQFieldElem[1, 0, -1, 0, 2, 4, 4, 2, 0, -1],
	[8, 14, 7, 13, 18, 17] => QQFieldElem[2, 3, 0, 1, 1, 0, 3, 2, 0, 1],
	[8, 14, 7, 13, 8, 17] => QQFieldElem[-8, -6, -1, -10, -3, -3, -10, -1, -6, -8],
	[8, 14, 7, 13, 10, 17] => QQFieldElem[0, 0, 1, 2, 0, 0, 0, 0, 2, 1],
	[8, 14, 7, 13, 8, 19] => QQFieldElem[-7//23, -179//23, 68//23, -97//23, -117//23, 66//23, -147//23, -51//23, 33//23, -169//23],
	[8, 14, 7, 13, 18, 19] => QQFieldElem[-28//23, 1, -8//23, -16//23, 30//23, -27//23, -9//23, 1, -25//23, 16//23],
	[8, 14, 7, 13, 10, 19] => QQFieldElem[22//23, 6//23, -5//23, 14//23, 13//23, 6//23, 20//23, -6//23, 3//23, 21//23],
	[8, 14, 7, 13, 18, 9] => QQFieldElem[-6, 0, -2, -5, 1, -4, -4, 1, -5, -2],
	[8, 14, 7, 13, 8, 9] => QQFieldElem[16, -35, 16, 0, -30, 25, -17, -17, 25, -30],
	[8, 14, 7, 13, 10, 9] => QQFieldElem[3, 4, -1, 4, 3, 0, 5, 1, 1, 5])