Dict(
	[8, 10, 13, 13, 18, 13] => QQFieldElem[-3, -1, 1, -3, -1, -1, -3, 1, -1, -3],
	[8, 10, 13, 13, 8, 13] => QQFieldElem[7, 0, 2, 6, -1, 4, 4, -1, 6, 2],
	[8, 10, 13, 13, 8, 15] => QQFieldElem[288//23, 224//23, 17//23, 341//23, 133//23, 86//23, 346//23, 50//23, 187//23, 306//23],
	[8, 10, 13, 13, 10, 13] => QQFieldElem[1, 0, -1, -2, -1, 1, 1, -1, -2, -1],
	[8, 10, 13, 13, 10, 15] => QQFieldElem[19//23, 21//23, 0, 9//23, 3//23, 5//23, 20//23, 11//23, 10//23, 0],
	[8, 10, 13, 13, 18, 15] => QQFieldElem[-30//23, -128//23, 24//23, -82//23, -97//23, 36//23, -117//23, -54//23, 12//23, -143//23],
	[8, 10, 13, 13, 20, 3] => QQFieldElem[-1, 0, 1, 3, 6, 7, 6, 5, 4, 2],
	[8, 10, 13, 13, 18, 5] => QQFieldElem[6, 0, 2, 5, -1, 4, 4, -1, 5, 2],
	[8, 10, 13, 13, 8, 5] => QQFieldElem[-12, 29, -12, 0, 25, -19, 14, 14, -19, 25],
	[8, 10, 13, 13, 10, 5] => QQFieldElem[0, 2, 0, 0, 1, 0, 1, 1, 0, 1],
	[8, 10, 13, 13, 20, 13] => QQFieldElem[1, 1, 0, 3, 1, -1, 1, 0, 2, 3],
	[8, 10, 13, 13, 20, 15] => QQFieldElem[-17//23, 71//23, -35//23, 21//23, 61//23, -47//23, 2, 1, -41//23, 83//23],
	[8, 10, 13, 13, 20, 5] => QQFieldElem[-5, -2, -2, -5, -1, -4, -5, -1, -5, -3],
	[8, 10, 13, 13, 18, 3] => QQFieldElem[0, 0, 0, 0, -1, -1, -1, -1, 0, 0],
	[8, 10, 13, 13, 8, 3] => QQFieldElem[0, 3, 0, 0, 1, -2, -1, -1, -2, 1],
	[8, 10, 13, 13, 10, 3] => QQFieldElem[0, 0, 0, 0, -1, -1, 0, 0, -1, -1])