Dict(
	[8, 22, 23, 9, 2, 24] => QQFieldElem[2, 0, -2, -3, -2, 2, 2, -2, -3, -2],
	[8, 22, 23, 9, 2, 17] => QQFieldElem[4, 0, -6, -8, -3, 3, 3, -3, -8, -6],
	[8, 22, 23, 9, 12, 24] => QQFieldElem[-5, 0, 9, 12, 5, -4, -4, 5, 12, 9],
	[8, 22, 23, 9, 2, 19] => QQFieldElem[-1, 0, 1, 1, 0, -1, -1, 0, 1, 1],
	[8, 22, 23, 9, 2, 22] => QQFieldElem[-23//67, -21//67, -27//67, -9//67, 4//67, 32//67, 15//67, -1//67, -20//67, -30//67],
	[8, 22, 23, 9, 12, 17] => QQFieldElem[-6, 0, 12, 15, 6, -5, -5, 6, 15, 12],
	[8, 22, 23, 9, 4, 24] => QQFieldElem[-1, 2, 2, 1, 1, -1, 1, 3, 1, 1],
	[8, 22, 23, 9, 12, 19] => QQFieldElem[1, 0, -2, -2, 0, 2, 2, 0, -2, -2],
	[8, 22, 23, 9, 12, 22] => QQFieldElem[21//67, 25//67, 13//67, -85//67, -193//67, -271//67, -238//67, -136//67, -40//67, 7//67],
	[8, 22, 23, 9, 4, 17] => QQFieldElem[1, 4, 5, 3, 0, -1, 1, 4, 4, 2],
	[8, 22, 23, 9, 14, 24] => QQFieldElem[3, -3, -11, -11, -4, 1, -1, -8, -12, -8],
	[8, 22, 23, 9, 14, 17] => QQFieldElem[2, -4, -11, -11, -3, 4, 2, -7, -12, -8],
	[8, 22, 23, 9, 4, 19] => QQFieldElem[2, 0, -4, -9, -14, -17, -18, -16, -11, -5],
	[8, 22, 23, 9, 4, 22] => QQFieldElem[23//67, 21//67, -40//67, -125//67, -205//67, -233//67, -216//67, -200//67, -114//67, -37//67],
	[8, 22, 23, 9, 14, 19] => QQFieldElem[-3, 0, 7, 15, 21, 24, 25, 23, 17, 8],
	[8, 22, 23, 9, 14, 22] => QQFieldElem[-101//67, -66//67, 164//67, 479//67, 740//67, 895//67, 899//67, 686//67, 387//67, 145//67])