Dict(
	[9, 15, 5, 9, 11, 9] => QQFieldElem[5, 10, 7, 4, 1, 0, 8, 11, 5, 1],
	[9, 15, 5, 9, 15, 10] => QQFieldElem[13//11, 4//11, 17//11, -3//11, -1//11, -10//11, -8//11, -6//11, -4//11, 9//11],
	[9, 15, 5, 9, 13, 10] => QQFieldElem[-13//11, -15//11, -6//11, 14//11, 12//11, -12//11, -25//11, -5//11, 15//11, 2//11],
	[9, 15, 5, 9, 14, 10] => QQFieldElem[0, 0, -1, 0, 0, 1, 1, 0, 0, -1],
	[9, 15, 5, 9, 11, 7] => QQFieldElem[1, 6, -2, 3, 4, -2, 6, 2, -1, 7],
	[9, 15, 5, 9, 15, 8] => QQFieldElem[3, 5, -1, -6, -4, -4, -8, -6, 1, 2],
	[9, 15, 5, 9, 13, 8] => QQFieldElem[-3, -12, -7, 1, -5, -11, -4, -1, -9, -9],
	[9, 15, 5, 9, 11, 10] => QQFieldElem[-2//11, -4//11, -6//11, -41//11, -21//11, 10//11, -3//11, -5//11, -29//11, -31//11],
	[9, 15, 5, 9, 14, 8] => QQFieldElem[1, 3, 4, 5, 7, 8, 6, 4, 4, 2],
	[9, 15, 5, 9, 15, 9] => QQFieldElem[0, 0, -1, -1, -2, -3, -3, -2, -2, -1],
	[9, 15, 5, 9, 13, 9] => QQFieldElem[9, 21, 23, 11, 0, 4, 16, 23, 18, 5],
	[9, 15, 5, 9, 14, 9] => QQFieldElem[0, 1, 1, 1, 1, 2, 2, 2, 1, 0],
	[9, 15, 5, 9, 15, 7] => QQFieldElem[1, 3, 4, 6, 7, 6, 5, 4, 1, 1],
	[9, 15, 5, 9, 11, 8] => QQFieldElem[-5, -12, -5, -1, -8, -11, -3, -1, -11, -10],
	[9, 15, 5, 9, 13, 7] => QQFieldElem[0, -2, 1, 0, -2, 1, -1, -1, 1, -1],
	[9, 15, 5, 9, 14, 7] => QQFieldElem[-2, -3, -4, -6, -5, -5, -4, -2, -1, -1])