Dict(
	[9, 9, 4, 14, 9, 13] => QQFieldElem[0, 2, 6, 9, 12, 14, 12, 9, 6, 2],
	[9, 9, 4, 14, 9, 15] => QQFieldElem[1, 1, 0, 3, 3, 3, 5, 3, 3, 3],
	[9, 9, 4, 14, 8, 11] => QQFieldElem[1, 2, 0, 1, 1, 0, 2, 1, 0, 2],
	[9, 9, 4, 14, 10, 11] => QQFieldElem[0, -2, 0, -2, -2, 0, -2, -1, 0, -2],
	[9, 9, 4, 14, 8, 14] => QQFieldElem[0, 0, 0, 0, -1, 0, -1, 0, 0, 0],
	[9, 9, 4, 14, 6, 13] => QQFieldElem[-1, 1, 1, 0, 0, 1, 1, -1, 0, 2],
	[9, 9, 4, 14, 10, 14] => QQFieldElem[1, 1, -2, -5, -8, -11, -11, -10, -7, -3],
	[9, 9, 4, 14, 6, 15] => QQFieldElem[-3, -4, -2, -3, -2, -2, -3, -2, -4, -3],
	[9, 9, 4, 14, 9, 11] => QQFieldElem[-1, 0, 0, 0, 1, 0, 0, 0, -1, 0],
	[9, 9, 4, 14, 8, 13] => QQFieldElem[-6, -4, -1, -8, -3, -3, -8, -1, -4, -6],
	[9, 9, 4, 14, 8, 15] => QQFieldElem[14, 0, 4, 12, -3, 9, 9, -3, 12, 4],
	[9, 9, 4, 14, 10, 13] => QQFieldElem[6, 3, -5, -3, -11, -14, -8, -11, -4, 3],
	[9, 9, 4, 14, 10, 15] => QQFieldElem[-14, -1, -4, -15, -1, -12, -15, -2, -16, -8],
	[9, 9, 4, 14, 9, 14] => QQFieldElem[0, 0, 2, 5, 7, 9, 9, 7, 5, 2],
	[9, 9, 4, 14, 6, 11] => QQFieldElem[0, -2, -2, -2, -2, 0, 0, -2, -3, -2],
	[9, 9, 4, 14, 6, 14] => QQFieldElem[-2, -3, -2, -1, 0, -1, -2, -3, -2, 0])