Dict(
	[9, 7, 14, 14, 18, 13] => QQFieldElem[0, -1, 0, 0, 0, 0, -1, -1, 0, 0],
	[9, 7, 14, 14, 18, 15] => QQFieldElem[7//23, -14//23, 6//23, -9//23, -3//23, 0, -3//23, -3//23, -2//23, -10//23],
	[9, 7, 14, 14, 8, 15] => QQFieldElem[-8//23, 6//23, -19//23, 0, 2//23, -5//23, -11//23, 1//23, -1//23, -12//23],
	[9, 7, 14, 14, 10, 13] => QQFieldElem[1, 0, -2, -1, 0, 0, 0, 0, -1, -2],
	[9, 7, 14, 14, 10, 15] => QQFieldElem[16//23, -5//23, -11//23, -2//23, 20//23, 2//23, -7//23, 2//23, 2//23, -1//23],
	[9, 7, 14, 14, 20, 3] => QQFieldElem[-2, -3, 1, 4, 4, 5, 7, 5, 1, 0],
	[9, 7, 14, 14, 8, 13] => QQFieldElem[-1, 0, 0, 0, 0, 0, 0, 0, 0, 0],
	[9, 7, 14, 14, 18, 5] => QQFieldElem[-1, 0, -1, -1, 0, -1, -1, 0, -1, -1],
	[9, 7, 14, 14, 8, 5] => QQFieldElem[2, 2, 0, 2, 1, 1, 2, 0, 2, 2],
	[9, 7, 14, 14, 10, 5] => QQFieldElem[1, 1, 0, 0, 1, 1, 0, 0, 1, 1],
	[9, 7, 14, 14, 20, 13] => QQFieldElem[-1, 0, 1, 1, 1, 1, 2, 2, 2, 2],
	[9, 7, 14, 14, 20, 15] => QQFieldElem[-5//23, 9//23, 6//23, 10//23, 2//23, 11//23, 26//23, 18//23, 8//23, 14//23],
	[9, 7, 14, 14, 20, 5] => QQFieldElem[0, -1, 1, 2, 1, 2, 3, 2, 1, 0],
	[9, 7, 14, 14, 18, 3] => QQFieldElem[0, 0, 0, -1, -1, -1, -1, -1, -1, 0],
	[9, 7, 14, 14, 8, 3] => QQFieldElem[0, -1, -1, -1, -2, -2, -1, -1, -1, 0],
	[9, 7, 14, 14, 10, 3] => QQFieldElem[2, 3, 1, 0, 2, 2, 0, 1, 3, 2])