Dict(
	[10, 17, 18, 9, 3, 1, 1, 22, 1, 1] => QQFieldElem[2//5, 0, 4//5, 4//5],
	[10, 17, 18, 9, 4, 1, 1, 22, 1, 1] => QQFieldElem[2//5, 0, 4//5, 4//5],
	[10, 17, 18, 9, 18, 1, 1, 22, 1, 1] => QQFieldElem[2//5, 0, -6//5, -6//5],
	[10, 17, 18, 9, 3, 1, 1, 10, 1, 1] => QQFieldElem[4, 6, 4, 0],
	[10, 17, 18, 9, 2, 1, 1, 14, 1, 1] => QQFieldElem[12, 0, -16, -16],
	[10, 17, 18, 9, 4, 1, 1, 10, 1, 1] => QQFieldElem[4, 6, 4, 0],
	[10, 17, 18, 9, 18, 1, 1, 10, 1, 1] => QQFieldElem[-6, -10, -6, 0],
	[10, 17, 18, 9, 2, 1, 1, 13, 1, 1] => QQFieldElem[12, 0, -16, -16],
	[10, 17, 18, 9, 3, 1, 1, 14, 1, 1] => QQFieldElem[0, 0, 4, 4],
	[10, 17, 18, 9, 4, 1, 1, 14, 1, 1] => QQFieldElem[-4, 0, 4, 4],
	[10, 17, 18, 9, 18, 1, 1, 14, 1, 1] => QQFieldElem[4, 0, -8, -8],
	[10, 17, 18, 9, 3, 1, 1, 13, 1, 1] => QQFieldElem[-4, 0, 4, 4],
	[10, 17, 18, 9, 2, 1, 1, 22, 1, 1] => QQFieldElem[0, 0, -2, -2],
	[10, 17, 18, 9, 4, 1, 1, 13, 1, 1] => QQFieldElem[0, 0, 4, 4],
	[10, 17, 18, 9, 18, 1, 1, 13, 1, 1] => QQFieldElem[4, 0, -8, -8],
	[10, 17, 18, 9, 2, 1, 1, 10, 1, 1] => QQFieldElem[-22, -36, -22, 0])