Dict(
	[10, 13, 13, 10, 5, 1, 1, 6, 1, 1] => QQFieldElem[-2//5, 0, 6//5, 6//5],
	[10, 13, 13, 10, 17, 1, 1, 19, 1, 1] => QQFieldElem[-2//5, 0, 0, 0],
	[10, 13, 13, 10, 5, 1, 1, 8, 1, 1] => QQFieldElem[4//5, -8//5, 4//5, 0],
	[10, 13, 13, 10, 1, 1, 1, 17, 1, 1] => QQFieldElem[24//5, 32//5, 24//5, 0],
	[10, 13, 13, 10, 5, 1, 1, 17, 1, 1] => QQFieldElem[4//5, 12//5, 4//5, 0],
	[10, 13, 13, 10, 6, 1, 1, 19, 1, 1] => QQFieldElem[4//5, 0, 0, 0],
	[10, 13, 13, 10, 1, 1, 1, 19, 1, 1] => QQFieldElem[-4//5, 0, -4//5, -4//5],
	[10, 13, 13, 10, 17, 1, 1, 6, 1, 1] => QQFieldElem[-2//5, 0, 6//5, 6//5],
	[10, 13, 13, 10, 17, 1, 1, 8, 1, 1] => QQFieldElem[4//5, 12//5, 4//5, 0],
	[10, 13, 13, 10, 5, 1, 1, 19, 1, 1] => QQFieldElem[4//5, 0, 2//5, 2//5],
	[10, 13, 13, 10, 17, 1, 1, 17, 1, 1] => QQFieldElem[4//5, 12//5, 4//5, 0],
	[10, 13, 13, 10, 6, 1, 1, 6, 1, 1] => QQFieldElem[4//5, 0, -2//5, -2//5],
	[10, 13, 13, 10, 6, 1, 1, 8, 1, 1] => QQFieldElem[-8//5, -4//5, -8//5, 0],
	[10, 13, 13, 10, 6, 1, 1, 17, 1, 1] => QQFieldElem[-8//5, -24//5, -8//5, 0],
	[10, 13, 13, 10, 1, 1, 1, 6, 1, 1] => QQFieldElem[-2//5, 0, 6//5, 6//5],
	[10, 13, 13, 10, 1, 1, 1, 8, 1, 1] => QQFieldElem[4//5, -8//5, 4//5, 0])