Dict(
	[11, 9, 21, 18, 20, 1, 1, 21, 1, 1] => QQFieldElem[-1//16, -1//16, 0, 3//16],
	[11, 9, 21, 18, 19, 1, 1, 21, 1, 2] => QQFieldElem[0, 0, 0, 0],
	[11, 9, 21, 18, 11, 1, 1, 21, 1, 2] => QQFieldElem[0, 0, 0, 0],
	[11, 9, 21, 18, 20, 1, 1, 22, 1, 1] => QQFieldElem[-1//16, 1//16, 3//16, 1//8],
	[11, 9, 21, 18, 19, 1, 1, 22, 1, 2] => QQFieldElem[0, -1//8, 0, -1//8],
	[11, 9, 21, 18, 11, 1, 1, 22, 1, 2] => QQFieldElem[-1//8, 0, -1//8, 0],
	[11, 9, 21, 18, 17, 1, 1, 21, 1, 2] => QQFieldElem[0, 0, 0, 0],
	[11, 9, 21, 18, 19, 1, 1, 21, 1, 1] => QQFieldElem[-1//16, -1//16, 0, -1//16],
	[11, 9, 21, 18, 11, 1, 1, 21, 1, 1] => QQFieldElem[1//8, 3//16, 3//16, 1//8],
	[11, 9, 21, 18, 17, 1, 1, 22, 1, 2] => QQFieldElem[1//8, 0, -1//8, 0],
	[11, 9, 21, 18, 19, 1, 1, 22, 1, 1] => QQFieldElem[-3//16, -1//16, -1//16, 0],
	[11, 9, 21, 18, 11, 1, 1, 22, 1, 1] => QQFieldElem[0, -1//8, 1//16, 1//16],
	[11, 9, 21, 18, 20, 1, 1, 21, 1, 2] => QQFieldElem[-1//4, -1//4, -1//4, -1//4],
	[11, 9, 21, 18, 20, 1, 1, 22, 1, 2] => QQFieldElem[0, -1//8, 0, 1//8],
	[11, 9, 21, 18, 17, 1, 1, 21, 1, 1] => QQFieldElem[1//8, 3//16, 3//16, 1//8],
	[11, 9, 21, 18, 17, 1, 1, 22, 1, 1] => QQFieldElem[-1//8, -1//4, -3//16, -1//16])