Dict(
	[11, 21, 10, 19, 18, 1, 1, 13, 1, 1] => QQFieldElem[2, 3, 2, 0],
	[11, 21, 10, 19, 12, 1, 1, 22, 1, 1] => QQFieldElem[1//2, 1, 1, 1//2],
	[11, 21, 10, 19, 20, 1, 1, 22, 1, 1] => QQFieldElem[-1//2, -1, -1, 0],
	[11, 21, 10, 19, 19, 1, 1, 13, 1, 1] => QQFieldElem[-2, -3, -1, 1],
	[11, 21, 10, 19, 18, 1, 1, 15, 1, 1] => QQFieldElem[0, -1//2, 0, 0],
	[11, 21, 10, 19, 19, 1, 1, 15, 1, 1] => QQFieldElem[0, 1//2, 0, -1//2],
	[11, 21, 10, 19, 18, 1, 1, 21, 1, 1] => QQFieldElem[-2//5, -4//5, -1//5, 2//5],
	[11, 21, 10, 19, 18, 1, 1, 22, 1, 1] => QQFieldElem[-1//2, -1, -1, -1//2],
	[11, 21, 10, 19, 19, 1, 1, 21, 1, 1] => QQFieldElem[1, 1, 0, -1],
	[11, 21, 10, 19, 19, 1, 1, 22, 1, 1] => QQFieldElem[1//2, 1, 1, 0],
	[11, 21, 10, 19, 20, 1, 1, 13, 1, 1] => QQFieldElem[-2, -3, -1, 1],
	[11, 21, 10, 19, 12, 1, 1, 13, 1, 1] => QQFieldElem[2, 3, 2, 0],
	[11, 21, 10, 19, 20, 1, 1, 15, 1, 1] => QQFieldElem[0, -1//2, 0, 1//2],
	[11, 21, 10, 19, 12, 1, 1, 15, 1, 1] => QQFieldElem[0, 1//2, 0, 0],
	[11, 21, 10, 19, 20, 1, 1, 21, 1, 1] => QQFieldElem[1, 1, 0, -1],
	[11, 21, 10, 19, 12, 1, 1, 21, 1, 1] => QQFieldElem[-2//5, -4//5, -1//5, 2//5])