Dict(
	[12, 20, 15, 22, 21, 1, 2, 11, 1, 1] => QQFieldElem[1, 2, 1, 0],
	[12, 20, 15, 22, 21, 1, 1, 11, 1, 1] => QQFieldElem[-1, -2, -2, -1//2],
	[12, 20, 15, 22, 14, 1, 1, 17, 1, 1] => QQFieldElem[0, 0, -1, -1],
	[12, 20, 15, 22, 16, 1, 1, 11, 1, 1] => QQFieldElem[0, 0, 0, 1//2],
	[12, 20, 15, 22, 22, 1, 2, 20, 1, 2] => QQFieldElem[-9//44, 9//44, -5//44, -5//22],
	[12, 20, 15, 22, 22, 1, 1, 20, 1, 2] => QQFieldElem[43//22, 17//11, 4//11, 30//11],
	[12, 20, 15, 22, 14, 1, 1, 11, 1, 1] => QQFieldElem[0, 0, -1, -1],
	[12, 20, 15, 22, 22, 1, 2, 19, 1, 1] => QQFieldElem[-1//4, -1//4, -1//4, 0],
	[12, 20, 15, 22, 21, 1, 2, 20, 1, 2] => QQFieldElem[5//22, -5//22, 2//11, -3//22],
	[12, 20, 15, 22, 22, 1, 1, 19, 1, 1] => QQFieldElem[1//2, -1, -1, -1],
	[12, 20, 15, 22, 21, 1, 1, 20, 1, 2] => QQFieldElem[4//11, 7//11, 1//11, 2//11],
	[12, 20, 15, 22, 16, 1, 1, 20, 1, 2] => QQFieldElem[0, 0, 0, 0],
	[12, 20, 15, 22, 21, 1, 2, 19, 1, 1] => QQFieldElem[-4//5, -3//5, 3//5, 4//5],
	[12, 20, 15, 22, 21, 1, 1, 19, 1, 1] => QQFieldElem[9//10, 3//10, -4//5, -9//10],
	[12, 20, 15, 22, 14, 1, 1, 20, 1, 2] => QQFieldElem[3//110, 27//220, 9//110, 7//110],
	[12, 20, 15, 22, 16, 1, 1, 19, 1, 1] => QQFieldElem[-1//2, -1//2, 0, 1//2],
	[12, 20, 15, 22, 14, 1, 1, 19, 1, 1] => QQFieldElem[-4//5, -3//5, 3//5, 4//5],
	[12, 20, 15, 22, 22, 1, 2, 20, 1, 1] => QQFieldElem[0, 1, 1, 0],
	[12, 20, 15, 22, 22, 1, 1, 20, 1, 1] => QQFieldElem[-1//22, -21//22, -18//11, -17//22],
	[12, 20, 15, 22, 21, 1, 2, 20, 1, 1] => QQFieldElem[1//22, -1//22, 1//88, 1//44],
	[12, 20, 15, 22, 21, 1, 1, 20, 1, 1] => QQFieldElem[9//44, 1//22, 5//44, -1//44],
	[12, 20, 15, 22, 22, 1, 2, 18, 1, 1] => QQFieldElem[-1//20, -1//10, -1//40, 1//20],
	[12, 20, 15, 22, 16, 1, 1, 20, 1, 1] => QQFieldElem[3//55, -1//220, 9//55, 7//55],
	[12, 20, 15, 22, 22, 1, 1, 18, 1, 1] => QQFieldElem[1//4, 0, -1//4, -1//4],
	[12, 20, 15, 22, 14, 1, 1, 20, 1, 1] => QQFieldElem[-2//55, -9//55, -6//55, 9//110],
	[12, 20, 15, 22, 22, 1, 2, 17, 1, 1] => QQFieldElem[1//4, 0, 0, -1//4],
	[12, 20, 15, 22, 22, 1, 1, 17, 1, 1] => QQFieldElem[3//2, -1//2, 3//2, 0],
	[12, 20, 15, 22, 21, 1, 1, 18, 1, 1] => QQFieldElem[-1//10, -7//20, -1//2, -3//10],
	[12, 20, 15, 22, 21, 1, 2, 18, 1, 1] => QQFieldElem[0, 0, 0, 0],
	[12, 20, 15, 22, 16, 1, 1, 18, 1, 1] => QQFieldElem[-1//5, -7//20, -1//5, 0],
	[12, 20, 15, 22, 21, 1, 2, 17, 1, 1] => QQFieldElem[-1, -2, -1, 0],
	[12, 20, 15, 22, 22, 1, 2, 11, 1, 1] => QQFieldElem[1//4, 0, 0, -1//4],
	[12, 20, 15, 22, 21, 1, 1, 17, 1, 1] => QQFieldElem[1, 2, 2, 1//2],
	[12, 20, 15, 22, 22, 1, 1, 11, 1, 1] => QQFieldElem[3//2, -1//2, 3//2, 0],
	[12, 20, 15, 22, 14, 1, 1, 18, 1, 1] => QQFieldElem[-2//5, -2//5, 0, 3//10],
	[12, 20, 15, 22, 16, 1, 1, 17, 1, 1] => QQFieldElem[0, 0, 0, -1//2])