Dict(
	[12, 15, 14, 19, 20, 1, 1, 21, 1, 2] => QQFieldElem[1//2, 0, 1//2, 1//2],
	[12, 15, 14, 19, 20, 1, 1, 22, 1, 2] => QQFieldElem[0, 0, 0, 0],
	[12, 15, 14, 19, 18, 1, 1, 21, 1, 2] => QQFieldElem[1//2, 1//2, 1//2, 0],
	[12, 15, 14, 19, 20, 1, 1, 21, 1, 1] => QQFieldElem[1, 0, 0, 0],
	[12, 15, 14, 19, 19, 1, 1, 21, 1, 2] => QQFieldElem[1//2, 0, 1//2, 1//2],
	[12, 15, 14, 19, 18, 1, 1, 22, 1, 2] => QQFieldElem[-4//5, 2//5, 8//5, 4//5],
	[12, 15, 14, 19, 11, 1, 1, 21, 1, 2] => QQFieldElem[-1//2, -1//2, -1//2, 0],
	[12, 15, 14, 19, 20, 1, 1, 22, 1, 1] => QQFieldElem[1, 0, 0, -1],
	[12, 15, 14, 19, 19, 1, 1, 22, 1, 2] => QQFieldElem[0, 0, 0, 0],
	[12, 15, 14, 19, 11, 1, 1, 22, 1, 2] => QQFieldElem[4//5, -2//5, -8//5, -4//5],
	[12, 15, 14, 19, 18, 1, 1, 21, 1, 1] => QQFieldElem[1, 1, 0, -1],
	[12, 15, 14, 19, 19, 1, 1, 21, 1, 1] => QQFieldElem[-1, 0, -2, -2],
	[12, 15, 14, 19, 11, 1, 1, 21, 1, 1] => QQFieldElem[1, 1, 2, 1],
	[12, 15, 14, 19, 18, 1, 1, 22, 1, 1] => QQFieldElem[4//5, 8//5, 12//5, -4//5],
	[12, 15, 14, 19, 19, 1, 1, 22, 1, 1] => QQFieldElem[1, 0, 0, -1],
	[12, 15, 14, 19, 11, 1, 1, 22, 1, 1] => QQFieldElem[-4, 0, 4, 4])