Dict(
	[13, 7, 16, 19, 14, 1, 1, 21, 1, 2] => QQFieldElem[-1//2, -1//2, -1//2, 0],
	[13, 7, 16, 19, 16, 1, 1, 22, 1, 2] => QQFieldElem[1//2, 1//2, -1//2, -1//2],
	[13, 7, 16, 19, 14, 1, 1, 22, 1, 2] => QQFieldElem[-1//2, -1//2, -1//2, -1//2],
	[13, 7, 16, 19, 9, 1, 1, 21, 1, 2] => QQFieldElem[-1, -1//2, -1//2, -1//2],
	[13, 7, 16, 19, 9, 1, 1, 22, 1, 2] => QQFieldElem[1//2, 1//2, -1//2, -1//2],
	[13, 7, 16, 19, 10, 1, 1, 21, 1, 2] => QQFieldElem[0, -1//2, -1//2, -1//2],
	[13, 7, 16, 19, 16, 1, 1, 21, 1, 1] => QQFieldElem[-1, -3, -3, -3],
	[13, 7, 16, 19, 10, 1, 1, 22, 1, 2] => QQFieldElem[-1//2, -1//2, -1//2, -1//2],
	[13, 7, 16, 19, 16, 1, 1, 22, 1, 1] => QQFieldElem[0, 1, 0, -1],
	[13, 7, 16, 19, 14, 1, 1, 21, 1, 1] => QQFieldElem[-3, -3, -3, -1],
	[13, 7, 16, 19, 14, 1, 1, 22, 1, 1] => QQFieldElem[0, 1, 0, -1],
	[13, 7, 16, 19, 9, 1, 1, 21, 1, 1] => QQFieldElem[-1, 0, -2, -2],
	[13, 7, 16, 19, 9, 1, 1, 22, 1, 1] => QQFieldElem[2, 3, -2, -3],
	[13, 7, 16, 19, 10, 1, 1, 21, 1, 1] => QQFieldElem[1, 0, 0, 0],
	[13, 7, 16, 19, 10, 1, 1, 22, 1, 1] => QQFieldElem[2, 3, 2, 1],
	[13, 7, 16, 19, 16, 1, 1, 21, 1, 2] => QQFieldElem[1//2, 1//2, 1//2, 1])