Dict(
	[13, 21, 18, 18, 13, 1, 1, 11, 1, 1] => QQFieldElem[0, 0, 0, 0],
	[13, 21, 18, 18, 15, 1, 1, 17, 1, 1] => QQFieldElem[14//11, 4//11, -14//11, -20//11],
	[13, 21, 18, 18, 22, 1, 1, 11, 1, 1] => QQFieldElem[0, -1//2, -1//2, 0],
	[13, 21, 18, 18, 13, 1, 1, 19, 1, 1] => QQFieldElem[6//11, 8//11, 5//11, 4//11],
	[13, 21, 18, 18, 22, 1, 2, 7, 1, 1] => QQFieldElem[2//11, -1//11, -2//11, 5//11],
	[13, 21, 18, 18, 21, 1, 2, 11, 1, 1] => QQFieldElem[-6//5, -7//5, -3//5, 1//5],
	[13, 21, 18, 18, 16, 1, 1, 11, 1, 1] => QQFieldElem[-6//5, -2//5, 2//5, 6//5],
	[13, 21, 18, 18, 21, 1, 1, 7, 1, 1] => QQFieldElem[3//11, 4//11, -3//11, -9//11],
	[13, 21, 18, 18, 22, 1, 2, 12, 1, 1] => QQFieldElem[1, 2, 2, 1],
	[13, 21, 18, 18, 22, 1, 1, 19, 1, 1] => QQFieldElem[17//22, 4//11, -17//22, -9//11],
	[13, 21, 18, 18, 21, 1, 2, 19, 1, 1] => QQFieldElem[-4//11, -9//11, -7//11, 1//11],
	[13, 21, 18, 18, 21, 1, 1, 12, 1, 1] => QQFieldElem[0, 0, 0, 0],
	[13, 21, 18, 18, 16, 1, 1, 19, 1, 1] => QQFieldElem[-18//11, -24//11, -4//11, 10//11],
	[13, 21, 18, 18, 22, 1, 2, 20, 1, 1] => QQFieldElem[-6//5, -7//5, -3//5, 1//5],
	[13, 21, 18, 18, 13, 1, 1, 17, 1, 1] => QQFieldElem[-28//55, 14//55, 6//55, 18//55],
	[13, 21, 18, 18, 21, 1, 1, 20, 1, 1] => QQFieldElem[-28//5, -36//5, -14//5, 8//5],
	[13, 21, 18, 18, 22, 1, 2, 20, 2, 1] => QQFieldElem[2, 3, 1, -1],
	[13, 21, 18, 18, 22, 1, 1, 17, 1, 1] => QQFieldElem[5//11, 14//11, 17//11, 7//11],
	[13, 21, 18, 18, 21, 1, 1, 20, 2, 1] => QQFieldElem[-5, -8, -5, 0],
	[13, 21, 18, 18, 21, 1, 2, 17, 1, 1] => QQFieldElem[-4//55, 2//55, 48//55, 34//55],
	[13, 21, 18, 18, 15, 1, 1, 7, 1, 1] => QQFieldElem[-9//11, -12//11, -13//11, -6//11],
	[13, 21, 18, 18, 16, 1, 1, 17, 1, 1] => QQFieldElem[24//55, -12//55, -68//55, 16//55],
	[13, 21, 18, 18, 15, 1, 1, 12, 1, 1] => QQFieldElem[-1, -3, -4, -2],
	[13, 21, 18, 18, 15, 1, 1, 20, 1, 1] => QQFieldElem[72//5, 44//5, -44//5, -72//5],
	[13, 21, 18, 18, 15, 1, 1, 20, 2, 1] => QQFieldElem[2, 0, -4, -4],
	[13, 21, 18, 18, 13, 1, 1, 7, 1, 1] => QQFieldElem[0, 0, 0, 0],
	[13, 21, 18, 18, 22, 1, 2, 11, 1, 1] => QQFieldElem[-4//5, -3//5, -2//5, -1//5],
	[13, 21, 18, 18, 13, 1, 1, 12, 1, 1] => QQFieldElem[0, 1, 1, 0],
	[13, 21, 18, 18, 22, 1, 1, 7, 1, 1] => QQFieldElem[-2//11, -9//22, -7//22, -5//11],
	[13, 21, 18, 18, 21, 1, 1, 11, 1, 1] => QQFieldElem[1, 0, -1, -1],
	[13, 21, 18, 18, 21, 1, 2, 7, 1, 1] => QQFieldElem[4//11, 9//11, 7//11, -1//11],
	[13, 21, 18, 18, 16, 1, 1, 7, 1, 1] => QQFieldElem[2//11, 10//11, -2//11, -6//11],
	[13, 21, 18, 18, 22, 1, 2, 19, 1, 1] => QQFieldElem[4//11, 9//11, 7//11, -1//11],
	[13, 21, 18, 18, 22, 1, 1, 12, 1, 1] => QQFieldElem[3//2, 3//2, 1//2, -1],
	[13, 21, 18, 18, 13, 1, 1, 20, 1, 1] => QQFieldElem[-44//5, -58//5, -22//5, 14//5],
	[13, 21, 18, 18, 21, 1, 2, 12, 1, 1] => QQFieldElem[0, 0, 0, 0],
	[13, 21, 18, 18, 21, 1, 1, 19, 1, 1] => QQFieldElem[3//11, 4//11, -3//11, -9//11],
	[13, 21, 18, 18, 16, 1, 1, 12, 1, 1] => QQFieldElem[-2, -4, -2, 0],
	[13, 21, 18, 18, 13, 1, 1, 20, 2, 1] => QQFieldElem[10, 16, 10, 0],
	[13, 21, 18, 18, 22, 1, 1, 20, 1, 1] => QQFieldElem[-1, 0, 1, 1],
	[13, 21, 18, 18, 21, 1, 2, 20, 1, 1] => QQFieldElem[18//5, 26//5, 9//5, -8//5],
	[13, 21, 18, 18, 16, 1, 1, 20, 1, 1] => QQFieldElem[16//5, 22//5, 8//5, -6//5],
	[13, 21, 18, 18, 22, 1, 1, 20, 2, 1] => QQFieldElem[3//2, 0, -5//2, -2],
	[13, 21, 18, 18, 22, 1, 2, 17, 1, 1] => QQFieldElem[-32//55, 16//55, 54//55, 52//55],
	[13, 21, 18, 18, 15, 1, 1, 11, 1, 1] => QQFieldElem[1, 2, 1, 0],
	[13, 21, 18, 18, 21, 1, 2, 20, 2, 1] => QQFieldElem[-6, -4, 4, 6],
	[13, 21, 18, 18, 21, 1, 1, 17, 1, 1] => QQFieldElem[-6//11, -8//11, -16//11, -4//11],
	[13, 21, 18, 18, 16, 1, 1, 20, 2, 1] => QQFieldElem[-3, 0, 5, 5],
	[13, 21, 18, 18, 15, 1, 1, 19, 1, 1] => QQFieldElem[-9//11, -12//11, -13//11, -6//11])