Dict(
	[13, 16, 17, 19, 21, 1, 1, 18, 1, 1] => QQFieldElem[3//10, 1//10, 2//5, 1//5],
	[13, 16, 17, 19, 15, 1, 1, 11, 1, 1] => QQFieldElem[0, -2, -3, -2],
	[13, 16, 17, 19, 16, 1, 1, 18, 1, 1] => QQFieldElem[1//5, 2//5, 1//10, 3//10],
	[13, 16, 17, 19, 22, 1, 1, 11, 1, 1] => QQFieldElem[0, 1, 1, 0],
	[13, 16, 17, 19, 14, 1, 1, 18, 1, 1] => QQFieldElem[2, 2, 4, 0],
	[13, 16, 17, 19, 9, 1, 1, 20, 1, 1] => QQFieldElem[-1//11, -5//11, 1//11, 3//11],
	[13, 16, 17, 19, 21, 1, 1, 11, 1, 1] => QQFieldElem[1//5, 2//5, 1//10, 3//10],
	[13, 16, 17, 19, 15, 1, 1, 20, 1, 2] => QQFieldElem[-4//11, 2//11, 4//11, 1//11],
	[13, 16, 17, 19, 16, 1, 1, 11, 1, 1] => QQFieldElem[2//5, 3//10, 1//5, 1//10],
	[13, 16, 17, 19, 22, 1, 1, 20, 1, 2] => QQFieldElem[0, 0, 0, -1],
	[13, 16, 17, 19, 9, 1, 1, 18, 1, 1] => QQFieldElem[-1, -1, 0, 0],
	[13, 16, 17, 19, 14, 1, 1, 11, 1, 1] => QQFieldElem[2, 4, 2, -2],
	[13, 16, 17, 19, 15, 1, 1, 12, 1, 1] => QQFieldElem[0, 0, 0, 0],
	[13, 16, 17, 19, 15, 1, 1, 19, 1, 1] => QQFieldElem[8//5, 6//5, -6//5, -8//5],
	[13, 16, 17, 19, 22, 1, 1, 19, 1, 1] => QQFieldElem[-2//5, 1//5, 4//5, 2//5],
	[13, 16, 17, 19, 22, 1, 1, 12, 1, 1] => QQFieldElem[0, 1, 0, 0],
	[13, 16, 17, 19, 21, 1, 1, 20, 1, 2] => QQFieldElem[0, 0, 0, 0],
	[13, 16, 17, 19, 16, 1, 1, 20, 1, 2] => QQFieldElem[2, 2, -2, 2],
	[13, 16, 17, 19, 21, 1, 1, 19, 1, 1] => QQFieldElem[0, 1//5, 1//10, 1//5],
	[13, 16, 17, 19, 9, 1, 1, 11, 1, 1] => QQFieldElem[-1, 0, 1, 1],
	[13, 16, 17, 19, 21, 1, 1, 12, 1, 1] => QQFieldElem[-3//5, -1//5, -3//10, -2//5],
	[13, 16, 17, 19, 14, 1, 1, 20, 1, 2] => QQFieldElem[39//55, 8//55, 27//55, 26//55],
	[13, 16, 17, 19, 16, 1, 1, 12, 1, 1] => QQFieldElem[0, 0, 0, 0],
	[13, 16, 17, 19, 16, 1, 1, 19, 1, 1] => QQFieldElem[-1//5, 1//5, 1//5, -1//5],
	[13, 16, 17, 19, 15, 1, 1, 20, 1, 1] => QQFieldElem[13//110, 21//110, 9//110, 27//110],
	[13, 16, 17, 19, 14, 1, 1, 19, 1, 1] => QQFieldElem[4//5, 18//5, 22//5, 6//5],
	[13, 16, 17, 19, 14, 1, 1, 12, 1, 1] => QQFieldElem[0, 2, -2, -2],
	[13, 16, 17, 19, 22, 1, 1, 20, 1, 1] => QQFieldElem[1//10, -3//10, 3//10, -1//10],
	[13, 16, 17, 19, 9, 1, 1, 20, 1, 2] => QQFieldElem[2, 2, 2, 2],
	[13, 16, 17, 19, 15, 1, 1, 18, 1, 1] => QQFieldElem[1, 0, -2, -2],
	[13, 16, 17, 19, 21, 1, 1, 20, 1, 1] => QQFieldElem[0, 0, 0, 0],
	[13, 16, 17, 19, 9, 1, 1, 12, 1, 1] => QQFieldElem[0, -1, -1, -1],
	[13, 16, 17, 19, 9, 1, 1, 19, 1, 1] => QQFieldElem[-6//5, -7//5, -3//5, 1//5],
	[13, 16, 17, 19, 16, 1, 1, 20, 1, 1] => QQFieldElem[-1, -1, -1, -1],
	[13, 16, 17, 19, 22, 1, 1, 18, 1, 1] => QQFieldElem[0, 1, 1, 1],
	[13, 16, 17, 19, 14, 1, 1, 20, 1, 1] => QQFieldElem[10//11, 6//11, -10//11, -8//11])