Dict(
	[13, 8, 19, 21, 4, 1, 1, 13, 1, 1] => QQFieldElem[-12//11, -4//11, -2//11, -18//11],
	[13, 8, 19, 21, 18, 1, 1, 13, 1, 1] => QQFieldElem[3//22, 1//22, -5//22, -1//22],
	[13, 8, 19, 21, 17, 1, 1, 10, 1, 1] => QQFieldElem[0, 0, -2, -2],
	[13, 8, 19, 21, 19, 1, 1, 13, 1, 1] => QQFieldElem[3//22, 1//22, -5//22, -1//22],
	[13, 8, 19, 21, 4, 1, 1, 15, 1, 1] => QQFieldElem[-4//5, -8//5, -12//5, 4//5],
	[13, 8, 19, 21, 18, 1, 1, 15, 1, 1] => QQFieldElem[3//5, 1//5, -1//5, -3//5],
	[13, 8, 19, 21, 19, 1, 1, 15, 1, 1] => QQFieldElem[-3//5, -1//5, 1//5, 3//5],
	[13, 8, 19, 21, 4, 1, 1, 9, 1, 1] => QQFieldElem[0, 2, 2, 0],
	[13, 8, 19, 21, 18, 1, 1, 9, 1, 1] => QQFieldElem[-1//2, -1//2, 0, 0],
	[13, 8, 19, 21, 19, 1, 1, 9, 1, 1] => QQFieldElem[1//2, 1//2, 0, 0],
	[13, 8, 19, 21, 17, 1, 1, 13, 1, 1] => QQFieldElem[-12//11, -4//11, -2//11, -18//11],
	[13, 8, 19, 21, 4, 1, 1, 10, 1, 1] => QQFieldElem[0, 0, -2, -2],
	[13, 8, 19, 21, 18, 1, 1, 10, 1, 1] => QQFieldElem[-1//2, -1//2, -1//2, -1//2],
	[13, 8, 19, 21, 17, 1, 1, 15, 1, 1] => QQFieldElem[4//5, 8//5, 12//5, -4//5],
	[13, 8, 19, 21, 19, 1, 1, 10, 1, 1] => QQFieldElem[-1//2, -1//2, -1//2, -1//2],
	[13, 8, 19, 21, 17, 1, 1, 9, 1, 1] => QQFieldElem[0, -2, -2, 0])