Dict(
	[13, 17, 13, 20, 22, 1, 1, 21, 1, 2] => QQFieldElem[0, 0, 0, 0],
	[13, 17, 13, 20, 22, 1, 1, 14, 1, 1] => QQFieldElem[-2, 1, 3, 3],
	[13, 17, 13, 20, 22, 1, 1, 22, 1, 2] => QQFieldElem[-84//55, 42//55, 128//55, 54//55],
	[13, 17, 13, 20, 22, 2, 1, 21, 1, 2] => QQFieldElem[3//2, 1, -3//2, -1],
	[13, 17, 13, 20, 21, 1, 1, 21, 1, 2] => QQFieldElem[0, -1, -1, 1],
	[13, 17, 13, 20, 22, 2, 1, 14, 1, 1] => QQFieldElem[5//2, 2, -1//2, -3//2],
	[13, 17, 13, 20, 21, 1, 1, 14, 1, 1] => QQFieldElem[2, 1, 1, 1],
	[13, 17, 13, 20, 22, 2, 1, 22, 1, 2] => QQFieldElem[73//110, 23//55, -161//110, -104//55],
	[13, 17, 13, 20, 21, 1, 1, 22, 1, 2] => QQFieldElem[-34//55, -93//55, -87//55, -41//55],
	[13, 17, 13, 20, 21, 2, 1, 21, 1, 2] => QQFieldElem[-2, -1, 0, 1],
	[13, 17, 13, 20, 14, 1, 1, 21, 1, 2] => QQFieldElem[-4, -2, -4, -2],
	[13, 17, 13, 20, 21, 2, 1, 14, 1, 1] => QQFieldElem[-1//2, 0, -1//2, -1//2],
	[13, 17, 13, 20, 14, 1, 1, 14, 1, 1] => QQFieldElem[-2, -2, 0, 1],
	[13, 17, 13, 20, 21, 2, 1, 22, 1, 2] => QQFieldElem[-8//11, -7//11, 8//11, 13//11],
	[13, 17, 13, 20, 14, 1, 1, 22, 1, 2] => QQFieldElem[-28//11, -30//11, -16//11, -26//11],
	[13, 17, 13, 20, 22, 1, 1, 21, 1, 1] => QQFieldElem[0, 2, 0, -2],
	[13, 17, 13, 20, 22, 1, 1, 22, 1, 1] => QQFieldElem[0, 0, 0, 0],
	[13, 17, 13, 20, 22, 2, 1, 21, 1, 1] => QQFieldElem[1//2, 0, -1//2, 0],
	[13, 17, 13, 20, 21, 1, 1, 21, 1, 1] => QQFieldElem[2//5, -1//5, 1//5, 3//5],
	[13, 17, 13, 20, 22, 2, 1, 22, 1, 1] => QQFieldElem[3//22, 2//11, -3//22, 1//11],
	[13, 17, 13, 20, 21, 1, 1, 22, 1, 1] => QQFieldElem[8//11, 7//11, 3//11, 9//11],
	[13, 17, 13, 20, 21, 2, 1, 21, 1, 1] => QQFieldElem[4, 6, 4, 2],
	[13, 17, 13, 20, 14, 1, 1, 21, 1, 1] => QQFieldElem[6//5, 12//5, 8//5, 4//5],
	[13, 17, 13, 20, 21, 2, 1, 22, 1, 1] => QQFieldElem[-36//55, 18//55, -8//55, -134//55],
	[13, 17, 13, 20, 14, 1, 1, 22, 1, 1] => QQFieldElem[6//11, 8//11, 16//11, 4//11])