Dict(
	[13, 19, 21, 19, 15, 1, 1, 14, 1, 1] => QQFieldElem[-1//2, 0, 3//2, 3//2],
	[13, 19, 21, 19, 13, 1, 1, 15, 1, 1] => QQFieldElem[-1, 1, 3, 2],
	[13, 19, 21, 19, 22, 1, 2, 21, 1, 2] => QQFieldElem[2, 1, -1, -2],
	[13, 19, 21, 19, 15, 1, 1, 13, 1, 1] => QQFieldElem[-1, 1, 3, 2],
	[13, 19, 21, 19, 9, 1, 1, 14, 1, 2] => QQFieldElem[4, 4, 4, 0],
	[13, 19, 21, 19, 22, 1, 2, 22, 1, 2] => QQFieldElem[0, 0, 0, 0],
	[13, 19, 21, 19, 21, 1, 1, 21, 1, 2] => QQFieldElem[1//2, 0, -1//4, -1//4],
	[13, 19, 21, 19, 16, 1, 2, 21, 1, 2] => QQFieldElem[1//2, 3//2, 5//4, 7//4],
	[13, 19, 21, 19, 21, 1, 1, 22, 1, 2] => QQFieldElem[-1//2, -3//2, -5//4, -7//4],
	[13, 19, 21, 19, 16, 1, 2, 22, 1, 2] => QQFieldElem[-1//2, 0, 1//4, 1//4],
	[13, 19, 21, 19, 10, 1, 1, 10, 1, 1] => QQFieldElem[-2, 0, 6, 6],
	[13, 19, 21, 19, 14, 1, 1, 21, 1, 2] => QQFieldElem[-1, -1, 0, 0],
	[13, 19, 21, 19, 13, 1, 1, 16, 1, 1] => QQFieldElem[0, 1, 2, 1],
	[13, 19, 21, 19, 22, 1, 1, 15, 1, 1] => QQFieldElem[-1, -11//2, -7, -4],
	[13, 19, 21, 19, 14, 1, 1, 22, 1, 2] => QQFieldElem[0, 0, 0, 0],
	[13, 19, 21, 19, 21, 1, 2, 15, 1, 1] => QQFieldElem[0, 0, 0, 0],
	[13, 19, 21, 19, 16, 1, 1, 15, 1, 1] => QQFieldElem[3//4, 1//2, 0, 0],
	[13, 19, 21, 19, 14, 1, 2, 15, 1, 1] => QQFieldElem[-1, -1//2, 1//2, 1],
	[13, 19, 21, 19, 22, 1, 1, 16, 1, 1] => QQFieldElem[-3//4, 0, 1, 1],
	[13, 19, 21, 19, 21, 1, 2, 16, 1, 1] => QQFieldElem[-1//2, -1//2, -1//2, 0],
	[13, 19, 21, 19, 10, 1, 1, 16, 1, 2] => QQFieldElem[1, 3//2, 1//2, -1//2],
	[13, 19, 21, 19, 22, 1, 2, 10, 1, 1] => QQFieldElem[0, -1, -2, -1],
	[13, 19, 21, 19, 16, 1, 1, 16, 1, 1] => QQFieldElem[0, 4, 4, 2],
	[13, 19, 21, 19, 9, 1, 1, 15, 1, 1] => QQFieldElem[2, 2, 4, 2],
	[13, 19, 21, 19, 14, 1, 2, 16, 1, 1] => QQFieldElem[-4//5, -3//5, -2//5, -1//5],
	[13, 19, 21, 19, 13, 1, 1, 14, 1, 1] => QQFieldElem[4//5, 3//5, 2//5, 1//5],
	[13, 19, 21, 19, 21, 1, 1, 10, 1, 1] => QQFieldElem[11//4, 3//4, -7//2, -15//4],
	[13, 19, 21, 19, 16, 1, 2, 10, 1, 1] => QQFieldElem[3//2, 5//2, 3//2, 0],
	[13, 19, 21, 19, 13, 1, 1, 13, 1, 1] => QQFieldElem[0, 0, 0, 0],
	[13, 19, 21, 19, 15, 1, 1, 21, 1, 2] => QQFieldElem[0, 0, 0, 0],
	[13, 19, 21, 19, 10, 1, 1, 21, 1, 1] => QQFieldElem[0, 0, 0, 0],
	[13, 19, 21, 19, 9, 1, 1, 16, 1, 1] => QQFieldElem[4, 4, 4, 0],
	[13, 19, 21, 19, 14, 1, 1, 10, 1, 1] => QQFieldElem[3//2, 5//2, 7//4, 1//2],
	[13, 19, 21, 19, 15, 1, 1, 22, 1, 2] => QQFieldElem[0, 0, 0, 0],
	[13, 19, 21, 19, 10, 1, 1, 22, 1, 1] => QQFieldElem[0, 0, 0, 0],
	[13, 19, 21, 19, 10, 1, 1, 9, 1, 1] => QQFieldElem[-2, 4, 10, 8],
	[13, 19, 21, 19, 22, 1, 1, 14, 1, 1] => QQFieldElem[1//4, 5//2, 4, 2],
	[13, 19, 21, 19, 22, 1, 2, 16, 1, 2] => QQFieldElem[3//2, 0, -2, -2],
	[13, 19, 21, 19, 21, 1, 2, 14, 1, 1] => QQFieldElem[-1//2, 1//2, 3//2, 1],
	[13, 19, 21, 19, 22, 1, 1, 13, 1, 1] => QQFieldElem[0, 0, 0, 0],
	[13, 19, 21, 19, 10, 1, 1, 14, 1, 2] => QQFieldElem[0, -1//2, -3//2, -3//2],
	[13, 19, 21, 19, 16, 1, 1, 14, 1, 1] => QQFieldElem[4, 4, 0, -2],
	[13, 19, 21, 19, 21, 1, 2, 13, 1, 1] => QQFieldElem[2, 0, -4, -4],
	[13, 19, 21, 19, 21, 1, 1, 16, 1, 2] => QQFieldElem[1, 1//2, -3//4, -3//4],
	[13, 19, 21, 19, 14, 1, 2, 14, 1, 1] => QQFieldElem[0, -1, -2, -1],
	[13, 19, 21, 19, 16, 1, 2, 16, 1, 2] => QQFieldElem[1//2, 3//2, 7//4, 5//4],
	[13, 19, 21, 19, 16, 1, 1, 13, 1, 1] => QQFieldElem[-3//4, -2, -5//2, -1],
	[13, 19, 21, 19, 14, 1, 2, 13, 1, 1] => QQFieldElem[0, -1//2, -1//2, 0],
	[13, 19, 21, 19, 14, 1, 1, 16, 1, 2] => QQFieldElem[-1//2, 0, 3//2, 3//2],
	[13, 19, 21, 19, 22, 1, 2, 21, 1, 1] => QQFieldElem[0, 0, 0, 0],
	[13, 19, 21, 19, 22, 1, 2, 9, 1, 1] => QQFieldElem[-1, -5, -6, -3],
	[13, 19, 21, 19, 22, 1, 2, 22, 1, 1] => QQFieldElem[2, 1, -1, -2],
	[13, 19, 21, 19, 9, 1, 1, 14, 1, 1] => QQFieldElem[-4//5, 12//5, 28//5, 24//5],
	[13, 19, 21, 19, 21, 1, 1, 21, 1, 1] => QQFieldElem[-2, -1, -1//2, -1],
	[13, 19, 21, 19, 16, 1, 2, 21, 1, 1] => QQFieldElem[-4, -4, -2, 0],
	[13, 19, 21, 19, 9, 1, 1, 13, 1, 1] => QQFieldElem[6, 6, 0, -2],
	[13, 19, 21, 19, 21, 1, 1, 9, 1, 1] => QQFieldElem[-3//4, 1//2, 3//2, 5//4],
	[13, 19, 21, 19, 22, 1, 2, 14, 1, 2] => QQFieldElem[1//2, 1, 1, 0],
	[13, 19, 21, 19, 16, 1, 2, 22, 1, 1] => QQFieldElem[0, 0, -2, 0],
	[13, 19, 21, 19, 21, 1, 1, 22, 1, 1] => QQFieldElem[0, -1, -1//2, -1],
	[13, 19, 21, 19, 14, 1, 1, 21, 1, 1] => QQFieldElem[1, 1//2, 1//2, 1//2],
	[13, 19, 21, 19, 15, 1, 1, 10, 1, 1] => QQFieldElem[2, 2, 0, -3//2],
	[13, 19, 21, 19, 16, 1, 2, 9, 1, 1] => QQFieldElem[-1, -3//2, -1//2, 1//2],
	[13, 19, 21, 19, 13, 1, 1, 21, 1, 2] => QQFieldElem[0, 0, 0, 0],
	[13, 19, 21, 19, 14, 1, 1, 22, 1, 1] => QQFieldElem[0, 1//2, -1//2, 1//2],
	[13, 19, 21, 19, 21, 1, 1, 14, 1, 2] => QQFieldElem[-1//2, -3//2, -7//4, -5//4],
	[13, 19, 21, 19, 16, 1, 2, 14, 1, 2] => QQFieldElem[-1, -1//2, 3//4, 3//4],
	[13, 19, 21, 19, 14, 1, 1, 9, 1, 1] => QQFieldElem[2, 3, 3//2, -1//4],
	[13, 19, 21, 19, 10, 1, 1, 15, 1, 1] => QQFieldElem[-6, -6, 0, 2],
	[13, 19, 21, 19, 13, 1, 1, 22, 1, 2] => QQFieldElem[0, 0, 0, 0],
	[13, 19, 21, 19, 14, 1, 1, 14, 1, 2] => QQFieldElem[-5//2, -4, -5//2, -1//2],
	[13, 19, 21, 19, 22, 1, 1, 21, 1, 2] => QQFieldElem[1//2, -2, -15//4, -9//4],
	[13, 19, 21, 19, 15, 1, 1, 16, 1, 2] => QQFieldElem[-1, -3, -4, -2],
	[13, 19, 21, 19, 10, 1, 1, 16, 1, 1] => QQFieldElem[1, 2, 2, 1],
	[13, 19, 21, 19, 22, 1, 1, 22, 1, 2] => QQFieldElem[0, -1, -5//4, -1//4],
	[13, 19, 21, 19, 21, 1, 2, 21, 1, 2] => QQFieldElem[0, -1, -1//2, -1],
	[13, 19, 21, 19, 16, 1, 1, 21, 1, 2] => QQFieldElem[-1, 0, 1, 1],
	[13, 19, 21, 19, 21, 1, 2, 22, 1, 2] => QQFieldElem[-2, -1, -1//2, -1],
	[13, 19, 21, 19, 14, 1, 2, 21, 1, 2] => QQFieldElem[0, 0, 0, 0],
	[13, 19, 21, 19, 16, 1, 1, 22, 1, 2] => QQFieldElem[0, 0, 0, 0],
	[13, 19, 21, 19, 22, 1, 2, 15, 1, 1] => QQFieldElem[2, 0, -4, -4],
	[13, 19, 21, 19, 14, 1, 2, 22, 1, 2] => QQFieldElem[0, 0, 0, 0],
	[13, 19, 21, 19, 15, 1, 1, 21, 1, 1] => QQFieldElem[0, 0, 0, 0],
	[13, 19, 21, 19, 21, 1, 1, 15, 1, 1] => QQFieldElem[0, 0, 0, 0],
	[13, 19, 21, 19, 16, 1, 2, 15, 1, 1] => QQFieldElem[0, -1//2, -1//2, 0],
	[13, 19, 21, 19, 15, 1, 1, 22, 1, 1] => QQFieldElem[-1, -1, 0, 0],
	[13, 19, 21, 19, 9, 1, 1, 21, 1, 2] => QQFieldElem[0, 0, 0, 0],
	[13, 19, 21, 19, 13, 1, 1, 10, 1, 1] => QQFieldElem[0, 1, 1, 1//2],
	[13, 19, 21, 19, 15, 1, 1, 9, 1, 1] => QQFieldElem[-1//2, -1//2, 1//2, 1//2],
	[13, 19, 21, 19, 22, 1, 2, 16, 1, 1] => QQFieldElem[1//2, 1, 1, 0],
	[13, 19, 21, 19, 14, 1, 1, 15, 1, 1] => QQFieldElem[3//4, 2, 5//2, 1],
	[13, 19, 21, 19, 9, 1, 1, 22, 1, 2] => QQFieldElem[0, 0, 0, 0],
	[13, 19, 21, 19, 15, 1, 1, 14, 1, 2] => QQFieldElem[-1, -1, 0, 0],
	[13, 19, 21, 19, 10, 1, 1, 14, 1, 1] => QQFieldElem[1//5, 2//5, -2//5, -1//5],
	[13, 19, 21, 19, 21, 1, 1, 16, 1, 1] => QQFieldElem[-1, 0, 1//2, 1//2],
	[13, 19, 21, 19, 16, 1, 2, 16, 1, 1] => QQFieldElem[-4, -4, 0, 2],
	[13, 19, 21, 19, 10, 1, 1, 13, 1, 1] => QQFieldElem[-2, -2, -4, -2],
	[13, 19, 21, 19, 22, 1, 1, 10, 1, 1] => QQFieldElem[-5//4, -9//4, -2, -3//4],
	[13, 19, 21, 19, 14, 1, 1, 16, 1, 1] => QQFieldElem[0, -1//2, -3//2, -3//2],
	[13, 19, 21, 19, 21, 1, 2, 10, 1, 1] => QQFieldElem[-4, -5, -2, 1],
	[13, 19, 21, 19, 13, 1, 1, 16, 1, 2] => QQFieldElem[-1//5, -2//5, 2//5, 1//5],
	[13, 19, 21, 19, 16, 1, 1, 10, 1, 1] => QQFieldElem[-1, 1//2, 9//4, 2],
	[13, 19, 21, 19, 14, 1, 2, 10, 1, 1] => QQFieldElem[-1//2, 1//2, 3//2, 1],
	[13, 19, 21, 19, 22, 1, 2, 14, 1, 1] => QQFieldElem[3//2, 0, -2, -2],
	[13, 19, 21, 19, 22, 1, 2, 13, 1, 1] => QQFieldElem[0, 0, 0, 0],
	[13, 19, 21, 19, 22, 1, 1, 16, 1, 2] => QQFieldElem[-1//4, -5//2, -4, -2],
	[13, 19, 21, 19, 9, 1, 1, 10, 1, 1] => QQFieldElem[-6, -12, -10, -2],
	[13, 19, 21, 19, 21, 1, 1, 14, 1, 1] => QQFieldElem[0, -1, -3//2, -1//2],
	[13, 19, 21, 19, 13, 1, 1, 21, 1, 1] => QQFieldElem[-7//5, -4//5, -1//5, -8//5],
	[13, 19, 21, 19, 15, 1, 1, 15, 1, 1] => QQFieldElem[0, 0, 0, 0],
	[13, 19, 21, 19, 21, 1, 2, 16, 1, 2] => QQFieldElem[0, -1, -3//2, -1//2],
	[13, 19, 21, 19, 13, 1, 1, 22, 1, 1] => QQFieldElem[-1, 0, -1, 0],
	[13, 19, 21, 19, 13, 1, 1, 9, 1, 1] => QQFieldElem[3//2, 7//2, 7//2, 3//2],
	[13, 19, 21, 19, 21, 1, 1, 13, 1, 1] => QQFieldElem[1, 11//2, 7, 4],
	[13, 19, 21, 19, 16, 1, 2, 13, 1, 1] => QQFieldElem[-1, -1//2, 1//2, 1],
	[13, 19, 21, 19, 16, 1, 1, 16, 1, 2] => QQFieldElem[-1//2, 1//2, 3//2, 1],
	[13, 19, 21, 19, 14, 1, 1, 14, 1, 1] => QQFieldElem[1, 3//2, 1//2, -1//2],
	[13, 19, 21, 19, 16, 1, 2, 14, 1, 1] => QQFieldElem[0, -4, -4, -2],
	[13, 19, 21, 19, 14, 1, 2, 16, 1, 2] => QQFieldElem[1, 1, 0, 0],
	[13, 19, 21, 19, 13, 1, 1, 14, 1, 2] => QQFieldElem[-1, -2, -2, -1],
	[13, 19, 21, 19, 14, 1, 1, 13, 1, 1] => QQFieldElem[-3//4, -1//2, 0, 0],
	[13, 19, 21, 19, 22, 1, 1, 21, 1, 1] => QQFieldElem[0, 1, 5//4, 1//4],
	[13, 19, 21, 19, 15, 1, 1, 16, 1, 1] => QQFieldElem[-5//2, -4, -5//2, -1//2],
	[13, 19, 21, 19, 22, 1, 1, 9, 1, 1] => QQFieldElem[-15//4, -13//2, -9//2, -1//4],
	[13, 19, 21, 19, 21, 1, 2, 21, 1, 1] => QQFieldElem[0, 0, 0, 0],
	[13, 19, 21, 19, 22, 1, 1, 22, 1, 1] => QQFieldElem[-1//2, 2, 15//4, 9//4],
	[13, 19, 21, 19, 10, 1, 1, 21, 1, 2] => QQFieldElem[0, 1//2, -1//2, 1//2],
	[13, 19, 21, 19, 9, 1, 1, 16, 1, 2] => QQFieldElem[-4//5, 12//5, 28//5, 24//5],
	[13, 19, 21, 19, 21, 1, 2, 9, 1, 1] => QQFieldElem[1, 1, 0, -1],
	[13, 19, 21, 19, 16, 1, 1, 21, 1, 1] => QQFieldElem[0, 0, 2, 0],
	[13, 19, 21, 19, 21, 1, 2, 22, 1, 1] => QQFieldElem[-1, 0, 1, 1],
	[13, 19, 21, 19, 10, 1, 1, 22, 1, 2] => QQFieldElem[1, 1//2, 1//2, 1//2],
	[13, 19, 21, 19, 14, 1, 2, 21, 1, 1] => QQFieldElem[1, 0, 1, 0],
	[13, 19, 21, 19, 16, 1, 1, 9, 1, 1] => QQFieldElem[1//2, -1, -2, -5//4],
	[13, 19, 21, 19, 16, 1, 1, 22, 1, 1] => QQFieldElem[4, 4, 2, 0],
	[13, 19, 21, 19, 22, 1, 1, 14, 1, 2] => QQFieldElem[3//4, 0, -1, -1],
	[13, 19, 21, 19, 14, 1, 2, 9, 1, 1] => QQFieldElem[0, 3//2, 5//2, 3//2],
	[13, 19, 21, 19, 14, 1, 2, 22, 1, 1] => QQFieldElem[7//5, 4//5, 1//5, 8//5],
	[13, 19, 21, 19, 21, 1, 2, 14, 1, 2] => QQFieldElem[-1, 0, 1//2, 1//2],
	[13, 19, 21, 19, 16, 1, 1, 14, 1, 2] => QQFieldElem[-1//2, -1//2, -1//2, 0],
	[13, 19, 21, 19, 14, 1, 2, 14, 1, 2] => QQFieldElem[1, 3, 4, 2],
	[13, 19, 21, 19, 9, 1, 1, 21, 1, 1] => QQFieldElem[0, 0, 0, 0],
	[13, 19, 21, 19, 9, 1, 1, 9, 1, 1] => QQFieldElem[6, 8, 6, 0],
	[13, 19, 21, 19, 9, 1, 1, 22, 1, 1] => QQFieldElem[0, 0, 0, 0])