Dict(
	[14, 19, 16, 19, 21, 2, 2, 22, 2, 2] => QQFieldElem[-14//11, -3//22, -16//11, -6//11],
	[14, 19, 16, 19, 21, 2, 1, 15, 1, 1] => QQFieldElem[0, -3//4, -3//4, -1],
	[14, 19, 16, 19, 13, 1, 1, 13, 1, 1] => QQFieldElem[1, 1//2, -1//2, -1],
	[14, 19, 16, 19, 15, 1, 1, 21, 1, 2] => QQFieldElem[-7//10, -7//5, -11//10, -3//10],
	[14, 19, 16, 19, 15, 1, 1, 22, 1, 2] => QQFieldElem[-7//22, 1//11, 3//22, -3//22],
	[14, 19, 16, 19, 22, 1, 1, 13, 1, 1] => QQFieldElem[1, 1, -1//2, -3//2],
	[14, 19, 16, 19, 15, 1, 1, 21, 2, 2] => QQFieldElem[-1//5, -2//5, -1//10, 1//5],
	[14, 19, 16, 19, 22, 2, 2, 13, 1, 1] => QQFieldElem[-1, -1, 0, 1//2],
	[14, 19, 16, 19, 21, 1, 2, 13, 1, 1] => QQFieldElem[-2, -8, -13, -7],
	[14, 19, 16, 19, 15, 1, 1, 22, 2, 2] => QQFieldElem[0, 0, 0, 0],
	[14, 19, 16, 19, 21, 2, 1, 13, 1, 1] => QQFieldElem[0, 3//4, -1//4, -1//2],
	[14, 19, 16, 19, 22, 1, 2, 21, 1, 1] => QQFieldElem[0, -3, -4, -1],
	[14, 19, 16, 19, 22, 1, 2, 22, 1, 1] => QQFieldElem[2//11, -21//11, -4//11, -7//11],
	[14, 19, 16, 19, 22, 2, 1, 21, 1, 1] => QQFieldElem[0, -1, -1, 0],
	[14, 19, 16, 19, 21, 1, 1, 21, 1, 1] => QQFieldElem[2//5, 8//5, 8//5, 2//5],
	[14, 19, 16, 19, 22, 2, 1, 22, 1, 1] => QQFieldElem[-36//55, -7//55, 17//55, 16//55],
	[14, 19, 16, 19, 22, 1, 2, 21, 2, 1] => QQFieldElem[0, 1//2, 0, -1//2],
	[14, 19, 16, 19, 21, 2, 2, 21, 1, 1] => QQFieldElem[3//10, 17//20, 9//10, 9//20],
	[14, 19, 16, 19, 21, 1, 1, 22, 1, 1] => QQFieldElem[0, 0, 0, 0],
	[14, 19, 16, 19, 21, 2, 2, 22, 1, 1] => QQFieldElem[-13//110, -57//220, -29//110, -19//220],
	[14, 19, 16, 19, 22, 1, 2, 22, 2, 1] => QQFieldElem[6//11, 17//22, -1//11, -9//22],
	[14, 19, 16, 19, 13, 1, 1, 21, 1, 2] => QQFieldElem[1//2, -1, -3//2, -1//2],
	[14, 19, 16, 19, 22, 2, 1, 21, 2, 1] => QQFieldElem[0, 1, 1, 0],
	[14, 19, 16, 19, 21, 1, 1, 21, 2, 1] => QQFieldElem[7//4, 3, 5//4, 1//4],
	[14, 19, 16, 19, 13, 1, 1, 22, 1, 2] => QQFieldElem[9//22, 5//11, 15//22, 7//22],
	[14, 19, 16, 19, 22, 2, 1, 22, 2, 1] => QQFieldElem[0, 1, 1, 0],
	[14, 19, 16, 19, 21, 2, 2, 21, 2, 1] => QQFieldElem[0, -1//2, -3//4, -1//2],
	[14, 19, 16, 19, 21, 1, 1, 22, 2, 1] => QQFieldElem[-9//44, -5//22, 7//44, 15//44],
	[14, 19, 16, 19, 21, 2, 2, 22, 2, 1] => QQFieldElem[7//55, 29//110, 13//44, 17//110],
	[14, 19, 16, 19, 13, 1, 1, 21, 2, 2] => QQFieldElem[0, 0, 0, 0],
	[14, 19, 16, 19, 13, 1, 1, 22, 2, 2] => QQFieldElem[7//55, 9//55, 27//110, 3//55],
	[14, 19, 16, 19, 22, 1, 1, 21, 1, 2] => QQFieldElem[13//2, 21//2, 7, 7//2],
	[14, 19, 16, 19, 22, 2, 2, 21, 1, 2] => QQFieldElem[1, 0, -2, -3//2],
	[14, 19, 16, 19, 22, 1, 1, 22, 1, 2] => QQFieldElem[45//22, 83//22, 32//11, 13//22],
	[14, 19, 16, 19, 21, 1, 2, 21, 1, 2] => QQFieldElem[-3//10, 2//5, 11//10, 4//5],
	[14, 19, 16, 19, 22, 2, 2, 22, 1, 2] => QQFieldElem[-4//55, -68//55, -102//55, -137//110],
	[14, 19, 16, 19, 21, 1, 2, 22, 1, 2] => QQFieldElem[1//22, 3//11, 9//22, 1//11],
	[14, 19, 16, 19, 21, 2, 1, 21, 1, 2] => QQFieldElem[-1//8, -3//8, -3//8, 0],
	[14, 19, 16, 19, 22, 1, 1, 21, 2, 2] => QQFieldElem[1//2, 3//2, 1, -1//2],
	[14, 19, 16, 19, 22, 1, 2, 15, 1, 1] => QQFieldElem[2, 0, -1, -1],
	[14, 19, 16, 19, 22, 2, 2, 21, 2, 2] => QQFieldElem[0, 0, 0, -1//2],
	[14, 19, 16, 19, 22, 1, 1, 22, 2, 2] => QQFieldElem[3//2, 3//2, 0, -1//2],
	[14, 19, 16, 19, 15, 1, 1, 21, 1, 1] => QQFieldElem[0, 0, 0, 0],
	[14, 19, 16, 19, 21, 2, 1, 22, 1, 2] => QQFieldElem[-3//88, 15//88, 17//88, 2//11],
	[14, 19, 16, 19, 21, 1, 2, 21, 2, 2] => QQFieldElem[4, 1, -4, -1],
	[14, 19, 16, 19, 22, 2, 1, 15, 1, 1] => QQFieldElem[1, 9//4, 5//4, 1//2],
	[14, 19, 16, 19, 22, 2, 2, 22, 2, 2] => QQFieldElem[-9//11, -10//11, -4//11, -3//22],
	[14, 19, 16, 19, 21, 1, 1, 15, 1, 1] => QQFieldElem[1, -2, -3//2, -5//2],
	[14, 19, 16, 19, 15, 1, 1, 22, 1, 1] => QQFieldElem[6//11, -8//11, -12//11, -10//11],
	[14, 19, 16, 19, 21, 2, 1, 21, 2, 2] => QQFieldElem[3//5, 6//5, 4//5, -3//5],
	[14, 19, 16, 19, 21, 2, 2, 15, 1, 1] => QQFieldElem[-1, -1, 0, 1//2],
	[14, 19, 16, 19, 21, 1, 2, 22, 2, 2] => QQFieldElem[-34//11, -17//11, -64//11, -35//11],
	[14, 19, 16, 19, 21, 2, 1, 22, 2, 2] => QQFieldElem[3//11, -4//11, -6//11, -5//11],
	[14, 19, 16, 19, 15, 1, 1, 21, 2, 1] => QQFieldElem[0, 0, 0, 0],
	[14, 19, 16, 19, 15, 1, 1, 22, 2, 1] => QQFieldElem[8//55, -7//55, -1//11, -6//55],
	[14, 19, 16, 19, 22, 1, 2, 13, 1, 1] => QQFieldElem[-2, -2, -1, 1],
	[14, 19, 16, 19, 13, 1, 1, 21, 1, 1] => QQFieldElem[-2//5, -4//5, -7//10, -1//10],
	[14, 19, 16, 19, 15, 1, 1, 15, 1, 1] => QQFieldElem[1, 1//2, -1//2, -1],
	[14, 19, 16, 19, 13, 1, 1, 22, 1, 1] => QQFieldElem[-3//55, -7//55, 1//110, -1//110],
	[14, 19, 16, 19, 22, 2, 1, 13, 1, 1] => QQFieldElem[0, -1//4, -5//4, -1],
	[14, 19, 16, 19, 21, 1, 1, 13, 1, 1] => QQFieldElem[3, 6, 3//2, -1//2],
	[14, 19, 16, 19, 21, 2, 2, 13, 1, 1] => QQFieldElem[-1, -2, -3, -3//2],
	[14, 19, 16, 19, 13, 1, 1, 21, 2, 1] => QQFieldElem[1//5, 0, -1//10, -1//10],
	[14, 19, 16, 19, 22, 1, 1, 21, 1, 1] => QQFieldElem[0, -4, -6, 0],
	[14, 19, 16, 19, 13, 1, 1, 22, 2, 1] => QQFieldElem[4//55, 13//55, 39//110, 27//110],
	[14, 19, 16, 19, 22, 2, 2, 21, 1, 1] => QQFieldElem[-2, -3//2, -1, -1],
	[14, 19, 16, 19, 22, 1, 1, 22, 1, 1] => QQFieldElem[-16//11, -8//11, 10//11, 12//11],
	[14, 19, 16, 19, 21, 1, 2, 21, 1, 1] => QQFieldElem[0, -1//4, -1//2, -1//4],
	[14, 19, 16, 19, 22, 2, 2, 22, 1, 1] => QQFieldElem[-1, -1//2, -1, 0],
	[14, 19, 16, 19, 21, 1, 2, 22, 1, 1] => QQFieldElem[-3//55, 1//44, 23//110, 31//220],
	[14, 19, 16, 19, 21, 2, 1, 21, 1, 1] => QQFieldElem[2//5, 3//5, 3//5, 2//5],
	[14, 19, 16, 19, 22, 1, 1, 21, 2, 1] => QQFieldElem[0, 4, 6, 4],
	[14, 19, 16, 19, 21, 2, 1, 22, 1, 1] => QQFieldElem[0, 0, 0, 0],
	[14, 19, 16, 19, 22, 1, 1, 22, 2, 1] => QQFieldElem[0, 0, 2, 0],
	[14, 19, 16, 19, 21, 1, 2, 21, 2, 1] => QQFieldElem[1//2, -1, -5//2, -2],
	[14, 19, 16, 19, 22, 2, 2, 21, 2, 1] => QQFieldElem[0, 3//2, 3, 3//2],
	[14, 19, 16, 19, 22, 2, 2, 22, 2, 1] => QQFieldElem[2//11, 35//22, 18//11, 19//22],
	[14, 19, 16, 19, 21, 1, 2, 22, 2, 1] => QQFieldElem[9//22, 16//11, 37//22, 9//11],
	[14, 19, 16, 19, 21, 2, 1, 21, 2, 1] => QQFieldElem[1//8, 3//8, 1//8, 0],
	[14, 19, 16, 19, 21, 2, 1, 22, 2, 1] => QQFieldElem[19//440, -7//440, 17//440, 2//55],
	[14, 19, 16, 19, 13, 1, 1, 15, 1, 1] => QQFieldElem[1, 5//2, 5//2, 1],
	[14, 19, 16, 19, 22, 1, 2, 21, 1, 2] => QQFieldElem[4, 2, -6, -5],
	[14, 19, 16, 19, 15, 1, 1, 13, 1, 1] => QQFieldElem[1, 5//2, 5//2, 1],
	[14, 19, 16, 19, 22, 1, 2, 22, 1, 2] => QQFieldElem[10//11, -50//11, -86//11, -57//11],
	[14, 19, 16, 19, 22, 2, 1, 21, 1, 2] => QQFieldElem[3//2, 7//4, 3//4, 1],
	[14, 19, 16, 19, 21, 1, 1, 21, 1, 2] => QQFieldElem[1//4, 0, -1//4, -1//4],
	[14, 19, 16, 19, 22, 2, 1, 22, 1, 2] => QQFieldElem[-2//11, 29//44, 5//44, -4//11],
	[14, 19, 16, 19, 22, 1, 2, 21, 2, 2] => QQFieldElem[-2, -2, 0, 1],
	[14, 19, 16, 19, 21, 2, 2, 21, 1, 2] => QQFieldElem[1//5, 2//5, 7//20, 3//10],
	[14, 19, 16, 19, 21, 1, 1, 22, 1, 2] => QQFieldElem[-1//4, -1//2, -1//4, -1//4],
	[14, 19, 16, 19, 21, 2, 2, 22, 1, 2] => QQFieldElem[2//11, 1//11, -5//44, -3//22],
	[14, 19, 16, 19, 22, 1, 2, 22, 2, 2] => QQFieldElem[-16//11, -30//11, -12//11, 1//11],
	[14, 19, 16, 19, 22, 1, 1, 15, 1, 1] => QQFieldElem[1, 1, 5//2, 1//2],
	[14, 19, 16, 19, 22, 2, 1, 21, 2, 2] => QQFieldElem[-1//2, -3//4, -1//4, -1],
	[14, 19, 16, 19, 22, 2, 2, 15, 1, 1] => QQFieldElem[-1, -2, -3, -3//2],
	[14, 19, 16, 19, 21, 1, 1, 21, 2, 2] => QQFieldElem[-1, -2, -2, -1],
	[14, 19, 16, 19, 21, 1, 2, 15, 1, 1] => QQFieldElem[-6, -6, -1, 3],
	[14, 19, 16, 19, 22, 2, 1, 22, 2, 2] => QQFieldElem[1//11, -9//44, -19//44, -9//11],
	[14, 19, 16, 19, 21, 2, 2, 21, 2, 2] => QQFieldElem[1, 1//2, 0, 1],
	[14, 19, 16, 19, 21, 1, 1, 22, 2, 2] => QQFieldElem[-5//11, -8//11, -12//11, 1//11])