Dict(
	[14, 15, 17, 11, 15, 1, 1, 19, 1, 1] => QQFieldElem[6//11, 2//11, -10//11, -13//11],
	[14, 15, 17, 11, 22, 1, 1, 19, 1, 1] => QQFieldElem[-6//11, -2//11, -1//11, 2//11],
	[14, 15, 17, 11, 13, 1, 1, 20, 1, 1] => QQFieldElem[1//10, -3//10, 3//10, -1//10],
	[14, 15, 17, 11, 21, 1, 1, 19, 1, 1] => QQFieldElem[2//11, -3//11, 4//11, 3//11],
	[14, 15, 17, 11, 13, 1, 1, 18, 1, 1] => QQFieldElem[-2//5, -1//10, -1//10, -2//5],
	[14, 15, 17, 11, 15, 1, 1, 20, 1, 1] => QQFieldElem[0, 2, 2, 1],
	[14, 15, 17, 11, 22, 1, 1, 20, 1, 1] => QQFieldElem[0, 0, -1, 0],
	[14, 15, 17, 11, 15, 1, 1, 18, 1, 1] => QQFieldElem[2, 2, 0, -1],
	[14, 15, 17, 11, 13, 1, 1, 11, 1, 1] => QQFieldElem[-1//5, 1//10, -1//10, 1//5],
	[14, 15, 17, 11, 21, 1, 1, 20, 1, 1] => QQFieldElem[0, -1, -2, -1],
	[14, 15, 17, 11, 22, 1, 1, 18, 1, 1] => QQFieldElem[-6//5, -7//5, -3//5, 1//5],
	[14, 15, 17, 11, 21, 1, 1, 18, 1, 1] => QQFieldElem[-4//5, -3//5, -2//5, -1//5],
	[14, 15, 17, 11, 15, 1, 1, 11, 1, 1] => QQFieldElem[0, 2, 2, 1],
	[14, 15, 17, 11, 22, 1, 1, 11, 1, 1] => QQFieldElem[0, -1, -1, -1],
	[14, 15, 17, 11, 13, 1, 1, 19, 1, 1] => QQFieldElem[-89//110, 7//110, -57//110, -51//110],
	[14, 15, 17, 11, 21, 1, 1, 11, 1, 1] => QQFieldElem[0, -1, -2, -1])