Dict(
	[14, 9, 20, 19, 22, 2, 1, 18, 1, 2] => QQFieldElem[1//8, 0, 1//4, 1//4],
	[14, 9, 20, 19, 21, 1, 1, 18, 1, 2] => QQFieldElem[0, 0, 0, 1],
	[14, 9, 20, 19, 21, 2, 1, 18, 1, 2] => QQFieldElem[1//4, 0, 1//4, 0],
	[14, 9, 20, 19, 22, 1, 1, 20, 1, 1] => QQFieldElem[0, -1//8, 0, 0],
	[14, 9, 20, 19, 22, 2, 1, 20, 1, 1] => QQFieldElem[0, 0, 1//4, 0],
	[14, 9, 20, 19, 21, 1, 1, 20, 1, 1] => QQFieldElem[-1//4, 0, -1//4, 0],
	[14, 9, 20, 19, 22, 1, 1, 18, 1, 1] => QQFieldElem[1//4, 1//8, 1//4, 0],
	[14, 9, 20, 19, 21, 2, 1, 20, 1, 1] => QQFieldElem[0, 0, 0, 0],
	[14, 9, 20, 19, 22, 2, 1, 18, 1, 1] => QQFieldElem[0, 0, -1//4, 0],
	[14, 9, 20, 19, 21, 1, 1, 18, 1, 1] => QQFieldElem[1//4, 0, 1//4, 0],
	[14, 9, 20, 19, 21, 2, 1, 18, 1, 1] => QQFieldElem[0, 0, 0, 0],
	[14, 9, 20, 19, 22, 1, 1, 20, 1, 2] => QQFieldElem[-1//2, -1//2, 0, -1//2],
	[14, 9, 20, 19, 22, 2, 1, 20, 1, 2] => QQFieldElem[1//8, 0, 0, 0],
	[14, 9, 20, 19, 21, 1, 1, 20, 1, 2] => QQFieldElem[0, 0, 0, -1],
	[14, 9, 20, 19, 22, 1, 1, 18, 1, 2] => QQFieldElem[-1//2, -1//2, -1, -1//2],
	[14, 9, 20, 19, 21, 2, 1, 20, 1, 2] => QQFieldElem[1//4, 0, 1//4, 0])