Dict(
	[14, 17, 17, 21, 19, 2, 1, 14, 1, 1] => QQFieldElem[-3//20, -1//4, -3//10, -1//20],
	[14, 17, 17, 21, 19, 2, 1, 13, 1, 1] => QQFieldElem[-1//5, -2//5, -7//20, -3//10],
	[14, 17, 17, 21, 19, 1, 1, 21, 1, 1] => QQFieldElem[-4//11, 4//11, 10//11, 9//11],
	[14, 17, 17, 21, 11, 1, 1, 21, 1, 1] => QQFieldElem[-1//5, 3//5, 9//10, 7//10],
	[14, 17, 17, 21, 19, 1, 1, 22, 1, 1] => QQFieldElem[-1//2, -1//2, -1, -1//2],
	[14, 17, 17, 21, 11, 1, 1, 22, 1, 1] => QQFieldElem[8//11, 17//22, 15//22, -3//22],
	[14, 17, 17, 21, 20, 1, 1, 21, 1, 2] => QQFieldElem[0, 0, 0, 0],
	[14, 17, 17, 21, 12, 1, 1, 21, 1, 2] => QQFieldElem[-1//10, -1//20, 3//20, 0],
	[14, 17, 17, 21, 8, 1, 1, 21, 1, 1] => QQFieldElem[0, 0, 0, 0],
	[14, 17, 17, 21, 20, 1, 1, 22, 1, 2] => QQFieldElem[1//2, 1//2, 1, 0],
	[14, 17, 17, 21, 12, 1, 1, 22, 1, 2] => QQFieldElem[-7//220, -59//220, -19//55, -53//220],
	[14, 17, 17, 21, 8, 1, 1, 22, 1, 1] => QQFieldElem[13//11, 20//11, 17//11, 1//11],
	[14, 17, 17, 21, 17, 1, 1, 21, 1, 1] => QQFieldElem[-1//10, -1//5, -4//5, -2//5],
	[14, 17, 17, 21, 17, 1, 1, 22, 1, 1] => QQFieldElem[-1, -2, -2, -1//2],
	[14, 17, 17, 21, 19, 2, 1, 21, 1, 2] => QQFieldElem[8//11, -8//11, -20//11, -18//11],
	[14, 17, 17, 21, 19, 2, 1, 22, 1, 2] => QQFieldElem[-1//2, -3//2, -2, -1],
	[14, 17, 17, 21, 19, 1, 1, 16, 1, 1] => QQFieldElem[-2, -2, -1, 0],
	[14, 17, 17, 21, 11, 1, 1, 16, 1, 1] => QQFieldElem[0, -1, 0, 1],
	[14, 17, 17, 21, 8, 1, 1, 16, 1, 1] => QQFieldElem[-2, 0, 2, 2],
	[14, 17, 17, 21, 17, 1, 1, 16, 1, 1] => QQFieldElem[-1//10, -1//5, -3//10, -2//5],
	[14, 17, 17, 21, 20, 1, 1, 21, 1, 1] => QQFieldElem[-7//55, 5//22, 57//110, 37//110],
	[14, 17, 17, 21, 12, 1, 1, 21, 1, 1] => QQFieldElem[1//2, 0, -1, -1],
	[14, 17, 17, 21, 19, 1, 1, 14, 1, 1] => QQFieldElem[-1//2, -1, -1, -1//2],
	[14, 17, 17, 21, 11, 1, 1, 14, 1, 1] => QQFieldElem[-1//2, -1//2, -1//2, -1//2],
	[14, 17, 17, 21, 12, 1, 1, 22, 1, 1] => QQFieldElem[-9//11, -13//11, -16//11, -9//22],
	[14, 17, 17, 21, 20, 1, 1, 22, 1, 1] => QQFieldElem[1//10, -1//20, -1//5, 3//20],
	[14, 17, 17, 21, 19, 1, 1, 13, 1, 1] => QQFieldElem[-1//2, -1//2, -1, -1//2],
	[14, 17, 17, 21, 11, 1, 1, 13, 1, 1] => QQFieldElem[0, 0, 0, 0],
	[14, 17, 17, 21, 8, 1, 1, 14, 1, 1] => QQFieldElem[2//5, 4//5, 1//5, -2//5],
	[14, 17, 17, 21, 8, 1, 1, 13, 1, 1] => QQFieldElem[1, 2, 1, 0],
	[14, 17, 17, 21, 17, 1, 1, 14, 1, 1] => QQFieldElem[1//4, 1//4, 0, 1//4],
	[14, 17, 17, 21, 19, 2, 1, 21, 1, 1] => QQFieldElem[6//55, 82//55, 128//55, 69//55],
	[14, 17, 17, 21, 17, 1, 1, 13, 1, 1] => QQFieldElem[3//10, 1//10, 3//20, 1//5],
	[14, 17, 17, 21, 19, 2, 1, 22, 1, 1] => QQFieldElem[1//2, 3//2, 1, 1//2],
	[14, 17, 17, 21, 19, 1, 1, 21, 1, 2] => QQFieldElem[-3//55, 39//110, 3//22, -3//110],
	[14, 17, 17, 21, 11, 1, 1, 21, 1, 2] => QQFieldElem[-3//10, 1//20, 1//20, -3//10],
	[14, 17, 17, 21, 20, 1, 1, 16, 1, 1] => QQFieldElem[2, 2, -1, -2],
	[14, 17, 17, 21, 11, 1, 1, 22, 1, 2] => QQFieldElem[19//220, 3//220, 1//110, -29//220],
	[14, 17, 17, 21, 19, 1, 1, 22, 1, 2] => QQFieldElem[-3//5, 1//20, -3//10, -13//20],
	[14, 17, 17, 21, 12, 1, 1, 16, 1, 1] => QQFieldElem[2, 1, 0, -1],
	[14, 17, 17, 21, 8, 1, 1, 21, 1, 2] => QQFieldElem[0, 0, 1//2, 1//2],
	[14, 17, 17, 21, 8, 1, 1, 22, 1, 2] => QQFieldElem[-1//11, 13//22, 5//22, -1//22],
	[14, 17, 17, 21, 17, 1, 1, 21, 1, 2] => QQFieldElem[-26//55, -62//55, -78//55, -24//55],
	[14, 17, 17, 21, 17, 1, 1, 22, 1, 2] => QQFieldElem[0, 0, 0, 0],
	[14, 17, 17, 21, 20, 1, 1, 14, 1, 1] => QQFieldElem[-7//10, -2//5, -3//5, -3//10],
	[14, 17, 17, 21, 12, 1, 1, 14, 1, 1] => QQFieldElem[1//10, 7//10, 3//10, -1//10],
	[14, 17, 17, 21, 19, 2, 1, 16, 1, 1] => QQFieldElem[3//10, 3//5, -1//10, 1//5],
	[14, 17, 17, 21, 20, 1, 1, 13, 1, 1] => QQFieldElem[-1//2, -3//2, -1, -1//2],
	[14, 17, 17, 21, 12, 1, 1, 13, 1, 1] => QQFieldElem[0, 0, 0, 0])