Dict(
	[15, 18, 18, 22, 17, 1, 1, 21, 1, 1] => QQFieldElem[1//10, 1//5, -1//5, -3//5],
	[15, 18, 18, 22, 17, 1, 1, 22, 1, 1] => QQFieldElem[0, 0, 0, 0],
	[15, 18, 18, 22, 20, 2, 1, 15, 1, 1] => QQFieldElem[1, 4, 4, 2],
	[15, 18, 18, 22, 7, 1, 1, 14, 1, 1] => QQFieldElem[0, 1//2, 0, 0],
	[15, 18, 18, 22, 7, 1, 1, 13, 1, 1] => QQFieldElem[0, 0, 0, 0],
	[15, 18, 18, 22, 19, 1, 1, 15, 1, 1] => QQFieldElem[-1, -2, -2, 0],
	[15, 18, 18, 22, 11, 1, 1, 15, 1, 1] => QQFieldElem[0, -2, -4, -2],
	[15, 18, 18, 22, 17, 1, 1, 15, 1, 1] => QQFieldElem[-1//2, -1, -1, 0],
	[15, 18, 18, 22, 20, 2, 1, 14, 1, 1] => QQFieldElem[-3//10, 2//5, 1//10, -1//5],
	[15, 18, 18, 22, 20, 2, 1, 13, 1, 1] => QQFieldElem[1, 3//2, 1, 1//2],
	[15, 18, 18, 22, 20, 1, 1, 21, 1, 1] => QQFieldElem[-1//2, 1//2, -1//4, -1],
	[15, 18, 18, 22, 12, 1, 1, 21, 1, 1] => QQFieldElem[1//2, 0, -1, -1],
	[15, 18, 18, 22, 19, 1, 1, 14, 1, 1] => QQFieldElem[1//2, 1, 1//2, 0],
	[15, 18, 18, 22, 20, 1, 1, 22, 1, 1] => QQFieldElem[7//22, 29//44, 4//11, 3//22],
	[15, 18, 18, 22, 12, 1, 1, 22, 1, 1] => QQFieldElem[2//11, -10//11, -26//11, -18//11],
	[15, 18, 18, 22, 7, 1, 1, 21, 1, 2] => QQFieldElem[0, 0, 0, 0],
	[15, 18, 18, 22, 11, 1, 1, 14, 1, 1] => QQFieldElem[-2//5, -4//5, -6//5, -3//5],
	[15, 18, 18, 22, 19, 1, 1, 13, 1, 1] => QQFieldElem[0, 1//2, 0, -1//2],
	[15, 18, 18, 22, 7, 1, 1, 22, 1, 2] => QQFieldElem[54//55, 38//55, 2//55, -24//55],
	[15, 18, 18, 22, 11, 1, 1, 13, 1, 1] => QQFieldElem[-1, -2, -2, -1],
	[15, 18, 18, 22, 17, 1, 1, 14, 1, 1] => QQFieldElem[1//2, 1//4, 1//2, 0],
	[15, 18, 18, 22, 17, 1, 1, 13, 1, 1] => QQFieldElem[1//2, 1//4, 1//4, 1//4],
	[15, 18, 18, 22, 20, 2, 1, 21, 1, 2] => QQFieldElem[0, -1//2, -1//2, 1//2],
	[15, 18, 18, 22, 20, 2, 1, 22, 1, 2] => QQFieldElem[1, 2, 3//2, 0],
	[15, 18, 18, 22, 20, 1, 1, 15, 1, 1] => QQFieldElem[-3//2, -1, 0, 0],
	[15, 18, 18, 22, 12, 1, 1, 15, 1, 1] => QQFieldElem[1, 2, 3, 1],
	[15, 18, 18, 22, 19, 1, 1, 21, 1, 2] => QQFieldElem[-1, -3//2, -1, -1//2],
	[15, 18, 18, 22, 11, 1, 1, 21, 1, 2] => QQFieldElem[-1//4, 0, -3//4, -3//4],
	[15, 18, 18, 22, 19, 1, 1, 22, 1, 2] => QQFieldElem[-1//22, -17//22, -10//11, -1//11],
	[15, 18, 18, 22, 11, 1, 1, 22, 1, 2] => QQFieldElem[9//22, -6//11, -9//11, -15//22],
	[15, 18, 18, 22, 17, 1, 1, 21, 1, 2] => QQFieldElem[0, 1//2, 0, -1//2],
	[15, 18, 18, 22, 17, 1, 1, 22, 1, 2] => QQFieldElem[-15//22, -13//22, -7//11, -4//11],
	[15, 18, 18, 22, 7, 1, 1, 21, 1, 1] => QQFieldElem[0, 0, 1//2, 1//2],
	[15, 18, 18, 22, 7, 1, 1, 22, 1, 1] => QQFieldElem[-1//11, 5//11, 13//11, 9//11],
	[15, 18, 18, 22, 20, 1, 1, 14, 1, 1] => QQFieldElem[-1//2, -1//4, 1//2, 1//2],
	[15, 18, 18, 22, 12, 1, 1, 14, 1, 1] => QQFieldElem[-3//5, -7//10, -4//5, -2//5],
	[15, 18, 18, 22, 20, 1, 1, 13, 1, 1] => QQFieldElem[-1//2, 1//4, 3//4, 3//4],
	[15, 18, 18, 22, 12, 1, 1, 13, 1, 1] => QQFieldElem[0, 0, 0, 0],
	[15, 18, 18, 22, 20, 2, 1, 21, 1, 1] => QQFieldElem[1, 3//2, 1//2, -1//2],
	[15, 18, 18, 22, 20, 2, 1, 22, 1, 1] => QQFieldElem[4//11, 13//11, 17//22, -3//11],
	[15, 18, 18, 22, 7, 1, 1, 15, 1, 1] => QQFieldElem[-1, -2, -1, -1],
	[15, 18, 18, 22, 19, 1, 1, 21, 1, 1] => QQFieldElem[0, 0, 0, 0],
	[15, 18, 18, 22, 11, 1, 1, 21, 1, 1] => QQFieldElem[-4//5, -3//5, 1//10, 3//10],
	[15, 18, 18, 22, 19, 1, 1, 22, 1, 1] => QQFieldElem[-7//11, -20//11, -19//11, -3//11],
	[15, 18, 18, 22, 11, 1, 1, 22, 1, 1] => QQFieldElem[-59//55, -13//55, 63//55, 69//55],
	[15, 18, 18, 22, 20, 1, 1, 21, 1, 2] => QQFieldElem[0, 0, 3//4, 1//2],
	[15, 18, 18, 22, 12, 1, 1, 21, 1, 2] => QQFieldElem[-1//4, -1//2, -3//4, -1//4],
	[15, 18, 18, 22, 20, 1, 1, 22, 1, 2] => QQFieldElem[-1//11, 31//44, 13//11, 9//11],
	[15, 18, 18, 22, 12, 1, 1, 22, 1, 2] => QQFieldElem[-23//22, -25//11, -21//11, -13//22])