Dict(
	[15, 15, 12, 19, 21, 1, 1, 17, 1, 1] => QQFieldElem[1//2, 1//2, 1//2, 0],
	[15, 15, 12, 19, 14, 1, 1, 18, 1, 1] => QQFieldElem[2, 2, 2, 2],
	[15, 15, 12, 19, 16, 1, 1, 17, 1, 1] => QQFieldElem[-1//2, -1//2, -1//2, -1],
	[15, 15, 12, 19, 14, 1, 1, 17, 1, 1] => QQFieldElem[2, 2, 2, 0],
	[15, 15, 12, 19, 22, 1, 1, 5, 1, 1] => QQFieldElem[-3//11, -1//11, -6//11, -10//11],
	[15, 15, 12, 19, 21, 1, 1, 5, 1, 1] => QQFieldElem[-1//22, 7//22, 9//22, 2//11],
	[15, 15, 12, 19, 22, 1, 1, 19, 1, 1] => QQFieldElem[-1, -1, -1, -2],
	[15, 15, 12, 19, 16, 1, 1, 5, 1, 1] => QQFieldElem[5//22, 9//22, -1//22, 1//11],
	[15, 15, 12, 19, 21, 1, 1, 19, 1, 1] => QQFieldElem[-1//2, 0, 0, -1//2],
	[15, 15, 12, 19, 14, 1, 1, 5, 1, 1] => QQFieldElem[2//11, -14//11, -18//11, -8//11],
	[15, 15, 12, 19, 16, 1, 1, 19, 1, 1] => QQFieldElem[1//2, 0, 0, -1//2],
	[15, 15, 12, 19, 14, 1, 1, 19, 1, 1] => QQFieldElem[-2, -2, -2, -2],
	[15, 15, 12, 19, 22, 1, 1, 18, 1, 1] => QQFieldElem[1, 1, 1, 2],
	[15, 15, 12, 19, 22, 1, 1, 17, 1, 1] => QQFieldElem[-1, 1, 0, 0],
	[15, 15, 12, 19, 21, 1, 1, 18, 1, 1] => QQFieldElem[-1//2, 0, 0, -1//2],
	[15, 15, 12, 19, 16, 1, 1, 18, 1, 1] => QQFieldElem[1//2, 0, 0, -1//2])