Dict(
	[15, 22, 18, 11, 14, 1, 1, 19, 1, 1] => QQFieldElem[-1, 0, 1//2, 1//2],
	[15, 22, 18, 11, 22, 1, 2, 20, 1, 1] => QQFieldElem[0, 0, 0, 0],
	[15, 22, 18, 11, 22, 1, 1, 20, 1, 1] => QQFieldElem[-3//2, -3//2, -3//2, -1//2],
	[15, 22, 18, 11, 21, 1, 2, 20, 1, 1] => QQFieldElem[4//5, -2//5, -8//5, -4//5],
	[15, 22, 18, 11, 21, 1, 1, 20, 1, 1] => QQFieldElem[1//5, -3//5, -2//5, -1//5],
	[15, 22, 18, 11, 22, 1, 2, 18, 1, 1] => QQFieldElem[8//5, -14//5, -36//5, -28//5],
	[15, 22, 18, 11, 16, 1, 1, 20, 1, 1] => QQFieldElem[-1, 1, 3, 3],
	[15, 22, 18, 11, 22, 1, 1, 18, 1, 1] => QQFieldElem[17//5, 19//5, 6//5, -7//5],
	[15, 22, 18, 11, 22, 1, 2, 20, 2, 1] => QQFieldElem[1, 1, 1, 0],
	[15, 22, 18, 11, 22, 1, 1, 20, 2, 1] => QQFieldElem[1//2, 0, -1//2, -1//2],
	[15, 22, 18, 11, 14, 1, 1, 20, 1, 1] => QQFieldElem[-1, 0, 0, 0],
	[15, 22, 18, 11, 22, 1, 2, 17, 1, 1] => QQFieldElem[-5//11, 2//11, 1//11, -2//11],
	[15, 22, 18, 11, 22, 1, 1, 17, 1, 1] => QQFieldElem[1//22, 2//11, 1//11, -2//11],
	[15, 22, 18, 11, 21, 1, 1, 18, 1, 1] => QQFieldElem[-5, 3, 13, 11],
	[15, 22, 18, 11, 21, 1, 2, 20, 2, 1] => QQFieldElem[1//2, 1//2, -1//2, -1//2],
	[15, 22, 18, 11, 21, 1, 2, 18, 1, 1] => QQFieldElem[8//5, -14//5, -36//5, -28//5],
	[15, 22, 18, 11, 16, 1, 1, 18, 1, 1] => QQFieldElem[1, 3, 3, 1],
	[15, 22, 18, 11, 21, 1, 2, 17, 1, 1] => QQFieldElem[3//11, 12//11, 17//11, 10//11],
	[15, 22, 18, 11, 21, 1, 1, 20, 2, 1] => QQFieldElem[0, 0, -1//2, 1//2],
	[15, 22, 18, 11, 21, 1, 1, 17, 1, 1] => QQFieldElem[1//22, -20//11, -32//11, -37//22],
	[15, 22, 18, 11, 16, 1, 1, 20, 2, 1] => QQFieldElem[4//5, -2//5, -8//5, -4//5],
	[15, 22, 18, 11, 14, 1, 1, 18, 1, 1] => QQFieldElem[-1, 0, 2, 2],
	[15, 22, 18, 11, 22, 1, 1, 11, 1, 1] => QQFieldElem[1//2, 0, -1, -1],
	[15, 22, 18, 11, 16, 1, 1, 17, 1, 1] => QQFieldElem[3//22, 6//11, 3//11, -1//22],
	[15, 22, 18, 11, 14, 1, 1, 20, 2, 1] => QQFieldElem[1, 1, 1, 1],
	[15, 22, 18, 11, 21, 1, 2, 11, 1, 1] => QQFieldElem[1, 2, 1, 0],
	[15, 22, 18, 11, 22, 1, 2, 11, 1, 1] => QQFieldElem[1, 2, 1, 0],
	[15, 22, 18, 11, 21, 1, 1, 11, 1, 1] => QQFieldElem[-5//2, -4, -3, -1//2],
	[15, 22, 18, 11, 14, 1, 1, 17, 1, 1] => QQFieldElem[-5//22, 1//11, -5//11, -1//11],
	[15, 22, 18, 11, 16, 1, 1, 11, 1, 1] => QQFieldElem[1//2, 0, 0, -1//2],
	[15, 22, 18, 11, 14, 1, 1, 11, 1, 1] => QQFieldElem[-1//2, -1, -1, 0],
	[15, 22, 18, 11, 22, 1, 2, 19, 1, 1] => QQFieldElem[1, -1, -3, -2],
	[15, 22, 18, 11, 22, 1, 1, 19, 1, 1] => QQFieldElem[3//2, 2, 1//2, -1//2],
	[15, 22, 18, 11, 21, 1, 2, 19, 1, 1] => QQFieldElem[2//5, -6//5, -14//5, -12//5],
	[15, 22, 18, 11, 21, 1, 1, 19, 1, 1] => QQFieldElem[-3//2, 3//2, 9//2, 9//2],
	[15, 22, 18, 11, 16, 1, 1, 19, 1, 1] => QQFieldElem[1//2, 3//2, 3//2, 1//2])