Dict(
	[15, 21, 18, 20, 22, 2, 2, 11, 1, 1] => QQFieldElem[-2//5, -4//5, -6//5, 2//5],
	[15, 21, 18, 20, 22, 1, 2, 7, 1, 1] => QQFieldElem[5//4, 2, 1, -1//2],
	[15, 21, 18, 20, 21, 1, 2, 11, 1, 1] => QQFieldElem[8//5, 4, 16//5, 6//5],
	[15, 21, 18, 20, 16, 1, 1, 11, 1, 1] => QQFieldElem[-4//5, 4//5, 4//5, -4//5],
	[15, 21, 18, 20, 22, 1, 1, 5, 1, 1] => QQFieldElem[-3//22, 5//11, 8//11, 6//11],
	[15, 21, 18, 20, 22, 2, 1, 7, 1, 1] => QQFieldElem[0, -1, -2, -1],
	[15, 21, 18, 20, 21, 1, 1, 7, 1, 1] => QQFieldElem[0, -3, -5, -3],
	[15, 21, 18, 20, 21, 2, 1, 11, 1, 1] => QQFieldElem[-16//5, -24//5, -24//5, -16//5],
	[15, 21, 18, 20, 22, 2, 2, 5, 1, 1] => QQFieldElem[3//22, 1//22, 3//11, 5//11],
	[15, 21, 18, 20, 21, 1, 2, 5, 1, 1] => QQFieldElem[16//11, 9//11, -12//11, -20//11],
	[15, 21, 18, 20, 22, 1, 2, 12, 1, 1] => QQFieldElem[0, 1//2, 1//2, -1],
	[15, 21, 18, 20, 21, 2, 2, 7, 1, 1] => QQFieldElem[0, 0, 0, 0],
	[15, 21, 18, 20, 22, 1, 1, 19, 1, 1] => QQFieldElem[-8//5, 14//5, 36//5, 28//5],
	[15, 21, 18, 20, 14, 1, 1, 7, 1, 1] => QQFieldElem[0, -4, -4, -4],
	[15, 21, 18, 20, 22, 2, 2, 19, 1, 1] => QQFieldElem[4//5, 11//5, 11//5, 4//5],
	[15, 21, 18, 20, 21, 1, 2, 19, 1, 1] => QQFieldElem[-16//5, -22//5, -8//5, 6//5],
	[15, 21, 18, 20, 21, 2, 1, 5, 1, 1] => QQFieldElem[-12//11, -4//11, -2//11, 4//11],
	[15, 21, 18, 20, 22, 2, 1, 12, 1, 1] => QQFieldElem[-4//5, -8//5, -2//5, 4//5],
	[15, 21, 18, 20, 21, 1, 1, 12, 1, 1] => QQFieldElem[4//5, -2//5, -8//5, -4//5],
	[15, 21, 18, 20, 16, 1, 1, 5, 1, 1] => QQFieldElem[-2//11, 3//11, -4//11, -3//11],
	[15, 21, 18, 20, 16, 1, 1, 19, 1, 1] => QQFieldElem[-8, -20, -20, -8],
	[15, 21, 18, 20, 21, 2, 2, 12, 1, 1] => QQFieldElem[-2//5, 1//5, -1//5, 2//5],
	[15, 21, 18, 20, 21, 2, 1, 19, 1, 1] => QQFieldElem[-8//5, -8//5, 0, 6//5],
	[15, 21, 18, 20, 14, 1, 1, 12, 1, 1] => QQFieldElem[-16//5, -32//5, -8//5, 16//5],
	[15, 21, 18, 20, 22, 1, 2, 20, 1, 1] => QQFieldElem[-11//10, 9//10, 3, 11//5],
	[15, 21, 18, 20, 22, 2, 1, 20, 1, 1] => QQFieldElem[-14//5, -18//5, -2//5, 4//5],
	[15, 21, 18, 20, 21, 1, 1, 20, 1, 1] => QQFieldElem[-14//5, -6, -28//5, -8//5],
	[15, 21, 18, 20, 21, 2, 2, 20, 1, 1] => QQFieldElem[4//5, 16//5, 16//5, 4//5],
	[15, 21, 18, 20, 22, 1, 2, 20, 2, 1] => QQFieldElem[0, 0, 0, 0],
	[15, 21, 18, 20, 22, 1, 1, 18, 1, 1] => QQFieldElem[-1//2, -3//2, -1//2, 0],
	[15, 21, 18, 20, 14, 1, 1, 20, 1, 1] => QQFieldElem[8, 16, 16, 8],
	[15, 21, 18, 20, 22, 2, 2, 18, 1, 1] => QQFieldElem[0, -1//2, 0, 1//2],
	[15, 21, 18, 20, 22, 1, 1, 17, 1, 1] => QQFieldElem[0, 0, -1, 0],
	[15, 21, 18, 20, 22, 1, 2, 19, 1, 2] => QQFieldElem[0, -1//2, -1//2, 0],
	[15, 21, 18, 20, 21, 1, 2, 18, 1, 1] => QQFieldElem[3//2, 7//2, 3, 1],
	[15, 21, 18, 20, 22, 2, 1, 20, 2, 1] => QQFieldElem[-1//5, -4//5, -4//5, -1//5],
	[15, 21, 18, 20, 16, 1, 1, 18, 1, 1] => QQFieldElem[0, 1, 1, 0],
	[15, 21, 18, 20, 21, 1, 2, 17, 1, 1] => QQFieldElem[0, 0, 0, 0],
	[15, 21, 18, 20, 21, 1, 1, 20, 2, 1] => QQFieldElem[-3//2, -3//2, 0, 1//2],
	[15, 21, 18, 20, 21, 2, 1, 18, 1, 1] => QQFieldElem[-2, -2, -2, 0],
	[15, 21, 18, 20, 21, 1, 1, 19, 1, 2] => QQFieldElem[3, 3, 0, -2],
	[15, 21, 18, 20, 21, 2, 2, 20, 2, 1] => QQFieldElem[4//5, 9//5, 1, 2//5],
	[15, 21, 18, 20, 22, 2, 1, 19, 1, 2] => QQFieldElem[0, 8//5, 14//5, 8//5],
	[15, 21, 18, 20, 16, 1, 1, 17, 1, 1] => QQFieldElem[0, 0, 0, 0],
	[15, 21, 18, 20, 14, 1, 1, 20, 2, 1] => QQFieldElem[-12//5, -28//5, -28//5, -12//5],
	[15, 21, 18, 20, 21, 2, 1, 17, 1, 1] => QQFieldElem[-4//5, -8//5, 8//5, 4//5],
	[15, 21, 18, 20, 21, 2, 2, 19, 1, 2] => QQFieldElem[-8//5, -16//5, -14//5, -2//5],
	[15, 21, 18, 20, 22, 2, 2, 17, 1, 1] => QQFieldElem[-1, 0, 0, 0],
	[15, 21, 18, 20, 14, 1, 1, 19, 1, 2] => QQFieldElem[4, 12, 12, 4],
	[15, 21, 18, 20, 22, 1, 2, 11, 1, 1] => QQFieldElem[1, 1, 0, 0],
	[15, 21, 18, 20, 22, 2, 1, 11, 1, 1] => QQFieldElem[-8//5, -12//5, -12//5, -8//5],
	[15, 21, 18, 20, 22, 1, 1, 7, 1, 1] => QQFieldElem[-1//2, -1, -1, 0],
	[15, 21, 18, 20, 21, 1, 1, 11, 1, 1] => QQFieldElem[-8//5, -12//5, -12//5, -8//5],
	[15, 21, 18, 20, 22, 1, 2, 5, 1, 1] => QQFieldElem[-1//44, -1//11, -6//11, 1//11],
	[15, 21, 18, 20, 21, 2, 2, 11, 1, 1] => QQFieldElem[-4//5, -4//5, 0, -2//5],
	[15, 21, 18, 20, 21, 1, 2, 7, 1, 1] => QQFieldElem[0, 3, 4, 2],
	[15, 21, 18, 20, 22, 2, 2, 7, 1, 1] => QQFieldElem[-1//2, -3//2, -2, -1],
	[15, 21, 18, 20, 14, 1, 1, 11, 1, 1] => QQFieldElem[-32//5, -48//5, -48//5, -32//5],
	[15, 21, 18, 20, 22, 1, 2, 19, 1, 1] => QQFieldElem[18//5, -11//5, -47//5, -8],
	[15, 21, 18, 20, 22, 2, 1, 5, 1, 1] => QQFieldElem[-10//11, -7//11, 2//11, 7//11],
	[15, 21, 18, 20, 21, 1, 1, 5, 1, 1] => QQFieldElem[-4//11, -5//11, 3//11, 5//11],
	[15, 21, 18, 20, 21, 2, 1, 7, 1, 1] => QQFieldElem[0, -4, -6, -4],
	[15, 21, 18, 20, 22, 1, 1, 12, 1, 1] => QQFieldElem[0, 0, 0, 1],
	[15, 21, 18, 20, 16, 1, 1, 7, 1, 1] => QQFieldElem[0, 1, 2, 1],
	[15, 21, 18, 20, 21, 2, 2, 5, 1, 1] => QQFieldElem[0, 0, 0, 0],
	[15, 21, 18, 20, 22, 2, 2, 12, 1, 1] => QQFieldElem[-1, -1, -1, -1],
	[15, 21, 18, 20, 22, 2, 1, 19, 1, 1] => QQFieldElem[28//5, 32//5, 12//5, -12//5],
	[15, 21, 18, 20, 21, 1, 1, 19, 1, 1] => QQFieldElem[36//5, 16, 72//5, 22//5],
	[15, 21, 18, 20, 14, 1, 1, 5, 1, 1] => QQFieldElem[-16//11, -20//11, 12//11, 20//11],
	[15, 21, 18, 20, 21, 1, 2, 12, 1, 1] => QQFieldElem[8//5, 11//5, 9//5, 2//5],
	[15, 21, 18, 20, 21, 2, 2, 19, 1, 1] => QQFieldElem[-16//5, -44//5, -44//5, -16//5],
	[15, 21, 18, 20, 16, 1, 1, 12, 1, 1] => QQFieldElem[4//5, 8//5, 2//5, 6//5],
	[15, 21, 18, 20, 21, 2, 1, 12, 1, 1] => QQFieldElem[-4//5, -8//5, -12//5, 4//5],
	[15, 21, 18, 20, 14, 1, 1, 19, 1, 1] => QQFieldElem[-64//5, -176//5, -176//5, -64//5],
	[15, 21, 18, 20, 22, 1, 1, 20, 1, 1] => QQFieldElem[3//5, -7//5, -3, -11//5],
	[15, 21, 18, 20, 22, 2, 2, 20, 1, 1] => QQFieldElem[-1//2, -9//10, -6//5, -2//5],
	[15, 21, 18, 20, 21, 1, 2, 20, 1, 1] => QQFieldElem[2, 2, 1, 0],
	[15, 21, 18, 20, 22, 1, 2, 18, 1, 1] => QQFieldElem[1, 0, -1//2, -1//2],
	[15, 21, 18, 20, 16, 1, 1, 20, 1, 1] => QQFieldElem[16//5, 44//5, 44//5, 16//5],
	[15, 21, 18, 20, 21, 2, 1, 20, 1, 1] => QQFieldElem[2//5, 2//5, 0, -4//5],
	[15, 21, 18, 20, 22, 1, 1, 20, 2, 1] => QQFieldElem[-1//2, -3//2, -3//2, -1],
	[15, 21, 18, 20, 22, 1, 2, 17, 1, 1] => QQFieldElem[-1//2, -1//2, -1, -1//2],
	[15, 21, 18, 20, 22, 2, 1, 18, 1, 1] => QQFieldElem[-1, -2, -2, -1],
	[15, 21, 18, 20, 22, 2, 2, 20, 2, 1] => QQFieldElem[0, -1//2, -1, -1//2],
	[15, 21, 18, 20, 22, 1, 1, 19, 1, 2] => QQFieldElem[4//5, 18//5, 22//5, 11//5],
	[15, 21, 18, 20, 21, 1, 1, 18, 1, 1] => QQFieldElem[-1, -3, -3, -1],
	[15, 21, 18, 20, 21, 1, 2, 20, 2, 1] => QQFieldElem[-8//5, -16//5, -24//5, -12//5],
	[15, 21, 18, 20, 22, 2, 2, 19, 1, 2] => QQFieldElem[1//5, 7//5, 13//5, 9//5],
	[15, 21, 18, 20, 21, 2, 2, 18, 1, 1] => QQFieldElem[1//2, 1//2, 0, 0],
	[15, 21, 18, 20, 21, 1, 1, 17, 1, 1] => QQFieldElem[0, 0, 0, 0],
	[15, 21, 18, 20, 16, 1, 1, 20, 2, 1] => QQFieldElem[4, 8, 8, 4],
	[15, 21, 18, 20, 21, 1, 2, 19, 1, 2] => QQFieldElem[0, 32//5, 56//5, 32//5],
	[15, 21, 18, 20, 14, 1, 1, 18, 1, 1] => QQFieldElem[0, -8, -8, -4],
	[15, 21, 18, 20, 22, 2, 1, 17, 1, 1] => QQFieldElem[0, 0, 0, 0],
	[15, 21, 18, 20, 21, 2, 2, 17, 1, 1] => QQFieldElem[0, 0, 0, 0],
	[15, 21, 18, 20, 21, 2, 1, 20, 2, 1] => QQFieldElem[1, 2, 2, 0],
	[15, 21, 18, 20, 21, 2, 1, 19, 1, 2] => QQFieldElem[-14//5, -28//5, -22//5, -6//5],
	[15, 21, 18, 20, 16, 1, 1, 19, 1, 2] => QQFieldElem[-32//5, -88//5, -88//5, -32//5],
	[15, 21, 18, 20, 14, 1, 1, 17, 1, 1] => QQFieldElem[8//5, 16//5, -16//5, -8//5],
	[15, 21, 18, 20, 22, 1, 1, 11, 1, 1] => QQFieldElem[-8//5, -6//5, -4//5, -2//5])