Dict(
	[16, 3, 22, 19, 22, 1, 1, 14, 1, 1] => QQFieldElem[1//4, 1//4, 1//4, 1//4],
	[16, 3, 22, 19, 22, 1, 1, 22, 1, 2] => QQFieldElem[1//40, -3//40, -1//20, -1//40],
	[16, 3, 22, 19, 22, 2, 1, 14, 1, 1] => QQFieldElem[-1//4, 0, 0, 0],
	[16, 3, 22, 19, 21, 1, 1, 14, 1, 1] => QQFieldElem[-1//4, 0, 0, 0],
	[16, 3, 22, 19, 22, 2, 1, 22, 1, 2] => QQFieldElem[-2//5, -11//20, -9//20, -1//10],
	[16, 3, 22, 19, 21, 1, 1, 22, 1, 2] => QQFieldElem[3//20, 3//10, 1//5, 1//10],
	[16, 3, 22, 19, 21, 2, 1, 14, 1, 1] => QQFieldElem[0, 0, 0, 0],
	[16, 3, 22, 19, 21, 2, 1, 22, 1, 2] => QQFieldElem[1//10, -3//10, -1//5, -1//10],
	[16, 3, 22, 19, 22, 1, 1, 22, 1, 1] => QQFieldElem[0, 0, 0, 0],
	[16, 3, 22, 19, 22, 2, 1, 22, 1, 1] => QQFieldElem[1//4, 1//2, 1//2, 0],
	[16, 3, 22, 19, 21, 1, 1, 22, 1, 1] => QQFieldElem[-1//4, -1//2, -1//2, 0],
	[16, 3, 22, 19, 22, 1, 1, 14, 1, 2] => QQFieldElem[-1//8, -1//8, -1//4, -1//8],
	[16, 3, 22, 19, 21, 2, 1, 22, 1, 1] => QQFieldElem[0, 0, 0, 0],
	[16, 3, 22, 19, 22, 2, 1, 14, 1, 2] => QQFieldElem[0, 1//4, -1//4, 0],
	[16, 3, 22, 19, 21, 1, 1, 14, 1, 2] => QQFieldElem[1//4, 0, 0, 0],
	[16, 3, 22, 19, 21, 2, 1, 14, 1, 2] => QQFieldElem[-1//2, -1//2, 0, -1//2])