Dict(
	[16, 16, 11, 11, 15, 1, 1, 18, 1, 1] => QQFieldElem[1, 0, 0, 0],
	[16, 16, 11, 11, 15, 1, 1, 17, 1, 1] => QQFieldElem[1, 0, 0, 0],
	[16, 16, 11, 11, 22, 1, 1, 18, 1, 1] => QQFieldElem[-1//10, 3//10, -3//10, 1//10],
	[16, 16, 11, 11, 13, 1, 1, 7, 1, 1] => QQFieldElem[2, 0, 0, 0],
	[16, 16, 11, 11, 13, 1, 1, 1, 1, 1] => QQFieldElem[2, 0, 0, 0],
	[16, 16, 11, 11, 22, 1, 1, 17, 1, 1] => QQFieldElem[1//10, -3//10, 3//10, -1//10],
	[16, 16, 11, 11, 21, 1, 1, 18, 1, 1] => QQFieldElem[1//2, 1//2, 1//2, 1//2],
	[16, 16, 11, 11, 21, 1, 1, 17, 1, 1] => QQFieldElem[-1//2, -1//2, -1//2, -1//2],
	[16, 16, 11, 11, 15, 1, 1, 7, 1, 1] => QQFieldElem[0, 0, -1, -1],
	[16, 16, 11, 11, 15, 1, 1, 1, 1, 1] => QQFieldElem[0, 0, -1, -1],
	[16, 16, 11, 11, 22, 1, 1, 7, 1, 1] => QQFieldElem[-3//10, -1//10, 1//10, 3//10],
	[16, 16, 11, 11, 22, 1, 1, 1, 1, 1] => QQFieldElem[3//10, 1//10, -1//10, -3//10],
	[16, 16, 11, 11, 21, 1, 1, 7, 1, 1] => QQFieldElem[-1//2, -1//2, -1//2, -1//2],
	[16, 16, 11, 11, 21, 1, 1, 1, 1, 1] => QQFieldElem[1//2, 1//2, 1//2, 1//2],
	[16, 16, 11, 11, 13, 1, 1, 18, 1, 1] => QQFieldElem[4, 0, 2, 2],
	[16, 16, 11, 11, 13, 1, 1, 17, 1, 1] => QQFieldElem[4, 0, 2, 2])