Dict(
	[16, 18, 21, 18, 22, 1, 2, 14, 1, 1] => QQFieldElem[15//2, 0, -12, -12],
	[16, 18, 21, 18, 22, 1, 2, 13, 1, 1] => QQFieldElem[69//11, -9//22, -241//22, -233//22],
	[16, 18, 21, 18, 13, 1, 1, 21, 1, 1] => QQFieldElem[3, 8, 7, 2],
	[16, 18, 21, 18, 21, 1, 1, 14, 1, 1] => QQFieldElem[-1//4, -1//4, 1//4, 1//4],
	[16, 18, 21, 18, 13, 1, 1, 22, 1, 1] => QQFieldElem[-3, -6, -3, 0],
	[16, 18, 21, 18, 21, 1, 1, 13, 1, 1] => QQFieldElem[-23//44, -15//44, 9//44, 1//11],
	[16, 18, 21, 18, 14, 1, 1, 14, 1, 1] => QQFieldElem[-81//22, -9//22, 57//11, 111//22],
	[16, 18, 21, 18, 14, 1, 1, 13, 1, 1] => QQFieldElem[-3, 0, 4, 4],
	[16, 18, 21, 18, 22, 1, 1, 21, 1, 1] => QQFieldElem[-13//4, -3, 3//4, 3],
	[16, 18, 21, 18, 22, 1, 1, 22, 1, 1] => QQFieldElem[-13//44, -2//11, -15//44, -7//22],
	[16, 18, 21, 18, 21, 1, 2, 21, 1, 1] => QQFieldElem[-10, 1, 17, 17],
	[16, 18, 21, 18, 10, 1, 1, 21, 1, 2] => QQFieldElem[6, 14, 12, 4],
	[16, 18, 21, 18, 16, 1, 1, 21, 1, 1] => QQFieldElem[-12, -10, 4, 10],
	[16, 18, 21, 18, 21, 1, 2, 22, 1, 1] => QQFieldElem[14//11, 1//11, -27//11, -23//11],
	[16, 18, 21, 18, 10, 1, 1, 22, 1, 2] => QQFieldElem[-46//11, -74//11, -48//11, 8//11],
	[16, 18, 21, 18, 16, 1, 1, 22, 1, 1] => QQFieldElem[62//11, -5//11, -107//11, -105//11],
	[16, 18, 21, 18, 22, 1, 2, 21, 1, 2] => QQFieldElem[13, -2, -26, -25],
	[16, 18, 21, 18, 22, 1, 2, 22, 1, 2] => QQFieldElem[-24//11, 3//11, 40//11, 41//11],
	[16, 18, 21, 18, 21, 1, 1, 21, 1, 2] => QQFieldElem[-13//2, 0, 19//2, 19//2],
	[16, 18, 21, 18, 21, 1, 1, 22, 1, 2] => QQFieldElem[3//2, 0, -3//2, -3//2],
	[16, 18, 21, 18, 10, 1, 1, 10, 1, 1] => QQFieldElem[24, 32, 12, -8],
	[16, 18, 21, 18, 13, 1, 1, 16, 1, 1] => QQFieldElem[8, 12, 6, -2],
	[16, 18, 21, 18, 14, 1, 1, 21, 1, 2] => QQFieldElem[-1, -1, 0, 1],
	[16, 18, 21, 18, 14, 1, 1, 22, 1, 2] => QQFieldElem[39//55, 13//55, 12//55, 31//55],
	[16, 18, 21, 18, 22, 1, 1, 16, 1, 1] => QQFieldElem[-25//4, 15//4, 65//4, 55//4],
	[16, 18, 21, 18, 21, 1, 2, 16, 1, 1] => QQFieldElem[-1//2, 0, 1, 1],
	[16, 18, 21, 18, 22, 1, 2, 10, 1, 1] => QQFieldElem[-18, -29//2, 11//2, 29//2],
	[16, 18, 21, 18, 16, 1, 1, 16, 1, 1] => QQFieldElem[-1//2, -5//2, -3, -3//2],
	[16, 18, 21, 18, 13, 1, 1, 14, 1, 1] => QQFieldElem[-4, 0, 6, 6],
	[16, 18, 21, 18, 21, 1, 1, 10, 1, 1] => QQFieldElem[3//4, 3//4, 1//4, -1//2],
	[16, 18, 21, 18, 13, 1, 1, 13, 1, 1] => QQFieldElem[-38//11, 2//11, 67//11, 64//11],
	[16, 18, 21, 18, 14, 1, 1, 10, 1, 1] => QQFieldElem[17//2, 7, -2, -6],
	[16, 18, 21, 18, 10, 1, 1, 21, 1, 1] => QQFieldElem[16//5, 112//5, 128//5, 64//5],
	[16, 18, 21, 18, 10, 1, 1, 22, 1, 1] => QQFieldElem[-80//11, -144//11, -160//11, -32//11],
	[16, 18, 21, 18, 22, 1, 1, 14, 1, 1] => QQFieldElem[-33//4, -87//4, -87//4, -33//4],
	[16, 18, 21, 18, 21, 1, 2, 14, 1, 1] => QQFieldElem[-3//22, -2//11, -4//11, -1//11],
	[16, 18, 21, 18, 22, 1, 1, 13, 1, 1] => QQFieldElem[-335//44, -845//44, -835//44, -155//22],
	[16, 18, 21, 18, 16, 1, 1, 14, 1, 1] => QQFieldElem[7//22, 13//22, 2//11, 1//22],
	[16, 18, 21, 18, 21, 1, 2, 13, 1, 1] => QQFieldElem[1//11, -3//22, -7//22, 3//22],
	[16, 18, 21, 18, 16, 1, 1, 13, 1, 1] => QQFieldElem[1//11, 4//11, 2//11, -4//11],
	[16, 18, 21, 18, 22, 1, 2, 21, 1, 1] => QQFieldElem[-1, -3, -4, -2],
	[16, 18, 21, 18, 22, 1, 2, 22, 1, 1] => QQFieldElem[0, 0, 0, 0],
	[16, 18, 21, 18, 21, 1, 1, 21, 1, 1] => QQFieldElem[-32, -24, 8, 24],
	[16, 18, 21, 18, 21, 1, 1, 22, 1, 1] => QQFieldElem[32//11, 40//11, -24//11, -40//11],
	[16, 18, 21, 18, 14, 1, 1, 21, 1, 1] => QQFieldElem[1, 3, 4, 2],
	[16, 18, 21, 18, 13, 1, 1, 21, 1, 2] => QQFieldElem[3//5, -4//5, -11//5, -8//5],
	[16, 18, 21, 18, 14, 1, 1, 22, 1, 1] => QQFieldElem[-7//11, -6//11, -3//11, -5//11],
	[16, 18, 21, 18, 13, 1, 1, 22, 1, 2] => QQFieldElem[-5//11, 2//11, 1//11, -2//11],
	[16, 18, 21, 18, 22, 1, 1, 21, 1, 2] => QQFieldElem[-69//4, -44, -173//4, -31//2],
	[16, 18, 21, 18, 10, 1, 1, 16, 1, 1] => QQFieldElem[16, 32, 24, 8],
	[16, 18, 21, 18, 22, 1, 1, 22, 1, 2] => QQFieldElem[135//44, 80//11, 325//44, 30//11],
	[16, 18, 21, 18, 21, 1, 2, 21, 1, 2] => QQFieldElem[7//2, 5, 5//2, -1//2],
	[16, 18, 21, 18, 21, 1, 2, 22, 1, 2] => QQFieldElem[-7//22, -3//11, -3//22, -5//22],
	[16, 18, 21, 18, 16, 1, 1, 21, 1, 2] => QQFieldElem[-9, -19, -18, -5],
	[16, 18, 21, 18, 16, 1, 1, 22, 1, 2] => QQFieldElem[87//11, 139//11, 86//11, -7//11],
	[16, 18, 21, 18, 13, 1, 1, 10, 1, 1] => QQFieldElem[10, 8, -3, -8],
	[16, 18, 21, 18, 22, 1, 2, 16, 1, 1] => QQFieldElem[-25//2, -18, -9, 2],
	[16, 18, 21, 18, 10, 1, 1, 14, 1, 1] => QQFieldElem[-128//11, -112//11, 40//11, 120//11],
	[16, 18, 21, 18, 21, 1, 1, 16, 1, 1] => QQFieldElem[7//4, 13//4, 9//4, 1//4],
	[16, 18, 21, 18, 10, 1, 1, 13, 1, 1] => QQFieldElem[-112//11, -96//11, 40//11, 96//11],
	[16, 18, 21, 18, 22, 1, 1, 10, 1, 1] => QQFieldElem[15//4, 105//4, 145//4, 20],
	[16, 18, 21, 18, 14, 1, 1, 16, 1, 1] => QQFieldElem[11//2, 17//2, 4, -1//2],
	[16, 18, 21, 18, 21, 1, 2, 10, 1, 1] => QQFieldElem[0, 1//2, 1//2, 1//2],
	[16, 18, 21, 18, 16, 1, 1, 10, 1, 1] => QQFieldElem[-1//2, -1, -1, 0])