Dict(
	[17, 20, 17, 12, 20, 1, 1, 19, 2, 1] => QQFieldElem[0, 1//2, 0, -1//2],
	[17, 20, 17, 12, 12, 1, 1, 19, 2, 1] => QQFieldElem[-3, -6, -5, -1],
	[17, 20, 17, 12, 17, 1, 1, 18, 1, 1] => QQFieldElem[3//10, 3//5, 2//5, 1//5],
	[17, 20, 17, 12, 12, 1, 1, 20, 1, 1] => QQFieldElem[-14, -22, -14, 0],
	[17, 20, 17, 12, 20, 1, 1, 20, 1, 1] => QQFieldElem[-3, 0, 4, 4],
	[17, 20, 17, 12, 18, 1, 1, 19, 1, 1] => QQFieldElem[0, 0, 0, 0],
	[17, 20, 17, 12, 18, 1, 1, 12, 1, 1] => QQFieldElem[0, 0, 0, -1],
	[17, 20, 17, 12, 19, 1, 2, 19, 1, 1] => QQFieldElem[1, 3//2, 1, 0],
	[17, 20, 17, 12, 19, 1, 2, 12, 1, 1] => QQFieldElem[-2//5, -4//5, 4//5, 2//5],
	[17, 20, 17, 12, 17, 1, 1, 17, 1, 1] => QQFieldElem[1//2, 0, -1, -1],
	[17, 20, 17, 12, 19, 1, 1, 12, 1, 1] => QQFieldElem[0, 1, 1, 0],
	[17, 20, 17, 12, 19, 1, 1, 19, 1, 1] => QQFieldElem[1, 3, 4, 2],
	[17, 20, 17, 12, 20, 1, 1, 18, 1, 1] => QQFieldElem[1//2, 1//2, 1//2, 0],
	[17, 20, 17, 12, 12, 1, 1, 18, 1, 1] => QQFieldElem[0, 1, 2, 1],
	[17, 20, 17, 12, 20, 1, 1, 17, 1, 1] => QQFieldElem[-1//2, -1//2, -1//2, -1],
	[17, 20, 17, 12, 18, 1, 1, 19, 2, 1] => QQFieldElem[0, 0, 0, 0],
	[17, 20, 17, 12, 12, 1, 1, 17, 1, 1] => QQFieldElem[0, 1, 0, -1],
	[17, 20, 17, 12, 19, 1, 2, 19, 2, 1] => QQFieldElem[-1, -3//2, -1//2, 1//2],
	[17, 20, 17, 12, 19, 1, 1, 19, 2, 1] => QQFieldElem[0, 1//2, 1, 1],
	[17, 20, 17, 12, 18, 1, 1, 20, 1, 1] => QQFieldElem[-3, -7, -7, -3],
	[17, 20, 17, 12, 19, 1, 2, 20, 1, 1] => QQFieldElem[4, 8, 6, 2],
	[17, 20, 17, 12, 19, 1, 1, 20, 1, 1] => QQFieldElem[3, 0, -4, -4],
	[17, 20, 17, 12, 17, 1, 1, 19, 1, 1] => QQFieldElem[-1, 0, 3, 3],
	[17, 20, 17, 12, 18, 1, 1, 18, 1, 1] => QQFieldElem[-1//2, 0, 1, 1],
	[17, 20, 17, 12, 17, 1, 1, 12, 1, 1] => QQFieldElem[-2//5, -4//5, -6//5, -3//5],
	[17, 20, 17, 12, 19, 1, 2, 18, 1, 1] => QQFieldElem[2//5, -1//5, -4//5, -2//5],
	[17, 20, 17, 12, 19, 1, 1, 18, 1, 1] => QQFieldElem[-1//2, -1, -1//2, -1//2],
	[17, 20, 17, 12, 18, 1, 1, 17, 1, 1] => QQFieldElem[1//2, 1, 0, 1],
	[17, 20, 17, 12, 19, 1, 2, 17, 1, 1] => QQFieldElem[0, -1, 0, 0],
	[17, 20, 17, 12, 20, 1, 1, 19, 1, 1] => QQFieldElem[0, -1, -2, -1],
	[17, 20, 17, 12, 12, 1, 1, 19, 1, 1] => QQFieldElem[0, 0, 0, 0],
	[17, 20, 17, 12, 12, 1, 1, 12, 1, 1] => QQFieldElem[2, 0, -2, -2],
	[17, 20, 17, 12, 17, 1, 1, 19, 2, 1] => QQFieldElem[3, 3, 0, -1],
	[17, 20, 17, 12, 19, 1, 1, 17, 1, 1] => QQFieldElem[1//2, 0, 3//2, 1//2],
	[17, 20, 17, 12, 20, 1, 1, 12, 1, 1] => QQFieldElem[-1, -1, -1, -1],
	[17, 20, 17, 12, 17, 1, 1, 20, 1, 1] => QQFieldElem[-5, -3, 3, 5])