Dict(
	[17, 13, 21, 18, 7, 1, 1, 13, 1, 1] => QQFieldElem[3, 1, -4, -5],
	[17, 13, 21, 18, 20, 1, 1, 10, 1, 1] => QQFieldElem[11//2, 69//4, 19, 33//4],
	[17, 13, 21, 18, 12, 1, 1, 10, 1, 1] => QQFieldElem[-1, -1, 0, 1//2],
	[17, 13, 21, 18, 19, 1, 1, 15, 1, 1] => QQFieldElem[-2//5, -4//5, -1//5, 2//5],
	[17, 13, 21, 18, 11, 1, 1, 15, 1, 1] => QQFieldElem[-86//5, -72//5, 22//5, 66//5],
	[17, 13, 21, 18, 4, 1, 1, 21, 1, 1] => QQFieldElem[-152//55, -144//55, 64//55, 192//55],
	[17, 13, 21, 18, 4, 1, 1, 22, 1, 1] => QQFieldElem[-32//5, -64//5, -96//5, -48//5],
	[17, 13, 21, 18, 20, 1, 2, 14, 1, 1] => QQFieldElem[-5//2, 2, 7, 13//2],
	[17, 13, 21, 18, 20, 1, 2, 13, 1, 1] => QQFieldElem[-15//2, -5//2, 8, 19//2],
	[17, 13, 21, 18, 18, 1, 1, 21, 1, 2] => QQFieldElem[-9//2, -3//2, 4, 9//2],
	[17, 13, 21, 18, 20, 1, 1, 21, 1, 1] => QQFieldElem[-1//2, 1//4, 3//4, 3//4],
	[17, 13, 21, 18, 12, 1, 1, 21, 1, 1] => QQFieldElem[-11//4, -29//4, -29//4, -11//4],
	[17, 13, 21, 18, 18, 1, 1, 22, 1, 2] => QQFieldElem[-1//2, 3, 6, 4],
	[17, 13, 21, 18, 19, 1, 1, 14, 1, 1] => QQFieldElem[1//10, 1//5, -1//5, -1//10],
	[17, 13, 21, 18, 20, 1, 1, 22, 1, 1] => QQFieldElem[-1//4, 1//2, 3//4, 1//4],
	[17, 13, 21, 18, 7, 1, 1, 21, 1, 2] => QQFieldElem[-2//55, 1//55, -7//110, -21//110],
	[17, 13, 21, 18, 11, 1, 1, 14, 1, 1] => QQFieldElem[8//5, -4//5, -21//5, -18//5],
	[17, 13, 21, 18, 12, 1, 1, 22, 1, 1] => QQFieldElem[9, 7, -5//2, -7],
	[17, 13, 21, 18, 19, 1, 1, 13, 1, 1] => QQFieldElem[1//2, 1//2, 0, -1//2],
	[17, 13, 21, 18, 7, 1, 1, 22, 1, 2] => QQFieldElem[3//5, 1//5, 4//5, 2//5],
	[17, 13, 21, 18, 11, 1, 1, 13, 1, 1] => QQFieldElem[5, 2, -5, -6],
	[17, 13, 21, 18, 4, 1, 1, 15, 1, 1] => QQFieldElem[-224//5, -288//5, -112//5, 64//5],
	[17, 13, 21, 18, 20, 1, 2, 21, 1, 2] => QQFieldElem[21//2, 7//2, -11, -13],
	[17, 13, 21, 18, 20, 1, 2, 22, 1, 2] => QQFieldElem[1, -6, -13, -19//2],
	[17, 13, 21, 18, 18, 1, 1, 10, 1, 1] => QQFieldElem[1//2, -1//4, -3//2, -5//4],
	[17, 13, 21, 18, 7, 1, 1, 10, 1, 1] => QQFieldElem[3, 1, -3, -7//2],
	[17, 13, 21, 18, 20, 1, 1, 15, 1, 1] => QQFieldElem[-13//2, -43, -119//2, -33],
	[17, 13, 21, 18, 12, 1, 1, 15, 1, 1] => QQFieldElem[8//5, 11//5, 4//5, -3//5],
	[17, 13, 21, 18, 4, 1, 1, 14, 1, 1] => QQFieldElem[32//5, 24//5, -24//5, -32//5],
	[17, 13, 21, 18, 19, 1, 1, 21, 1, 2] => QQFieldElem[1//2, 1//2, 0, -1//2],
	[17, 13, 21, 18, 11, 1, 1, 21, 1, 2] => QQFieldElem[-27//110, -7//55, -3//55, -9//55],
	[17, 13, 21, 18, 4, 1, 1, 13, 1, 1] => QQFieldElem[16, 16, 0, -8],
	[17, 13, 21, 18, 19, 1, 1, 22, 1, 2] => QQFieldElem[1//2, 0, 0, 0],
	[17, 13, 21, 18, 11, 1, 1, 22, 1, 2] => QQFieldElem[0, 0, 0, 0],
	[17, 13, 21, 18, 20, 1, 2, 10, 1, 1] => QQFieldElem[-15//2, -5//2, 8, 19//2],
	[17, 13, 21, 18, 18, 1, 1, 21, 1, 1] => QQFieldElem[-16, -16, 0, 8],
	[17, 13, 21, 18, 18, 1, 1, 22, 1, 1] => QQFieldElem[-8, 0, 8, 8],
	[17, 13, 21, 18, 7, 1, 1, 21, 1, 1] => QQFieldElem[-82//55, -14//55, 104//55, 92//55],
	[17, 13, 21, 18, 7, 1, 1, 22, 1, 1] => QQFieldElem[-18//5, -36//5, -34//5, -12//5],
	[17, 13, 21, 18, 20, 1, 1, 14, 1, 1] => QQFieldElem[5, 11, 10, 3],
	[17, 13, 21, 18, 12, 1, 1, 14, 1, 1] => QQFieldElem[-3//10, -1//10, 1//10, 3//10],
	[17, 13, 21, 18, 19, 1, 1, 10, 1, 1] => QQFieldElem[1//2, 1//2, 0, -1//2],
	[17, 13, 21, 18, 20, 1, 1, 13, 1, 1] => QQFieldElem[11//2, 69//4, 19, 33//4],
	[17, 13, 21, 18, 11, 1, 1, 10, 1, 1] => QQFieldElem[5, 2, -5, -6],
	[17, 13, 21, 18, 12, 1, 1, 13, 1, 1] => QQFieldElem[-1, -1, 0, 1],
	[17, 13, 21, 18, 4, 1, 1, 21, 1, 2] => QQFieldElem[-1, 0, 3//2, 3//2],
	[17, 13, 21, 18, 20, 1, 2, 21, 1, 1] => QQFieldElem[-1//2, -1//2, 0, 0],
	[17, 13, 21, 18, 4, 1, 1, 22, 1, 2] => QQFieldElem[-3, -7, -6, -2],
	[17, 13, 21, 18, 20, 1, 2, 22, 1, 1] => QQFieldElem[0, 0, 0, 1//2],
	[17, 13, 21, 18, 18, 1, 1, 15, 1, 1] => QQFieldElem[-3//2, -1, 1//2, 1],
	[17, 13, 21, 18, 7, 1, 1, 15, 1, 1] => QQFieldElem[-14, -11, 4, 11],
	[17, 13, 21, 18, 19, 1, 1, 21, 1, 1] => QQFieldElem[-6, -2, 6, 8],
	[17, 13, 21, 18, 11, 1, 1, 21, 1, 1] => QQFieldElem[-3//44, 7//44, 3//44, 9//44],
	[17, 13, 21, 18, 19, 1, 1, 22, 1, 1] => QQFieldElem[-1, 3, 6, 4],
	[17, 13, 21, 18, 11, 1, 1, 22, 1, 1] => QQFieldElem[0, 0, -1//2, 0],
	[17, 13, 21, 18, 20, 1, 1, 21, 1, 2] => QQFieldElem[-15//2, -95//4, -105//4, -45//4],
	[17, 13, 21, 18, 12, 1, 1, 21, 1, 2] => QQFieldElem[5//2, 0, -4, -4],
	[17, 13, 21, 18, 4, 1, 1, 10, 1, 1] => QQFieldElem[12, 12, 0, -8],
	[17, 13, 21, 18, 20, 1, 1, 22, 1, 2] => QQFieldElem[-33//4, -31//2, -45//4, -5//4],
	[17, 13, 21, 18, 12, 1, 1, 22, 1, 2] => QQFieldElem[6, 14, 12, 4],
	[17, 13, 21, 18, 20, 1, 2, 15, 1, 1] => QQFieldElem[30, 24, -9, -24],
	[17, 13, 21, 18, 18, 1, 1, 14, 1, 1] => QQFieldElem[0, -1//2, -1//2, -1//2],
	[17, 13, 21, 18, 18, 1, 1, 13, 1, 1] => QQFieldElem[1//2, -1//4, -3//2, -5//4],
	[17, 13, 21, 18, 7, 1, 1, 14, 1, 1] => QQFieldElem[3//2, -1//2, -7//2, -5//2])