Dict(
	[17, 18, 17, 11, 20, 1, 1, 20, 1, 1] => QQFieldElem[-1, 0, 1, 1],
	[17, 18, 17, 11, 18, 1, 1, 19, 1, 1] => QQFieldElem[1, 0, -3, -3],
	[17, 18, 17, 11, 19, 1, 1, 19, 1, 1] => QQFieldElem[-1, 0, 1, 1],
	[17, 18, 17, 11, 11, 1, 1, 19, 1, 1] => QQFieldElem[-1//2, 0, 0, -1//2],
	[17, 18, 17, 11, 20, 1, 1, 18, 1, 1] => QQFieldElem[-2//5, 0, 1//5, 1//5],
	[17, 18, 17, 11, 18, 1, 1, 20, 1, 1] => QQFieldElem[1, 0, -3, -3],
	[17, 18, 17, 11, 20, 1, 1, 11, 1, 1] => QQFieldElem[-1, -2, -1, 0],
	[17, 18, 17, 11, 19, 1, 1, 20, 1, 1] => QQFieldElem[0, 0, 1, 1],
	[17, 18, 17, 11, 11, 1, 1, 20, 1, 1] => QQFieldElem[-1//2, 0, 0, -1//2],
	[17, 18, 17, 11, 18, 1, 1, 18, 1, 1] => QQFieldElem[1, 0, -1, -1],
	[17, 18, 17, 11, 19, 1, 1, 18, 1, 1] => QQFieldElem[-2//5, 0, 1//5, 1//5],
	[17, 18, 17, 11, 11, 1, 1, 18, 1, 1] => QQFieldElem[-2//5, -1//10, -1//10, -2//5],
	[17, 18, 17, 11, 20, 1, 1, 19, 1, 1] => QQFieldElem[0, 0, 1, 1],
	[17, 18, 17, 11, 18, 1, 1, 11, 1, 1] => QQFieldElem[3, 4, 3, 0],
	[17, 18, 17, 11, 19, 1, 1, 11, 1, 1] => QQFieldElem[-1, -2, -1, 0],
	[17, 18, 17, 11, 11, 1, 1, 11, 1, 1] => QQFieldElem[-1//2, 0, 0, 0])