Dict(
	[17, 14, 19, 15, 15, 1, 1, 10, 1, 1] => QQFieldElem[2, 1, -1, -2],
	[17, 14, 19, 15, 22, 1, 2, 10, 1, 1] => QQFieldElem[-3, -1, 3, 4],
	[17, 14, 19, 15, 22, 1, 1, 10, 1, 1] => QQFieldElem[0, 0, 0, 0],
	[17, 14, 19, 15, 13, 1, 1, 14, 1, 1] => QQFieldElem[-24//55, -128//55, -112//55, -16//55],
	[17, 14, 19, 15, 21, 1, 2, 10, 1, 1] => QQFieldElem[0, 0, 0, 0],
	[17, 14, 19, 15, 21, 1, 1, 10, 1, 1] => QQFieldElem[1, 0, -3, -3],
	[17, 14, 19, 15, 13, 1, 1, 13, 1, 1] => QQFieldElem[4, 8, 4, 0],
	[17, 14, 19, 15, 15, 1, 1, 14, 1, 1] => QQFieldElem[10//11, 10//11, 4//11, -2//11],
	[17, 14, 19, 15, 22, 1, 2, 14, 1, 1] => QQFieldElem[-15//11, -18//11, -1//11, 9//11],
	[17, 14, 19, 15, 22, 1, 1, 14, 1, 1] => QQFieldElem[3//11, 2//11, -3//11, -3//11],
	[17, 14, 19, 15, 15, 1, 1, 13, 1, 1] => QQFieldElem[-2, -1, 1, 2],
	[17, 14, 19, 15, 22, 1, 2, 13, 1, 1] => QQFieldElem[3, 1, -3, -4],
	[17, 14, 19, 15, 13, 1, 1, 21, 1, 1] => QQFieldElem[-8, 0, 16, 16],
	[17, 14, 19, 15, 22, 1, 1, 13, 1, 1] => QQFieldElem[0, 0, 0, 0],
	[17, 14, 19, 15, 21, 1, 1, 14, 1, 1] => QQFieldElem[3//11, 3//11, -1//11, -5//11],
	[17, 14, 19, 15, 21, 1, 2, 14, 1, 1] => QQFieldElem[-13//55, -1//5, 1//55, 3//55],
	[17, 14, 19, 15, 13, 1, 1, 22, 1, 1] => QQFieldElem[-8, -4, 4, 8],
	[17, 14, 19, 15, 21, 1, 2, 13, 1, 1] => QQFieldElem[0, 0, 0, 0],
	[17, 14, 19, 15, 13, 1, 1, 16, 1, 1] => QQFieldElem[16//11, 36//11, 20//11, -8//11],
	[17, 14, 19, 15, 21, 1, 1, 13, 1, 1] => QQFieldElem[-1, 0, 1, 1],
	[17, 14, 19, 15, 15, 1, 1, 21, 1, 1] => QQFieldElem[-6//5, -22//5, -28//5, -14//5],
	[17, 14, 19, 15, 22, 1, 2, 21, 1, 1] => QQFieldElem[3, 10, 11, 5],
	[17, 14, 19, 15, 15, 1, 1, 22, 1, 1] => QQFieldElem[0, -2, -3, -2],
	[17, 14, 19, 15, 22, 1, 1, 21, 1, 1] => QQFieldElem[-7//5, -14//5, -11//5, -3//5],
	[17, 14, 19, 15, 15, 1, 1, 16, 1, 1] => QQFieldElem[-12//11, -6//11, 5//11, 8//11],
	[17, 14, 19, 15, 13, 1, 1, 10, 1, 1] => QQFieldElem[-12, -16, -12, 0],
	[17, 14, 19, 15, 22, 1, 2, 22, 1, 1] => QQFieldElem[1//2, 9//2, 13//2, 7//2],
	[17, 14, 19, 15, 22, 1, 1, 22, 1, 1] => QQFieldElem[-3//2, -3//2, -1//2, 1//2],
	[17, 14, 19, 15, 21, 1, 2, 21, 1, 1] => QQFieldElem[1, 3, 3, 1],
	[17, 14, 19, 15, 22, 1, 1, 16, 1, 1] => QQFieldElem[-5//22, -3//22, -9//22, -3//22],
	[17, 14, 19, 15, 22, 1, 2, 16, 1, 1] => QQFieldElem[31//22, 13//22, -39//22, -45//22],
	[17, 14, 19, 15, 21, 1, 1, 21, 1, 1] => QQFieldElem[-3, -7, -7, -3],
	[17, 14, 19, 15, 21, 1, 2, 22, 1, 1] => QQFieldElem[3//2, 5//2, 1, 0],
	[17, 14, 19, 15, 21, 1, 2, 16, 1, 1] => QQFieldElem[-1//22, -1//22, 2//11, -1//11],
	[17, 14, 19, 15, 21, 1, 1, 22, 1, 1] => QQFieldElem[-1//2, -7//2, -4, -2],
	[17, 14, 19, 15, 21, 1, 1, 16, 1, 1] => QQFieldElem[-5//22, 3//22, 7//11, 9//11])