Dict(
	[17, 14, 13, 19, 19, 1, 1, 21, 1, 1] => QQFieldElem[-3//5, -1//5, 1//5, 3//5],
	[17, 14, 13, 19, 17, 1, 1, 14, 1, 1] => QQFieldElem[-1, 0, 0, 1],
	[17, 14, 13, 19, 11, 1, 1, 21, 1, 1] => QQFieldElem[8//5, -24//5, -56//5, -48//5],
	[17, 14, 13, 19, 19, 1, 1, 22, 1, 1] => QQFieldElem[-1, -3//2, -3//2, -1//2],
	[17, 14, 13, 19, 11, 1, 1, 22, 1, 1] => QQFieldElem[4, 8, 8, 4],
	[17, 14, 13, 19, 17, 1, 1, 13, 1, 1] => QQFieldElem[1, 3, 4, 2],
	[17, 14, 13, 19, 11, 1, 1, 16, 1, 1] => QQFieldElem[-64//5, -88//5, -32//5, 24//5],
	[17, 14, 13, 19, 19, 1, 1, 16, 1, 1] => QQFieldElem[0, 0, 0, 0],
	[17, 14, 13, 19, 20, 1, 1, 14, 1, 1] => QQFieldElem[0, 0, 0, 0],
	[17, 14, 13, 19, 12, 1, 1, 14, 1, 1] => QQFieldElem[-1, 0, 1, 1],
	[17, 14, 13, 19, 20, 2, 1, 14, 1, 1] => QQFieldElem[2, 1, -2, -2],
	[17, 14, 13, 19, 11, 1, 1, 10, 1, 1] => QQFieldElem[4, 8, 8, 4],
	[17, 14, 13, 19, 12, 1, 1, 13, 1, 1] => QQFieldElem[2, 4, 4, 2],
	[17, 14, 13, 19, 19, 1, 1, 10, 1, 1] => QQFieldElem[0, -1//2, -1//2, -1//2],
	[17, 14, 13, 19, 20, 1, 1, 13, 1, 1] => QQFieldElem[0, 0, -1, -1],
	[17, 14, 13, 19, 20, 2, 1, 13, 1, 1] => QQFieldElem[-2, -6, -7, -3],
	[17, 14, 13, 19, 17, 1, 1, 21, 1, 1] => QQFieldElem[-1, -3, -3, -1],
	[17, 14, 13, 19, 17, 1, 1, 22, 1, 1] => QQFieldElem[1, 3//2, 1//2, -1//2],
	[17, 14, 13, 19, 17, 1, 1, 16, 1, 1] => QQFieldElem[-2, 0, 4, 4],
	[17, 14, 13, 19, 20, 1, 1, 21, 1, 1] => QQFieldElem[1//5, -3//5, -7//5, -6//5],
	[17, 14, 13, 19, 12, 1, 1, 21, 1, 1] => QQFieldElem[-14//5, -28//5, -22//5, -6//5],
	[17, 14, 13, 19, 19, 1, 1, 14, 1, 1] => QQFieldElem[0, 0, 0, 0],
	[17, 14, 13, 19, 11, 1, 1, 14, 1, 1] => QQFieldElem[-4, -4, -4, 0],
	[17, 14, 13, 19, 20, 2, 1, 21, 1, 1] => QQFieldElem[21//5, 47//5, 43//5, 14//5],
	[17, 14, 13, 19, 20, 1, 1, 16, 1, 1] => QQFieldElem[0, 0, 0, 0],
	[17, 14, 13, 19, 12, 1, 1, 22, 1, 1] => QQFieldElem[2, 2, 0, -1],
	[17, 14, 13, 19, 17, 1, 1, 10, 1, 1] => QQFieldElem[1, 3//2, 1//2, -1//2],
	[17, 14, 13, 19, 19, 1, 1, 13, 1, 1] => QQFieldElem[-1, -1, 0, 0],
	[17, 14, 13, 19, 20, 2, 1, 22, 1, 1] => QQFieldElem[-7//2, -4, -1, 3//2],
	[17, 14, 13, 19, 20, 1, 1, 22, 1, 1] => QQFieldElem[3//2, 2, 1, -1//2],
	[17, 14, 13, 19, 20, 2, 1, 16, 1, 1] => QQFieldElem[16//5, -8//5, -42//5, -36//5],
	[17, 14, 13, 19, 11, 1, 1, 13, 1, 1] => QQFieldElem[-8, 0, 8, 8],
	[17, 14, 13, 19, 12, 1, 1, 16, 1, 1] => QQFieldElem[-6//5, 8//5, 22//5, 16//5],
	[17, 14, 13, 19, 20, 1, 1, 10, 1, 1] => QQFieldElem[0, 1//2, 1//2, 0],
	[17, 14, 13, 19, 12, 1, 1, 10, 1, 1] => QQFieldElem[1, 1, 0, -1],
	[17, 14, 13, 19, 20, 2, 1, 10, 1, 1] => QQFieldElem[-2, -5//2, -1//2, 1])