Dict(
	[17, 16, 16, 19, 18, 1, 1, 15, 1, 1] => QQFieldElem[-3//2, -3//2, -1//2, 1//2],
	[17, 16, 16, 19, 18, 1, 1, 21, 1, 1] => QQFieldElem[-3//5, -1//5, -3//10, -2//5],
	[17, 16, 16, 19, 17, 1, 1, 21, 1, 2] => QQFieldElem[7//5, 4//5, 1//5, 3//5],
	[17, 16, 16, 19, 18, 1, 1, 22, 1, 1] => QQFieldElem[2//5, -1//5, -4//5, -2//5],
	[17, 16, 16, 19, 17, 1, 1, 22, 1, 2] => QQFieldElem[2//5, 14//5, 16//5, 8//5],
	[17, 16, 16, 19, 20, 1, 1, 21, 1, 2] => QQFieldElem[-1, 0, -1, -1],
	[17, 16, 16, 19, 6, 1, 1, 21, 1, 2] => QQFieldElem[5, 0, -9, -9],
	[17, 16, 16, 19, 20, 1, 1, 22, 1, 2] => QQFieldElem[-1, -1, -1, 0],
	[17, 16, 16, 19, 17, 1, 1, 15, 1, 1] => QQFieldElem[-8, -9, -4, 1],
	[17, 16, 16, 19, 20, 2, 1, 21, 1, 2] => QQFieldElem[0, 0, -1//2, 0],
	[17, 16, 16, 19, 6, 1, 1, 22, 1, 2] => QQFieldElem[14, 34, 32, 12],
	[17, 16, 16, 19, 20, 2, 1, 22, 1, 2] => QQFieldElem[1//2, 1, 1//2, 0],
	[17, 16, 16, 19, 17, 1, 1, 21, 1, 1] => QQFieldElem[4//5, -2//5, -21//10, -9//5],
	[17, 16, 16, 19, 20, 1, 1, 15, 1, 1] => QQFieldElem[-2, -3, -2, -1],
	[17, 16, 16, 19, 6, 1, 1, 15, 1, 1] => QQFieldElem[1, 1, 0, -1],
	[17, 16, 16, 19, 17, 1, 1, 22, 1, 1] => QQFieldElem[12//5, 29//5, 26//5, 8//5],
	[17, 16, 16, 19, 20, 2, 1, 15, 1, 1] => QQFieldElem[1//2, 1//2, 1//2, 1//2],
	[17, 16, 16, 19, 18, 1, 1, 21, 1, 2] => QQFieldElem[0, 0, 0, 0],
	[17, 16, 16, 19, 20, 1, 1, 21, 1, 1] => QQFieldElem[1, 0, 1, 3],
	[17, 16, 16, 19, 18, 1, 1, 22, 1, 2] => QQFieldElem[2, 2, 0, -1],
	[17, 16, 16, 19, 6, 1, 1, 21, 1, 1] => QQFieldElem[-4//5, 2//5, 8//5, 4//5],
	[17, 16, 16, 19, 20, 1, 1, 22, 1, 1] => QQFieldElem[-13, -13, -3, 4],
	[17, 16, 16, 19, 20, 2, 1, 21, 1, 1] => QQFieldElem[1, 1, 1//2, 1],
	[17, 16, 16, 19, 6, 1, 1, 22, 1, 1] => QQFieldElem[-14//5, -28//5, -22//5, -6//5],
	[17, 16, 16, 19, 20, 2, 1, 22, 1, 1] => QQFieldElem[-5//2, -3, -3//2, 0])