Dict(
	[17, 19, 17, 4, 3, 1, 1, 3, 1, 1] => QQFieldElem[2, 2, 0, -2],
	[17, 19, 17, 4, 20, 1, 2, 20, 1, 1] => QQFieldElem[0, 1, 2, 1],
	[17, 19, 17, 4, 20, 1, 1, 20, 1, 1] => QQFieldElem[-2, -4, -2, 0],
	[17, 19, 17, 4, 18, 1, 1, 3, 1, 1] => QQFieldElem[0, -1, -1, 0],
	[17, 19, 17, 4, 20, 1, 2, 18, 1, 1] => QQFieldElem[0, -1, -1, -1],
	[17, 19, 17, 4, 20, 1, 1, 18, 1, 1] => QQFieldElem[0, -1//2, 0, 1//2],
	[17, 19, 17, 4, 20, 1, 2, 20, 2, 1] => QQFieldElem[-1, -2, -2, -1],
	[17, 19, 17, 4, 20, 1, 1, 20, 2, 1] => QQFieldElem[-1//2, -1//2, 0, 1],
	[17, 19, 17, 4, 3, 1, 1, 20, 1, 1] => QQFieldElem[12, 8, -8, -12],
	[17, 19, 17, 4, 18, 1, 1, 20, 1, 1] => QQFieldElem[-1, -4, -4, -1],
	[17, 19, 17, 4, 3, 1, 1, 18, 1, 1] => QQFieldElem[0, -2, -2, 0],
	[17, 19, 17, 4, 3, 1, 1, 20, 2, 1] => QQFieldElem[-6, -12, -10, -2],
	[17, 19, 17, 4, 18, 1, 1, 18, 1, 1] => QQFieldElem[-1, 0, 1, 1],
	[17, 19, 17, 4, 18, 1, 1, 20, 2, 1] => QQFieldElem[4, 6, 2, -2],
	[17, 19, 17, 4, 20, 1, 2, 3, 1, 1] => QQFieldElem[1, 1, 1, 0],
	[17, 19, 17, 4, 20, 1, 1, 3, 1, 1] => QQFieldElem[1//2, 0, -1//2, 0])