Dict(
	[17, 14, 15, 17, 12, 1, 1, 13, 1, 1] => QQFieldElem[-2//5, -4//5, -6//5, -3//5],
	[17, 14, 15, 17, 20, 1, 1, 21, 1, 1] => QQFieldElem[1, 2, 0, -1],
	[17, 14, 15, 17, 12, 1, 1, 21, 1, 1] => QQFieldElem[0, 0, 0, 0],
	[17, 14, 15, 17, 20, 1, 1, 22, 1, 1] => QQFieldElem[0, 0, 0, 0],
	[17, 14, 15, 17, 12, 1, 1, 22, 1, 1] => QQFieldElem[-1, -2, -1, 0],
	[17, 14, 15, 17, 20, 1, 1, 16, 1, 1] => QQFieldElem[1, 2, 2, 1],
	[17, 14, 15, 17, 12, 1, 1, 16, 1, 1] => QQFieldElem[-2//11, 14//11, 18//11, 8//11],
	[17, 14, 15, 17, 19, 1, 1, 13, 1, 1] => QQFieldElem[3//10, 11//10, 9//10, 1//5],
	[17, 14, 15, 17, 11, 1, 1, 13, 1, 1] => QQFieldElem[-2//5, -4//5, -6//5, -3//5],
	[17, 14, 15, 17, 19, 1, 1, 21, 1, 1] => QQFieldElem[0, 0, 0, 0],
	[17, 14, 15, 17, 11, 1, 1, 21, 1, 1] => QQFieldElem[-1, -2, -1, 0],
	[17, 14, 15, 17, 19, 1, 1, 22, 1, 1] => QQFieldElem[1, 2, 0, -1],
	[17, 14, 15, 17, 11, 1, 1, 22, 1, 1] => QQFieldElem[0, 0, 0, 0],
	[17, 14, 15, 17, 19, 1, 1, 16, 1, 1] => QQFieldElem[-1, -2, -2, -1],
	[17, 14, 15, 17, 11, 1, 1, 16, 1, 1] => QQFieldElem[2//11, -14//11, -18//11, -8//11],
	[17, 14, 15, 17, 20, 1, 1, 13, 1, 1] => QQFieldElem[3//10, 11//10, 9//10, 1//5])