Dict(
	[17, 22, 16, 19, 3, 1, 1, 13, 1, 1] => QQFieldElem[1//2, -3//2, -3, -2],
	[17, 22, 16, 19, 12, 1, 1, 21, 1, 1] => QQFieldElem[8, 8, 2, -3],
	[17, 22, 16, 19, 20, 1, 1, 21, 1, 1] => QQFieldElem[1//22, -17//22, -17//11, -25//22],
	[17, 22, 16, 19, 18, 1, 1, 22, 1, 2] => QQFieldElem[-3, -5, -3, 0],
	[17, 22, 16, 19, 20, 1, 1, 22, 1, 1] => QQFieldElem[3//2, -5//2, -6, -11//2],
	[17, 22, 16, 19, 12, 1, 1, 22, 1, 1] => QQFieldElem[-7//5, 31//5, 59//5, 37//5],
	[17, 22, 16, 19, 19, 1, 1, 13, 1, 1] => QQFieldElem[-1//2, 0, 0, 1//2],
	[17, 22, 16, 19, 11, 1, 1, 13, 1, 1] => QQFieldElem[-1//2, 1, 3, 3//2],
	[17, 22, 16, 19, 18, 1, 1, 21, 2, 2] => QQFieldElem[1//4, -1//4, -1//4, 0],
	[17, 22, 16, 19, 20, 1, 1, 21, 2, 1] => QQFieldElem[2//11, 10//11, 9//11, -6//11],
	[17, 22, 16, 19, 12, 1, 1, 21, 2, 1] => QQFieldElem[3//2, 1, -1//2, -1],
	[17, 22, 16, 19, 18, 1, 1, 22, 2, 2] => QQFieldElem[-1//2, -1//2, 0, 1//2],
	[17, 22, 16, 19, 20, 1, 1, 22, 2, 1] => QQFieldElem[2, 5, 3, 0],
	[17, 22, 16, 19, 12, 1, 1, 22, 2, 1] => QQFieldElem[0, 8//5, 23//10, 11//10],
	[17, 22, 16, 19, 8, 1, 1, 13, 1, 1] => QQFieldElem[1//2, 1//2, 0, 0],
	[17, 22, 16, 19, 19, 1, 2, 21, 1, 1] => QQFieldElem[0, -1//2, 0, -1//2],
	[17, 22, 16, 19, 19, 1, 2, 22, 1, 1] => QQFieldElem[0, 0, 0, 0],
	[17, 22, 16, 19, 17, 1, 1, 13, 1, 1] => QQFieldElem[-2, -2, -1, 0],
	[17, 22, 16, 19, 19, 1, 2, 21, 2, 1] => QQFieldElem[-1//4, -1//4, -1//4, -1//2],
	[17, 22, 16, 19, 20, 2, 1, 21, 1, 2] => QQFieldElem[-21//44, -17//44, -23//44, -7//22],
	[17, 22, 16, 19, 19, 1, 2, 22, 2, 1] => QQFieldElem[-1//2, -1//2, 0, 1//2],
	[17, 22, 16, 19, 20, 2, 1, 22, 1, 2] => QQFieldElem[-1//2, -5//4, -3//2, -1//2],
	[17, 22, 16, 19, 20, 1, 1, 15, 1, 1] => QQFieldElem[-1, 2, 5, 4],
	[17, 22, 16, 19, 12, 1, 1, 15, 1, 1] => QQFieldElem[1//4, 1, 1, 1//2],
	[17, 22, 16, 19, 3, 1, 1, 21, 1, 2] => QQFieldElem[1, 5//2, 9//2, 2],
	[17, 22, 16, 19, 20, 2, 1, 21, 2, 2] => QQFieldElem[5//11, -5//22, -27//11, -41//22],
	[17, 22, 16, 19, 3, 1, 1, 22, 1, 2] => QQFieldElem[-3//5, 3//10, 6//5, 11//10],
	[17, 22, 16, 19, 20, 2, 1, 22, 2, 2] => QQFieldElem[4, 1//2, -6, -6],
	[17, 22, 16, 19, 19, 1, 1, 21, 1, 2] => QQFieldElem[-4, -4, 1, 2],
	[17, 22, 16, 19, 11, 1, 1, 21, 1, 2] => QQFieldElem[-3, -3, -1, 1],
	[17, 22, 16, 19, 3, 1, 1, 21, 2, 2] => QQFieldElem[1//4, 1//2, 3//4, 1//4],
	[17, 22, 16, 19, 19, 1, 1, 22, 1, 2] => QQFieldElem[-4, -12, -14, -6],
	[17, 22, 16, 19, 11, 1, 1, 22, 1, 2] => QQFieldElem[4//5, -1, -17//5, -12//5],
	[17, 22, 16, 19, 3, 1, 1, 22, 2, 2] => QQFieldElem[-1//10, 1//5, 2//5, 1//4],
	[17, 22, 16, 19, 8, 1, 1, 21, 1, 2] => QQFieldElem[0, -1//2, 1//2, 0],
	[17, 22, 16, 19, 19, 1, 1, 21, 2, 2] => QQFieldElem[-5//11, 8//11, 16//11, 15//11],
	[17, 22, 16, 19, 11, 1, 1, 21, 2, 2] => QQFieldElem[-1, -3, -3, -1],
	[17, 22, 16, 19, 19, 1, 2, 15, 1, 1] => QQFieldElem[1//4, 1//2, 1//2, 0],
	[17, 22, 16, 19, 8, 1, 1, 22, 1, 2] => QQFieldElem[-2//5, -3//10, -1//5, -1//10],
	[17, 22, 16, 19, 19, 1, 1, 22, 2, 2] => QQFieldElem[-3, 1//2, 11//2, 5],
	[17, 22, 16, 19, 11, 1, 1, 22, 2, 2] => QQFieldElem[2, 11//5, 3//5, -4//5],
	[17, 22, 16, 19, 18, 1, 1, 21, 1, 1] => QQFieldElem[0, 0, 0, 0],
	[17, 22, 16, 19, 17, 1, 1, 21, 1, 2] => QQFieldElem[4, 8, 6, 2],
	[17, 22, 16, 19, 18, 1, 1, 22, 1, 1] => QQFieldElem[12//5, 29//5, 26//5, 8//5],
	[17, 22, 16, 19, 8, 1, 1, 21, 2, 2] => QQFieldElem[1//4, 1//2, 1//4, 1//4],
	[17, 22, 16, 19, 17, 1, 1, 22, 1, 2] => QQFieldElem[-28//5, -16//5, 16//5, 28//5],
	[17, 22, 16, 19, 8, 1, 1, 22, 2, 2] => QQFieldElem[1//10, 1//5, 3//10, 3//20],
	[17, 22, 16, 19, 18, 1, 1, 21, 2, 1] => QQFieldElem[0, 0, 0, 0],
	[17, 22, 16, 19, 17, 1, 1, 21, 2, 2] => QQFieldElem[4, 5, 2, -1],
	[17, 22, 16, 19, 18, 1, 1, 22, 2, 1] => QQFieldElem[-2//5, 1//5, 4//5, 2//5],
	[17, 22, 16, 19, 20, 1, 1, 13, 1, 1] => QQFieldElem[-2, 0, 3, 4],
	[17, 22, 16, 19, 12, 1, 1, 13, 1, 1] => QQFieldElem[1//4, 1//2, 1//2, 0],
	[17, 22, 16, 19, 17, 1, 1, 22, 2, 2] => QQFieldElem[-8//5, 4//5, 21//5, 18//5],
	[17, 22, 16, 19, 20, 2, 1, 21, 1, 1] => QQFieldElem[-7//44, -13//44, -15//44, -3//11],
	[17, 22, 16, 19, 19, 1, 2, 13, 1, 1] => QQFieldElem[1//4, 1//2, 1//2, 0],
	[17, 22, 16, 19, 20, 2, 1, 22, 1, 1] => QQFieldElem[-1//2, -5//4, -3//2, -1],
	[17, 22, 16, 19, 18, 1, 1, 15, 1, 1] => QQFieldElem[-1//2, -1//2, -1//2, 0],
	[17, 22, 16, 19, 3, 1, 1, 21, 1, 1] => QQFieldElem[1//2, -1//2, -1, -1//2],
	[17, 22, 16, 19, 20, 2, 1, 21, 2, 1] => QQFieldElem[-1//11, 1//22, 1//11, -5//22],
	[17, 22, 16, 19, 3, 1, 1, 22, 1, 1] => QQFieldElem[3//10, 1//5, -3//10, -1//5],
	[17, 22, 16, 19, 20, 2, 1, 22, 2, 1] => QQFieldElem[0, 1//2, 0, 0],
	[17, 22, 16, 19, 19, 1, 1, 21, 1, 1] => QQFieldElem[0, -2, -1, -2],
	[17, 22, 16, 19, 11, 1, 1, 21, 1, 1] => QQFieldElem[-1, 1, 3, 2],
	[17, 22, 16, 19, 3, 1, 1, 21, 2, 1] => QQFieldElem[1//2, 1//2, 0, -1//2],
	[17, 22, 16, 19, 19, 1, 1, 22, 1, 1] => QQFieldElem[0, 0, -2, -2],
	[17, 22, 16, 19, 11, 1, 1, 22, 1, 1] => QQFieldElem[-2//5, -4//5, -6//5, -3//5],
	[17, 22, 16, 19, 3, 1, 1, 22, 2, 1] => QQFieldElem[3//10, 2//5, 3//10, 0],
	[17, 22, 16, 19, 20, 1, 1, 21, 1, 2] => QQFieldElem[13//22, -1//22, -1//11, 5//22],
	[17, 22, 16, 19, 12, 1, 1, 21, 1, 2] => QQFieldElem[0, 4, 10, 6],
	[17, 22, 16, 19, 8, 1, 1, 21, 1, 1] => QQFieldElem[-1, -3, -1, 0],
	[17, 22, 16, 19, 19, 1, 1, 21, 2, 1] => QQFieldElem[1//2, 1//2, 1, 1//2],
	[17, 22, 16, 19, 20, 1, 1, 22, 1, 2] => QQFieldElem[1//2, -1//2, -1, -3//2],
	[17, 22, 16, 19, 11, 1, 1, 21, 2, 1] => QQFieldElem[0, 1//2, 1, 1],
	[17, 22, 16, 19, 8, 1, 1, 22, 1, 1] => QQFieldElem[-2//5, -4//5, -6//5, -3//5],
	[17, 22, 16, 19, 12, 1, 1, 22, 1, 2] => QQFieldElem[-28//5, -56//5, -44//5, -12//5],
	[17, 22, 16, 19, 19, 1, 1, 22, 2, 1] => QQFieldElem[-1, -1, -1, 0],
	[17, 22, 16, 19, 11, 1, 1, 22, 2, 1] => QQFieldElem[-2//5, -3//10, 3//10, 2//5],
	[17, 22, 16, 19, 20, 1, 1, 21, 2, 2] => QQFieldElem[34//11, 16//11, -1//11, -14//11],
	[17, 22, 16, 19, 12, 1, 1, 21, 2, 2] => QQFieldElem[0, 1, 2, 1],
	[17, 22, 16, 19, 8, 1, 1, 21, 2, 1] => QQFieldElem[0, -1//2, 0, 0],
	[17, 22, 16, 19, 17, 1, 1, 21, 1, 1] => QQFieldElem[0, 2, 2, 1],
	[17, 22, 16, 19, 20, 1, 1, 22, 2, 2] => QQFieldElem[10, 9, -1, -8],
	[17, 22, 16, 19, 12, 1, 1, 22, 2, 2] => QQFieldElem[-6//5, -2, -7//5, -2//5],
	[17, 22, 16, 19, 8, 1, 1, 22, 2, 1] => QQFieldElem[-1//5, -3//10, -3//10, -1//5],
	[17, 22, 16, 19, 17, 1, 1, 22, 1, 1] => QQFieldElem[-3//5, -1//5, 1//5, 3//5],
	[17, 22, 16, 19, 20, 2, 1, 15, 1, 1] => QQFieldElem[-1//2, 1//2, 3//2, 1],
	[17, 22, 16, 19, 19, 1, 2, 21, 1, 2] => QQFieldElem[0, 1//2, 0, -1//2],
	[17, 22, 16, 19, 17, 1, 1, 21, 2, 1] => QQFieldElem[1//2, 0, -1//2, 0],
	[17, 22, 16, 19, 18, 1, 1, 13, 1, 1] => QQFieldElem[0, 0, 0, 0],
	[17, 22, 16, 19, 19, 1, 2, 22, 1, 2] => QQFieldElem[-2, -6, -6, -2],
	[17, 22, 16, 19, 17, 1, 1, 22, 2, 1] => QQFieldElem[2//5, 4//5, 7//10, 1//10],
	[17, 22, 16, 19, 3, 1, 1, 15, 1, 1] => QQFieldElem[0, -1, -2, -3//2],
	[17, 22, 16, 19, 19, 1, 2, 21, 2, 2] => QQFieldElem[-7//11, -2//11, -4//11, -1//11],
	[17, 22, 16, 19, 19, 1, 1, 15, 1, 1] => QQFieldElem[-1, -3//2, -1//2, 1//2],
	[17, 22, 16, 19, 11, 1, 1, 15, 1, 1] => QQFieldElem[0, 7//2, 11//2, 7//2],
	[17, 22, 16, 19, 19, 1, 2, 22, 2, 2] => QQFieldElem[-1, -3//2, -1//2, 0],
	[17, 22, 16, 19, 8, 1, 1, 15, 1, 1] => QQFieldElem[1, 1, 0, -1//2],
	[17, 22, 16, 19, 17, 1, 1, 15, 1, 1] => QQFieldElem[-3, -4, -3, 0],
	[17, 22, 16, 19, 20, 2, 1, 13, 1, 1] => QQFieldElem[-1, 1, 3, 2],
	[17, 22, 16, 19, 18, 1, 1, 21, 1, 2] => QQFieldElem[1//2, -3//2, -1, -1//2])