Dict(
	[17, 20, 5, 19, 17, 1, 1, 11, 1, 1] => QQFieldElem[1, 0, 0, 0],
	[17, 20, 5, 19, 18, 1, 1, 19, 2, 1] => QQFieldElem[2, 0, 0, 0],
	[17, 20, 5, 19, 20, 1, 1, 11, 1, 1] => QQFieldElem[3//2, 2, 3//2, 5//2],
	[17, 20, 5, 19, 20, 2, 1, 11, 1, 1] => QQFieldElem[-2, -1, -1, -1],
	[17, 20, 5, 19, 17, 1, 1, 19, 1, 1] => QQFieldElem[0, 0, 0, 0],
	[17, 20, 5, 19, 17, 1, 1, 12, 1, 1] => QQFieldElem[1, 0, 0, 0],
	[17, 20, 5, 19, 20, 1, 1, 19, 1, 1] => QQFieldElem[0, 0, -1, -1],
	[17, 20, 5, 19, 20, 1, 1, 12, 1, 1] => QQFieldElem[3//2, 0, 1//2, 1//2],
	[17, 20, 5, 19, 17, 1, 1, 19, 2, 1] => QQFieldElem[6//5, 2//5, -2//5, -6//5],
	[17, 20, 5, 19, 18, 1, 1, 11, 1, 1] => QQFieldElem[0, -1, 0, 0],
	[17, 20, 5, 19, 20, 2, 1, 19, 1, 1] => QQFieldElem[1, 2, 2, 1],
	[17, 20, 5, 19, 20, 2, 1, 12, 1, 1] => QQFieldElem[2, 1, 1, 1],
	[17, 20, 5, 19, 20, 1, 1, 19, 2, 1] => QQFieldElem[5//2, 1, 1//2, 1],
	[17, 20, 5, 19, 20, 2, 1, 19, 2, 1] => QQFieldElem[1, 2, 1, 1],
	[17, 20, 5, 19, 18, 1, 1, 19, 1, 1] => QQFieldElem[-1, -2, -1, -1],
	[17, 20, 5, 19, 18, 1, 1, 12, 1, 1] => QQFieldElem[0, 1, 0, 0])