Dict(
	[18, 22, 21, 6, 18, 1, 2, 21, 1, 1] => QQFieldElem[-3//10, 2//5, 1//10, 3//10],
	[18, 22, 21, 6, 4, 1, 1, 21, 1, 1] => QQFieldElem[2//5, 14//5, 6//5, -2//5],
	[18, 22, 21, 6, 18, 1, 1, 21, 1, 1] => QQFieldElem[-2, -3, -2, 0],
	[18, 22, 21, 6, 19, 1, 2, 21, 1, 1] => QQFieldElem[1//2, 0, -1//2, -1//2],
	[18, 22, 21, 6, 4, 1, 1, 22, 1, 1] => QQFieldElem[0, 0, 0, 0],
	[18, 22, 21, 6, 19, 1, 1, 21, 1, 1] => QQFieldElem[1//4, 3//4, 3//4, 1//4],
	[18, 22, 21, 6, 4, 1, 1, 16, 1, 1] => QQFieldElem[-1, -2, -1, 1],
	[18, 22, 21, 6, 18, 1, 1, 16, 1, 1] => QQFieldElem[-1//4, 0, 1//4, 0],
	[18, 22, 21, 6, 18, 1, 2, 16, 1, 1] => QQFieldElem[2, 5//2, 1, -1//2],
	[18, 22, 21, 6, 18, 1, 1, 22, 1, 1] => QQFieldElem[0, 0, 0, 1],
	[18, 22, 21, 6, 19, 1, 2, 16, 1, 1] => QQFieldElem[0, -1//2, 0, -1//2],
	[18, 22, 21, 6, 19, 1, 1, 22, 1, 1] => QQFieldElem[-3//4, -1, -5//4, -3//4],
	[18, 22, 21, 6, 18, 1, 2, 21, 2, 1] => QQFieldElem[-6//5, -2//5, 2//5, 1//5],
	[18, 22, 21, 6, 19, 1, 2, 22, 1, 1] => QQFieldElem[-2, -2, 3//2, 5//2],
	[18, 22, 21, 6, 4, 1, 1, 21, 2, 1] => QQFieldElem[1//2, 0, -1//2, -1//2],
	[18, 22, 21, 6, 18, 1, 1, 21, 2, 1] => QQFieldElem[-4//5, -3//5, -2//5, -6//5],
	[18, 22, 21, 6, 18, 1, 2, 22, 1, 1] => QQFieldElem[-1//5, 3//5, -1//10, 1//5],
	[18, 22, 21, 6, 19, 1, 2, 21, 2, 1] => QQFieldElem[1//10, 1//5, 3//10, -1//10],
	[18, 22, 21, 6, 4, 1, 1, 22, 2, 1] => QQFieldElem[0, 0, 1//2, 0],
	[18, 22, 21, 6, 19, 1, 1, 21, 2, 1] => QQFieldElem[-13//20, -11//20, -9//20, -7//20],
	[18, 22, 21, 6, 18, 1, 1, 22, 2, 1] => QQFieldElem[4//5, -2//5, 2//5, 1//5],
	[18, 22, 21, 6, 18, 1, 2, 22, 2, 1] => QQFieldElem[2, 2, -1, -2],
	[18, 22, 21, 6, 19, 1, 2, 22, 2, 1] => QQFieldElem[0, 0, 1//2, -1//2],
	[18, 22, 21, 6, 19, 1, 1, 16, 1, 1] => QQFieldElem[-1//4, 0, -1//4, -1//2],
	[18, 22, 21, 6, 19, 1, 1, 22, 2, 1] => QQFieldElem[1//4, 0, 1//4, 3//4])