Dict(
	[18, 22, 10, 20, 19, 1, 1, 21, 1, 1] => QQFieldElem[-3//5, -1//5, 1//5, 3//5],
	[18, 22, 10, 20, 11, 1, 1, 21, 1, 1] => QQFieldElem[0, 0, 0, -1//2],
	[18, 22, 10, 20, 17, 1, 1, 14, 1, 1] => QQFieldElem[0, 1//4, 0, -1//4],
	[18, 22, 10, 20, 19, 1, 1, 22, 1, 1] => QQFieldElem[8//5, 11//5, 4//5, -3//5],
	[18, 22, 10, 20, 19, 2, 1, 21, 1, 1] => QQFieldElem[17//5, 29//5, 21//5, 3//5],
	[18, 22, 10, 20, 19, 1, 1, 16, 1, 1] => QQFieldElem[-1, -2, -1, 0],
	[18, 22, 10, 20, 11, 1, 1, 16, 1, 1] => QQFieldElem[-2//5, 1//5, 4//5, 2//5],
	[18, 22, 10, 20, 11, 1, 1, 22, 1, 1] => QQFieldElem[0, 1//2, 1//2, 0],
	[18, 22, 10, 20, 19, 2, 1, 22, 1, 1] => QQFieldElem[-6//5, -17//5, -18//5, -9//5],
	[18, 22, 10, 20, 20, 1, 1, 14, 1, 1] => QQFieldElem[0, 0, 0, -1//2],
	[18, 22, 10, 20, 19, 2, 1, 16, 1, 1] => QQFieldElem[-1//5, 3//5, 2//5, 1//5],
	[18, 22, 10, 20, 19, 1, 1, 21, 2, 1] => QQFieldElem[1//2, 1//2, 0, -1//2],
	[18, 22, 10, 20, 11, 1, 1, 21, 2, 1] => QQFieldElem[-1, -2, -2, -1//2],
	[18, 22, 10, 20, 12, 1, 1, 14, 1, 1] => QQFieldElem[1//2, 3//2, 1, 1//2],
	[18, 22, 10, 20, 19, 1, 1, 22, 2, 1] => QQFieldElem[-1//2, -1//2, -1//2, 0],
	[18, 22, 10, 20, 19, 2, 1, 21, 2, 1] => QQFieldElem[-2, -6, -6, -2],
	[18, 22, 10, 20, 11, 1, 1, 22, 2, 1] => QQFieldElem[1, -1//2, -5//2, -2],
	[18, 22, 10, 20, 17, 1, 1, 21, 1, 1] => QQFieldElem[1//2, 1//4, 0, 1//4],
	[18, 22, 10, 20, 19, 2, 1, 22, 2, 1] => QQFieldElem[0, 3, 5, 3],
	[18, 22, 10, 20, 17, 1, 1, 22, 1, 1] => QQFieldElem[-1//2, -1//4, 1//4, 1//4],
	[18, 22, 10, 20, 17, 1, 1, 16, 1, 1] => QQFieldElem[0, 0, 0, 0],
	[18, 22, 10, 20, 20, 1, 1, 21, 1, 1] => QQFieldElem[-1//2, -1//2, 0, 1//2],
	[18, 22, 10, 20, 12, 1, 1, 21, 1, 1] => QQFieldElem[0, -1//4, 0, 1//4],
	[18, 22, 10, 20, 17, 1, 1, 21, 2, 1] => QQFieldElem[-1//2, -1//2, 0, -1//2],
	[18, 22, 10, 20, 19, 1, 1, 14, 1, 1] => QQFieldElem[0, -1, -1, -1//2],
	[18, 22, 10, 20, 20, 1, 1, 22, 1, 1] => QQFieldElem[13//10, 11//10, -1//10, -4//5],
	[18, 22, 10, 20, 11, 1, 1, 14, 1, 1] => QQFieldElem[-1//2, -1//2, 0, 1//2],
	[18, 22, 10, 20, 20, 1, 1, 16, 1, 1] => QQFieldElem[-1//5, -2//5, -3//5, -4//5],
	[18, 22, 10, 20, 12, 1, 1, 16, 1, 1] => QQFieldElem[4//5, 3//5, 2//5, -4//5],
	[18, 22, 10, 20, 17, 1, 1, 22, 2, 1] => QQFieldElem[0, 0, 1//2, 1//2],
	[18, 22, 10, 20, 12, 1, 1, 22, 1, 1] => QQFieldElem[0, -1//4, -3//4, -1//4],
	[18, 22, 10, 20, 19, 2, 1, 14, 1, 1] => QQFieldElem[-1//2, -1//4, 0, 1//4],
	[18, 22, 10, 20, 20, 1, 1, 21, 2, 1] => QQFieldElem[0, 0, 0, 0],
	[18, 22, 10, 20, 12, 1, 1, 21, 2, 1] => QQFieldElem[1//2, 5//2, 3, 3//2],
	[18, 22, 10, 20, 20, 1, 1, 22, 2, 1] => QQFieldElem[-6//5, -7//5, -3//5, 1//5],
	[18, 22, 10, 20, 12, 1, 1, 22, 2, 1] => QQFieldElem[-2, -1, 3//2, 3//2])