Dict(
	[18, 12, 19, 19, 18, 1, 1, 12, 1, 1] => QQFieldElem[-1//16, -1//16, -1//8, -1//16],
	[18, 12, 19, 19, 18, 1, 1, 19, 1, 1] => QQFieldElem[-1//10, -7//10, -4//5, -2//5],
	[18, 12, 19, 19, 17, 1, 1, 17, 1, 1] => QQFieldElem[0, -1//16, 1//8, -1//16],
	[18, 12, 19, 19, 20, 2, 1, 20, 1, 1] => QQFieldElem[0, 1//4, 1//4, 0],
	[18, 12, 19, 19, 19, 1, 1, 19, 1, 1] => QQFieldElem[0, 0, 0, 0],
	[18, 12, 19, 19, 11, 1, 1, 19, 1, 1] => QQFieldElem[0, 0, 0, 0],
	[18, 12, 19, 19, 11, 1, 1, 12, 1, 1] => QQFieldElem[0, 0, 0, 0],
	[18, 12, 19, 19, 20, 1, 1, 18, 1, 1] => QQFieldElem[-1//2, 1//2, 0, 0],
	[18, 12, 19, 19, 19, 1, 1, 12, 1, 1] => QQFieldElem[0, 0, 0, 0],
	[18, 12, 19, 19, 20, 2, 1, 18, 1, 1] => QQFieldElem[0, 0, 0, 0],
	[18, 12, 19, 19, 20, 1, 1, 17, 1, 1] => QQFieldElem[-1//2, 1//2, 0, 0],
	[18, 12, 19, 19, 20, 2, 1, 17, 1, 1] => QQFieldElem[0, 0, 0, 0],
	[18, 12, 19, 19, 18, 1, 1, 20, 1, 1] => QQFieldElem[0, 0, 0, 0],
	[18, 12, 19, 19, 17, 1, 1, 20, 1, 2] => QQFieldElem[-1//10, -1//5, 1//5, 1//10],
	[18, 12, 19, 19, 19, 1, 1, 20, 1, 1] => QQFieldElem[-1//8, -1//8, -1//4, -1//8],
	[18, 12, 19, 19, 11, 1, 1, 20, 1, 1] => QQFieldElem[0, 0, 0, -1//4],
	[18, 12, 19, 19, 17, 1, 1, 19, 1, 1] => QQFieldElem[-1//2, -1//2, 0, 0],
	[18, 12, 19, 19, 18, 1, 1, 18, 1, 1] => QQFieldElem[0, 1//16, 0, -1//16],
	[18, 12, 19, 19, 17, 1, 1, 12, 1, 1] => QQFieldElem[1//16, 1//16, 0, 3//16],
	[18, 12, 19, 19, 20, 1, 1, 20, 1, 2] => QQFieldElem[1//2, 1, 1//2, 1//2],
	[18, 12, 19, 19, 19, 1, 1, 18, 1, 1] => QQFieldElem[1//4, 1//4, 1//4, 1//4],
	[18, 12, 19, 19, 11, 1, 1, 18, 1, 1] => QQFieldElem[-1//4, 0, -1//4, -1//8],
	[18, 12, 19, 19, 18, 1, 1, 17, 1, 1] => QQFieldElem[0, 1//16, 0, -1//16],
	[18, 12, 19, 19, 20, 2, 1, 20, 1, 2] => QQFieldElem[0, 0, 0, 0],
	[18, 12, 19, 19, 19, 1, 1, 17, 1, 1] => QQFieldElem[-1//4, -1//4, -1//4, -1//4],
	[18, 12, 19, 19, 20, 1, 1, 12, 1, 1] => QQFieldElem[0, -1//2, 0, 1//2],
	[18, 12, 19, 19, 20, 1, 1, 19, 1, 1] => QQFieldElem[-8//5, -16//5, -4//5, 8//5],
	[18, 12, 19, 19, 11, 1, 1, 17, 1, 1] => QQFieldElem[1//4, 0, 1//4, 1//8],
	[18, 12, 19, 19, 20, 2, 1, 19, 1, 1] => QQFieldElem[3//5, 6//5, 4//5, 2//5],
	[18, 12, 19, 19, 20, 2, 1, 12, 1, 1] => QQFieldElem[1//8, 1//4, 1//8, 1//8],
	[18, 12, 19, 19, 17, 1, 1, 20, 1, 1] => QQFieldElem[0, 0, 0, 0],
	[18, 12, 19, 19, 18, 1, 1, 20, 1, 2] => QQFieldElem[0, 0, 0, 0],
	[18, 12, 19, 19, 20, 1, 1, 20, 1, 1] => QQFieldElem[1//16, 0, 0, -1//16],
	[18, 12, 19, 19, 17, 1, 1, 18, 1, 1] => QQFieldElem[0, -1//16, 1//8, -1//16],
	[18, 12, 19, 19, 19, 1, 1, 20, 1, 2] => QQFieldElem[3//16, 1//8, 1//8, 3//16],
	[18, 12, 19, 19, 11, 1, 1, 20, 1, 2] => QQFieldElem[0, 0, 0, 0])