Dict(
	[18, 9, 14, 17, 4, 1, 1, 14, 1, 1] => QQFieldElem[1, 2, 2, 1],
	[18, 9, 14, 17, 18, 1, 1, 14, 1, 1] => QQFieldElem[0, -1//4, -1//4, 0],
	[18, 9, 14, 17, 4, 1, 1, 13, 1, 1] => QQFieldElem[2, -2, -6, -4],
	[18, 9, 14, 17, 20, 1, 1, 22, 1, 1] => QQFieldElem[1, 3//4, -1//4, -3//4],
	[18, 9, 14, 17, 18, 1, 1, 13, 1, 1] => QQFieldElem[-1//4, 1//4, 3//4, 1//2],
	[18, 9, 14, 17, 7, 1, 1, 14, 1, 1] => QQFieldElem[-3//10, -7//20, -3//20, 1//20],
	[18, 9, 14, 17, 7, 1, 1, 13, 1, 1] => QQFieldElem[1//2, 1, 1, 1//2],
	[18, 9, 14, 17, 20, 1, 1, 10, 1, 1] => QQFieldElem[1//2, 5//2, 7//2, 2],
	[18, 9, 14, 17, 4, 1, 1, 22, 1, 1] => QQFieldElem[4, 4, 2, 0],
	[18, 9, 14, 17, 18, 1, 1, 22, 1, 1] => QQFieldElem[-1//2, -1//2, -1//4, 0],
	[18, 9, 14, 17, 7, 1, 1, 22, 1, 1] => QQFieldElem[-1//2, 0, 1//2, 1//2],
	[18, 9, 14, 17, 4, 1, 1, 10, 1, 1] => QQFieldElem[-2, 4, 10, 8],
	[18, 9, 14, 17, 18, 1, 1, 10, 1, 1] => QQFieldElem[1//2, -1//2, -3//2, -1],
	[18, 9, 14, 17, 20, 1, 1, 14, 1, 1] => QQFieldElem[9//20, 9//10, 3//5, 1//20],
	[18, 9, 14, 17, 20, 1, 1, 13, 1, 1] => QQFieldElem[-1//4, -5//4, -7//4, -1],
	[18, 9, 14, 17, 7, 1, 1, 10, 1, 1] => QQFieldElem[-1//2, -3//2, -3//2, -1//2])