Dict(
	[18, 20, 11, 18, 20, 1, 1, 17, 1, 1] => QQFieldElem[1, 3//2, 3//2, 1],
	[18, 20, 11, 18, 12, 1, 1, 17, 1, 1] => QQFieldElem[-3//2, -2, -3//2, 0],
	[18, 20, 11, 18, 6, 1, 1, 17, 1, 1] => QQFieldElem[1, 0, -1, -1],
	[18, 20, 11, 18, 8, 1, 1, 19, 1, 1] => QQFieldElem[0, 0, -1//2, -1//2],
	[18, 20, 11, 18, 19, 1, 1, 19, 2, 1] => QQFieldElem[0, -1, -1, -1//2],
	[18, 20, 11, 18, 20, 1, 1, 11, 1, 1] => QQFieldElem[-1//2, -3//2, -2, -1],
	[18, 20, 11, 18, 12, 1, 1, 11, 1, 1] => QQFieldElem[3//2, 3, 5//2, 1//2],
	[18, 20, 11, 18, 19, 1, 1, 20, 1, 1] => QQFieldElem[0, 0, 0, 0],
	[18, 20, 11, 18, 6, 1, 1, 11, 1, 1] => QQFieldElem[-4//5, -3//5, 3//5, 4//5],
	[18, 20, 11, 18, 17, 1, 1, 19, 1, 1] => QQFieldElem[0, 0, 0, 0],
	[18, 20, 11, 18, 8, 1, 1, 19, 2, 1] => QQFieldElem[-1//2, -1//2, -1//2, -1//2],
	[18, 20, 11, 18, 19, 1, 1, 18, 1, 1] => QQFieldElem[0, 0, 0, 0],
	[18, 20, 11, 18, 8, 1, 1, 20, 1, 1] => QQFieldElem[-2, -7//2, -2, 0],
	[18, 20, 11, 18, 20, 1, 1, 19, 1, 1] => QQFieldElem[-1, -1, 0, 0],
	[18, 20, 11, 18, 12, 1, 1, 19, 1, 1] => QQFieldElem[-2//5, 1//5, -1//5, 2//5],
	[18, 20, 11, 18, 19, 1, 1, 17, 1, 1] => QQFieldElem[0, 0, 0, 0],
	[18, 20, 11, 18, 17, 1, 1, 19, 2, 1] => QQFieldElem[1//2, 1//2, -1//2, -1//2],
	[18, 20, 11, 18, 6, 1, 1, 19, 1, 1] => QQFieldElem[0, 0, 0, 0],
	[18, 20, 11, 18, 8, 1, 1, 18, 1, 1] => QQFieldElem[-2, -3, -1, 1],
	[18, 20, 11, 18, 19, 1, 1, 11, 1, 1] => QQFieldElem[0, 0, 0, 0],
	[18, 20, 11, 18, 17, 1, 1, 20, 1, 1] => QQFieldElem[0, -1//2, -3//2, -1//2],
	[18, 20, 11, 18, 8, 1, 1, 17, 1, 1] => QQFieldElem[3//2, 2, 3//2, 0],
	[18, 20, 11, 18, 20, 1, 1, 19, 2, 1] => QQFieldElem[0, 0, 0, 0],
	[18, 20, 11, 18, 12, 1, 1, 19, 2, 1] => QQFieldElem[0, 0, 0, 0],
	[18, 20, 11, 18, 6, 1, 1, 19, 2, 1] => QQFieldElem[0, 0, -1//2, -1//2],
	[18, 20, 11, 18, 17, 1, 1, 18, 1, 1] => QQFieldElem[0, -2, -2, -1],
	[18, 20, 11, 18, 12, 1, 1, 20, 1, 1] => QQFieldElem[2, 7//2, 2, 0],
	[18, 20, 11, 18, 20, 1, 1, 20, 1, 1] => QQFieldElem[-1, -3//2, -3//2, -1],
	[18, 20, 11, 18, 6, 1, 1, 20, 1, 1] => QQFieldElem[0, 0, 1, 1],
	[18, 20, 11, 18, 8, 1, 1, 11, 1, 1] => QQFieldElem[-3//2, -3, -5//2, -1//2],
	[18, 20, 11, 18, 17, 1, 1, 17, 1, 1] => QQFieldElem[0, 1//2, 3//2, 1//2],
	[18, 20, 11, 18, 19, 1, 1, 19, 1, 1] => QQFieldElem[1//2, 1//2, -1//2, -1//2],
	[18, 20, 11, 18, 20, 1, 1, 18, 1, 1] => QQFieldElem[-1, -2, -1, -1],
	[18, 20, 11, 18, 12, 1, 1, 18, 1, 1] => QQFieldElem[2, 3, 1, -1],
	[18, 20, 11, 18, 17, 1, 1, 11, 1, 1] => QQFieldElem[0, -1//2, -1, -1],
	[18, 20, 11, 18, 6, 1, 1, 18, 1, 1] => QQFieldElem[-4//5, 2//5, 8//5, 4//5])