Dict(
	[18, 17, 17, 12, 19, 1, 1, 20, 1, 1] => QQFieldElem[0, 0, 1, 1],
	[18, 17, 17, 12, 17, 1, 1, 19, 1, 1] => QQFieldElem[0, -1, -3, -1],
	[18, 17, 17, 12, 17, 1, 1, 12, 1, 1] => QQFieldElem[-2, -6, -2, 0],
	[18, 17, 17, 12, 19, 1, 1, 18, 1, 1] => QQFieldElem[0, 3//5, 4//5, 3//5],
	[18, 17, 17, 12, 20, 1, 1, 19, 1, 1] => QQFieldElem[0, 0, 1, 1],
	[18, 17, 17, 12, 20, 1, 1, 12, 1, 1] => QQFieldElem[2, 4, 4, 2],
	[18, 17, 17, 12, 12, 1, 1, 12, 1, 1] => QQFieldElem[6, 8, 6, 0],
	[18, 17, 17, 12, 12, 1, 1, 19, 1, 1] => QQFieldElem[0, 1, 3, 1],
	[18, 17, 17, 12, 17, 1, 1, 20, 1, 1] => QQFieldElem[1, 1, 0, -2],
	[18, 17, 17, 12, 20, 1, 1, 20, 1, 1] => QQFieldElem[-1, -2, -1, 0],
	[18, 17, 17, 12, 12, 1, 1, 20, 1, 1] => QQFieldElem[-1, -1, 0, 2],
	[18, 17, 17, 12, 17, 1, 1, 18, 1, 1] => QQFieldElem[1, 0, -1, -1],
	[18, 17, 17, 12, 19, 1, 1, 19, 1, 1] => QQFieldElem[1, 2, 2, 1],
	[18, 17, 17, 12, 19, 1, 1, 12, 1, 1] => QQFieldElem[2, 2, 0, -2],
	[18, 17, 17, 12, 20, 1, 1, 18, 1, 1] => QQFieldElem[-3//5, -3//5, 0, 1//5],
	[18, 17, 17, 12, 12, 1, 1, 18, 1, 1] => QQFieldElem[0, 0, 1, 1])