Dict(
	[18, 21, 8, 21, 22, 1, 1, 16, 1, 1] => QQFieldElem[0, -1//2, -1//2, -1//4],
	[18, 21, 8, 21, 16, 1, 1, 16, 1, 1] => QQFieldElem[-1, -1, 0, 0],
	[18, 21, 8, 21, 21, 2, 1, 16, 1, 1] => QQFieldElem[1//2, 1//2, -1//2, -1//2],
	[18, 21, 8, 21, 22, 1, 1, 14, 1, 1] => QQFieldElem[-15//11, -65//22, -30//11, -35//44],
	[18, 21, 8, 21, 16, 1, 1, 14, 1, 1] => QQFieldElem[0, 0, 0, 0],
	[18, 21, 8, 21, 21, 2, 1, 14, 1, 1] => QQFieldElem[-3//22, -1//22, 5//22, 1//22],
	[18, 21, 8, 21, 22, 2, 1, 21, 1, 1] => QQFieldElem[1, 1, 1//2, -1//2],
	[18, 21, 8, 21, 21, 1, 1, 21, 1, 1] => QQFieldElem[1, 2, 3//2, 1//2],
	[18, 21, 8, 21, 22, 2, 1, 22, 1, 1] => QQFieldElem[-1, 0, -1//2, -1//2],
	[18, 21, 8, 21, 21, 1, 1, 22, 1, 1] => QQFieldElem[-1, 0, 3//2, 3//2],
	[18, 21, 8, 21, 14, 1, 1, 21, 1, 1] => QQFieldElem[-1//5, -2//5, -8//5, -4//5],
	[18, 21, 8, 21, 22, 2, 1, 21, 2, 1] => QQFieldElem[-1, -3, -7//2, -5//2],
	[18, 21, 8, 21, 14, 1, 1, 22, 1, 1] => QQFieldElem[-1, 0, 0, -2],
	[18, 21, 8, 21, 21, 1, 1, 21, 2, 1] => QQFieldElem[1//2, 5//2, 5//2, 1//2],
	[18, 21, 8, 21, 22, 2, 1, 22, 2, 1] => QQFieldElem[1, 0, -1//2, -1//2],
	[18, 21, 8, 21, 21, 1, 1, 22, 2, 1] => QQFieldElem[-1//2, -1//2, 1//2, -1//2],
	[18, 21, 8, 21, 14, 1, 1, 21, 2, 1] => QQFieldElem[-1, 0, 0, 0],
	[18, 21, 8, 21, 14, 1, 1, 22, 2, 1] => QQFieldElem[3//5, 6//5, 4//5, 2//5],
	[18, 21, 8, 21, 22, 2, 1, 16, 1, 1] => QQFieldElem[1//2, 1//2, -1//2, -1//2],
	[18, 21, 8, 21, 21, 1, 1, 16, 1, 1] => QQFieldElem[1//2, -1, -2, -5//4],
	[18, 21, 8, 21, 14, 1, 1, 16, 1, 1] => QQFieldElem[0, 0, 0, 0],
	[18, 21, 8, 21, 22, 2, 1, 14, 1, 1] => QQFieldElem[17//22, -9//22, -43//22, -35//22],
	[18, 21, 8, 21, 21, 1, 1, 14, 1, 1] => QQFieldElem[9//22, 7//11, 7//22, 5//44],
	[18, 21, 8, 21, 14, 1, 1, 14, 1, 1] => QQFieldElem[-7//11, 5//11, 8//11, 6//11],
	[18, 21, 8, 21, 22, 1, 1, 21, 1, 1] => QQFieldElem[5//4, 1, -1, -5//4],
	[18, 21, 8, 21, 22, 1, 1, 22, 1, 1] => QQFieldElem[3//4, 1//2, 1//2, 3//4],
	[18, 21, 8, 21, 16, 1, 1, 21, 1, 1] => QQFieldElem[0, -1, -3//2, -1//2],
	[18, 21, 8, 21, 21, 2, 1, 21, 1, 1] => QQFieldElem[-1, 0, 1, 0],
	[18, 21, 8, 21, 22, 1, 1, 21, 2, 1] => QQFieldElem[-9//4, -3, -1, 5//4],
	[18, 21, 8, 21, 16, 1, 1, 22, 1, 1] => QQFieldElem[0, -1, 1//2, 1//2],
	[18, 21, 8, 21, 21, 2, 1, 22, 1, 1] => QQFieldElem[-1, -2, -1, 0],
	[18, 21, 8, 21, 22, 1, 1, 22, 2, 1] => QQFieldElem[-3//4, -3//2, -3//2, -3//4],
	[18, 21, 8, 21, 16, 1, 1, 21, 2, 1] => QQFieldElem[-1//5, -2//5, -3//5, -4//5],
	[18, 21, 8, 21, 21, 2, 1, 21, 2, 1] => QQFieldElem[-3//2, -3//2, -3//2, -1//2],
	[18, 21, 8, 21, 16, 1, 1, 22, 2, 1] => QQFieldElem[-1, 0, -1, 0],
	[18, 21, 8, 21, 21, 2, 1, 22, 2, 1] => QQFieldElem[-1//10, 3//10, -3//10, 1//10])