Dict(
	[18, 22, 18, 21, 15, 1, 1, 22, 2, 1] => QQFieldElem[2, 0, -2, -2],
	[18, 22, 18, 21, 21, 1, 1, 16, 1, 1] => QQFieldElem[-3//22, 9//44, 5//22, 1//22],
	[18, 22, 18, 21, 22, 2, 1, 16, 1, 1] => QQFieldElem[-19//44, -5//22, 17//44, 8//11],
	[18, 22, 18, 21, 21, 2, 2, 16, 1, 1] => QQFieldElem[6//11, 24//11, 57//22, 9//11],
	[18, 22, 18, 21, 14, 1, 1, 16, 1, 1] => QQFieldElem[-15//22, -8//11, -4//11, 5//22],
	[18, 22, 18, 21, 22, 1, 2, 14, 1, 1] => QQFieldElem[-8//11, -31//22, -53//44, -12//11],
	[18, 22, 18, 21, 22, 1, 2, 13, 1, 1] => QQFieldElem[15//22, 31//22, 7//22, 9//44],
	[18, 22, 18, 21, 13, 1, 1, 21, 1, 1] => QQFieldElem[-6//5, -42//5, -58//5, -34//5],
	[18, 22, 18, 21, 22, 2, 1, 14, 1, 1] => QQFieldElem[-79//44, -35//11, -125//44, -9//11],
	[18, 22, 18, 21, 21, 1, 1, 14, 1, 1] => QQFieldElem[0, 0, 0, 0],
	[18, 22, 18, 21, 15, 1, 1, 15, 1, 1] => QQFieldElem[41//22, 20//11, 3//22, -12//11],
	[18, 22, 18, 21, 13, 1, 1, 22, 1, 1] => QQFieldElem[2, 14//5, 2//5, -6//5],
	[18, 22, 18, 21, 21, 2, 2, 14, 1, 1] => QQFieldElem[1//11, 4//11, -7//22, -4//11],
	[18, 22, 18, 21, 22, 2, 1, 13, 1, 1] => QQFieldElem[-9//11, -125//44, -35//11, -79//44],
	[18, 22, 18, 21, 21, 1, 1, 13, 1, 1] => QQFieldElem[0, 0, 0, 0],
	[18, 22, 18, 21, 14, 1, 1, 14, 1, 1] => QQFieldElem[1//22, -20//11, -32//11, -37//22],
	[18, 22, 18, 21, 21, 2, 2, 13, 1, 1] => QQFieldElem[-3//11, -4//11, -8//11, -15//22],
	[18, 22, 18, 21, 13, 1, 1, 21, 2, 1] => QQFieldElem[-24//5, -8//5, 28//5, 34//5],
	[18, 22, 18, 21, 14, 1, 1, 13, 1, 1] => QQFieldElem[0, 0, 0, 0],
	[18, 22, 18, 21, 22, 1, 1, 21, 1, 1] => QQFieldElem[1//2, 0, -2, -2],
	[18, 22, 18, 21, 15, 1, 1, 16, 1, 1] => QQFieldElem[0, 0, 0, 0],
	[18, 22, 18, 21, 13, 1, 1, 22, 2, 1] => QQFieldElem[8//5, 4, 16//5, 6//5],
	[18, 22, 18, 21, 22, 2, 2, 21, 1, 1] => QQFieldElem[0, 0, 0, 0],
	[18, 22, 18, 21, 22, 1, 1, 22, 1, 1] => QQFieldElem[-1//2, 0, -1, -1],
	[18, 22, 18, 21, 21, 1, 2, 21, 1, 1] => QQFieldElem[-2, 0, 7//2, 7//2],
	[18, 22, 18, 21, 22, 2, 2, 22, 1, 1] => QQFieldElem[0, 0, 0, 0],
	[18, 22, 18, 21, 21, 1, 2, 22, 1, 1] => QQFieldElem[-1, 0, 1//2, 1//2],
	[18, 22, 18, 21, 16, 1, 1, 21, 1, 1] => QQFieldElem[15, 11, -6, -13],
	[18, 22, 18, 21, 21, 2, 1, 21, 1, 1] => QQFieldElem[4, 11, 11, 4],
	[18, 22, 18, 21, 22, 1, 1, 21, 2, 1] => QQFieldElem[7, 6, -2, -6],
	[18, 22, 18, 21, 16, 1, 1, 22, 1, 1] => QQFieldElem[1//5, 3//5, 6//5, 1],
	[18, 22, 18, 21, 21, 2, 1, 22, 1, 1] => QQFieldElem[0, 0, 0, 0],
	[18, 22, 18, 21, 22, 1, 1, 22, 2, 1] => QQFieldElem[4//5, 8//5, 2//5, 1//5],
	[18, 22, 18, 21, 21, 1, 2, 21, 2, 1] => QQFieldElem[4, 0, -15//2, -15//2],
	[18, 22, 18, 21, 22, 2, 2, 21, 2, 1] => QQFieldElem[-29//5, -18//5, 13//5, 24//5],
	[18, 22, 18, 21, 22, 2, 2, 22, 2, 1] => QQFieldElem[0, 0, 0, 0],
	[18, 22, 18, 21, 21, 1, 2, 22, 2, 1] => QQFieldElem[1, 0, 3//2, 3//2],
	[18, 22, 18, 21, 16, 1, 1, 21, 2, 1] => QQFieldElem[4, -11, -24, -17],
	[18, 22, 18, 21, 21, 2, 1, 21, 2, 1] => QQFieldElem[-15, -39, -39, -15],
	[18, 22, 18, 21, 16, 1, 1, 22, 2, 1] => QQFieldElem[-2//5, -3//5, 2//5, 3//5],
	[18, 22, 18, 21, 21, 2, 1, 22, 2, 1] => QQFieldElem[1, 2, 2, 1],
	[18, 22, 18, 21, 15, 1, 1, 14, 1, 1] => QQFieldElem[0, 0, 0, 0],
	[18, 22, 18, 21, 13, 1, 1, 15, 1, 1] => QQFieldElem[1//22, 8//11, 21//22, 4//11],
	[18, 22, 18, 21, 22, 1, 2, 21, 1, 2] => QQFieldElem[0, 0, 0, 0],
	[18, 22, 18, 21, 15, 1, 1, 13, 1, 1] => QQFieldElem[1//22, 8//11, 21//22, 4//11],
	[18, 22, 18, 21, 22, 1, 2, 22, 1, 2] => QQFieldElem[0, 0, 0, 0],
	[18, 22, 18, 21, 22, 2, 1, 21, 1, 2] => QQFieldElem[7//4, 9//2, 9//2, 7//4],
	[18, 22, 18, 21, 21, 1, 1, 21, 1, 2] => QQFieldElem[-3//5, -21//5, -29//5, -17//5],
	[18, 22, 18, 21, 22, 2, 1, 22, 1, 2] => QQFieldElem[-1//4, 0, 0, -1//4],
	[18, 22, 18, 21, 22, 1, 2, 21, 2, 2] => QQFieldElem[2, 0, -3, -3],
	[18, 22, 18, 21, 21, 2, 2, 21, 1, 2] => QQFieldElem[12//5, 6, 24//5, 9//5],
	[18, 22, 18, 21, 21, 1, 1, 22, 1, 2] => QQFieldElem[1//5, -3//5, -7//5, -1//5],
	[18, 22, 18, 21, 14, 1, 1, 21, 1, 2] => QQFieldElem[0, 0, 0, 0],
	[18, 22, 18, 21, 21, 2, 2, 22, 1, 2] => QQFieldElem[2, 4, 4, 1],
	[18, 22, 18, 21, 22, 1, 2, 22, 2, 2] => QQFieldElem[0, 0, 0, 0],
	[18, 22, 18, 21, 22, 1, 1, 15, 1, 1] => QQFieldElem[-3//44, -15//44, 7//22, 9//44],
	[18, 22, 18, 21, 13, 1, 1, 16, 1, 1] => QQFieldElem[0, 0, 0, 0],
	[18, 22, 18, 21, 22, 2, 1, 21, 2, 2] => QQFieldElem[-29//4, -19, -19, -29//4],
	[18, 22, 18, 21, 22, 2, 2, 15, 1, 1] => QQFieldElem[-3//11, -4//11, -8//11, -15//22],
	[18, 22, 18, 21, 14, 1, 1, 22, 1, 2] => QQFieldElem[-2, -2, -2, 0],
	[18, 22, 18, 21, 21, 1, 1, 21, 2, 2] => QQFieldElem[0, 0, 0, 0],
	[18, 22, 18, 21, 21, 1, 2, 15, 1, 1] => QQFieldElem[1//2, -1, -2, -5//4],
	[18, 22, 18, 21, 22, 2, 1, 22, 2, 2] => QQFieldElem[-5//4, -5//2, -5//2, -5//4],
	[18, 22, 18, 21, 21, 2, 2, 21, 2, 2] => QQFieldElem[-4, -6, -4, 0],
	[18, 22, 18, 21, 16, 1, 1, 15, 1, 1] => QQFieldElem[0, 0, 0, 0],
	[18, 22, 18, 21, 21, 1, 1, 22, 2, 2] => QQFieldElem[0, 0, 0, 0],
	[18, 22, 18, 21, 14, 1, 1, 21, 2, 2] => QQFieldElem[-12, -20, -12, 0],
	[18, 22, 18, 21, 21, 2, 2, 22, 2, 2] => QQFieldElem[-4, -6, -4, 0],
	[18, 22, 18, 21, 21, 2, 1, 15, 1, 1] => QQFieldElem[3//22, -3//44, -3//22, -7//44],
	[18, 22, 18, 21, 22, 1, 1, 16, 1, 1] => QQFieldElem[9//44, 7//22, -15//44, -3//44],
	[18, 22, 18, 21, 14, 1, 1, 22, 2, 2] => QQFieldElem[0, 0, 0, 0],
	[18, 22, 18, 21, 22, 2, 2, 16, 1, 1] => QQFieldElem[1//11, 4//11, -7//22, -4//11],
	[18, 22, 18, 21, 21, 1, 2, 16, 1, 1] => QQFieldElem[3//2, 1, -1//4, -1],
	[18, 22, 18, 21, 16, 1, 1, 16, 1, 1] => QQFieldElem[1//22, -20//11, -32//11, -37//22],
	[18, 22, 18, 21, 21, 2, 1, 16, 1, 1] => QQFieldElem[-7//44, -3//22, -3//44, 3//22],
	[18, 22, 18, 21, 13, 1, 1, 14, 1, 1] => QQFieldElem[0, 0, 0, 0],
	[18, 22, 18, 21, 13, 1, 1, 13, 1, 1] => QQFieldElem[41//22, 20//11, 3//22, -12//11],
	[18, 22, 18, 21, 15, 1, 1, 21, 1, 2] => QQFieldElem[0, 0, 0, 0],
	[18, 22, 18, 21, 15, 1, 1, 22, 1, 2] => QQFieldElem[2, 2, 2, 0],
	[18, 22, 18, 21, 22, 1, 1, 14, 1, 1] => QQFieldElem[31//44, 69//44, 51//44, 19//44],
	[18, 22, 18, 21, 22, 2, 2, 14, 1, 1] => QQFieldElem[6//11, 24//11, 57//22, 9//11],
	[18, 22, 18, 21, 21, 1, 2, 14, 1, 1] => QQFieldElem[-4//11, -21//22, -43//44, -6//11],
	[18, 22, 18, 21, 22, 1, 1, 13, 1, 1] => QQFieldElem[19//44, 51//44, 69//44, 31//44],
	[18, 22, 18, 21, 15, 1, 1, 21, 2, 2] => QQFieldElem[0, 0, 0, 0],
	[18, 22, 18, 21, 22, 2, 2, 13, 1, 1] => QQFieldElem[-18//11, -24//11, -15//11, 9//22],
	[18, 22, 18, 21, 21, 1, 2, 13, 1, 1] => QQFieldElem[13//22, 21//22, 9//22, -1//44],
	[18, 22, 18, 21, 15, 1, 1, 22, 2, 2] => QQFieldElem[-4, -4, -4, 0],
	[18, 22, 18, 21, 21, 2, 1, 14, 1, 1] => QQFieldElem[13//44, 2//11, 15//44, 7//22],
	[18, 22, 18, 21, 16, 1, 1, 14, 1, 1] => QQFieldElem[-15//22, -8//11, -4//11, 5//22],
	[18, 22, 18, 21, 16, 1, 1, 13, 1, 1] => QQFieldElem[0, 0, 0, 0],
	[18, 22, 18, 21, 21, 2, 1, 13, 1, 1] => QQFieldElem[7//22, 15//44, 2//11, 13//44],
	[18, 22, 18, 21, 22, 1, 2, 21, 1, 1] => QQFieldElem[0, 0, 0, 0],
	[18, 22, 18, 21, 22, 1, 2, 22, 1, 1] => QQFieldElem[0, 0, 0, 0],
	[18, 22, 18, 21, 22, 2, 1, 21, 1, 1] => QQFieldElem[-2, 0, 7//2, 7//2],
	[18, 22, 18, 21, 21, 1, 1, 21, 1, 1] => QQFieldElem[-7//4, -9//2, -9//2, -7//4],
	[18, 22, 18, 21, 22, 2, 1, 22, 1, 1] => QQFieldElem[-1, 0, 1//2, 1//2],
	[18, 22, 18, 21, 22, 1, 2, 21, 2, 1] => QQFieldElem[-11//5, 18//5, 42//5, 31//5],
	[18, 22, 18, 21, 21, 2, 2, 21, 1, 1] => QQFieldElem[14, 0, -22, -22],
	[18, 22, 18, 21, 21, 1, 1, 22, 1, 1] => QQFieldElem[1//4, 0, 0, 1//4],
	[18, 22, 18, 21, 14, 1, 1, 21, 1, 1] => QQFieldElem[0, 0, 0, 0],
	[18, 22, 18, 21, 21, 2, 2, 22, 1, 1] => QQFieldElem[0, 0, 0, 0],
	[18, 22, 18, 21, 22, 1, 2, 22, 2, 1] => QQFieldElem[0, 0, 0, 0],
	[18, 22, 18, 21, 13, 1, 1, 21, 1, 2] => QQFieldElem[10, 58//5, 14//5, -22//5],
	[18, 22, 18, 21, 22, 2, 1, 21, 2, 1] => QQFieldElem[1, -6, -12, -8],
	[18, 22, 18, 21, 21, 1, 1, 21, 2, 1] => QQFieldElem[29//4, 37//2, 37//2, 29//4],
	[18, 22, 18, 21, 14, 1, 1, 22, 1, 1] => QQFieldElem[1, 0, 0, 0],
	[18, 22, 18, 21, 13, 1, 1, 22, 1, 2] => QQFieldElem[2//5, -6//5, -14//5, -2//5],
	[18, 22, 18, 21, 22, 2, 1, 22, 2, 1] => QQFieldElem[-4//5, -8//5, -7//5, -6//5],
	[18, 22, 18, 21, 21, 2, 2, 21, 2, 1] => QQFieldElem[-10, 0, 16, 16],
	[18, 22, 18, 21, 21, 1, 1, 22, 2, 1] => QQFieldElem[-3//4, -1, -1, -3//4],
	[18, 22, 18, 21, 14, 1, 1, 21, 2, 1] => QQFieldElem[2, 0, -4, -4],
	[18, 22, 18, 21, 21, 2, 2, 22, 2, 1] => QQFieldElem[0, 0, -2, -2],
	[18, 22, 18, 21, 13, 1, 1, 21, 2, 2] => QQFieldElem[36//5, 16, 72//5, 22//5],
	[18, 22, 18, 21, 14, 1, 1, 22, 2, 1] => QQFieldElem[0, 0, 0, 0],
	[18, 22, 18, 21, 13, 1, 1, 22, 2, 2] => QQFieldElem[-12//5, -4//5, 4//5, 2//5],
	[18, 22, 18, 21, 22, 1, 1, 21, 1, 2] => QQFieldElem[-3//4, -7//4, -7//4, -3//4],
	[18, 22, 18, 21, 22, 2, 2, 21, 1, 2] => QQFieldElem[4, 0, -7, -7],
	[18, 22, 18, 21, 22, 1, 1, 22, 1, 2] => QQFieldElem[0, 0, 0, 0],
	[18, 22, 18, 21, 21, 1, 2, 21, 1, 2] => QQFieldElem[3, 21//5, 3//5, -9//5],
	[18, 22, 18, 21, 22, 2, 2, 22, 1, 2] => QQFieldElem[0, 0, 0, 0],
	[18, 22, 18, 21, 16, 1, 1, 21, 1, 2] => QQFieldElem[-33//5, 39//5, 116//5, 93//5],
	[18, 22, 18, 21, 21, 1, 2, 22, 1, 2] => QQFieldElem[3, 3, 1, -1],
	[18, 22, 18, 21, 21, 2, 1, 21, 1, 2] => QQFieldElem[-12//5, -4//5, 14//5, 17//5],
	[18, 22, 18, 21, 22, 1, 1, 21, 2, 2] => QQFieldElem[3, 35//4, 35//4, 3],
	[18, 22, 18, 21, 22, 1, 2, 15, 1, 1] => QQFieldElem[3//22, 2//11, 4//11, 15//44],
	[18, 22, 18, 21, 16, 1, 1, 22, 1, 2] => QQFieldElem[-3//5, -1//5, -4//5, 3//5],
	[18, 22, 18, 21, 22, 2, 2, 21, 2, 2] => QQFieldElem[-4, 0, 7, 7],
	[18, 22, 18, 21, 22, 1, 1, 22, 2, 2] => QQFieldElem[1//4, 1, 1, 1//4],
	[18, 22, 18, 21, 15, 1, 1, 21, 1, 1] => QQFieldElem[2, 0, -3, -3],
	[18, 22, 18, 21, 21, 2, 1, 22, 1, 2] => QQFieldElem[-6//5, -2//5, 2//5, 1//5],
	[18, 22, 18, 21, 21, 1, 2, 21, 2, 2] => QQFieldElem[0, 0, 0, 0],
	[18, 22, 18, 21, 22, 2, 1, 15, 1, 1] => QQFieldElem[8//11, 17//44, -5//22, -19//44],
	[18, 22, 18, 21, 22, 2, 2, 22, 2, 2] => QQFieldElem[0, 0, 0, 0],
	[18, 22, 18, 21, 16, 1, 1, 21, 2, 2] => QQFieldElem[-72//5, -39//5, 54//5, 77//5],
	[18, 22, 18, 21, 21, 1, 1, 15, 1, 1] => QQFieldElem[1//22, 5//22, 9//44, -3//22],
	[18, 22, 18, 21, 15, 1, 1, 22, 1, 1] => QQFieldElem[-1, 0, 1, 1],
	[18, 22, 18, 21, 21, 2, 2, 15, 1, 1] => QQFieldElem[-18//11, -24//11, -15//11, 9//22],
	[18, 22, 18, 21, 16, 1, 1, 22, 2, 2] => QQFieldElem[-2//5, 1//5, 4//5, -3//5],
	[18, 22, 18, 21, 21, 1, 2, 22, 2, 2] => QQFieldElem[0, 0, 0, 0],
	[18, 22, 18, 21, 22, 1, 2, 16, 1, 1] => QQFieldElem[-1//22, -2//11, 7//44, 2//11],
	[18, 22, 18, 21, 14, 1, 1, 15, 1, 1] => QQFieldElem[0, 0, 0, 0],
	[18, 22, 18, 21, 21, 2, 1, 22, 2, 2] => QQFieldElem[0, 0, -1//2, -1//2],
	[18, 22, 18, 21, 15, 1, 1, 21, 2, 1] => QQFieldElem[-4, 0, 6, 6],
	[18, 22, 18, 21, 21, 2, 1, 21, 2, 2] => QQFieldElem[1, 0, -3//2, -3//2])