Dict(
	[18, 17, 11, 11, 19, 1, 1, 7, 1, 1] => QQFieldElem[1, 0, -1, -1],
	[18, 17, 11, 11, 17, 1, 1, 8, 1, 1] => QQFieldElem[-2//5, 0, 1//5, 1//5],
	[18, 17, 11, 11, 11, 1, 1, 7, 1, 1] => QQFieldElem[8//5, 0, 6//5, 6//5],
	[18, 17, 11, 11, 17, 1, 1, 18, 1, 1] => QQFieldElem[0, 0, 1, 1],
	[18, 17, 11, 11, 20, 1, 1, 8, 1, 1] => QQFieldElem[3//5, 2//5, 2//5, 3//5],
	[18, 17, 11, 11, 20, 1, 1, 18, 1, 1] => QQFieldElem[0, 0, 0, 0],
	[18, 17, 11, 11, 17, 1, 1, 11, 1, 1] => QQFieldElem[-1, 0, 1, 1],
	[18, 17, 11, 11, 18, 1, 1, 2, 1, 1] => QQFieldElem[0, 4, 7, 4],
	[18, 17, 11, 11, 19, 1, 1, 2, 1, 1] => QQFieldElem[0, -10, -15, -10],
	[18, 17, 11, 11, 17, 1, 1, 7, 1, 1] => QQFieldElem[-2//5, 0, 1//5, 1//5],
	[18, 17, 11, 11, 11, 1, 1, 2, 1, 1] => QQFieldElem[0, 2, 6, 2],
	[18, 17, 11, 11, 20, 1, 1, 11, 1, 1] => QQFieldElem[0, 0, 0, 0],
	[18, 17, 11, 11, 18, 1, 1, 8, 1, 1] => QQFieldElem[-2//5, 0, 1//5, 1//5],
	[18, 17, 11, 11, 20, 1, 1, 7, 1, 1] => QQFieldElem[-3//5, -2//5, -2//5, -3//5],
	[18, 17, 11, 11, 18, 1, 1, 18, 1, 1] => QQFieldElem[-1, 0, 1, 1],
	[18, 17, 11, 11, 19, 1, 1, 8, 1, 1] => QQFieldElem[1, 0, -1, -1],
	[18, 17, 11, 11, 11, 1, 1, 8, 1, 1] => QQFieldElem[8//5, 0, 6//5, 6//5],
	[18, 17, 11, 11, 19, 1, 1, 18, 1, 1] => QQFieldElem[1, 0, -3, -3],
	[18, 17, 11, 11, 11, 1, 1, 18, 1, 1] => QQFieldElem[2, 0, 2, 2],
	[18, 17, 11, 11, 17, 1, 1, 2, 1, 1] => QQFieldElem[0, 4, 7, 4],
	[18, 17, 11, 11, 18, 1, 1, 11, 1, 1] => QQFieldElem[0, 0, 1, 1],
	[18, 17, 11, 11, 19, 1, 1, 11, 1, 1] => QQFieldElem[1, 0, -3, -3],
	[18, 17, 11, 11, 11, 1, 1, 11, 1, 1] => QQFieldElem[2, 0, 2, 2],
	[18, 17, 11, 11, 18, 1, 1, 7, 1, 1] => QQFieldElem[-2//5, 0, 1//5, 1//5],
	[18, 17, 11, 11, 20, 1, 1, 2, 1, 1] => QQFieldElem[0, 0, 0, 0])