Dict(
	[18, 17, 11, 20, 19, 2, 1, 20, 1, 1] => QQFieldElem[0, 0, 0, 0],
	[18, 17, 11, 20, 19, 1, 1, 8, 1, 1] => QQFieldElem[0, 0, -1, -1],
	[18, 17, 11, 20, 11, 1, 1, 8, 1, 1] => QQFieldElem[-8//5, 4//5, -4//5, 8//5],
	[18, 17, 11, 20, 18, 1, 1, 18, 1, 1] => QQFieldElem[0, 4, 4, 0],
	[18, 17, 11, 20, 19, 1, 1, 18, 1, 1] => QQFieldElem[0, 0, 0, 0],
	[18, 17, 11, 20, 11, 1, 1, 18, 1, 1] => QQFieldElem[32//5, 24//5, 16//5, 8//5],
	[18, 17, 11, 20, 19, 2, 1, 8, 1, 1] => QQFieldElem[-2//5, 1//5, -1//5, 2//5],
	[18, 17, 11, 20, 20, 1, 1, 3, 1, 1] => QQFieldElem[0, 0, 1, 1],
	[18, 17, 11, 20, 20, 1, 1, 19, 1, 1] => QQFieldElem[4//5, 8//5, 7//5, 1//5],
	[18, 17, 11, 20, 20, 1, 1, 12, 1, 1] => QQFieldElem[2//5, 3//5, 3//5, 2//5],
	[18, 17, 11, 20, 19, 2, 1, 18, 1, 1] => QQFieldElem[0, 0, 0, 0],
	[18, 17, 11, 20, 17, 1, 1, 20, 1, 1] => QQFieldElem[6//5, 8//5, 6//5, 0],
	[18, 17, 11, 20, 17, 1, 1, 8, 1, 1] => QQFieldElem[-1//5, 1//5, 1//5, -1//5],
	[18, 17, 11, 20, 20, 1, 1, 20, 1, 1] => QQFieldElem[-6//5, -8//5, -6//5, 0],
	[18, 17, 11, 20, 18, 1, 1, 3, 1, 1] => QQFieldElem[0, 4, 2, 4],
	[18, 17, 11, 20, 17, 1, 1, 18, 1, 1] => QQFieldElem[0, -6//5, -8//5, -6//5],
	[18, 17, 11, 20, 18, 1, 1, 19, 1, 1] => QQFieldElem[4, 4, 2, 0],
	[18, 17, 11, 20, 18, 1, 1, 12, 1, 1] => QQFieldElem[2, 0, 2, 0],
	[18, 17, 11, 20, 19, 1, 1, 3, 1, 1] => QQFieldElem[0, 0, 0, 0],
	[18, 17, 11, 20, 11, 1, 1, 3, 1, 1] => QQFieldElem[4, 8, 4, 4],
	[18, 17, 11, 20, 20, 1, 1, 8, 1, 1] => QQFieldElem[-2//5, -3//5, -3//5, -2//5],
	[18, 17, 11, 20, 11, 1, 1, 19, 1, 1] => QQFieldElem[0, 0, -4, -4],
	[18, 17, 11, 20, 11, 1, 1, 12, 1, 1] => QQFieldElem[8//5, -4//5, 4//5, -8//5],
	[18, 17, 11, 20, 20, 1, 1, 18, 1, 1] => QQFieldElem[0, 6//5, 8//5, 6//5],
	[18, 17, 11, 20, 19, 1, 1, 12, 1, 1] => QQFieldElem[0, 0, -1, -1],
	[18, 17, 11, 20, 19, 2, 1, 3, 1, 1] => QQFieldElem[0, 0, 0, 0],
	[18, 17, 11, 20, 19, 1, 1, 19, 1, 1] => QQFieldElem[1, 1, -1, -1],
	[18, 17, 11, 20, 19, 2, 1, 12, 1, 1] => QQFieldElem[-2//5, 1//5, -1//5, 2//5],
	[18, 17, 11, 20, 19, 2, 1, 19, 1, 1] => QQFieldElem[-1, -1, 0, 0],
	[18, 17, 11, 20, 18, 1, 1, 20, 1, 1] => QQFieldElem[0, 0, 0, 4],
	[18, 17, 11, 20, 19, 1, 1, 20, 1, 1] => QQFieldElem[0, 0, 0, 0],
	[18, 17, 11, 20, 11, 1, 1, 20, 1, 1] => QQFieldElem[-16//5, 8//5, 32//5, 16//5],
	[18, 17, 11, 20, 17, 1, 1, 3, 1, 1] => QQFieldElem[1, 0, -1, -1],
	[18, 17, 11, 20, 18, 1, 1, 8, 1, 1] => QQFieldElem[-2, 0, -2, 0],
	[18, 17, 11, 20, 17, 1, 1, 19, 1, 1] => QQFieldElem[-4//5, -8//5, -7//5, -1//5],
	[18, 17, 11, 20, 17, 1, 1, 12, 1, 1] => QQFieldElem[1//5, -1//5, -1//5, 1//5])