Dict(
	[18, 20, 10, 21, 22, 2, 1, 11, 1, 1] => QQFieldElem[6//11, 2//11, 1//11, 7//22],
	[18, 20, 10, 21, 21, 1, 1, 11, 1, 1] => QQFieldElem[7//11, 17//11, 14//11, 5//11],
	[18, 20, 10, 21, 16, 1, 1, 11, 1, 1] => QQFieldElem[6//11, 2//11, 1//11, 9//11],
	[18, 20, 10, 21, 21, 2, 1, 11, 1, 1] => QQFieldElem[1//22, -7//22, -10//11, -2//11],
	[18, 20, 10, 21, 14, 1, 1, 11, 1, 1] => QQFieldElem[-3//11, -1//11, -6//11, 1//11],
	[18, 20, 10, 21, 22, 1, 1, 19, 1, 1] => QQFieldElem[6//5, 2//5, -2//5, -6//5],
	[18, 20, 10, 21, 22, 1, 1, 12, 1, 1] => QQFieldElem[-1, 0, 0, 0],
	[18, 20, 10, 21, 22, 2, 1, 19, 1, 1] => QQFieldElem[0, 0, 0, 1],
	[18, 20, 10, 21, 21, 1, 1, 19, 1, 1] => QQFieldElem[0, 0, 1, 1],
	[18, 20, 10, 21, 21, 1, 1, 12, 1, 1] => QQFieldElem[1, 1, 0, -1],
	[18, 20, 10, 21, 22, 2, 1, 12, 1, 1] => QQFieldElem[0, -1, -1, -1//2],
	[18, 20, 10, 21, 16, 1, 1, 19, 1, 1] => QQFieldElem[2, 4, 4, 1],
	[18, 20, 10, 21, 16, 1, 1, 12, 1, 1] => QQFieldElem[0, 0, 1, 1],
	[18, 20, 10, 21, 21, 2, 1, 19, 1, 1] => QQFieldElem[3//2, 1//2, -1, -1],
	[18, 20, 10, 21, 22, 1, 1, 19, 2, 1] => QQFieldElem[0, 0, 0, 0],
	[18, 20, 10, 21, 21, 2, 1, 12, 1, 1] => QQFieldElem[-3//2, -3//2, -1, -1],
	[18, 20, 10, 21, 14, 1, 1, 12, 1, 1] => QQFieldElem[-1, -1, 0, 1],
	[18, 20, 10, 21, 14, 1, 1, 19, 1, 1] => QQFieldElem[-2, -4, -4, -2],
	[18, 20, 10, 21, 22, 1, 1, 20, 1, 1] => QQFieldElem[-2//5, -4//5, -1//5, -3//5],
	[18, 20, 10, 21, 21, 1, 1, 19, 2, 1] => QQFieldElem[-6//5, -2//5, 2//5, 6//5],
	[18, 20, 10, 21, 22, 2, 1, 19, 2, 1] => QQFieldElem[-2, -1, -1, -2],
	[18, 20, 10, 21, 16, 1, 1, 19, 2, 1] => QQFieldElem[-1//2, -3//2, -5//2, -1//2],
	[18, 20, 10, 21, 22, 2, 1, 20, 1, 1] => QQFieldElem[-1//2, -1//2, 0, -1],
	[18, 20, 10, 21, 21, 2, 1, 19, 2, 1] => QQFieldElem[6//5, 2//5, -2//5, 4//5],
	[18, 20, 10, 21, 21, 1, 1, 20, 1, 1] => QQFieldElem[2//5, 4//5, 6//5, 3//5],
	[18, 20, 10, 21, 14, 1, 1, 19, 2, 1] => QQFieldElem[-1, -2, 0, 0],
	[18, 20, 10, 21, 16, 1, 1, 20, 1, 1] => QQFieldElem[1//5, 2//5, -2//5, 4//5],
	[18, 20, 10, 21, 22, 1, 1, 18, 1, 1] => QQFieldElem[0, 0, 0, 0],
	[18, 20, 10, 21, 21, 2, 1, 20, 1, 1] => QQFieldElem[1//2, 1//2, -1//2, 1//2],
	[18, 20, 10, 21, 14, 1, 1, 20, 1, 1] => QQFieldElem[0, 0, 0, 0],
	[18, 20, 10, 21, 22, 2, 1, 18, 1, 1] => QQFieldElem[0, -1, -1, 0],
	[18, 20, 10, 21, 21, 1, 1, 18, 1, 1] => QQFieldElem[6//5, 2//5, -2//5, -6//5],
	[18, 20, 10, 21, 16, 1, 1, 18, 1, 1] => QQFieldElem[-6//5, -2//5, 2//5, -4//5],
	[18, 20, 10, 21, 21, 2, 1, 18, 1, 1] => QQFieldElem[0, 0, 0, 1],
	[18, 20, 10, 21, 22, 1, 1, 11, 1, 1] => QQFieldElem[-1//11, -4//11, -2//11, 4//11],
	[18, 20, 10, 21, 14, 1, 1, 18, 1, 1] => QQFieldElem[-6//5, -2//5, 2//5, 6//5])