Dict(
	[19, 20, 20, 18, 18, 1, 1, 19, 1, 1] => QQFieldElem[-1//10, -1//5, -1//20, 1//10],
	[19, 20, 20, 18, 17, 1, 1, 20, 2, 1] => QQFieldElem[-2, 0, 4, 4],
	[19, 20, 20, 18, 8, 1, 2, 17, 2, 1] => QQFieldElem[1, 2, 2, 1],
	[19, 20, 20, 18, 17, 1, 1, 19, 1, 2] => QQFieldElem[1//10, 1//5, 1//20, -1//10],
	[19, 20, 20, 18, 8, 1, 1, 19, 2, 2] => QQFieldElem[-1//2, -3//2, -3//2, -1],
	[19, 20, 20, 18, 6, 1, 1, 18, 1, 1] => QQFieldElem[0, 0, -1//2, -1//2],
	[19, 20, 20, 18, 18, 1, 1, 19, 2, 1] => QQFieldElem[0, 0, 0, 0],
	[19, 20, 20, 18, 6, 1, 1, 17, 1, 1] => QQFieldElem[1//2, 1//2, 0, -1//2],
	[19, 20, 20, 18, 17, 1, 1, 19, 2, 2] => QQFieldElem[0, 0, 0, 0],
	[19, 20, 20, 18, 6, 1, 1, 18, 2, 1] => QQFieldElem[0, 0, 0, 0],
	[19, 20, 20, 18, 20, 2, 1, 11, 1, 1] => QQFieldElem[-1//2, -1, -1, 0],
	[19, 20, 20, 18, 18, 1, 1, 18, 1, 1] => QQFieldElem[2, 3, 2, 0],
	[19, 20, 20, 18, 6, 1, 1, 17, 2, 1] => QQFieldElem[0, 0, 0, 0],
	[19, 20, 20, 18, 18, 1, 1, 17, 1, 1] => QQFieldElem[1//2, 3//4, 1//4, -1//4],
	[19, 20, 20, 18, 3, 1, 1, 11, 1, 1] => QQFieldElem[2//5, 14//5, 16//5, 8//5],
	[19, 20, 20, 18, 20, 1, 1, 12, 1, 1] => QQFieldElem[2, 4, 2, 2],
	[19, 20, 20, 18, 12, 1, 1, 12, 1, 1] => QQFieldElem[-4//5, -3//5, 3//5, 4//5],
	[19, 20, 20, 18, 18, 1, 1, 18, 2, 1] => QQFieldElem[-8//5, -6//5, 6//5, 8//5],
	[19, 20, 20, 18, 20, 2, 1, 19, 1, 1] => QQFieldElem[-2//5, -8//5, -8//5, -2//5],
	[19, 20, 20, 18, 19, 1, 1, 11, 1, 1] => QQFieldElem[0, 0, 1//2, -1//2],
	[19, 20, 20, 18, 11, 1, 1, 11, 1, 1] => QQFieldElem[0, -1//2, -1, -1//2],
	[19, 20, 20, 18, 18, 1, 1, 17, 2, 1] => QQFieldElem[-1//2, 0, 1//2, 1//2],
	[19, 20, 20, 18, 3, 1, 1, 19, 1, 1] => QQFieldElem[0, 0, 0, 0],
	[19, 20, 20, 18, 20, 1, 1, 20, 1, 1] => QQFieldElem[3//4, 3//2, 1, 1//2],
	[19, 20, 20, 18, 8, 1, 1, 11, 1, 1] => QQFieldElem[-1, -1//2, 1, 3//2],
	[19, 20, 20, 18, 20, 2, 1, 19, 2, 1] => QQFieldElem[-4//5, -8//5, -2//5, 4//5],
	[19, 20, 20, 18, 12, 1, 1, 20, 1, 1] => QQFieldElem[2, 4, 4, 0],
	[19, 20, 20, 18, 19, 1, 2, 12, 1, 1] => QQFieldElem[0, 1, 1, 0],
	[19, 20, 20, 18, 19, 1, 1, 19, 1, 1] => QQFieldElem[0, 1//4, 1//4, 1//4],
	[19, 20, 20, 18, 11, 1, 1, 19, 1, 1] => QQFieldElem[-1//2, -1//2, -1//2, 0],
	[19, 20, 20, 18, 3, 1, 1, 19, 2, 1] => QQFieldElem[0, 0, 0, 0],
	[19, 20, 20, 18, 20, 1, 1, 20, 2, 1] => QQFieldElem[0, -4, -7, -4],
	[19, 20, 20, 18, 17, 1, 1, 11, 1, 1] => QQFieldElem[1//2, -1//2, -3//2, -1],
	[19, 20, 20, 18, 12, 1, 1, 20, 2, 1] => QQFieldElem[0, 0, 0, 0],
	[19, 20, 20, 18, 20, 2, 1, 18, 1, 1] => QQFieldElem[0, 0, 0, 0],
	[19, 20, 20, 18, 20, 1, 1, 19, 1, 2] => QQFieldElem[-1, -1, 0, 1],
	[19, 20, 20, 18, 12, 1, 1, 19, 1, 2] => QQFieldElem[0, 0, 0, 0],
	[19, 20, 20, 18, 8, 1, 1, 19, 1, 1] => QQFieldElem[3//2, 1//2, 0, 1//2],
	[19, 20, 20, 18, 8, 1, 2, 12, 1, 1] => QQFieldElem[-4//5, -3//5, 3//5, 4//5],
	[19, 20, 20, 18, 19, 1, 1, 19, 2, 1] => QQFieldElem[0, 0, 0, 0],
	[19, 20, 20, 18, 20, 2, 1, 17, 1, 1] => QQFieldElem[0, 0, 0, 0],
	[19, 20, 20, 18, 11, 1, 1, 19, 2, 1] => QQFieldElem[-2//5, -4//5, -1//5, 2//5],
	[19, 20, 20, 18, 19, 1, 2, 20, 1, 1] => QQFieldElem[1//2, 0, -1, -1],
	[19, 20, 20, 18, 3, 1, 1, 18, 1, 1] => QQFieldElem[0, 0, 0, 0],
	[19, 20, 20, 18, 20, 2, 1, 18, 2, 1] => QQFieldElem[-1, 0, 1, 0],
	[19, 20, 20, 18, 20, 1, 1, 19, 2, 2] => QQFieldElem[0, 0, 0, 0],
	[19, 20, 20, 18, 12, 1, 1, 19, 2, 2] => QQFieldElem[0, 0, 0, 0],
	[19, 20, 20, 18, 8, 1, 1, 19, 2, 1] => QQFieldElem[0, 0, 0, 0],
	[19, 20, 20, 18, 3, 1, 1, 17, 1, 1] => QQFieldElem[0, 0, 0, 0],
	[19, 20, 20, 18, 17, 1, 1, 19, 1, 1] => QQFieldElem[0, 0, 0, 0],
	[19, 20, 20, 18, 20, 2, 1, 17, 2, 1] => QQFieldElem[0, 1//4, 3//4, 1//4],
	[19, 20, 20, 18, 8, 1, 2, 20, 1, 1] => QQFieldElem[0, 0, 0, 0],
	[19, 20, 20, 18, 19, 1, 1, 18, 1, 1] => QQFieldElem[-2, -3, -2, 0],
	[19, 20, 20, 18, 11, 1, 1, 18, 1, 1] => QQFieldElem[-1, -1, -1//2, 0],
	[19, 20, 20, 18, 19, 1, 2, 20, 2, 1] => QQFieldElem[-1//2, -3//2, -2, -1],
	[19, 20, 20, 18, 3, 1, 1, 18, 2, 1] => QQFieldElem[-8//5, -16//5, -24//5, -12//5],
	[19, 20, 20, 18, 19, 1, 2, 19, 1, 2] => QQFieldElem[0, 0, 0, 0],
	[19, 20, 20, 18, 19, 1, 1, 17, 1, 1] => QQFieldElem[-1//2, -3//4, -1//4, 1//4],
	[19, 20, 20, 18, 11, 1, 1, 17, 1, 1] => QQFieldElem[-1, -2, -3//2, -1//2],
	[19, 20, 20, 18, 17, 1, 1, 19, 2, 1] => QQFieldElem[0, 0, 0, 0],
	[19, 20, 20, 18, 6, 1, 1, 12, 1, 1] => QQFieldElem[-24//5, -28//5, -12//5, 4//5],
	[19, 20, 20, 18, 3, 1, 1, 17, 2, 1] => QQFieldElem[12//5, -16//5, -44//5, -32//5],
	[19, 20, 20, 18, 8, 1, 1, 18, 1, 1] => QQFieldElem[0, 0, -1//2, -1//2],
	[19, 20, 20, 18, 8, 1, 2, 20, 2, 1] => QQFieldElem[1, 2, 1, 0],
	[19, 20, 20, 18, 19, 1, 1, 18, 2, 1] => QQFieldElem[-2, -2, -1, 0],
	[19, 20, 20, 18, 11, 1, 1, 18, 2, 1] => QQFieldElem[0, 0, 1, 1],
	[19, 20, 20, 18, 8, 1, 2, 19, 1, 2] => QQFieldElem[0, 0, 0, 0],
	[19, 20, 20, 18, 8, 1, 1, 17, 1, 1] => QQFieldElem[1//2, 1//2, 0, -1//2],
	[19, 20, 20, 18, 19, 1, 2, 19, 2, 2] => QQFieldElem[2//5, 8//5, 8//5, 2//5],
	[19, 20, 20, 18, 19, 1, 1, 17, 2, 1] => QQFieldElem[-1//4, -1//4, 0, 1//2],
	[19, 20, 20, 18, 11, 1, 1, 17, 2, 1] => QQFieldElem[-1, -1, 0, 1],
	[19, 20, 20, 18, 17, 1, 1, 18, 1, 1] => QQFieldElem[16//5, 12//5, -12//5, -16//5],
	[19, 20, 20, 18, 8, 1, 1, 18, 2, 1] => QQFieldElem[0, 1, 1, 1//2],
	[19, 20, 20, 18, 6, 1, 1, 20, 1, 1] => QQFieldElem[1//2, 0, -1, -1],
	[19, 20, 20, 18, 18, 1, 1, 12, 1, 1] => QQFieldElem[0, 0, -1, -1],
	[19, 20, 20, 18, 17, 1, 1, 17, 1, 1] => QQFieldElem[1, 0, -2, -2],
	[19, 20, 20, 18, 8, 1, 1, 17, 2, 1] => QQFieldElem[-1//2, 1//2, 3//2, 1],
	[19, 20, 20, 18, 8, 1, 2, 19, 2, 2] => QQFieldElem[2//5, 4//5, 1//5, -2//5],
	[19, 20, 20, 18, 17, 1, 1, 18, 2, 1] => QQFieldElem[0, 0, 0, 0],
	[19, 20, 20, 18, 6, 1, 1, 20, 2, 1] => QQFieldElem[0, 0, 0, 0],
	[19, 20, 20, 18, 17, 1, 1, 17, 2, 1] => QQFieldElem[0, 0, 0, 0],
	[19, 20, 20, 18, 6, 1, 1, 19, 1, 2] => QQFieldElem[1//2, 0, 0, -1//2],
	[19, 20, 20, 18, 18, 1, 1, 20, 1, 1] => QQFieldElem[-2, -5//2, -1, 1//2],
	[19, 20, 20, 18, 20, 1, 1, 11, 1, 1] => QQFieldElem[-2, -8, -8, -2],
	[19, 20, 20, 18, 12, 1, 1, 11, 1, 1] => QQFieldElem[-1//5, -7//5, -8//5, -4//5],
	[19, 20, 20, 18, 6, 1, 1, 19, 2, 2] => QQFieldElem[1, 0, 0, 0],
	[19, 20, 20, 18, 18, 1, 1, 20, 2, 1] => QQFieldElem[1//2, 0, -1, -1],
	[19, 20, 20, 18, 18, 1, 1, 19, 1, 2] => QQFieldElem[1//4, 1//4, 0, 0],
	[19, 20, 20, 18, 20, 1, 1, 19, 1, 1] => QQFieldElem[1//5, -3//5, -7//5, -6//5],
	[19, 20, 20, 18, 12, 1, 1, 19, 1, 1] => QQFieldElem[1//2, 1//2, 1, 1//2],
	[19, 20, 20, 18, 19, 1, 2, 11, 1, 1] => QQFieldElem[1, 1, 0, 0],
	[19, 20, 20, 18, 20, 2, 1, 12, 1, 1] => QQFieldElem[0, 1//2, 1, 1],
	[19, 20, 20, 18, 18, 1, 1, 19, 2, 2] => QQFieldElem[0, 0, 0, 0],
	[19, 20, 20, 18, 20, 1, 1, 19, 2, 1] => QQFieldElem[-1, -2, -2, -1],
	[19, 20, 20, 18, 12, 1, 1, 19, 2, 1] => QQFieldElem[1, 1, 1, 1],
	[19, 20, 20, 18, 3, 1, 1, 12, 1, 1] => QQFieldElem[8//5, 6//5, -6//5, -8//5],
	[19, 20, 20, 18, 8, 1, 2, 11, 1, 1] => QQFieldElem[-1//5, -7//5, -8//5, -4//5],
	[19, 20, 20, 18, 19, 1, 2, 19, 1, 1] => QQFieldElem[0, 0, 0, 0],
	[19, 20, 20, 18, 20, 2, 1, 20, 1, 1] => QQFieldElem[1, 3//2, 1//2, -1//2],
	[19, 20, 20, 18, 19, 1, 1, 12, 1, 1] => QQFieldElem[-1//2, 1//2, 3//2, 1],
	[19, 20, 20, 18, 11, 1, 1, 12, 1, 1] => QQFieldElem[-3//2, -5//2, -2, -1//2],
	[19, 20, 20, 18, 20, 1, 1, 18, 1, 1] => QQFieldElem[0, 1, 2, 2],
	[19, 20, 20, 18, 12, 1, 1, 18, 1, 1] => QQFieldElem[0, 0, 2, -2],
	[19, 20, 20, 18, 20, 1, 1, 17, 1, 1] => QQFieldElem[0, 1//4, 3//4, 1//4],
	[19, 20, 20, 18, 12, 1, 1, 17, 1, 1] => QQFieldElem[0, 4, 4, 2],
	[19, 20, 20, 18, 8, 1, 2, 19, 1, 1] => QQFieldElem[-1, -1, -1, -1],
	[19, 20, 20, 18, 19, 1, 2, 19, 2, 1] => QQFieldElem[0, 0, 0, 0],
	[19, 20, 20, 18, 8, 1, 1, 12, 1, 1] => QQFieldElem[1//2, 1//2, 0, -1//2],
	[19, 20, 20, 18, 20, 2, 1, 20, 2, 1] => QQFieldElem[0, -1//4, -3//4, -1//4],
	[19, 20, 20, 18, 3, 1, 1, 20, 1, 1] => QQFieldElem[0, 0, 0, 0],
	[19, 20, 20, 18, 20, 2, 1, 19, 1, 2] => QQFieldElem[-4//5, 2//5, 8//5, 4//5],
	[19, 20, 20, 18, 20, 1, 1, 18, 2, 1] => QQFieldElem[-4, 0, 4, 0],
	[19, 20, 20, 18, 12, 1, 1, 18, 2, 1] => QQFieldElem[0, 0, 0, 0],
	[19, 20, 20, 18, 19, 1, 1, 20, 1, 1] => QQFieldElem[0, 0, 0, 0],
	[19, 20, 20, 18, 11, 1, 1, 20, 1, 1] => QQFieldElem[-1, -3//2, -1//2, 1//2],
	[19, 20, 20, 18, 6, 1, 1, 11, 1, 1] => QQFieldElem[-4//5, 12//5, 28//5, 24//5],
	[19, 20, 20, 18, 20, 1, 1, 17, 2, 1] => QQFieldElem[0, 1, 3, 1],
	[19, 20, 20, 18, 3, 1, 1, 20, 2, 1] => QQFieldElem[-4//5, -28//5, -32//5, -16//5],
	[19, 20, 20, 18, 12, 1, 1, 17, 2, 1] => QQFieldElem[0, 0, 0, 0],
	[19, 20, 20, 18, 8, 1, 2, 19, 2, 1] => QQFieldElem[0, 0, 0, 0],
	[19, 20, 20, 18, 17, 1, 1, 12, 1, 1] => QQFieldElem[1, 1//2, 1//2, 1//2],
	[19, 20, 20, 18, 3, 1, 1, 19, 1, 2] => QQFieldElem[1//2, 1//2, 1//2, 0],
	[19, 20, 20, 18, 19, 1, 2, 18, 1, 1] => QQFieldElem[-8//5, -6//5, 6//5, 8//5],
	[19, 20, 20, 18, 20, 2, 1, 19, 2, 2] => QQFieldElem[0, 0, 0, 0],
	[19, 20, 20, 18, 8, 1, 1, 20, 1, 1] => QQFieldElem[1//2, 0, -1, -1],
	[19, 20, 20, 18, 19, 1, 1, 20, 2, 1] => QQFieldElem[1, 1//4, -1, -3//2],
	[19, 20, 20, 18, 11, 1, 1, 20, 2, 1] => QQFieldElem[-1, 0, 1, 1],
	[19, 20, 20, 18, 19, 1, 2, 17, 1, 1] => QQFieldElem[-1//2, 0, 1//2, 1//2],
	[19, 20, 20, 18, 19, 1, 1, 19, 1, 2] => QQFieldElem[0, 0, 0, 0],
	[19, 20, 20, 18, 6, 1, 1, 19, 1, 1] => QQFieldElem[1//2, 3//2, 3//2, 1],
	[19, 20, 20, 18, 18, 1, 1, 11, 1, 1] => QQFieldElem[0, -1, -1, 0],
	[19, 20, 20, 18, 11, 1, 1, 19, 1, 2] => QQFieldElem[1//2, -1, 0, 1//2],
	[19, 20, 20, 18, 3, 1, 1, 19, 2, 2] => QQFieldElem[-2//5, -4//5, -1//5, 2//5],
	[19, 20, 20, 18, 19, 1, 2, 18, 2, 1] => QQFieldElem[0, 0, 0, 0],
	[19, 20, 20, 18, 8, 1, 2, 18, 1, 1] => QQFieldElem[0, 0, 0, 0],
	[19, 20, 20, 18, 17, 1, 1, 20, 1, 1] => QQFieldElem[-1, 0, 1, 1],
	[19, 20, 20, 18, 8, 1, 1, 20, 2, 1] => QQFieldElem[1//2, 3//2, 2, 1],
	[19, 20, 20, 18, 8, 1, 2, 17, 1, 1] => QQFieldElem[0, 0, 0, 0],
	[19, 20, 20, 18, 19, 1, 2, 17, 2, 1] => QQFieldElem[0, 0, 0, 0],
	[19, 20, 20, 18, 8, 1, 1, 19, 1, 2] => QQFieldElem[0, 0, 0, 0],
	[19, 20, 20, 18, 19, 1, 1, 19, 2, 2] => QQFieldElem[1//5, -3//5, -7//5, -6//5],
	[19, 20, 20, 18, 6, 1, 1, 19, 2, 1] => QQFieldElem[2//5, 4//5, 1//5, -2//5],
	[19, 20, 20, 18, 11, 1, 1, 19, 2, 2] => QQFieldElem[-1, 0, 0, 0],
	[19, 20, 20, 18, 8, 1, 2, 18, 2, 1] => QQFieldElem[1, 1, 1, 0])