Dict(
	[19, 16, 19, 22, 22, 2, 2, 21, 1, 1] => QQFieldElem[4, 0, 2, 4],
	[19, 16, 19, 22, 22, 1, 1, 22, 1, 1] => QQFieldElem[-3//11, 3//11, -7//22, -3//22],
	[19, 16, 19, 22, 21, 1, 2, 21, 1, 1] => QQFieldElem[-4//5, -8//5, -7//5, -1//5],
	[19, 16, 19, 22, 22, 2, 2, 22, 1, 1] => QQFieldElem[-64//11, 20//11, -38//11, -32//11],
	[19, 16, 19, 22, 21, 1, 2, 22, 1, 1] => QQFieldElem[18//55, 26//55, -1//55, -13//55],
	[19, 16, 19, 22, 21, 2, 1, 21, 1, 1] => QQFieldElem[-4//5, -8//5, -2//5, 4//5],
	[19, 16, 19, 22, 22, 1, 1, 21, 2, 1] => QQFieldElem[-1, 0, 1//2, 1//2],
	[19, 16, 19, 22, 21, 2, 1, 22, 1, 1] => QQFieldElem[16//55, 116//55, 14//11, 8//55],
	[19, 16, 19, 22, 22, 1, 1, 22, 2, 1] => QQFieldElem[2//11, -2//11, -21//22, -9//22],
	[19, 16, 19, 22, 21, 1, 2, 21, 2, 1] => QQFieldElem[1, 2, 3//2, -1//2],
	[19, 16, 19, 22, 22, 2, 2, 21, 2, 1] => QQFieldElem[-3, -5//2, 1, 2],
	[19, 16, 19, 22, 22, 2, 2, 22, 2, 1] => QQFieldElem[-12//11, -31//22, -3//11, 5//11],
	[19, 16, 19, 22, 21, 1, 2, 22, 2, 1] => QQFieldElem[1//11, -1//11, -5//22, 1//22],
	[19, 16, 19, 22, 21, 2, 1, 21, 2, 1] => QQFieldElem[10, 22, 14, 2],
	[19, 16, 19, 22, 21, 2, 1, 22, 2, 1] => QQFieldElem[-30//11, -58//11, -46//11, -26//11],
	[19, 16, 19, 22, 13, 1, 1, 15, 1, 1] => QQFieldElem[-2, -5//2, -1, 1//2],
	[19, 16, 19, 22, 22, 1, 2, 21, 1, 2] => QQFieldElem[-7//4, -9//4, -1, 0],
	[19, 16, 19, 22, 15, 1, 1, 13, 1, 1] => QQFieldElem[-2, -5//2, -1, 1//2],
	[19, 16, 19, 22, 22, 1, 2, 22, 1, 2] => QQFieldElem[-1//44, -21//44, -7//22, 4//11],
	[19, 16, 19, 22, 22, 2, 1, 21, 1, 2] => QQFieldElem[-9, -9, -4, 7],
	[19, 16, 19, 22, 21, 1, 1, 21, 1, 2] => QQFieldElem[0, 7, 6, 7],
	[19, 16, 19, 22, 22, 2, 1, 22, 1, 2] => QQFieldElem[-75//11, -79//11, -60//11, -21//11],
	[19, 16, 19, 22, 22, 1, 2, 21, 2, 2] => QQFieldElem[3//4, 1//4, 1, 1//2],
	[19, 16, 19, 22, 21, 2, 2, 21, 1, 2] => QQFieldElem[1, 2, 1, 0],
	[19, 16, 19, 22, 21, 1, 1, 22, 1, 2] => QQFieldElem[-8//11, -25//11, -24//11, -15//11],
	[19, 16, 19, 22, 21, 2, 2, 22, 1, 2] => QQFieldElem[-19//55, 8//55, 31//55, 8//11],
	[19, 16, 19, 22, 22, 1, 2, 22, 2, 2] => QQFieldElem[-7//44, -15//44, -5//22, 1//22],
	[19, 16, 19, 22, 22, 1, 1, 15, 1, 1] => QQFieldElem[11//2, 15//2, 7//2, 7//2],
	[19, 16, 19, 22, 22, 2, 1, 21, 2, 2] => QQFieldElem[-5, 1, -2, 1],
	[19, 16, 19, 22, 22, 2, 2, 15, 1, 1] => QQFieldElem[2, 2, 0, -3//2],
	[19, 16, 19, 22, 21, 1, 1, 21, 2, 2] => QQFieldElem[-1//5, -2//5, 2//5, 6//5],
	[19, 16, 19, 22, 21, 1, 2, 15, 1, 1] => QQFieldElem[0, -1//2, -1//4, -1//2],
	[19, 16, 19, 22, 21, 2, 2, 21, 2, 2] => QQFieldElem[0, 4, 14, 4],
	[19, 16, 19, 22, 22, 2, 1, 22, 2, 2] => QQFieldElem[5//11, -5//11, -18//11, -3//11],
	[19, 16, 19, 22, 21, 1, 1, 22, 2, 2] => QQFieldElem[3//11, 8//11, -2//11, -4//11],
	[19, 16, 19, 22, 21, 2, 2, 22, 2, 2] => QQFieldElem[-20//11, -24//11, 6//11, -32//11],
	[19, 16, 19, 22, 21, 2, 1, 15, 1, 1] => QQFieldElem[2, 1, -3, 0],
	[19, 16, 19, 22, 13, 1, 1, 13, 1, 1] => QQFieldElem[0, -1//2, -1, -1//2],
	[19, 16, 19, 22, 15, 1, 1, 21, 1, 2] => QQFieldElem[4, 0, 4, 2],
	[19, 16, 19, 22, 15, 1, 1, 22, 1, 2] => QQFieldElem[16//11, 28//11, 48//11, 30//11],
	[19, 16, 19, 22, 22, 1, 1, 13, 1, 1] => QQFieldElem[-7//2, 1//2, -1//2, -3//2],
	[19, 16, 19, 22, 15, 1, 1, 21, 2, 2] => QQFieldElem[4, 0, 4, 4],
	[19, 16, 19, 22, 22, 2, 2, 13, 1, 1] => QQFieldElem[0, 1, 1, 1//2],
	[19, 16, 19, 22, 21, 1, 2, 13, 1, 1] => QQFieldElem[-1, -1, -5//4, -1//2],
	[19, 16, 19, 22, 15, 1, 1, 22, 2, 2] => QQFieldElem[-84//55, -48//55, -252//55, -196//55],
	[19, 16, 19, 22, 21, 2, 1, 13, 1, 1] => QQFieldElem[-8, -11, -9, -2],
	[19, 16, 19, 22, 22, 1, 2, 21, 1, 1] => QQFieldElem[1, -4, 0, -2],
	[19, 16, 19, 22, 22, 1, 2, 22, 1, 1] => QQFieldElem[29//11, 4//11, 10//11, 42//11],
	[19, 16, 19, 22, 22, 2, 1, 21, 1, 1] => QQFieldElem[-11//5, -22//5, -18//5, -9//5],
	[19, 16, 19, 22, 21, 1, 1, 21, 1, 1] => QQFieldElem[1, 1, 0, -1],
	[19, 16, 19, 22, 22, 2, 1, 22, 1, 1] => QQFieldElem[-3//11, -8//11, 2//11, -7//11],
	[19, 16, 19, 22, 21, 1, 1, 22, 1, 1] => QQFieldElem[-73//55, -81//55, -54//55, 13//55],
	[19, 16, 19, 22, 22, 1, 2, 21, 2, 1] => QQFieldElem[-1, -1//2, 0, 0],
	[19, 16, 19, 22, 21, 2, 2, 21, 1, 1] => QQFieldElem[4, 6, 3, -1],
	[19, 16, 19, 22, 21, 2, 2, 22, 1, 1] => QQFieldElem[-46//55, -64//55, -39//55, -1//55],
	[19, 16, 19, 22, 22, 1, 2, 22, 2, 1] => QQFieldElem[-2//11, -7//22, -6//11, -1//11],
	[19, 16, 19, 22, 13, 1, 1, 21, 1, 2] => QQFieldElem[-4, -4, 0, 2],
	[19, 16, 19, 22, 22, 2, 1, 21, 2, 1] => QQFieldElem[1, 0, 0, -1],
	[19, 16, 19, 22, 21, 1, 1, 21, 2, 1] => QQFieldElem[-2, -7, -8, -3],
	[19, 16, 19, 22, 13, 1, 1, 22, 1, 2] => QQFieldElem[-16//11, 16//11, -4//11, 14//11],
	[19, 16, 19, 22, 22, 2, 1, 22, 2, 1] => QQFieldElem[-59//55, -18//55, -12//55, 9//55],
	[19, 16, 19, 22, 21, 1, 1, 22, 2, 1] => QQFieldElem[2//11, 9//11, 6//11, 23//11],
	[19, 16, 19, 22, 21, 2, 2, 21, 2, 1] => QQFieldElem[-21//5, -22//5, -3//5, 16//5],
	[19, 16, 19, 22, 21, 2, 2, 22, 2, 1] => QQFieldElem[43//55, 56//55, 19//55, -28//55],
	[19, 16, 19, 22, 13, 1, 1, 21, 2, 2] => QQFieldElem[44//5, 8//5, -28//5, -44//5],
	[19, 16, 19, 22, 13, 1, 1, 22, 2, 2] => QQFieldElem[36//11, 8//11, 20//11, -4//11],
	[19, 16, 19, 22, 22, 1, 1, 21, 1, 2] => QQFieldElem[7//2, 6, 15//2, 1//2],
	[19, 16, 19, 22, 22, 2, 2, 21, 1, 2] => QQFieldElem[5//2, 1//2, -3, -3],
	[19, 16, 19, 22, 22, 1, 1, 22, 1, 2] => QQFieldElem[65//22, 28//11, 63//22, 71//22],
	[19, 16, 19, 22, 21, 1, 2, 21, 1, 2] => QQFieldElem[-1, -1, 1//2, 3//2],
	[19, 16, 19, 22, 22, 2, 2, 22, 1, 2] => QQFieldElem[21//22, 23//22, -7//11, -14//11],
	[19, 16, 19, 22, 21, 1, 2, 22, 1, 2] => QQFieldElem[13//55, -24//55, -87//110, -31//110],
	[19, 16, 19, 22, 21, 2, 1, 21, 1, 2] => QQFieldElem[-2, -2, -10, -6],
	[19, 16, 19, 22, 22, 1, 1, 21, 2, 2] => QQFieldElem[7//2, 2, -9//2, 3//2],
	[19, 16, 19, 22, 22, 1, 2, 15, 1, 1] => QQFieldElem[-1, 1//2, 7//4, 5//2],
	[19, 16, 19, 22, 22, 2, 2, 21, 2, 2] => QQFieldElem[1//2, 1//2, -1, 0],
	[19, 16, 19, 22, 21, 1, 2, 21, 2, 2] => QQFieldElem[1, 2, -4, -4],
	[19, 16, 19, 22, 15, 1, 1, 21, 1, 1] => QQFieldElem[3//5, 1//5, -6//5, -3//5],
	[19, 16, 19, 22, 22, 1, 1, 22, 2, 2] => QQFieldElem[81//22, 20//11, 67//22, 57//22],
	[19, 16, 19, 22, 21, 2, 1, 22, 1, 2] => QQFieldElem[54//55, 78//55, 162//55, 126//55],
	[19, 16, 19, 22, 22, 2, 1, 15, 1, 1] => QQFieldElem[0, -5, -5, 0],
	[19, 16, 19, 22, 22, 2, 2, 22, 2, 2] => QQFieldElem[-7//110, 51//110, 17//55, 1//55],
	[19, 16, 19, 22, 21, 1, 1, 15, 1, 1] => QQFieldElem[1//2, -3//2, 3//2, -1//2],
	[19, 16, 19, 22, 15, 1, 1, 22, 1, 1] => QQFieldElem[1//11, -1//11, -8//11, -5//11],
	[19, 16, 19, 22, 21, 2, 1, 21, 2, 2] => QQFieldElem[1, 4, 4, 2],
	[19, 16, 19, 22, 21, 2, 2, 15, 1, 1] => QQFieldElem[0, 1, 1, 1//2],
	[19, 16, 19, 22, 21, 1, 2, 22, 2, 2] => QQFieldElem[-7//11, 18//11, -10//11, 24//11],
	[19, 16, 19, 22, 21, 2, 1, 22, 2, 2] => QQFieldElem[5//11, 6//11, 4//11, 8//11],
	[19, 16, 19, 22, 15, 1, 1, 21, 2, 1] => QQFieldElem[0, 12//5, 26//5, 12//5],
	[19, 16, 19, 22, 15, 1, 1, 22, 2, 1] => QQFieldElem[-28//55, -16//55, 26//55, 8//55],
	[19, 16, 19, 22, 22, 1, 2, 13, 1, 1] => QQFieldElem[-1, -1, -5//4, -1//2],
	[19, 16, 19, 22, 13, 1, 1, 21, 1, 1] => QQFieldElem[6//5, 8//5, 6//5, 0],
	[19, 16, 19, 22, 15, 1, 1, 15, 1, 1] => QQFieldElem[0, -1//2, -1, -1//2],
	[19, 16, 19, 22, 13, 1, 1, 22, 1, 1] => QQFieldElem[-38//55, -116//55, -114//55, -52//55],
	[19, 16, 19, 22, 22, 2, 1, 13, 1, 1] => QQFieldElem[2, -1, 1, -2],
	[19, 16, 19, 22, 21, 1, 1, 13, 1, 1] => QQFieldElem[-1//2, 3//2, 7//2, 1//2],
	[19, 16, 19, 22, 21, 2, 2, 13, 1, 1] => QQFieldElem[2, 2, 0, -3//2],
	[19, 16, 19, 22, 13, 1, 1, 21, 2, 1] => QQFieldElem[6//5, -8//5, -22//5, -16//5],
	[19, 16, 19, 22, 22, 1, 1, 21, 1, 1] => QQFieldElem[0, 1, 3//2, 3//2],
	[19, 16, 19, 22, 13, 1, 1, 22, 2, 1] => QQFieldElem[2//11, 12//55, -14//55, -28//55])