Dict(
	[19, 16, 13, 20, 19, 2, 1, 22, 1, 1] => QQFieldElem[-1//2, -1//2, 0, -1//2],
	[19, 16, 13, 20, 20, 2, 1, 21, 1, 2] => QQFieldElem[-2, -1, -1, -1],
	[19, 16, 13, 20, 19, 2, 1, 21, 2, 1] => QQFieldElem[2//5, 4//5, 1//5, -2//5],
	[19, 16, 13, 20, 20, 2, 1, 22, 1, 2] => QQFieldElem[2, -2, 2, 0],
	[19, 16, 13, 20, 19, 2, 1, 22, 2, 1] => QQFieldElem[0, 0, 0, 0],
	[19, 16, 13, 20, 20, 2, 1, 21, 2, 2] => QQFieldElem[-1//2, 0, -1//2, -1//2],
	[19, 16, 13, 20, 20, 2, 1, 22, 2, 2] => QQFieldElem[-2//5, 1//5, 4//5, 2//5],
	[19, 16, 13, 20, 19, 1, 1, 21, 1, 2] => QQFieldElem[4, -4, 4, 0],
	[19, 16, 13, 20, 11, 1, 1, 21, 1, 2] => QQFieldElem[0, 0, 0, 0],
	[19, 16, 13, 20, 19, 1, 1, 22, 1, 2] => QQFieldElem[0, 0, -2, -1],
	[19, 16, 13, 20, 11, 1, 1, 22, 1, 2] => QQFieldElem[0, 1//2, 1//2, 0],
	[19, 16, 13, 20, 19, 1, 1, 21, 2, 2] => QQFieldElem[2//5, -6//5, -4//5, -2//5],
	[19, 16, 13, 20, 11, 1, 1, 21, 2, 2] => QQFieldElem[0, 0, 0, 0],
	[19, 16, 13, 20, 19, 1, 1, 22, 2, 2] => QQFieldElem[0, 0, 0, 0],
	[19, 16, 13, 20, 11, 1, 1, 22, 2, 2] => QQFieldElem[0, 0, 0, 0],
	[19, 16, 13, 20, 18, 1, 1, 21, 1, 1] => QQFieldElem[-4//11, -60//11, -8//11, -28//11],
	[19, 16, 13, 20, 18, 1, 1, 22, 1, 1] => QQFieldElem[8, 4, 8, 0],
	[19, 16, 13, 20, 18, 1, 1, 21, 2, 1] => QQFieldElem[20//11, 14//11, 18//11, 8//11],
	[19, 16, 13, 20, 18, 1, 1, 22, 2, 1] => QQFieldElem[-2, -2, 0, 0],
	[19, 16, 13, 20, 18, 2, 1, 21, 1, 2] => QQFieldElem[-8//11, 12//11, 6//11, 10//11],
	[19, 16, 13, 20, 20, 2, 1, 21, 1, 1] => QQFieldElem[-2, -1, -1, -1],
	[19, 16, 13, 20, 18, 2, 1, 22, 1, 2] => QQFieldElem[-2, -2, 0, -2],
	[19, 16, 13, 20, 20, 2, 1, 22, 1, 1] => QQFieldElem[2, 2, 2, 4],
	[19, 16, 13, 20, 18, 2, 1, 21, 2, 2] => QQFieldElem[4//11, 5//11, 8//11, 6//11],
	[19, 16, 13, 20, 20, 2, 1, 21, 2, 1] => QQFieldElem[-1//2, 0, -1//2, -1//2],
	[19, 16, 13, 20, 18, 2, 1, 22, 2, 2] => QQFieldElem[-3//5, -6//5, -4//5, -2//5],
	[19, 16, 13, 20, 20, 2, 1, 22, 2, 1] => QQFieldElem[2//5, -1//5, -4//5, -2//5],
	[19, 16, 13, 20, 19, 1, 1, 21, 1, 1] => QQFieldElem[4, 12, 4, 0],
	[19, 16, 13, 20, 11, 1, 1, 21, 1, 1] => QQFieldElem[0, -4, -2, -4],
	[19, 16, 13, 20, 19, 1, 1, 22, 1, 1] => QQFieldElem[2, 2, 0, 1],
	[19, 16, 13, 20, 11, 1, 1, 22, 1, 1] => QQFieldElem[0, -1, -2, -2],
	[19, 16, 13, 20, 20, 1, 1, 21, 1, 2] => QQFieldElem[0, 2, 0, -2],
	[19, 16, 13, 20, 12, 1, 1, 21, 1, 2] => QQFieldElem[0, 0, 0, 0],
	[19, 16, 13, 20, 19, 1, 1, 21, 2, 1] => QQFieldElem[-2, -2, 0, 2],
	[19, 16, 13, 20, 20, 1, 1, 22, 1, 2] => QQFieldElem[0, -4, 8, 4],
	[19, 16, 13, 20, 11, 1, 1, 21, 2, 1] => QQFieldElem[0, 0, 0, 0],
	[19, 16, 13, 20, 12, 1, 1, 22, 1, 2] => QQFieldElem[0, 1//2, 1//2, 0],
	[19, 16, 13, 20, 19, 1, 1, 22, 2, 1] => QQFieldElem[0, 0, 0, 0],
	[19, 16, 13, 20, 11, 1, 1, 22, 2, 1] => QQFieldElem[0, 0, 0, 0],
	[19, 16, 13, 20, 20, 1, 1, 21, 2, 2] => QQFieldElem[-1, 0, 0, 0],
	[19, 16, 13, 20, 12, 1, 1, 21, 2, 2] => QQFieldElem[0, 0, 0, 0],
	[19, 16, 13, 20, 20, 1, 1, 22, 2, 2] => QQFieldElem[-8//5, -6//5, -4//5, -2//5],
	[19, 16, 13, 20, 12, 1, 1, 22, 2, 2] => QQFieldElem[0, 0, 0, 0],
	[19, 16, 13, 20, 19, 2, 1, 21, 1, 2] => QQFieldElem[2, 0, 2, 2],
	[19, 16, 13, 20, 19, 2, 1, 22, 1, 2] => QQFieldElem[-1//2, 1//2, 0, 1//2],
	[19, 16, 13, 20, 19, 2, 1, 21, 2, 2] => QQFieldElem[-2//5, -4//5, -1//5, 2//5],
	[19, 16, 13, 20, 19, 2, 1, 22, 2, 2] => QQFieldElem[0, 0, 0, 0],
	[19, 16, 13, 20, 18, 2, 1, 21, 1, 1] => QQFieldElem[-8//11, 12//11, 6//11, 10//11],
	[19, 16, 13, 20, 18, 2, 1, 22, 1, 1] => QQFieldElem[-2, -2, -4, -2],
	[19, 16, 13, 20, 18, 2, 1, 21, 2, 1] => QQFieldElem[-4//11, -5//11, -8//11, -6//11],
	[19, 16, 13, 20, 18, 2, 1, 22, 2, 1] => QQFieldElem[3//5, 6//5, 4//5, 2//5],
	[19, 16, 13, 20, 18, 1, 1, 21, 1, 2] => QQFieldElem[-36//11, -12//11, 16//11, 12//11],
	[19, 16, 13, 20, 20, 1, 1, 21, 1, 1] => QQFieldElem[8, 6, 4, 2],
	[19, 16, 13, 20, 12, 1, 1, 21, 1, 1] => QQFieldElem[-8, -8, -10, -4],
	[19, 16, 13, 20, 18, 1, 1, 22, 1, 2] => QQFieldElem[0, -4, 0, 0],
	[19, 16, 13, 20, 20, 1, 1, 22, 1, 1] => QQFieldElem[-8, -12, -8, -12],
	[19, 16, 13, 20, 12, 1, 1, 22, 1, 1] => QQFieldElem[0, -1, -2, -2],
	[19, 16, 13, 20, 18, 1, 1, 21, 2, 2] => QQFieldElem[-4//11, 6//11, 14//11, 16//11],
	[19, 16, 13, 20, 20, 1, 1, 21, 2, 1] => QQFieldElem[1, 0, 2, 2],
	[19, 16, 13, 20, 12, 1, 1, 21, 2, 1] => QQFieldElem[0, 0, 0, 0],
	[19, 16, 13, 20, 18, 1, 1, 22, 2, 2] => QQFieldElem[-2//5, -14//5, -16//5, -8//5],
	[19, 16, 13, 20, 20, 1, 1, 22, 2, 1] => QQFieldElem[0, 2, 4, 2],
	[19, 16, 13, 20, 12, 1, 1, 22, 2, 1] => QQFieldElem[0, 0, 0, 0],
	[19, 16, 13, 20, 19, 2, 1, 21, 1, 1] => QQFieldElem[-2, -4, -2, -2])