Dict(
	[19, 13, 21, 20, 20, 2, 2, 22, 1, 2] => QQFieldElem[0, 1, 1, 1],
	[19, 13, 21, 20, 19, 1, 1, 13, 1, 2] => QQFieldElem[0, -1//2, -1//2, -1//4],
	[19, 13, 21, 20, 18, 2, 1, 10, 1, 1] => QQFieldElem[1//2, 2, 2, 1//2],
	[19, 13, 21, 20, 11, 1, 1, 13, 1, 2] => QQFieldElem[-4, -12, -16, -8],
	[19, 13, 21, 20, 20, 1, 2, 15, 1, 1] => QQFieldElem[3//20, 3//10, 1//5, 1//10],
	[19, 13, 21, 20, 17, 1, 1, 21, 1, 1] => QQFieldElem[0, 0, 0, 0],
	[19, 13, 21, 20, 17, 1, 1, 9, 1, 1] => QQFieldElem[-1//2, -1, -3//4, -1//4],
	[19, 13, 21, 20, 18, 2, 1, 15, 1, 2] => QQFieldElem[1//22, -17//22, -17//11, -25//22],
	[19, 13, 21, 20, 17, 1, 1, 22, 1, 1] => QQFieldElem[1//20, 7//20, 2//5, 1//5],
	[19, 13, 21, 20, 20, 2, 1, 15, 1, 1] => QQFieldElem[-1//8, -1//8, 0, 1//8],
	[19, 13, 21, 20, 18, 1, 1, 14, 1, 1] => QQFieldElem[-42//55, -34//55, 9//55, 27//55],
	[19, 13, 21, 20, 20, 1, 2, 16, 1, 1] => QQFieldElem[1, -1//2, -5//2, -2],
	[19, 13, 21, 20, 18, 1, 1, 13, 1, 1] => QQFieldElem[-3//2, -7//2, -7//2, -3//2],
	[19, 13, 21, 20, 19, 2, 1, 21, 1, 2] => QQFieldElem[-4//5, -6//5, -6//5, -4//5],
	[19, 13, 21, 20, 17, 1, 1, 13, 1, 2] => QQFieldElem[1, -1, -3, -2],
	[19, 13, 21, 20, 20, 2, 1, 16, 1, 1] => QQFieldElem[-7//5, -14//5, -11//5, -3//5],
	[19, 13, 21, 20, 19, 2, 1, 22, 1, 2] => QQFieldElem[-1//5, -2//5, -3//5, -4//5],
	[19, 13, 21, 20, 20, 1, 1, 10, 1, 1] => QQFieldElem[-5//2, -4, -3, -1//2],
	[19, 13, 21, 20, 12, 1, 1, 10, 1, 1] => QQFieldElem[0, -4, -8, -4],
	[19, 13, 21, 20, 19, 1, 1, 15, 1, 1] => QQFieldElem[-2//5, -4//5, -1//5, 2//5],
	[19, 13, 21, 20, 11, 1, 1, 15, 1, 1] => QQFieldElem[-4//11, -20//11, -18//11, -10//11],
	[19, 13, 21, 20, 20, 2, 2, 10, 1, 1] => QQFieldElem[1, 0, -2, -2],
	[19, 13, 21, 20, 18, 2, 1, 21, 1, 1] => QQFieldElem[1//10, 1//10, 0, -1//5],
	[19, 13, 21, 20, 12, 1, 1, 15, 1, 2] => QQFieldElem[-4//11, 2//11, 4//11, 1//11],
	[19, 13, 21, 20, 20, 1, 1, 15, 1, 2] => QQFieldElem[1//4, 0, -3//8, -3//8],
	[19, 13, 21, 20, 20, 2, 2, 15, 1, 2] => QQFieldElem[-7//20, -7//10, -11//20, -3//20],
	[19, 13, 21, 20, 18, 2, 1, 22, 1, 1] => QQFieldElem[-1//5, -13//20, -3//5, -3//10],
	[19, 13, 21, 20, 19, 1, 1, 16, 1, 1] => QQFieldElem[1//5, 2//5, 3//5, -1//5],
	[19, 13, 21, 20, 18, 2, 1, 9, 1, 1] => QQFieldElem[1//2, 1, 3//4, 1//4],
	[19, 13, 21, 20, 11, 1, 1, 16, 1, 1] => QQFieldElem[-8//5, -16//5, -4//5, 8//5],
	[19, 13, 21, 20, 17, 2, 1, 22, 1, 2] => QQFieldElem[1//20, 7//20, 2//5, 1//5],
	[19, 13, 21, 20, 17, 2, 1, 21, 1, 2] => QQFieldElem[0, 0, 0, 0],
	[19, 13, 21, 20, 20, 1, 2, 14, 1, 1] => QQFieldElem[-27//22, -69//22, -36//11, -29//22],
	[19, 13, 21, 20, 17, 1, 1, 15, 1, 1] => QQFieldElem[-3//22, 7//22, 7//11, 9//22],
	[19, 13, 21, 20, 20, 1, 2, 13, 1, 1] => QQFieldElem[0, 0, 0, 0],
	[19, 13, 21, 20, 20, 2, 1, 14, 1, 1] => QQFieldElem[-16//11, -14//11, 5//11, 15//11],
	[19, 13, 21, 20, 18, 2, 1, 13, 1, 2] => QQFieldElem[1, -2, -5, -4],
	[19, 13, 21, 20, 19, 2, 1, 10, 1, 1] => QQFieldElem[1, 0, -1, -1],
	[19, 13, 21, 20, 20, 2, 1, 13, 1, 1] => QQFieldElem[0, 1//2, 1//2, 1//4],
	[19, 13, 21, 20, 17, 1, 1, 16, 1, 1] => QQFieldElem[-1//2, -1//2, 1//2, 1//2],
	[19, 13, 21, 20, 18, 1, 1, 21, 1, 2] => QQFieldElem[-1//20, -1//10, -3//20, -1//5],
	[19, 13, 21, 20, 19, 2, 1, 15, 1, 2] => QQFieldElem[3//20, 3//10, 1//5, 1//10],
	[19, 13, 21, 20, 20, 1, 1, 21, 1, 1] => QQFieldElem[-6//5, -8//5, -6//5, 0],
	[19, 13, 21, 20, 12, 1, 1, 21, 1, 1] => QQFieldElem[-1//20, -1//10, 1//10, 1//20],
	[19, 13, 21, 20, 18, 1, 1, 22, 1, 2] => QQFieldElem[-1//2, -3//8, 1//4, 3//8],
	[19, 13, 21, 20, 20, 1, 1, 9, 1, 1] => QQFieldElem[-1, -5//4, -1//2, 1//4],
	[19, 13, 21, 20, 12, 1, 1, 9, 1, 1] => QQFieldElem[2, 4, 4, 2],
	[19, 13, 21, 20, 20, 1, 1, 22, 1, 1] => QQFieldElem[1//5, -3//5, -7//5, -6//5],
	[19, 13, 21, 20, 11, 1, 1, 14, 1, 1] => QQFieldElem[-64//55, 32//55, 108//55, 104//55],
	[19, 13, 21, 20, 20, 2, 2, 9, 1, 1] => QQFieldElem[0, 1, 3//2, 1],
	[19, 13, 21, 20, 20, 2, 2, 22, 1, 1] => QQFieldElem[-3//5, -11//5, -9//5, -2//5],
	[19, 13, 21, 20, 19, 1, 1, 13, 1, 1] => QQFieldElem[0, 0, 2, 2],
	[19, 13, 21, 20, 11, 1, 1, 13, 1, 1] => QQFieldElem[4, 12, 16, 8],
	[19, 13, 21, 20, 12, 1, 1, 22, 1, 1] => QQFieldElem[3//8, 3//8, 1//8, -1//8],
	[19, 13, 21, 20, 17, 2, 1, 10, 1, 1] => QQFieldElem[0, 0, 1, 1],
	[19, 13, 21, 20, 20, 2, 2, 21, 1, 1] => QQFieldElem[6//5, 8//5, 6//5, 0],
	[19, 13, 21, 20, 19, 1, 1, 14, 1, 1] => QQFieldElem[19//55, 18//55, -8//55, -24//55],
	[19, 13, 21, 20, 20, 1, 1, 13, 1, 2] => QQFieldElem[-3//4, -7//4, -7//4, -3//4],
	[19, 13, 21, 20, 12, 1, 1, 13, 1, 2] => QQFieldElem[-1, 1, 3, 2],
	[19, 13, 21, 20, 18, 2, 1, 15, 1, 1] => QQFieldElem[1//22, -17//22, -17//11, -25//22],
	[19, 13, 21, 20, 17, 2, 1, 15, 1, 2] => QQFieldElem[-3//22, 7//22, 7//11, 9//22],
	[19, 13, 21, 20, 20, 2, 2, 13, 1, 2] => QQFieldElem[-1//2, -1//2, 0, 1//2],
	[19, 13, 21, 20, 17, 1, 1, 14, 1, 1] => QQFieldElem[-1//22, 17//22, 23//22, 7//11],
	[19, 13, 21, 20, 19, 2, 1, 21, 1, 1] => QQFieldElem[24//5, 24//5, 0, -8//5],
	[19, 13, 21, 20, 17, 1, 1, 13, 1, 1] => QQFieldElem[-1, 2, 5, 4],
	[19, 13, 21, 20, 20, 1, 2, 21, 1, 2] => QQFieldElem[4//5, -2//5, -8//5, -4//5],
	[19, 13, 21, 20, 18, 2, 1, 16, 1, 1] => QQFieldElem[-1//2, -1//2, 1//2, 1//2],
	[19, 13, 21, 20, 19, 2, 1, 9, 1, 1] => QQFieldElem[0, -1//2, -1, -1//2],
	[19, 13, 21, 20, 19, 2, 1, 22, 1, 1] => QQFieldElem[4//5, 28//5, 32//5, 16//5],
	[19, 13, 21, 20, 20, 1, 2, 22, 1, 2] => QQFieldElem[1, 1, 0, 0],
	[19, 13, 21, 20, 18, 1, 1, 10, 1, 1] => QQFieldElem[-1, 0, 1, 1],
	[19, 13, 21, 20, 20, 2, 1, 21, 1, 2] => QQFieldElem[-2, -16//5, -8//5, 4//5],
	[19, 13, 21, 20, 20, 2, 1, 22, 1, 2] => QQFieldElem[8//5, 21//5, 19//5, 7//5],
	[19, 13, 21, 20, 18, 1, 1, 15, 1, 2] => QQFieldElem[-53//44, -67//44, -35//44, 5//44],
	[19, 13, 21, 20, 19, 2, 1, 13, 1, 2] => QQFieldElem[0, 0, 0, 0],
	[19, 13, 21, 20, 20, 1, 1, 15, 1, 1] => QQFieldElem[1//5, 2//5, 7//20, 1//20],
	[19, 13, 21, 20, 12, 1, 1, 15, 1, 1] => QQFieldElem[5//11, 17//22, 6//11, 17//44],
	[19, 13, 21, 20, 17, 2, 1, 21, 1, 1] => QQFieldElem[1//20, 1//10, -1//10, -1//20],
	[19, 13, 21, 20, 20, 2, 2, 15, 1, 1] => QQFieldElem[1//5, 2//5, 7//20, 1//20],
	[19, 13, 21, 20, 17, 2, 1, 9, 1, 1] => QQFieldElem[0, -1//2, -1, -1//2],
	[19, 13, 21, 20, 17, 2, 1, 22, 1, 1] => QQFieldElem[-3//8, -3//8, -1//8, 1//8],
	[19, 13, 21, 20, 19, 1, 1, 21, 1, 2] => QQFieldElem[-3//5, -1//5, 1//5, 3//5],
	[19, 13, 21, 20, 11, 1, 1, 21, 1, 2] => QQFieldElem[0, 0, 0, 0],
	[19, 13, 21, 20, 18, 2, 1, 14, 1, 1] => QQFieldElem[-1//22, 17//22, 23//22, 7//11],
	[19, 13, 21, 20, 19, 1, 1, 22, 1, 2] => QQFieldElem[-1//2, -1//2, -1//2, 0],
	[19, 13, 21, 20, 12, 1, 1, 16, 1, 1] => QQFieldElem[8//5, 16//5, 4//5, -8//5],
	[19, 13, 21, 20, 20, 1, 1, 16, 1, 1] => QQFieldElem[1, -1//2, -5//2, -2],
	[19, 13, 21, 20, 11, 1, 1, 22, 1, 2] => QQFieldElem[-4//5, -8//5, -7//5, -1//5],
	[19, 13, 21, 20, 18, 2, 1, 13, 1, 1] => QQFieldElem[-1, 2, 5, 4],
	[19, 13, 21, 20, 20, 2, 2, 16, 1, 1] => QQFieldElem[7//5, 14//5, 11//5, 3//5],
	[19, 13, 21, 20, 17, 2, 1, 13, 1, 2] => QQFieldElem[1, -2, -5, -4],
	[19, 13, 21, 20, 20, 1, 2, 10, 1, 1] => QQFieldElem[-5//2, -4, -3, -1//2],
	[19, 13, 21, 20, 18, 1, 1, 21, 1, 1] => QQFieldElem[1//20, 1//10, 3//20, 1//5],
	[19, 13, 21, 20, 20, 2, 1, 10, 1, 1] => QQFieldElem[-1, 0, 2, 2],
	[19, 13, 21, 20, 19, 2, 1, 15, 1, 1] => QQFieldElem[-2//5, -4//5, -1//5, 2//5],
	[19, 13, 21, 20, 18, 1, 1, 9, 1, 1] => QQFieldElem[0, -1//2, -1, -1//2],
	[19, 13, 21, 20, 17, 1, 1, 21, 1, 2] => QQFieldElem[-1//10, -1//10, 0, 1//5],
	[19, 13, 21, 20, 20, 1, 2, 15, 1, 2] => QQFieldElem[-1//4, 0, 3//8, 3//8],
	[19, 13, 21, 20, 18, 1, 1, 22, 1, 1] => QQFieldElem[1//2, 3//8, -1//4, -3//8],
	[19, 13, 21, 20, 17, 1, 1, 22, 1, 2] => QQFieldElem[3//20, 3//10, 1//5, 1//10],
	[19, 13, 21, 20, 20, 2, 1, 15, 1, 2] => QQFieldElem[-7//20, -7//10, -11//20, -3//20],
	[19, 13, 21, 20, 20, 1, 1, 14, 1, 1] => QQFieldElem[-27//22, -69//22, -36//11, -29//22],
	[19, 13, 21, 20, 12, 1, 1, 14, 1, 1] => QQFieldElem[64//55, -32//55, -108//55, -104//55],
	[19, 13, 21, 20, 19, 2, 1, 16, 1, 1] => QQFieldElem[4//5, 8//5, 7//5, 1//5],
	[19, 13, 21, 20, 18, 1, 1, 13, 1, 2] => QQFieldElem[-3//2, -7//2, -7//2, -3//2],
	[19, 13, 21, 20, 20, 2, 2, 14, 1, 1] => QQFieldElem[16//11, 14//11, -5//11, -15//11],
	[19, 13, 21, 20, 19, 1, 1, 10, 1, 1] => QQFieldElem[0, 0, -1, -1],
	[19, 13, 21, 20, 20, 1, 1, 13, 1, 1] => QQFieldElem[1//2, 1//2, 0, -1//2],
	[19, 13, 21, 20, 11, 1, 1, 10, 1, 1] => QQFieldElem[0, 4, 8, 4],
	[19, 13, 21, 20, 12, 1, 1, 13, 1, 1] => QQFieldElem[0, 3//2, 2, 3//2],
	[19, 13, 21, 20, 17, 2, 1, 15, 1, 1] => QQFieldElem[-5//11, -17//22, -6//11, -17//44],
	[19, 13, 21, 20, 20, 2, 2, 13, 1, 1] => QQFieldElem[1//2, 1//2, 0, -1//2],
	[19, 13, 21, 20, 19, 1, 1, 15, 1, 2] => QQFieldElem[1//8, 1//8, 0, -1//8],
	[19, 13, 21, 20, 11, 1, 1, 15, 1, 2] => QQFieldElem[-4//11, -20//11, -18//11, -10//11],
	[19, 13, 21, 20, 20, 1, 2, 21, 1, 1] => QQFieldElem[8//5, 2, 6//5, -4//5],
	[19, 13, 21, 20, 17, 2, 1, 16, 1, 1] => QQFieldElem[-1//5, -2//5, -3//5, 1//5],
	[19, 13, 21, 20, 20, 1, 2, 22, 1, 1] => QQFieldElem[-1, -2, -1, 0],
	[19, 13, 21, 20, 20, 1, 2, 9, 1, 1] => QQFieldElem[1, 5//4, 1//2, -1//4],
	[19, 13, 21, 20, 18, 2, 1, 21, 1, 2] => QQFieldElem[1//10, 1//10, 0, -1//5],
	[19, 13, 21, 20, 20, 2, 1, 21, 1, 1] => QQFieldElem[-1, -1, 1, 1],
	[19, 13, 21, 20, 17, 1, 1, 10, 1, 1] => QQFieldElem[1//2, 2, 2, 1//2],
	[19, 13, 21, 20, 18, 2, 1, 22, 1, 2] => QQFieldElem[-1//5, -13//20, -3//5, -3//10],
	[19, 13, 21, 20, 19, 2, 1, 14, 1, 1] => QQFieldElem[42//55, 34//55, -9//55, -27//55],
	[19, 13, 21, 20, 20, 2, 1, 22, 1, 1] => QQFieldElem[5//2, 5//2, 1//2, -1],
	[19, 13, 21, 20, 20, 2, 1, 9, 1, 1] => QQFieldElem[0, 1, 3//2, 1],
	[19, 13, 21, 20, 18, 1, 1, 15, 1, 1] => QQFieldElem[53//44, 67//44, 35//44, -5//44],
	[19, 13, 21, 20, 19, 2, 1, 13, 1, 1] => QQFieldElem[0, 0, 2, 2],
	[19, 13, 21, 20, 17, 1, 1, 15, 1, 2] => QQFieldElem[-4//11, 2//11, 4//11, 1//11],
	[19, 13, 21, 20, 20, 1, 2, 13, 1, 2] => QQFieldElem[3//4, 7//4, 7//4, 3//4],
	[19, 13, 21, 20, 20, 2, 1, 13, 1, 2] => QQFieldElem[-1//2, -1//2, 0, 1//2],
	[19, 13, 21, 20, 19, 1, 1, 21, 1, 1] => QQFieldElem[-24//5, -24//5, 0, 8//5],
	[19, 13, 21, 20, 11, 1, 1, 21, 1, 1] => QQFieldElem[0, 0, 0, 0],
	[19, 13, 21, 20, 18, 1, 1, 16, 1, 1] => QQFieldElem[-4//5, -8//5, -7//5, -1//5],
	[19, 13, 21, 20, 19, 1, 1, 9, 1, 1] => QQFieldElem[0, -1//2, -1, -1//2],
	[19, 13, 21, 20, 11, 1, 1, 9, 1, 1] => QQFieldElem[2, 4, 4, 2],
	[19, 13, 21, 20, 11, 1, 1, 22, 1, 1] => QQFieldElem[-4//5, -8//5, -7//5, -1//5],
	[19, 13, 21, 20, 17, 2, 1, 14, 1, 1] => QQFieldElem[-19//55, -18//55, 8//55, 24//55],
	[19, 13, 21, 20, 19, 1, 1, 22, 1, 1] => QQFieldElem[28//5, 36//5, 24//5, -8//5],
	[19, 13, 21, 20, 20, 1, 1, 21, 1, 2] => QQFieldElem[2//5, -6//5, -14//5, -12//5],
	[19, 13, 21, 20, 12, 1, 1, 21, 1, 2] => QQFieldElem[-1//10, -1//10, 0, 1//5],
	[19, 13, 21, 20, 17, 2, 1, 13, 1, 1] => QQFieldElem[0, 3//2, 2, 3//2],
	[19, 13, 21, 20, 20, 2, 2, 21, 1, 2] => QQFieldElem[6//5, 12//5, 8//5, 4//5],
	[19, 13, 21, 20, 20, 1, 1, 22, 1, 2] => QQFieldElem[-3, -2, 2, 3],
	[19, 13, 21, 20, 12, 1, 1, 22, 1, 2] => QQFieldElem[3//20, 3//10, 1//5, 1//10])