Dict(
	[19, 17, 20, 19, 12, 1, 1, 20, 1, 2] => QQFieldElem[2, 6, 8, 4],
	[19, 17, 20, 19, 19, 1, 1, 20, 2, 1] => QQFieldElem[0, 0, 0, 0],
	[19, 17, 20, 19, 11, 1, 1, 20, 2, 1] => QQFieldElem[1//2, 0, -1, -1],
	[19, 17, 20, 19, 19, 1, 2, 17, 1, 1] => QQFieldElem[-1//2, 0, 1//2, 1//2],
	[19, 17, 20, 19, 19, 1, 1, 19, 1, 2] => QQFieldElem[0, 0, 0, 0],
	[19, 17, 20, 19, 11, 1, 1, 19, 1, 2] => QQFieldElem[0, 0, 0, 0],
	[19, 17, 20, 19, 18, 1, 1, 11, 1, 1] => QQFieldElem[1//10, -1//20, 1//20, -1//10],
	[19, 17, 20, 19, 5, 1, 1, 11, 1, 1] => QQFieldElem[-8//5, -16//5, -14//5, -2//5],
	[19, 17, 20, 19, 20, 1, 1, 20, 2, 2] => QQFieldElem[0, 0, 0, 0],
	[19, 17, 20, 19, 17, 1, 1, 20, 1, 1] => QQFieldElem[0, 0, 0, 0],
	[19, 17, 20, 19, 12, 1, 1, 20, 2, 2] => QQFieldElem[0, 0, 0, 0],
	[19, 17, 20, 19, 20, 2, 1, 18, 1, 2] => QQFieldElem[0, 0, 0, 0],
	[19, 17, 20, 19, 7, 1, 1, 11, 1, 1] => QQFieldElem[1//4, 1//2, 1//4, 0],
	[19, 17, 20, 19, 20, 2, 1, 17, 1, 2] => QQFieldElem[0, 0, 0, 0],
	[19, 17, 20, 19, 19, 1, 2, 20, 1, 2] => QQFieldElem[0, 0, 0, 0],
	[19, 17, 20, 19, 17, 1, 1, 20, 2, 1] => QQFieldElem[0, 0, 0, 0],
	[19, 17, 20, 19, 4, 1, 1, 12, 1, 1] => QQFieldElem[-4//5, -3//5, 3//5, 4//5],
	[19, 17, 20, 19, 5, 1, 1, 19, 1, 1] => QQFieldElem[-3//2, 3//2, 4, 7//2],
	[19, 17, 20, 19, 18, 1, 1, 19, 1, 1] => QQFieldElem[0, -1//2, -1//2, -1//2],
	[19, 17, 20, 19, 17, 1, 1, 19, 1, 2] => QQFieldElem[0, 0, 0, 0],
	[19, 17, 20, 19, 7, 1, 1, 19, 1, 1] => QQFieldElem[-3//2, 3//2, 4, 7//2],
	[19, 17, 20, 19, 19, 1, 1, 18, 1, 2] => QQFieldElem[1//5, 2//5, 1//10, 3//10],
	[19, 17, 20, 19, 11, 1, 1, 18, 1, 2] => QQFieldElem[0, 0, 0, 0],
	[19, 17, 20, 19, 19, 1, 2, 20, 2, 2] => QQFieldElem[-1//5, -4//5, -4//5, -1//5],
	[19, 17, 20, 19, 7, 2, 1, 12, 1, 1] => QQFieldElem[2//5, 3//10, -3//10, -2//5],
	[19, 17, 20, 19, 19, 1, 1, 17, 1, 2] => QQFieldElem[0, -1//4, 0, 0],
	[19, 17, 20, 19, 11, 1, 1, 17, 1, 2] => QQFieldElem[0, 0, 0, 0],
	[19, 17, 20, 19, 4, 1, 1, 20, 1, 1] => QQFieldElem[0, 0, 0, 0],
	[19, 17, 20, 19, 20, 2, 1, 11, 1, 1] => QQFieldElem[0, 0, 0, 0],
	[19, 17, 20, 19, 18, 1, 1, 18, 1, 1] => QQFieldElem[-1//2, -3//2, -3//2, -1//2],
	[19, 17, 20, 19, 4, 1, 1, 20, 2, 1] => QQFieldElem[16//5, 32//5, 28//5, 4//5],
	[19, 17, 20, 19, 5, 1, 1, 18, 1, 1] => QQFieldElem[0, 1//4, 3//4, 1//4],
	[19, 17, 20, 19, 7, 2, 1, 20, 1, 1] => QQFieldElem[0, 0, 0, 0],
	[19, 17, 20, 19, 17, 1, 1, 18, 1, 2] => QQFieldElem[0, 0, 0, 0],
	[19, 17, 20, 19, 18, 1, 1, 17, 1, 1] => QQFieldElem[1//2, 1, 3//4, 1//4],
	[19, 17, 20, 19, 4, 1, 1, 19, 1, 2] => QQFieldElem[0, 0, 0, 0],
	[19, 17, 20, 19, 5, 1, 1, 17, 1, 1] => QQFieldElem[-1//8, 0, 1//8, 1//8],
	[19, 17, 20, 19, 7, 1, 1, 18, 1, 1] => QQFieldElem[0, -1//4, -3//4, -1//4],
	[19, 17, 20, 19, 17, 1, 1, 17, 1, 2] => QQFieldElem[0, 0, 0, 0],
	[19, 17, 20, 19, 20, 1, 1, 12, 1, 1] => QQFieldElem[0, -2, -2, 0],
	[19, 17, 20, 19, 12, 1, 1, 12, 1, 1] => QQFieldElem[2//5, 3//10, -3//10, -2//5],
	[19, 17, 20, 19, 7, 1, 1, 17, 1, 1] => QQFieldElem[1//8, 0, -1//8, -1//8],
	[19, 17, 20, 19, 20, 2, 1, 19, 1, 1] => QQFieldElem[0, 0, 0, 0],
	[19, 17, 20, 19, 7, 2, 1, 20, 2, 1] => QQFieldElem[0, 0, 0, 0],
	[19, 17, 20, 19, 19, 1, 1, 11, 1, 1] => QQFieldElem[0, 0, 0, 0],
	[19, 17, 20, 19, 11, 1, 1, 11, 1, 1] => QQFieldElem[-1//4, -1//2, -1//4, 0],
	[19, 17, 20, 19, 7, 2, 1, 19, 1, 2] => QQFieldElem[0, 0, 0, 0],
	[19, 17, 20, 19, 18, 1, 1, 20, 1, 2] => QQFieldElem[0, 0, 0, 0],
	[19, 17, 20, 19, 5, 1, 1, 20, 1, 2] => QQFieldElem[-1//10, -1//5, -3//10, -2//5],
	[19, 17, 20, 19, 20, 1, 1, 20, 1, 1] => QQFieldElem[-1//5, 1//10, 9//10, 7//10],
	[19, 17, 20, 19, 12, 1, 1, 20, 1, 1] => QQFieldElem[0, 0, 0, 0],
	[19, 17, 20, 19, 7, 1, 1, 20, 1, 2] => QQFieldElem[-1, 0, 1, 1],
	[19, 17, 20, 19, 19, 1, 2, 12, 1, 1] => QQFieldElem[-1//10, 1//20, -1//20, 1//10],
	[19, 17, 20, 19, 19, 1, 1, 19, 1, 1] => QQFieldElem[0, -1//2, -1//2, -1//2],
	[19, 17, 20, 19, 11, 1, 1, 19, 1, 1] => QQFieldElem[-4, -2, -2, -2],
	[19, 17, 20, 19, 4, 1, 1, 18, 1, 2] => QQFieldElem[-4, -4, -2, 0],
	[19, 17, 20, 19, 18, 1, 1, 20, 2, 2] => QQFieldElem[0, 0, 0, 0],
	[19, 17, 20, 19, 4, 1, 1, 17, 1, 2] => QQFieldElem[-7//5, -14//5, -11//5, -3//5],
	[19, 17, 20, 19, 17, 1, 1, 11, 1, 1] => QQFieldElem[0, 0, 1//4, 1//4],
	[19, 17, 20, 19, 12, 1, 1, 20, 2, 1] => QQFieldElem[-1//4, 0, 0, 0],
	[19, 17, 20, 19, 20, 1, 1, 20, 2, 1] => QQFieldElem[0, 0, 0, 0],
	[19, 17, 20, 19, 20, 2, 1, 18, 1, 1] => QQFieldElem[-1//10, -1//5, 1//5, 1//10],
	[19, 17, 20, 19, 20, 1, 1, 19, 1, 2] => QQFieldElem[0, 0, 0, 0],
	[19, 17, 20, 19, 5, 1, 1, 20, 2, 2] => QQFieldElem[-1//10, -1//5, -3//10, 1//10],
	[19, 17, 20, 19, 7, 1, 1, 20, 2, 2] => QQFieldElem[0, 0, 0, 0],
	[19, 17, 20, 19, 12, 1, 1, 19, 1, 2] => QQFieldElem[1, 1, 0, -2],
	[19, 17, 20, 19, 20, 2, 1, 17, 1, 1] => QQFieldElem[1//4, 0, 0, 0],
	[19, 17, 20, 19, 7, 2, 1, 18, 1, 2] => QQFieldElem[-1//2, 0, -1//4, -1//2],
	[19, 17, 20, 19, 19, 1, 2, 20, 1, 1] => QQFieldElem[0, 0, 0, 0],
	[19, 17, 20, 19, 7, 2, 1, 17, 1, 2] => QQFieldElem[1//40, 1//20, 3//40, -1//40],
	[19, 17, 20, 19, 17, 1, 1, 19, 1, 1] => QQFieldElem[0, 0, 0, 0],
	[19, 17, 20, 19, 19, 1, 1, 18, 1, 1] => QQFieldElem[1//2, 3//2, 3//2, 1//2],
	[19, 17, 20, 19, 19, 1, 2, 20, 2, 1] => QQFieldElem[2//5, -1//5, -4//5, -2//5],
	[19, 17, 20, 19, 11, 1, 1, 18, 1, 1] => QQFieldElem[0, 0, 0, 0],
	[19, 17, 20, 19, 20, 2, 1, 20, 1, 2] => QQFieldElem[0, 0, 0, 0],
	[19, 17, 20, 19, 19, 1, 1, 17, 1, 1] => QQFieldElem[-1//2, -1, -3//4, -1//4],
	[19, 17, 20, 19, 11, 1, 1, 17, 1, 1] => QQFieldElem[0, 0, 0, 0],
	[19, 17, 20, 19, 4, 1, 1, 11, 1, 1] => QQFieldElem[-1//5, -7//5, -8//5, -4//5],
	[19, 17, 20, 19, 19, 1, 2, 19, 1, 2] => QQFieldElem[0, 0, 0, 0],
	[19, 17, 20, 19, 20, 1, 1, 18, 1, 2] => QQFieldElem[0, 0, 0, 0],
	[19, 17, 20, 19, 12, 1, 1, 18, 1, 2] => QQFieldElem[0, 0, 0, 0],
	[19, 17, 20, 19, 20, 1, 1, 17, 1, 2] => QQFieldElem[0, 0, 0, 0],
	[19, 17, 20, 19, 12, 1, 1, 17, 1, 2] => QQFieldElem[0, 0, 0, 0],
	[19, 17, 20, 19, 20, 2, 1, 20, 2, 2] => QQFieldElem[2//5, 4//5, 1//5, -2//5],
	[19, 17, 20, 19, 7, 2, 1, 11, 1, 1] => QQFieldElem[1//10, 7//10, 4//5, 2//5],
	[19, 17, 20, 19, 17, 1, 1, 18, 1, 1] => QQFieldElem[-8//5, -6//5, 6//5, 8//5],
	[19, 17, 20, 19, 4, 1, 1, 19, 1, 1] => QQFieldElem[0, 0, 0, 0],
	[19, 17, 20, 19, 11, 1, 1, 20, 1, 2] => QQFieldElem[1//4, 1//2, 1//4, 0],
	[19, 17, 20, 19, 18, 1, 1, 12, 1, 1] => QQFieldElem[0, 0, 1//4, 1//4],
	[19, 17, 20, 19, 19, 1, 1, 20, 1, 2] => QQFieldElem[0, 0, 0, 0],
	[19, 17, 20, 19, 5, 1, 1, 12, 1, 1] => QQFieldElem[2//5, -6//5, -14//5, -12//5],
	[19, 17, 20, 19, 17, 1, 1, 17, 1, 1] => QQFieldElem[1, 0, -2, -2],
	[19, 17, 20, 19, 19, 1, 2, 18, 1, 2] => QQFieldElem[-1//5, 1//10, -1//10, 1//5],
	[19, 17, 20, 19, 7, 1, 1, 12, 1, 1] => QQFieldElem[-1//2, -5//4, -1, -1//4],
	[19, 17, 20, 19, 19, 1, 1, 20, 2, 2] => QQFieldElem[-1//5, 1//10, 9//10, 7//10],
	[19, 17, 20, 19, 11, 1, 1, 20, 2, 2] => QQFieldElem[-1//4, 0, -1//4, -1//4],
	[19, 17, 20, 19, 7, 2, 1, 19, 1, 1] => QQFieldElem[2, 4, 3, 1],
	[19, 17, 20, 19, 19, 1, 2, 17, 1, 2] => QQFieldElem[1//4, 0, 0, 0],
	[19, 17, 20, 19, 18, 1, 1, 20, 1, 1] => QQFieldElem[-1//10, 3//10, 7//10, 3//5],
	[19, 17, 20, 19, 5, 1, 1, 20, 1, 1] => QQFieldElem[-1//2, 0, 1, 1],
	[19, 17, 20, 19, 12, 1, 1, 11, 1, 1] => QQFieldElem[1//10, 7//10, 4//5, 2//5],
	[19, 17, 20, 19, 20, 1, 1, 11, 1, 1] => QQFieldElem[-2, -2, 0, 0],
	[19, 17, 20, 19, 17, 1, 1, 20, 1, 2] => QQFieldElem[-1//10, 3//10, 7//10, 3//5],
	[19, 17, 20, 19, 7, 1, 1, 20, 1, 1] => QQFieldElem[0, 0, 0, 0],
	[19, 17, 20, 19, 4, 1, 1, 18, 1, 1] => QQFieldElem[0, 0, 0, 0],
	[19, 17, 20, 19, 18, 1, 1, 20, 2, 1] => QQFieldElem[3//5, 3//5, 0, -1//5],
	[19, 17, 20, 19, 5, 1, 1, 20, 2, 1] => QQFieldElem[0, 0, 0, 0],
	[19, 17, 20, 19, 4, 1, 1, 17, 1, 1] => QQFieldElem[0, 0, 0, 0],
	[19, 17, 20, 19, 17, 1, 1, 20, 2, 2] => QQFieldElem[-3//5, -3//5, 0, 1//5],
	[19, 17, 20, 19, 18, 1, 1, 19, 1, 2] => QQFieldElem[3//5, 1//5, -1//5, -3//5],
	[19, 17, 20, 19, 5, 1, 1, 19, 1, 2] => QQFieldElem[-2, -4, -3, -1],
	[19, 17, 20, 19, 20, 1, 1, 19, 1, 1] => QQFieldElem[8//5, 6//5, 4//5, 12//5],
	[19, 17, 20, 19, 12, 1, 1, 19, 1, 1] => QQFieldElem[0, 0, 0, 0],
	[19, 17, 20, 19, 7, 1, 1, 20, 2, 1] => QQFieldElem[4, 4, 0, -4],
	[19, 17, 20, 19, 7, 2, 1, 18, 1, 1] => QQFieldElem[0, 0, 0, 0],
	[19, 17, 20, 19, 7, 1, 1, 19, 1, 2] => QQFieldElem[0, 0, 0, 0],
	[19, 17, 20, 19, 19, 1, 2, 11, 1, 1] => QQFieldElem[-3//20, -1//20, -1//5, -1//10],
	[19, 17, 20, 19, 20, 2, 1, 12, 1, 1] => QQFieldElem[0, 0, 0, 0],
	[19, 17, 20, 19, 7, 2, 1, 17, 1, 1] => QQFieldElem[0, 0, 0, 0],
	[19, 17, 20, 19, 4, 1, 1, 20, 1, 2] => QQFieldElem[1//2, 0, -1, -1],
	[19, 17, 20, 19, 19, 1, 2, 19, 1, 1] => QQFieldElem[-3//5, -1//5, 1//5, 3//5],
	[19, 17, 20, 19, 20, 2, 1, 20, 1, 1] => QQFieldElem[1//5, 4//5, 4//5, 1//5],
	[19, 17, 20, 19, 18, 1, 1, 18, 1, 2] => QQFieldElem[4//5, 3//5, -3//5, -4//5],
	[19, 17, 20, 19, 19, 1, 1, 12, 1, 1] => QQFieldElem[0, 0, 0, 0],
	[19, 17, 20, 19, 11, 1, 1, 12, 1, 1] => QQFieldElem[1//2, 5//4, 1, 1//4],
	[19, 17, 20, 19, 20, 1, 1, 18, 1, 1] => QQFieldElem[0, 0, 0, 0],
	[19, 17, 20, 19, 12, 1, 1, 18, 1, 1] => QQFieldElem[-4, 0, 2, 2],
	[19, 17, 20, 19, 7, 2, 1, 20, 1, 2] => QQFieldElem[-2, 0, 4, 4],
	[19, 17, 20, 19, 18, 1, 1, 17, 1, 2] => QQFieldElem[-1//2, 0, 1//2, 1//2],
	[19, 17, 20, 19, 4, 1, 1, 20, 2, 2] => QQFieldElem[0, 0, 0, 0],
	[19, 17, 20, 19, 5, 1, 1, 17, 1, 2] => QQFieldElem[0, 0, 0, 0],
	[19, 17, 20, 19, 20, 1, 1, 17, 1, 1] => QQFieldElem[0, 0, 0, 0],
	[19, 17, 20, 19, 7, 1, 1, 18, 1, 2] => QQFieldElem[1//2, 0, 1//2, 1//4],
	[19, 17, 20, 19, 12, 1, 1, 17, 1, 1] => QQFieldElem[-1, -1, 0, 1],
	[19, 17, 20, 19, 20, 2, 1, 20, 2, 1] => QQFieldElem[0, 0, 0, 0],
	[19, 17, 20, 19, 5, 1, 1, 18, 1, 2] => QQFieldElem[0, 0, 0, 0],
	[19, 17, 20, 19, 7, 1, 1, 17, 1, 2] => QQFieldElem[1//40, 1//20, 3//40, 1//10],
	[19, 17, 20, 19, 20, 2, 1, 19, 1, 2] => QQFieldElem[0, 0, 1, 0],
	[19, 17, 20, 19, 7, 2, 1, 20, 2, 2] => QQFieldElem[1//2, 0, -1, -1],
	[19, 17, 20, 19, 19, 1, 1, 20, 1, 1] => QQFieldElem[0, -4//5, -2//5, -4//5],
	[19, 17, 20, 19, 11, 1, 1, 20, 1, 1] => QQFieldElem[0, 0, 0, 0],
	[19, 17, 20, 19, 17, 1, 1, 12, 1, 1] => QQFieldElem[-3//20, -1//20, 1//20, -1//10],
	[19, 17, 20, 19, 19, 1, 2, 18, 1, 1] => QQFieldElem[4//5, 3//5, -3//5, -4//5],
	[19, 17, 20, 19, 20, 1, 1, 20, 1, 2] => QQFieldElem[-4//5, -4//5, 0, -2//5])