Dict(
	[19, 17, 19, 18, 8, 1, 1, 20, 2, 2] => QQFieldElem[-12//5, 0, 16//5, 16//5],
	[19, 17, 19, 18, 20, 2, 2, 11, 1, 1] => QQFieldElem[0, 0, 0, -1],
	[19, 17, 19, 18, 18, 1, 1, 6, 1, 1] => QQFieldElem[1, 5//2, 5//2, 1],
	[19, 17, 19, 18, 18, 1, 1, 20, 2, 1] => QQFieldElem[-12//5, -84//5, -116//5, -68//5],
	[19, 17, 19, 18, 17, 1, 1, 20, 2, 2] => QQFieldElem[16//5, 22//5, 8//5, -6//5],
	[19, 17, 19, 18, 20, 1, 2, 12, 1, 1] => QQFieldElem[-2, -1, 1, 2],
	[19, 17, 19, 18, 20, 1, 1, 19, 1, 1] => QQFieldElem[2//5, 3//5, 3//5, 2//5],
	[19, 17, 19, 18, 6, 1, 1, 3, 1, 1] => QQFieldElem[-6, -10, -6, 0],
	[19, 17, 19, 18, 12, 1, 1, 19, 1, 1] => QQFieldElem[-32//5, 0, 56//5, 56//5],
	[19, 17, 19, 18, 20, 2, 2, 19, 1, 1] => QQFieldElem[12//5, 28//5, 28//5, 12//5],
	[19, 17, 19, 18, 20, 2, 1, 12, 1, 1] => QQFieldElem[0, 0, 0, 0],
	[19, 17, 19, 18, 20, 1, 2, 20, 1, 1] => QQFieldElem[2, 4, 4, 2],
	[19, 17, 19, 18, 3, 1, 1, 12, 1, 1] => QQFieldElem[-4, -4, 0, 4],
	[19, 17, 19, 18, 18, 1, 1, 3, 1, 1] => QQFieldElem[1//2, 1//2, 0, 0],
	[19, 17, 19, 18, 20, 1, 2, 6, 1, 1] => QQFieldElem[1, 5//2, 5//2, 3//2],
	[19, 17, 19, 18, 20, 2, 1, 20, 1, 1] => QQFieldElem[1//5, 1//5, 0, -2//5],
	[19, 17, 19, 18, 20, 1, 1, 8, 1, 1] => QQFieldElem[0, 1//4, 0, 0],
	[19, 17, 19, 18, 12, 1, 1, 8, 1, 1] => QQFieldElem[0, 4, 6, 4],
	[19, 17, 19, 18, 11, 1, 1, 12, 1, 1] => QQFieldElem[2, 0, -4, -4],
	[19, 17, 19, 18, 20, 1, 1, 18, 1, 1] => QQFieldElem[0, -1//4, 1//4, -1//4],
	[19, 17, 19, 18, 12, 1, 1, 18, 1, 1] => QQFieldElem[0, -2, -2, 0],
	[19, 17, 19, 18, 20, 2, 1, 6, 1, 1] => QQFieldElem[-1//5, 1//10, -1//10, 1//5],
	[19, 17, 19, 18, 20, 2, 2, 8, 1, 1] => QQFieldElem[1, 2, 1, 0],
	[19, 17, 19, 18, 20, 1, 2, 20, 2, 1] => QQFieldElem[3, 2, -2, -3],
	[19, 17, 19, 18, 19, 1, 1, 12, 1, 1] => QQFieldElem[0, 0, 0, -1//2],
	[19, 17, 19, 18, 20, 1, 1, 17, 1, 1] => QQFieldElem[-1//2, -1//4, -1//4, -1//4],
	[19, 17, 19, 18, 12, 1, 1, 17, 1, 1] => QQFieldElem[0, -2, -2, 0],
	[19, 17, 19, 18, 3, 1, 1, 20, 1, 1] => QQFieldElem[32//5, 0, -56//5, -56//5],
	[19, 17, 19, 18, 20, 2, 1, 20, 2, 1] => QQFieldElem[-18, -14, 6, 14],
	[19, 17, 19, 18, 20, 2, 2, 17, 1, 1] => QQFieldElem[-1, -1, 0, 0],
	[19, 17, 19, 18, 8, 1, 1, 12, 1, 1] => QQFieldElem[-2, -2, 0, 2],
	[19, 17, 19, 18, 20, 2, 2, 18, 1, 1] => QQFieldElem[-1, -1, 0, 0],
	[19, 17, 19, 18, 3, 1, 1, 6, 1, 1] => QQFieldElem[0, 6, 10, 6],
	[19, 17, 19, 18, 19, 1, 1, 20, 1, 1] => QQFieldElem[28//5, 16//5, -16//5, -28//5],
	[19, 17, 19, 18, 11, 1, 1, 20, 1, 1] => QQFieldElem[-8, -8, 0, 4],
	[19, 17, 19, 18, 6, 1, 1, 11, 1, 1] => QQFieldElem[2, 2, 0, 0],
	[19, 17, 19, 18, 3, 1, 1, 20, 2, 1] => QQFieldElem[-32//5, 0, 56//5, 56//5],
	[19, 17, 19, 18, 17, 1, 1, 12, 1, 1] => QQFieldElem[-1, 0, 2, 2],
	[19, 17, 19, 18, 19, 1, 1, 6, 1, 1] => QQFieldElem[0, -1//4, 0, -1//4],
	[19, 17, 19, 18, 11, 1, 1, 6, 1, 1] => QQFieldElem[-1, -3, -3, -1],
	[19, 17, 19, 18, 20, 1, 1, 20, 1, 2] => QQFieldElem[-6, -14, -12, -4],
	[19, 17, 19, 18, 12, 1, 1, 20, 1, 2] => QQFieldElem[-2, 0, 3, 3],
	[19, 17, 19, 18, 20, 1, 2, 3, 1, 1] => QQFieldElem[1//2, 3//2, 1//2, 0],
	[19, 17, 19, 18, 8, 1, 1, 20, 1, 1] => QQFieldElem[-1//5, 0, 3//5, 3//5],
	[19, 17, 19, 18, 20, 2, 2, 20, 1, 2] => QQFieldElem[-1//4, -1//4, 1//4, 1//4],
	[19, 17, 19, 18, 11, 1, 1, 20, 2, 1] => QQFieldElem[72//5, 104//5, 56//5, -12//5],
	[19, 17, 19, 18, 19, 1, 1, 20, 2, 1] => QQFieldElem[21//5, 47//5, 43//5, 14//5],
	[19, 17, 19, 18, 8, 1, 1, 6, 1, 1] => QQFieldElem[0, 1, 2, 1],
	[19, 17, 19, 18, 20, 2, 1, 3, 1, 1] => QQFieldElem[-3//10, -1//10, -2//5, -1//5],
	[19, 17, 19, 18, 18, 1, 1, 11, 1, 1] => QQFieldElem[-1//2, 0, 1//2, 1//2],
	[19, 17, 19, 18, 6, 1, 1, 19, 1, 1] => QQFieldElem[24//5, 56//5, 56//5, 24//5],
	[19, 17, 19, 18, 20, 1, 1, 20, 2, 2] => QQFieldElem[1//4, 1//2, 1, 1//2],
	[19, 17, 19, 18, 12, 1, 1, 20, 2, 2] => QQFieldElem[1//5, 2//5, 1//10, -1//5],
	[19, 17, 19, 18, 8, 1, 1, 20, 2, 1] => QQFieldElem[0, 0, 0, 0],
	[19, 17, 19, 18, 17, 1, 1, 20, 1, 1] => QQFieldElem[7//10, 2//5, 1//10, -1//5],
	[19, 17, 19, 18, 20, 2, 2, 20, 2, 2] => QQFieldElem[-4, -3, 1, 3],
	[19, 17, 19, 18, 17, 1, 1, 6, 1, 1] => QQFieldElem[0, 1//2, 1//2, 0],
	[19, 17, 19, 18, 3, 1, 1, 3, 1, 1] => QQFieldElem[2, 2, 2, 0],
	[19, 17, 19, 18, 17, 1, 1, 20, 2, 1] => QQFieldElem[0, 2//5, 1//5, 2//5],
	[19, 17, 19, 18, 18, 1, 1, 19, 1, 1] => QQFieldElem[-22//5, -36//5, -22//5, 0],
	[19, 17, 19, 18, 19, 1, 1, 3, 1, 1] => QQFieldElem[-1//4, 0, -1//4, 0],
	[19, 17, 19, 18, 11, 1, 1, 3, 1, 1] => QQFieldElem[-2, -2, 0, 1],
	[19, 17, 19, 18, 6, 1, 1, 8, 1, 1] => QQFieldElem[4, 6, 4, 0],
	[19, 17, 19, 18, 6, 1, 1, 18, 1, 1] => QQFieldElem[-2, -2, 0, 2],
	[19, 17, 19, 18, 8, 1, 1, 3, 1, 1] => QQFieldElem[1, 2, 1, 0],
	[19, 17, 19, 18, 6, 1, 1, 17, 1, 1] => QQFieldElem[-2, -2, 0, -2],
	[19, 17, 19, 18, 20, 1, 2, 11, 1, 1] => QQFieldElem[-1//2, 0, 0, 1//2],
	[19, 17, 19, 18, 18, 1, 1, 8, 1, 1] => QQFieldElem[-1, -1, 0, 1//2],
	[19, 17, 19, 18, 17, 1, 1, 3, 1, 1] => QQFieldElem[3//2, 3//2, 0, -1],
	[19, 17, 19, 18, 20, 2, 1, 11, 1, 1] => QQFieldElem[0, 0, 0, 0],
	[19, 17, 19, 18, 18, 1, 1, 18, 1, 1] => QQFieldElem[0, 0, -1//2, -1//2],
	[19, 17, 19, 18, 18, 1, 1, 17, 1, 1] => QQFieldElem[1, 0, -3//2, -3//2],
	[19, 17, 19, 18, 6, 1, 1, 20, 1, 2] => QQFieldElem[0, -22//5, -36//5, -22//5],
	[19, 17, 19, 18, 20, 1, 2, 19, 1, 1] => QQFieldElem[-14//5, -28//5, -22//5, -6//5],
	[19, 17, 19, 18, 3, 1, 1, 11, 1, 1] => QQFieldElem[-2, -2, 0, 0],
	[19, 17, 19, 18, 20, 1, 1, 12, 1, 1] => QQFieldElem[1//2, 1//2, 0, 1//2],
	[19, 17, 19, 18, 12, 1, 1, 12, 1, 1] => QQFieldElem[4, 12, 12, 4],
	[19, 17, 19, 18, 20, 2, 2, 12, 1, 1] => QQFieldElem[2, 2, 0, -2],
	[19, 17, 19, 18, 20, 2, 1, 19, 1, 1] => QQFieldElem[0, 0, 0, 0],
	[19, 17, 19, 18, 19, 1, 1, 11, 1, 1] => QQFieldElem[1//4, 1//4, 0, 1//4],
	[19, 17, 19, 18, 11, 1, 1, 11, 1, 1] => QQFieldElem[1, 0, -2, -2],
	[19, 17, 19, 18, 6, 1, 1, 20, 2, 2] => QQFieldElem[-2//5, 0, 1//5, 1//5],
	[19, 17, 19, 18, 18, 1, 1, 20, 1, 2] => QQFieldElem[6//5, 22//5, 28//5, 14//5],
	[19, 17, 19, 18, 3, 1, 1, 19, 1, 1] => QQFieldElem[-24//5, -56//5, -56//5, -24//5],
	[19, 17, 19, 18, 20, 1, 1, 20, 1, 1] => QQFieldElem[-2//5, -4//5, -7//10, -1//10],
	[19, 17, 19, 18, 8, 1, 1, 11, 1, 1] => QQFieldElem[-1, -1, 0, 0],
	[19, 17, 19, 18, 12, 1, 1, 20, 1, 1] => QQFieldElem[12//5, 44//5, 56//5, 28//5],
	[19, 17, 19, 18, 20, 2, 2, 20, 1, 1] => QQFieldElem[-6//5, -22//5, -28//5, -14//5],
	[19, 17, 19, 18, 20, 1, 2, 8, 1, 1] => QQFieldElem[-1, -3//2, -1//2, 1//2],
	[19, 17, 19, 18, 20, 1, 1, 6, 1, 1] => QQFieldElem[1//4, 0, -1//4, 0],
	[19, 17, 19, 18, 12, 1, 1, 6, 1, 1] => QQFieldElem[2, 2, 0, -2],
	[19, 17, 19, 18, 11, 1, 1, 19, 1, 1] => QQFieldElem[44//5, 72//5, 44//5, 0],
	[19, 17, 19, 18, 20, 1, 2, 18, 1, 1] => QQFieldElem[1, 1, 0, 1//2],
	[19, 17, 19, 18, 20, 2, 2, 6, 1, 1] => QQFieldElem[0, -1, -2, -1],
	[19, 17, 19, 18, 18, 1, 1, 20, 2, 2] => QQFieldElem[-36//5, -72//5, -58//5, -14//5],
	[19, 17, 19, 18, 19, 1, 1, 19, 1, 1] => QQFieldElem[1//5, 4//5, 4//5, 1//5],
	[19, 17, 19, 18, 20, 1, 1, 20, 2, 1] => QQFieldElem[2, -2, -6, -6],
	[19, 17, 19, 18, 20, 1, 2, 17, 1, 1] => QQFieldElem[0, 0, -1, -3//2],
	[19, 17, 19, 18, 17, 1, 1, 11, 1, 1] => QQFieldElem[-1//2, 0, 1//2, 1//2],
	[19, 17, 19, 18, 20, 2, 1, 18, 1, 1] => QQFieldElem[1//10, 1//5, -1//5, 2//5],
	[19, 17, 19, 18, 20, 2, 1, 8, 1, 1] => QQFieldElem[0, 0, 0, 0],
	[19, 17, 19, 18, 20, 2, 2, 20, 2, 1] => QQFieldElem[-2, 6, 13, 9],
	[19, 17, 19, 18, 8, 1, 1, 19, 1, 1] => QQFieldElem[-12//5, -28//5, -28//5, -12//5],
	[19, 17, 19, 18, 12, 1, 1, 20, 2, 1] => QQFieldElem[-26//5, -22//5, 7//5, 21//5],
	[19, 17, 19, 18, 20, 2, 1, 17, 1, 1] => QQFieldElem[-1//10, -1//5, 1//5, -2//5],
	[19, 17, 19, 18, 3, 1, 1, 8, 1, 1] => QQFieldElem[-4, -6, -4, 0],
	[19, 17, 19, 18, 3, 1, 1, 18, 1, 1] => QQFieldElem[2, 2, 0, 2],
	[19, 17, 19, 18, 17, 1, 1, 19, 1, 1] => QQFieldElem[-22//5, -36//5, -22//5, 0],
	[19, 17, 19, 18, 3, 1, 1, 17, 1, 1] => QQFieldElem[2, 2, 0, -2],
	[19, 17, 19, 18, 20, 1, 2, 20, 1, 2] => QQFieldElem[-1//2, -5//2, -7//2, -2],
	[19, 17, 19, 18, 11, 1, 1, 8, 1, 1] => QQFieldElem[3, 3, 0, -2],
	[19, 17, 19, 18, 19, 1, 1, 8, 1, 1] => QQFieldElem[0, 1//4, 0, 0],
	[19, 17, 19, 18, 19, 1, 1, 18, 1, 1] => QQFieldElem[-1//4, -1//4, 0, -1//4],
	[19, 17, 19, 18, 11, 1, 1, 18, 1, 1] => QQFieldElem[-1, 0, 1, 1],
	[19, 17, 19, 18, 20, 1, 1, 3, 1, 1] => QQFieldElem[1//4, 0, 1//4, 1//4],
	[19, 17, 19, 18, 12, 1, 1, 3, 1, 1] => QQFieldElem[0, -2, -4, -2],
	[19, 17, 19, 18, 20, 2, 1, 20, 1, 2] => QQFieldElem[7//2, -5//2, -19//2, -8],
	[19, 17, 19, 18, 19, 1, 1, 17, 1, 1] => QQFieldElem[-1//4, -1//4, 0, -1//4],
	[19, 17, 19, 18, 20, 2, 2, 3, 1, 1] => QQFieldElem[-1, -2, -1, 0],
	[19, 17, 19, 18, 11, 1, 1, 17, 1, 1] => QQFieldElem[-1, 0, 1, 1],
	[19, 17, 19, 18, 8, 1, 1, 8, 1, 1] => QQFieldElem[-2, -3, -2, 0],
	[19, 17, 19, 18, 6, 1, 1, 12, 1, 1] => QQFieldElem[4, 4, 0, -4],
	[19, 17, 19, 18, 20, 1, 2, 20, 2, 2] => QQFieldElem[5//2, 2, -1//2, -3//2],
	[19, 17, 19, 18, 8, 1, 1, 18, 1, 1] => QQFieldElem[0, 0, 0, -1],
	[19, 17, 19, 18, 3, 1, 1, 20, 1, 2] => QQFieldElem[12//5, 0, -16//5, -16//5],
	[19, 17, 19, 18, 8, 1, 1, 17, 1, 1] => QQFieldElem[0, 0, 0, -1],
	[19, 17, 19, 18, 20, 2, 1, 20, 2, 2] => QQFieldElem[-2//5, -4//5, -7//10, -1//10],
	[19, 17, 19, 18, 17, 1, 1, 8, 1, 1] => QQFieldElem[-1, -1, 0, 1//2],
	[19, 17, 19, 18, 17, 1, 1, 18, 1, 1] => QQFieldElem[1, 0, -3//2, -3//2],
	[19, 17, 19, 18, 19, 1, 1, 20, 1, 2] => QQFieldElem[3, 5, 3, 0],
	[19, 17, 19, 18, 6, 1, 1, 20, 1, 1] => QQFieldElem[-32//5, -56//5, -32//5, 0],
	[19, 17, 19, 18, 11, 1, 1, 20, 1, 2] => QQFieldElem[-16//5, -22//5, -8//5, 6//5],
	[19, 17, 19, 18, 18, 1, 1, 12, 1, 1] => QQFieldElem[-1, 0, 2, 2],
	[19, 17, 19, 18, 17, 1, 1, 17, 1, 1] => QQFieldElem[0, 0, -1//2, -1//2],
	[19, 17, 19, 18, 3, 1, 1, 20, 2, 2] => QQFieldElem[0, 44//5, 72//5, 44//5],
	[19, 17, 19, 18, 6, 1, 1, 6, 1, 1] => QQFieldElem[0, -2, -2, -2],
	[19, 17, 19, 18, 8, 1, 1, 20, 1, 2] => QQFieldElem[6//5, -8//5, -22//5, -16//5],
	[19, 17, 19, 18, 19, 1, 1, 20, 2, 2] => QQFieldElem[-1//5, -2//5, -3//5, -3//10],
	[19, 17, 19, 18, 6, 1, 1, 20, 2, 1] => QQFieldElem[0, -22//5, -36//5, -22//5],
	[19, 17, 19, 18, 11, 1, 1, 20, 2, 2] => QQFieldElem[36//5, 22//5, -22//5, -36//5],
	[19, 17, 19, 18, 18, 1, 1, 20, 1, 1] => QQFieldElem[4, 12, 12, 4],
	[19, 17, 19, 18, 20, 1, 1, 11, 1, 1] => QQFieldElem[1//4, 1//4, 0, 1//4],
	[19, 17, 19, 18, 12, 1, 1, 11, 1, 1] => QQFieldElem[0, 2, 2, 0],
	[19, 17, 19, 18, 17, 1, 1, 20, 1, 2] => QQFieldElem[-2, -2, 0, 1])