Dict(
	[19, 22, 21, 19, 17, 1, 2, 16, 2, 1] => QQFieldElem[-3, -3, -1//2, 3//2],
	[19, 22, 21, 19, 7, 2, 1, 21, 1, 2] => QQFieldElem[-9//10, -13//10, -7//10, -1//10],
	[19, 22, 21, 19, 3, 1, 1, 16, 2, 2] => QQFieldElem[-3//2, -5//2, -3//2, 0],
	[19, 22, 21, 19, 4, 1, 1, 22, 2, 2] => QQFieldElem[3//5, 4//5, 3//5, 0],
	[19, 22, 21, 19, 20, 1, 2, 22, 2, 1] => QQFieldElem[-2, -5//2, -3//4, 1],
	[19, 22, 21, 19, 20, 2, 1, 21, 2, 1] => QQFieldElem[-1//2, -3//4, -3//4, 0],
	[19, 22, 21, 19, 19, 1, 1, 16, 2, 2] => QQFieldElem[-13, -15, -3, 6],
	[19, 22, 21, 19, 20, 1, 2, 14, 2, 2] => QQFieldElem[1//2, 11//4, 15//4, 7//4],
	[19, 22, 21, 19, 11, 1, 1, 21, 1, 1] => QQFieldElem[3//20, -9//20, -4//5, -13//20],
	[19, 22, 21, 19, 8, 1, 1, 16, 2, 2] => QQFieldElem[0, -7//5, -11//5, -7//5],
	[19, 22, 21, 19, 3, 1, 1, 22, 2, 1] => QQFieldElem[-2//5, -3//10, 3//10, 2//5],
	[19, 22, 21, 19, 17, 1, 2, 14, 2, 1] => QQFieldElem[-1//16, 1//16, 3//16, 1//8],
	[19, 22, 21, 19, 2, 1, 1, 13, 1, 1] => QQFieldElem[4//5, 28//5, 32//5, 16//5],
	[19, 22, 21, 19, 3, 1, 1, 14, 2, 2] => QQFieldElem[0, 0, 0, 0],
	[19, 22, 21, 19, 19, 1, 1, 22, 2, 1] => QQFieldElem[-3//4, 7//4, 15//4, 9//4],
	[19, 22, 21, 19, 20, 2, 2, 22, 1, 2] => QQFieldElem[-1, -3, -4, -2],
	[19, 22, 21, 19, 20, 1, 1, 21, 2, 2] => QQFieldElem[-1//2, -1//4, 1//4, 1//2],
	[19, 22, 21, 19, 7, 1, 1, 16, 2, 1] => QQFieldElem[0, -18//5, -29//5, -18//5],
	[19, 22, 21, 19, 19, 1, 1, 14, 2, 2] => QQFieldElem[1, 0, -3//2, -3//2],
	[19, 22, 21, 19, 12, 1, 1, 22, 2, 2] => QQFieldElem[2, 3, 1, -1],
	[19, 22, 21, 19, 8, 1, 1, 22, 2, 1] => QQFieldElem[-3//5, -7//10, -3//10, 1//10],
	[19, 22, 21, 19, 19, 1, 2, 21, 1, 2] => QQFieldElem[-2, 0, 2, 2],
	[19, 22, 21, 19, 18, 1, 2, 16, 1, 2] => QQFieldElem[0, 3, 5, 3],
	[19, 22, 21, 19, 17, 1, 1, 21, 2, 1] => QQFieldElem[0, 0, 0, 0],
	[19, 22, 21, 19, 8, 1, 1, 14, 2, 2] => QQFieldElem[-1, -3//2, -1, 0],
	[19, 22, 21, 19, 20, 1, 1, 10, 1, 1] => QQFieldElem[1//2, 3//4, 1//2, 1//8],
	[19, 22, 21, 19, 7, 2, 1, 16, 1, 2] => QQFieldElem[-9//5, -13//5, -7//5, 3//10],
	[19, 22, 21, 19, 11, 1, 1, 15, 1, 1] => QQFieldElem[0, 0, 0, 0],
	[19, 22, 21, 19, 7, 1, 1, 14, 2, 1] => QQFieldElem[1, 3//2, 1, 0],
	[19, 22, 21, 19, 18, 1, 2, 9, 1, 1] => QQFieldElem[3//8, 3//8, 0, -1//4],
	[19, 22, 21, 19, 18, 1, 2, 22, 1, 1] => QQFieldElem[1//10, 1//5, 3//10, 3//20],
	[19, 22, 21, 19, 20, 2, 1, 16, 2, 1] => QQFieldElem[-3, -3, -1//2, 3//2],
	[19, 22, 21, 19, 17, 1, 2, 22, 1, 2] => QQFieldElem[-1//2, -5//4, -3//2, -1//2],
	[19, 22, 21, 19, 18, 1, 2, 14, 1, 2] => QQFieldElem[-1//4, -3//8, -1//4, 0],
	[19, 22, 21, 19, 11, 1, 1, 16, 1, 1] => QQFieldElem[11//10, 11//5, 9//5, 2//5],
	[19, 22, 21, 19, 4, 1, 1, 21, 2, 1] => QQFieldElem[1//5, -4//5, -1, -2//5],
	[19, 22, 21, 19, 6, 1, 1, 21, 1, 2] => QQFieldElem[11//5, 7//5, -7//5, -11//5],
	[19, 22, 21, 19, 7, 2, 1, 9, 1, 1] => QQFieldElem[1//2, 3//4, 1//2, 0],
	[19, 22, 21, 19, 7, 2, 1, 22, 1, 1] => QQFieldElem[-32//5, -44//5, -16//5, 12//5],
	[19, 22, 21, 19, 7, 2, 1, 14, 1, 2] => QQFieldElem[1//4, -1//2, -5//4, -1],
	[19, 22, 21, 19, 2, 1, 1, 22, 2, 2] => QQFieldElem[3//20, 1//20, -1//20, -3//20],
	[19, 22, 21, 19, 20, 1, 1, 16, 2, 2] => QQFieldElem[3//4, -7//4, -15//4, -11//4],
	[19, 22, 21, 19, 20, 2, 1, 14, 2, 1] => QQFieldElem[0, 1//4, 1//2, 1//4],
	[19, 22, 21, 19, 18, 1, 1, 21, 1, 2] => QQFieldElem[1//2, 1//4, -1//2, -3//4],
	[19, 22, 21, 19, 5, 1, 1, 21, 1, 2] => QQFieldElem[11//5, 7//5, -7//5, -11//5],
	[19, 22, 21, 19, 20, 2, 2, 21, 1, 1] => QQFieldElem[-1, 0, 3//2, 3//2],
	[19, 22, 21, 19, 11, 1, 1, 14, 1, 1] => QQFieldElem[1//8, -3//8, -5//8, -3//8],
	[19, 22, 21, 19, 19, 1, 2, 16, 1, 2] => QQFieldElem[-52, -60, -12, 24],
	[19, 22, 21, 19, 17, 1, 1, 16, 2, 1] => QQFieldElem[0, -6, -10, -6],
	[19, 22, 21, 19, 7, 1, 1, 22, 1, 2] => QQFieldElem[-3//5, -7//10, -3//10, 1//10],
	[19, 22, 21, 19, 12, 1, 1, 21, 2, 1] => QQFieldElem[-1//2, -2//5, 3//10, 3//5],
	[19, 22, 21, 19, 20, 1, 1, 22, 2, 1] => QQFieldElem[1, 3//4, -1//4, -3//4],
	[19, 22, 21, 19, 20, 1, 1, 14, 2, 2] => QQFieldElem[1//4, 3//4, 1, 1//2],
	[19, 22, 21, 19, 19, 1, 2, 9, 1, 1] => QQFieldElem[-3//2, -5//2, -3//2, 0],
	[19, 22, 21, 19, 19, 1, 2, 22, 1, 1] => QQFieldElem[-1//4, 0, 1//2, 1//2],
	[19, 22, 21, 19, 20, 1, 2, 21, 1, 2] => QQFieldElem[1//2, 11//4, 7//2, 2],
	[19, 22, 21, 19, 19, 1, 2, 14, 1, 2] => QQFieldElem[2, 0, -4, -4],
	[19, 22, 21, 19, 17, 1, 1, 14, 2, 1] => QQFieldElem[-1//5, -9//10, -11//10, -11//20],
	[19, 22, 21, 19, 4, 1, 1, 16, 2, 1] => QQFieldElem[1//4, 0, -1//4, -1//4],
	[19, 22, 21, 19, 6, 1, 1, 16, 1, 2] => QQFieldElem[9//4, 7//4, -3//4, -2],
	[19, 22, 21, 19, 20, 2, 1, 22, 1, 2] => QQFieldElem[1//2, 5//4, 1, 1//2],
	[19, 22, 21, 19, 17, 1, 2, 21, 1, 1] => QQFieldElem[0, 0, 0, 0],
	[19, 22, 21, 19, 3, 1, 1, 21, 1, 2] => QQFieldElem[-4//5, -12//5, -4//5, 0],
	[19, 22, 21, 19, 20, 2, 2, 15, 1, 1] => QQFieldElem[-3//10, 2//5, 11//10, 4//5],
	[19, 22, 21, 19, 19, 1, 1, 21, 1, 2] => QQFieldElem[-2, 0, 2, 2],
	[19, 22, 21, 19, 18, 1, 2, 13, 1, 1] => QQFieldElem[11//20, 11//10, 9//10, 1//5],
	[19, 22, 21, 19, 18, 1, 1, 16, 1, 2] => QQFieldElem[-5//2, -5, -4, -1],
	[19, 22, 21, 19, 5, 1, 1, 16, 1, 2] => QQFieldElem[-9//4, -7//4, 3//4, 2],
	[19, 22, 21, 19, 6, 1, 1, 9, 1, 1] => QQFieldElem[1//4, 0, -3//8, -3//8],
	[19, 22, 21, 19, 6, 1, 1, 22, 1, 1] => QQFieldElem[0, 0, 0, 0],
	[19, 22, 21, 19, 2, 1, 1, 21, 2, 1] => QQFieldElem[-16//5, -8//5, -16//5, 0],
	[19, 22, 21, 19, 4, 1, 1, 14, 2, 1] => QQFieldElem[-1//4, -3//4, -3//4, -1//4],
	[19, 22, 21, 19, 20, 2, 2, 16, 1, 1] => QQFieldElem[13, 15, 3, -6],
	[19, 22, 21, 19, 8, 1, 1, 21, 1, 2] => QQFieldElem[-9//10, -13//10, -7//10, -1//10],
	[19, 22, 21, 19, 6, 1, 1, 14, 1, 2] => QQFieldElem[-1//4, 0, 1//2, 1//2],
	[19, 22, 21, 19, 11, 1, 1, 21, 2, 2] => QQFieldElem[4//5, 0, -7//5, -7//5],
	[19, 22, 21, 19, 7, 2, 1, 13, 1, 1] => QQFieldElem[1//5, 7//5, 8//5, 4//5],
	[19, 22, 21, 19, 12, 1, 1, 16, 2, 1] => QQFieldElem[2//5, 9//5, 11//5, 11//10],
	[19, 22, 21, 19, 18, 1, 1, 9, 1, 1] => QQFieldElem[-5//16, -3//16, 3//16, 5//16],
	[19, 22, 21, 19, 18, 1, 1, 22, 1, 1] => QQFieldElem[0, 0, 0, 0],
	[19, 22, 21, 19, 5, 1, 1, 9, 1, 1] => QQFieldElem[0, 0, 0, 0],
	[19, 22, 21, 19, 5, 1, 1, 22, 1, 1] => QQFieldElem[0, 0, 0, 0],
	[19, 22, 21, 19, 7, 1, 1, 21, 1, 1] => QQFieldElem[4//5, 0, 8//5, 8//5],
	[19, 22, 21, 19, 17, 1, 1, 22, 1, 2] => QQFieldElem[1//10, 1//5, 3//10, 3//20],
	[19, 22, 21, 19, 18, 1, 1, 14, 1, 2] => QQFieldElem[1//4, 1//4, 0, -1//8],
	[19, 22, 21, 19, 5, 1, 1, 14, 1, 2] => QQFieldElem[1//4, 0, -1//2, -1//2],
	[19, 22, 21, 19, 17, 1, 2, 15, 1, 1] => QQFieldElem[1//10, -1//20, -1//5, -1//10],
	[19, 22, 21, 19, 20, 1, 2, 16, 1, 2] => QQFieldElem[9, -9, -29, -47//2],
	[19, 22, 21, 19, 20, 2, 2, 14, 1, 1] => QQFieldElem[1, 0, -3//2, -3//2],
	[19, 22, 21, 19, 11, 1, 1, 10, 1, 1] => QQFieldElem[1//8, 3//8, 0, 1//8],
	[19, 22, 21, 19, 12, 1, 1, 14, 2, 1] => QQFieldElem[-1//4, -1//4, 0, 1//4],
	[19, 22, 21, 19, 17, 1, 2, 16, 1, 1] => QQFieldElem[0, -24, -40, -24],
	[19, 22, 21, 19, 3, 1, 1, 16, 1, 2] => QQFieldElem[-1//2, -1//2, -1//2, 0],
	[19, 22, 21, 19, 4, 1, 1, 22, 1, 2] => QQFieldElem[-2//5, -3//10, 3//10, 2//5],
	[19, 22, 21, 19, 20, 1, 2, 9, 1, 1] => QQFieldElem[-3//2, -9//8, 5//8, 11//8],
	[19, 22, 21, 19, 20, 1, 2, 22, 1, 1] => QQFieldElem[-3//10, -21//10, -29//10, -17//10],
	[19, 22, 21, 19, 20, 2, 1, 21, 1, 1] => QQFieldElem[1//2, 3//4, 3//4, 1//2],
	[19, 22, 21, 19, 19, 1, 2, 13, 1, 1] => QQFieldElem[-4//5, -18//5, -22//5, -11//5],
	[19, 22, 21, 19, 19, 1, 1, 16, 1, 2] => QQFieldElem[52, 60, 12, -24],
	[19, 22, 21, 19, 20, 1, 2, 14, 1, 2] => QQFieldElem[-1//2, -11//4, -15//4, -7//4],
	[19, 22, 21, 19, 18, 1, 2, 22, 2, 2] => QQFieldElem[2, 1, -1, -2],
	[19, 22, 21, 19, 2, 1, 1, 16, 2, 1] => QQFieldElem[-2, -4, -2, 0],
	[19, 22, 21, 19, 8, 1, 1, 16, 1, 2] => QQFieldElem[9//5, 13//5, 7//5, -3//10],
	[19, 22, 21, 19, 3, 1, 1, 9, 1, 1] => QQFieldElem[3, 5, 3, 0],
	[19, 22, 21, 19, 3, 1, 1, 22, 1, 1] => QQFieldElem[1//10, 3//10, 1//10, 0],
	[19, 22, 21, 19, 7, 1, 1, 15, 1, 1] => QQFieldElem[-1//4, -1//2, -3//8, -1//8],
	[19, 22, 21, 19, 11, 1, 1, 16, 2, 2] => QQFieldElem[0, 5, 8, 5],
	[19, 22, 21, 19, 17, 1, 2, 14, 1, 1] => QQFieldElem[-3//5, -11//5, -14//5, -7//5],
	[19, 22, 21, 19, 7, 2, 1, 22, 2, 2] => QQFieldElem[8//5, 11//5, 4//5, -3//5],
	[19, 22, 21, 19, 3, 1, 1, 14, 1, 2] => QQFieldElem[0, 0, 0, 0],
	[19, 22, 21, 19, 19, 1, 1, 22, 1, 1] => QQFieldElem[1//4, 7//8, 1, 1//2],
	[19, 22, 21, 19, 19, 1, 1, 9, 1, 1] => QQFieldElem[3//2, 9//8, -5//8, -11//8],
	[19, 22, 21, 19, 20, 1, 1, 21, 1, 2] => QQFieldElem[-1//2, -1//4, 1//4, 1//2],
	[19, 22, 21, 19, 7, 1, 1, 16, 1, 1] => QQFieldElem[0, -28//5, -44//5, -28//5],
	[19, 22, 21, 19, 19, 1, 1, 14, 1, 2] => QQFieldElem[2, 0, -4, -4],
	[19, 22, 21, 19, 8, 1, 1, 9, 1, 1] => QQFieldElem[5//4, 2, 5//4, 0],
	[19, 22, 21, 19, 8, 1, 1, 22, 1, 1] => QQFieldElem[-9//20, -7//5, -8//5, -4//5],
	[19, 22, 21, 19, 12, 1, 1, 22, 1, 2] => QQFieldElem[8//5, 1//5, -11//5, -13//5],
	[19, 22, 21, 19, 11, 1, 1, 22, 2, 1] => QQFieldElem[3//5, 1//5, -1//5, -3//5],
	[19, 22, 21, 19, 6, 1, 1, 13, 1, 1] => QQFieldElem[3//10, 3//5, 2//5, -1//20],
	[19, 22, 21, 19, 2, 1, 1, 14, 2, 1] => QQFieldElem[0, 0, 0, 0],
	[19, 22, 21, 19, 17, 1, 1, 21, 1, 1] => QQFieldElem[0, 0, 0, 0],
	[19, 22, 21, 19, 8, 1, 1, 14, 1, 2] => QQFieldElem[1//4, -1//2, -5//4, -1],
	[19, 22, 21, 19, 20, 2, 2, 21, 2, 2] => QQFieldElem[3//2, 0, -5//2, -5//2],
	[19, 22, 21, 19, 11, 1, 1, 14, 2, 2] => QQFieldElem[1, 2, 1, 0],
	[19, 22, 21, 19, 20, 2, 1, 15, 1, 1] => QQFieldElem[3//40, 11//40, 7//20, 7//40],
	[19, 22, 21, 19, 18, 1, 1, 13, 1, 1] => QQFieldElem[-3//4, -7//8, -1//4, 1//4],
	[19, 22, 21, 19, 5, 1, 1, 13, 1, 1] => QQFieldElem[1//4, 1//8, -1//4, -1//4],
	[19, 22, 21, 19, 7, 1, 1, 14, 1, 1] => QQFieldElem[-4, -6, -4, 0],
	[19, 22, 21, 19, 20, 2, 1, 16, 1, 1] => QQFieldElem[1, 18, 57//2, 35//2],
	[19, 22, 21, 19, 19, 1, 2, 22, 2, 2] => QQFieldElem[-1, -3//4, 1//4, 3//4],
	[19, 22, 21, 19, 4, 1, 1, 21, 1, 1] => QQFieldElem[9//10, 13//10, 7//10, 1//10],
	[19, 22, 21, 19, 20, 2, 2, 10, 1, 1] => QQFieldElem[-1, 0, 1, 1],
	[19, 22, 21, 19, 18, 1, 2, 21, 2, 1] => QQFieldElem[0, 0, 0, 0],
	[19, 22, 21, 19, 17, 1, 2, 21, 2, 2] => QQFieldElem[0, 0, 0, 0],
	[19, 22, 21, 19, 2, 1, 1, 22, 1, 2] => QQFieldElem[-3//5, -4//5, -3//5, 0],
	[19, 22, 21, 19, 20, 1, 2, 13, 1, 1] => QQFieldElem[-11//4, -19//4, -13//4, -1//4],
	[19, 22, 21, 19, 17, 1, 1, 15, 1, 1] => QQFieldElem[1//4, 1//2, 3//8, 1//8],
	[19, 22, 21, 19, 20, 2, 1, 14, 1, 1] => QQFieldElem[-3//4, -2, -7//4, -1//2],
	[19, 22, 21, 19, 20, 1, 1, 16, 1, 2] => QQFieldElem[-3//4, 7//4, 15//4, 11//4],
	[19, 22, 21, 19, 7, 2, 1, 21, 2, 1] => QQFieldElem[13//20, 1//20, -4//5, -9//10],
	[19, 22, 21, 19, 6, 1, 1, 22, 2, 2] => QQFieldElem[1, 1, 1, 0],
	[19, 22, 21, 19, 17, 1, 1, 16, 1, 1] => QQFieldElem[0, 24, 40, 24],
	[19, 22, 21, 19, 20, 2, 2, 16, 2, 2] => QQFieldElem[21, 24, 5, -10],
	[19, 22, 21, 19, 3, 1, 1, 13, 1, 1] => QQFieldElem[4//5, 28//5, 32//5, 16//5],
	[19, 22, 21, 19, 12, 1, 1, 21, 1, 1] => QQFieldElem[-3//20, 9//20, 4//5, 13//20],
	[19, 22, 21, 19, 20, 1, 1, 9, 1, 1] => QQFieldElem[-5//16, -3//16, 3//16, 5//16],
	[19, 22, 21, 19, 20, 1, 1, 22, 1, 1] => QQFieldElem[1//20, -13//20, -17//20, -11//20],
	[19, 22, 21, 19, 17, 1, 2, 10, 1, 1] => QQFieldElem[-1//2, 0, 0, 0],
	[19, 22, 21, 19, 19, 1, 1, 13, 1, 1] => QQFieldElem[11//4, 19//4, 13//4, 1//4],
	[19, 22, 21, 19, 4, 1, 1, 15, 1, 1] => QQFieldElem[1//5, -7//20, -9//10, -7//10],
	[19, 22, 21, 19, 20, 1, 1, 14, 1, 2] => QQFieldElem[1//4, 3//4, 1, 1//2],
	[19, 22, 21, 19, 18, 1, 1, 22, 2, 2] => QQFieldElem[-3//4, 7//4, 15//4, 9//4],
	[19, 22, 21, 19, 5, 1, 1, 22, 2, 2] => QQFieldElem[-1, -1, -1, 0],
	[19, 22, 21, 19, 7, 1, 1, 21, 2, 2] => QQFieldElem[1, 0, -1, -1],
	[19, 22, 21, 19, 8, 1, 1, 13, 1, 1] => QQFieldElem[3//5, 11//5, 14//5, 7//5],
	[19, 22, 21, 19, 20, 2, 2, 22, 2, 1] => QQFieldElem[3//10, 21//10, 29//10, 17//10],
	[19, 22, 21, 19, 17, 1, 1, 14, 1, 1] => QQFieldElem[-3//5, -11//5, -14//5, -7//5],
	[19, 22, 21, 19, 4, 1, 1, 16, 1, 1] => QQFieldElem[1//4, 3//8, 3//8, 1//4],
	[19, 22, 21, 19, 20, 2, 2, 14, 2, 2] => QQFieldElem[-3//2, 0, 2, 2],
	[19, 22, 21, 19, 19, 1, 2, 21, 2, 1] => QQFieldElem[0, 0, 0, 0],
	[19, 22, 21, 19, 18, 1, 2, 16, 2, 1] => QQFieldElem[0, 8, 12, 8],
	[19, 22, 21, 19, 17, 1, 2, 16, 2, 2] => QQFieldElem[0, 6, 10, 6],
	[19, 22, 21, 19, 7, 1, 1, 10, 1, 1] => QQFieldElem[-1//4, -1//2, -1//4, -1//4],
	[19, 22, 21, 19, 20, 1, 2, 22, 2, 2] => QQFieldElem[11//4, 9//2, 3, 1//2],
	[19, 22, 21, 19, 12, 1, 1, 15, 1, 1] => QQFieldElem[1//10, 1//5, 7//40, 1//40],
	[19, 22, 21, 19, 20, 2, 1, 21, 2, 2] => QQFieldElem[-1//2, -1, -3//4, 0],
	[19, 22, 21, 19, 7, 2, 1, 16, 2, 1] => QQFieldElem[-1//5, -2//5, -7//20, -1//20],
	[19, 22, 21, 19, 2, 1, 1, 21, 1, 1] => QQFieldElem[16//5, 8//5, 16//5, 0],
	[19, 22, 21, 19, 4, 1, 1, 14, 1, 1] => QQFieldElem[1//2, 1//4, -3//8, -1//2],
	[19, 22, 21, 19, 11, 1, 1, 21, 1, 2] => QQFieldElem[3//5, 17//10, 9//5, 9//10],
	[19, 22, 21, 19, 17, 1, 2, 22, 2, 1] => QQFieldElem[0, 0, 0, 0],
	[19, 22, 21, 19, 12, 1, 1, 16, 1, 1] => QQFieldElem[11//10, 11//5, 9//5, 2//5],
	[19, 22, 21, 19, 3, 1, 1, 22, 2, 2] => QQFieldElem[3//5, 4//5, 3//5, 0],
	[19, 22, 21, 19, 18, 1, 2, 14, 2, 1] => QQFieldElem[-1//20, -7//20, -2//5, -1//5],
	[19, 22, 21, 19, 17, 1, 2, 14, 2, 2] => QQFieldElem[-1//5, -9//10, -11//10, -11//20],
	[19, 22, 21, 19, 6, 1, 1, 21, 2, 1] => QQFieldElem[4//5, 7//5, 4//5, 0],
	[19, 22, 21, 19, 19, 1, 1, 22, 2, 2] => QQFieldElem[-3//5, -11//5, -14//5, -7//5],
	[19, 22, 21, 19, 20, 2, 1, 10, 1, 1] => QQFieldElem[0, 1//4, 1//2, 1//4],
	[19, 22, 21, 19, 7, 1, 1, 16, 2, 2] => QQFieldElem[0, -7//5, -11//5, -7//5],
	[19, 22, 21, 19, 7, 2, 1, 14, 2, 1] => QQFieldElem[-1//8, -3//4, -1, -5//8],
	[19, 22, 21, 19, 8, 1, 1, 22, 2, 2] => QQFieldElem[8//5, 11//5, 4//5, -3//5],
	[19, 22, 21, 19, 18, 1, 1, 21, 2, 1] => QQFieldElem[0, -1//2, -1//2, -1//2],
	[19, 22, 21, 19, 5, 1, 1, 21, 2, 1] => QQFieldElem[4//5, 7//5, 4//5, 0],
	[19, 22, 21, 19, 17, 1, 1, 21, 2, 2] => QQFieldElem[0, 0, 0, 0],
	[19, 22, 21, 19, 12, 1, 1, 14, 1, 1] => QQFieldElem[-1//8, 3//8, 5//8, 3//8],
	[19, 22, 21, 19, 20, 1, 1, 13, 1, 1] => QQFieldElem[-3//4, -7//8, -1//4, 1//4],
	[19, 22, 21, 19, 19, 1, 2, 16, 2, 1] => QQFieldElem[0, 10, 16, 10],
	[19, 22, 21, 19, 7, 1, 1, 22, 2, 1] => QQFieldElem[-8//5, -11//5, -4//5, 3//5],
	[19, 22, 21, 19, 2, 1, 1, 15, 1, 1] => QQFieldElem[1//5, -3//5, -7//5, -6//5],
	[19, 22, 21, 19, 7, 1, 1, 14, 2, 2] => QQFieldElem[1, 3//2, 1, 0],
	[19, 22, 21, 19, 18, 1, 2, 22, 1, 2] => QQFieldElem[-1//4, 0, 1//2, 1//2],
	[19, 22, 21, 19, 20, 2, 1, 16, 2, 2] => QQFieldElem[3, 4, 3//2, -1],
	[19, 22, 21, 19, 2, 1, 1, 16, 1, 1] => QQFieldElem[-2, -4, -2, 0],
	[19, 22, 21, 19, 17, 1, 1, 10, 1, 1] => QQFieldElem[-1//4, -1//2, -1//4, -1//4],
	[19, 22, 21, 19, 4, 1, 1, 21, 2, 2] => QQFieldElem[4//5, 12//5, 4//5, 0],
	[19, 22, 21, 19, 11, 1, 1, 16, 1, 2] => QQFieldElem[-41//10, -87//10, -73//10, -19//10],
	[19, 22, 21, 19, 20, 1, 2, 21, 2, 1] => QQFieldElem[-1//2, -3//4, -3//4, -1//2],
	[19, 22, 21, 19, 19, 1, 2, 14, 2, 1] => QQFieldElem[1//4, 5//4, 3//2, 3//4],
	[19, 22, 21, 19, 7, 2, 1, 22, 1, 2] => QQFieldElem[-1//5, 8//5, 29//10, 17//10],
	[19, 22, 21, 19, 6, 1, 1, 16, 2, 1] => QQFieldElem[1//2, 1//4, -1//4, -1//2],
	[19, 22, 21, 19, 20, 2, 1, 22, 2, 1] => QQFieldElem[1//20, -13//20, -17//20, -11//20],
	[19, 22, 21, 19, 3, 1, 1, 21, 2, 1] => QQFieldElem[-3//5, 4//5, 6//5, 3//5],
	[19, 22, 21, 19, 11, 1, 1, 9, 1, 1] => QQFieldElem[0, 0, 0, 0],
	[19, 22, 21, 19, 20, 2, 1, 14, 2, 2] => QQFieldElem[-1//4, 1//4, 3//4, 1//2],
	[19, 22, 21, 19, 11, 1, 1, 22, 1, 1] => QQFieldElem[-1//10, 4//5, 6//5, 3//5],
	[19, 22, 21, 19, 2, 1, 1, 14, 1, 1] => QQFieldElem[0, 0, 0, 0],
	[19, 22, 21, 19, 4, 1, 1, 10, 1, 1] => QQFieldElem[1//2, 0, -1, -1],
	[19, 22, 21, 19, 20, 2, 2, 21, 1, 2] => QQFieldElem[3//2, 0, -5//2, -5//2],
	[19, 22, 21, 19, 19, 1, 1, 21, 2, 1] => QQFieldElem[1//2, 0, -1//2, -1//2],
	[19, 22, 21, 19, 11, 1, 1, 14, 1, 2] => QQFieldElem[-1, -3//4, 1//2, 5//4],
	[19, 22, 21, 19, 18, 1, 1, 16, 2, 1] => QQFieldElem[-9, -12, -6, 2],
	[19, 22, 21, 19, 5, 1, 1, 16, 2, 1] => QQFieldElem[-1//2, -1//4, 1//4, 1//2],
	[19, 22, 21, 19, 17, 1, 1, 16, 2, 2] => QQFieldElem[0, -8, -12, -8],
	[19, 22, 21, 19, 12, 1, 1, 21, 2, 2] => QQFieldElem[-4//5, 0, 7//5, 7//5],
	[19, 22, 21, 19, 8, 1, 1, 21, 2, 1] => QQFieldElem[9//10, 13//10, 7//10, 1//10],
	[19, 22, 21, 19, 20, 1, 1, 22, 2, 2] => QQFieldElem[3//4, 1, 1//8, -1//2],
	[19, 22, 21, 19, 6, 1, 1, 14, 2, 1] => QQFieldElem[-1//2, -3//4, -1//2, 0],
	[19, 22, 21, 19, 19, 1, 2, 22, 1, 2] => QQFieldElem[-6//5, -42//5, -58//5, -34//5],
	[19, 22, 21, 19, 17, 1, 1, 22, 2, 1] => QQFieldElem[7//5, 4//5, -4//5, -7//5],
	[19, 22, 21, 19, 18, 1, 1, 14, 2, 1] => QQFieldElem[1//2, 5//8, 1//4, -1//8],
	[19, 22, 21, 19, 5, 1, 1, 14, 2, 1] => QQFieldElem[1//2, 3//4, 1//2, 0],
	[19, 22, 21, 19, 17, 1, 1, 14, 2, 2] => QQFieldElem[-1//20, -7//20, -2//5, -1//5],
	[19, 22, 21, 19, 4, 1, 1, 16, 2, 2] => QQFieldElem[-1//2, -1//2, -1//2, 0],
	[19, 22, 21, 19, 20, 1, 2, 16, 2, 1] => QQFieldElem[1, 18, 57//2, 35//2],
	[19, 22, 21, 19, 12, 1, 1, 10, 1, 1] => QQFieldElem[1//4, 1//4, 0, 1//4],
	[19, 22, 21, 19, 18, 1, 2, 21, 1, 1] => QQFieldElem[0, 1//2, 1//2, 0],
	[19, 22, 21, 19, 17, 1, 2, 21, 1, 2] => QQFieldElem[0, 1//2, 1//2, 1//2],
	[19, 22, 21, 19, 7, 2, 1, 21, 1, 1] => QQFieldElem[-4//5, 0, -8//5, -8//5],
	[19, 22, 21, 19, 3, 1, 1, 16, 2, 1] => QQFieldElem[-1//4, 0, 3//4, 3//4],
	[19, 22, 21, 19, 4, 1, 1, 22, 2, 1] => QQFieldElem[1//10, 3//10, 1//10, 0],
	[19, 22, 21, 19, 6, 1, 1, 22, 1, 2] => QQFieldElem[1, 1, 0, 0],
	[19, 22, 21, 19, 2, 1, 1, 21, 2, 2] => QQFieldElem[-9//10, -13//10, -7//10, -1//10],
	[19, 22, 21, 19, 4, 1, 1, 14, 2, 2] => QQFieldElem[0, 0, 0, 0],
	[19, 22, 21, 19, 20, 2, 2, 16, 1, 2] => QQFieldElem[-21, -24, -5, 10],
	[19, 22, 21, 19, 20, 1, 2, 14, 2, 1] => QQFieldElem[3//4, 2, 7//4, 1//2],
	[19, 22, 21, 19, 19, 1, 1, 16, 2, 1] => QQFieldElem[8, 16, 13, 3],
	[19, 22, 21, 19, 12, 1, 1, 16, 2, 2] => QQFieldElem[0, 5, 8, 5],
	[19, 22, 21, 19, 8, 1, 1, 16, 2, 1] => QQFieldElem[3//10, 7//10, 7//10, 3//10],
	[19, 22, 21, 19, 18, 1, 1, 22, 1, 2] => QQFieldElem[-1//4, -7//8, -1, -1//2],
	[19, 22, 21, 19, 5, 1, 1, 22, 1, 2] => QQFieldElem[1, 1, 0, 0],
	[19, 22, 21, 19, 7, 1, 1, 21, 1, 2] => QQFieldElem[9//10, 13//10, 7//10, 1//10],
	[19, 22, 21, 19, 20, 2, 2, 9, 1, 1] => QQFieldElem[-3//2, -5//2, -3//2, 0],
	[19, 22, 21, 19, 20, 2, 2, 22, 1, 1] => QQFieldElem[3//5, 11//5, 14//5, 7//5],
	[19, 22, 21, 19, 3, 1, 1, 14, 2, 1] => QQFieldElem[0, -1//2, -3//4, -1//2],
	[19, 22, 21, 19, 11, 1, 1, 13, 1, 1] => QQFieldElem[1//4, 1//8, -1//4, -1//4],
	[19, 22, 21, 19, 18, 1, 2, 15, 1, 1] => QQFieldElem[-3//40, -11//40, -7//20, -7//40],
	[19, 22, 21, 19, 20, 1, 1, 21, 2, 1] => QQFieldElem[1//8, -1//8, -3//4, -1//2],
	[19, 22, 21, 19, 2, 1, 1, 10, 1, 1] => QQFieldElem[-2, 0, 0, 0],
	[19, 22, 21, 19, 20, 2, 2, 14, 1, 2] => QQFieldElem[-3//2, 0, 2, 2],
	[19, 22, 21, 19, 19, 1, 1, 14, 2, 1] => QQFieldElem[1, 7//4, 5//4, 1//8],
	[19, 22, 21, 19, 12, 1, 1, 22, 2, 1] => QQFieldElem[3//5, 1//5, -1//5, -3//5],
	[19, 22, 21, 19, 19, 1, 2, 21, 1, 1] => QQFieldElem[1//2, 1, 1//2, 0],
	[19, 22, 21, 19, 18, 1, 2, 16, 1, 1] => QQFieldElem[0, -2, -3, -2],
	[19, 22, 21, 19, 12, 1, 1, 14, 2, 2] => QQFieldElem[-1, -2, -1, 0],
	[19, 22, 21, 19, 8, 1, 1, 14, 2, 1] => QQFieldElem[1//4, 1//2, 1//2, 1//4],
	[19, 22, 21, 19, 7, 2, 1, 15, 1, 1] => QQFieldElem[1//10, -1//20, -1//5, -1//10],
	[19, 22, 21, 19, 17, 1, 2, 16, 1, 2] => QQFieldElem[-9, -12, -6, 2],
	[19, 22, 21, 19, 20, 1, 2, 22, 1, 2] => QQFieldElem[11//4, 9//2, 3, 1//2],
	[19, 22, 21, 19, 20, 2, 1, 21, 1, 2] => QQFieldElem[1//2, 1, 3//4, 0],
	[19, 22, 21, 19, 7, 2, 1, 16, 1, 1] => QQFieldElem[0, -28//5, -44//5, -28//5],
	[19, 22, 21, 19, 17, 1, 2, 9, 1, 1] => QQFieldElem[1//2, 3//4, 1//2, 0],
	[19, 22, 21, 19, 2, 1, 1, 16, 2, 2] => QQFieldElem[1//4, 3//8, 3//8, 1//4],
	[19, 22, 21, 19, 17, 1, 2, 22, 1, 1] => QQFieldElem[8//5, -4//5, -16//5, -18//5],
	[19, 22, 21, 19, 3, 1, 1, 22, 1, 2] => QQFieldElem[-3//5, -4//5, -3//5, 0],
	[19, 22, 21, 19, 18, 1, 2, 14, 1, 1] => QQFieldElem[1//5, 11//40, 1//10, -3//40],
	[19, 22, 21, 19, 17, 1, 2, 14, 1, 2] => QQFieldElem[-1//2, -5//8, -1//4, 1//8],
	[19, 22, 21, 19, 6, 1, 1, 21, 1, 1] => QQFieldElem[7//10, 2//5, -2//5, -7//10],
	[19, 22, 21, 19, 19, 1, 1, 22, 1, 2] => QQFieldElem[6//5, 42//5, 58//5, 34//5],
	[19, 22, 21, 19, 7, 1, 1, 16, 1, 2] => QQFieldElem[-3//10, -7//10, -7//10, -3//10],
	[19, 22, 21, 19, 7, 2, 1, 14, 1, 1] => QQFieldElem[4, 6, 4, 0],
	[19, 22, 21, 19, 2, 1, 1, 22, 2, 1] => QQFieldElem[-12//5, -16//5, -12//5, 0],
	[19, 22, 21, 19, 19, 1, 2, 15, 1, 1] => QQFieldElem[-3//10, 2//5, 11//10, 4//5],
	[19, 22, 21, 19, 8, 1, 1, 22, 1, 2] => QQFieldElem[-1//5, 8//5, 29//10, 17//10],
	[19, 22, 21, 19, 20, 1, 1, 16, 2, 1] => QQFieldElem[-13//4, -8, -8, -13//4],
	[19, 22, 21, 19, 11, 1, 1, 22, 2, 2] => QQFieldElem[-2, -3, -1, 1],
	[19, 22, 21, 19, 18, 1, 1, 21, 1, 1] => QQFieldElem[-1//2, -1//4, 1//4, 1//4],
	[19, 22, 21, 19, 2, 1, 1, 14, 2, 2] => QQFieldElem[1//2, 1//4, -3//8, -1//2],
	[19, 22, 21, 19, 5, 1, 1, 21, 1, 1] => QQFieldElem[-7//10, -2//5, 2//5, 7//10],
	[19, 22, 21, 19, 17, 1, 1, 21, 1, 2] => QQFieldElem[0, -1//2, -1//2, 0],
	[19, 22, 21, 19, 19, 1, 2, 16, 1, 1] => QQFieldElem[0, 3, 5, 3],
	[19, 22, 21, 19, 7, 1, 1, 9, 1, 1] => QQFieldElem[1//2, 0, -7//8, -7//8],
	[19, 22, 21, 19, 7, 1, 1, 22, 1, 1] => QQFieldElem[32//5, 44//5, 16//5, -12//5],
	[19, 22, 21, 19, 7, 1, 1, 14, 1, 2] => QQFieldElem[1//4, 1//2, 1//2, 1//4],
	[19, 22, 21, 19, 20, 2, 2, 13, 1, 1] => QQFieldElem[-4//5, -18//5, -22//5, -11//5],
	[19, 22, 21, 19, 20, 2, 1, 16, 1, 2] => QQFieldElem[3, 4, 3//2, -1],
	[19, 22, 21, 19, 20, 1, 1, 14, 2, 1] => QQFieldElem[0, -1//4, -1//4, -1//8],
	[19, 22, 21, 19, 6, 1, 1, 15, 1, 1] => QQFieldElem[-1//10, -1//5, -7//40, -1//40],
	[19, 22, 21, 19, 4, 1, 1, 21, 1, 2] => QQFieldElem[-3//5, 4//5, 6//5, 3//5],
	[19, 22, 21, 19, 20, 1, 2, 21, 1, 1] => QQFieldElem[-1//2, 0, 1//2, 1//2],
	[19, 22, 21, 19, 19, 1, 2, 14, 1, 1] => QQFieldElem[1//4, 3//8, 1//4, 0],
	[19, 22, 21, 19, 18, 1, 2, 21, 2, 2] => QQFieldElem[0, 0, 0, 0],
	[19, 22, 21, 19, 20, 2, 1, 9, 1, 1] => QQFieldElem[-3//8, -3//8, 0, 1//4],
	[19, 22, 21, 19, 20, 2, 1, 22, 1, 1] => QQFieldElem[-2, -5//2, -3//4, 1],
	[19, 22, 21, 19, 6, 1, 1, 16, 1, 1] => QQFieldElem[1//4, -1//4, -3//4, -1//2],
	[19, 22, 21, 19, 18, 1, 1, 15, 1, 1] => QQFieldElem[1//8, 5//16, 5//16, 1//8],
	[19, 22, 21, 19, 5, 1, 1, 15, 1, 1] => QQFieldElem[0, 0, 0, 0],
	[19, 22, 21, 19, 3, 1, 1, 21, 1, 1] => QQFieldElem[1//5, -4//5, -1, -2//5],
	[19, 22, 21, 19, 20, 2, 1, 14, 1, 2] => QQFieldElem[1//4, -1//4, -3//4, -1//2],
	[19, 22, 21, 19, 7, 2, 1, 21, 2, 2] => QQFieldElem[-3//5, 0, 4//5, 4//5],
	[19, 22, 21, 19, 19, 1, 1, 21, 1, 1] => QQFieldElem[1//2, 1//4, -1//2, -3//4],
	[19, 22, 21, 19, 18, 1, 1, 16, 1, 1] => QQFieldElem[3, 3, 1//2, -3//2],
	[19, 22, 21, 19, 5, 1, 1, 16, 1, 1] => QQFieldElem[1//4, -1//4, -3//4, -1//2],
	[19, 22, 21, 19, 17, 1, 2, 13, 1, 1] => QQFieldElem[1//5, 7//5, 8//5, 4//5],
	[19, 22, 21, 19, 17, 1, 1, 16, 1, 2] => QQFieldElem[0, -2, -3, -2],
	[19, 22, 21, 19, 18, 1, 2, 10, 1, 1] => QQFieldElem[0, 1//4, 1//2, 1//4],
	[19, 22, 21, 19, 12, 1, 1, 21, 1, 2] => QQFieldElem[3//5, 17//10, 9//5, 9//10],
	[19, 22, 21, 19, 8, 1, 1, 21, 1, 1] => QQFieldElem[-13//20, -1//20, 4//5, 9//10],
	[19, 22, 21, 19, 20, 1, 1, 22, 1, 2] => QQFieldElem[-3//4, -1, -1//8, 1//2],
	[19, 22, 21, 19, 6, 1, 1, 14, 1, 1] => QQFieldElem[-1//2, -1//4, 3//8, 1//2],
	[19, 22, 21, 19, 11, 1, 1, 21, 2, 1] => QQFieldElem[-1//2, -2//5, 3//10, 3//5],
	[19, 22, 21, 19, 20, 1, 2, 15, 1, 1] => QQFieldElem[1//2, 11//8, 3//2, 5//8],
	[19, 22, 21, 19, 7, 2, 1, 10, 1, 1] => QQFieldElem[1//2, 0, 0, 0],
	[19, 22, 21, 19, 17, 1, 1, 9, 1, 1] => QQFieldElem[-1//2, 0, 7//8, 7//8],
	[19, 22, 21, 19, 17, 1, 1, 22, 1, 1] => QQFieldElem[-8//5, 4//5, 16//5, 18//5],
	[19, 22, 21, 19, 20, 2, 2, 22, 2, 2] => QQFieldElem[1, 3, 4, 2],
	[19, 22, 21, 19, 18, 1, 1, 14, 1, 1] => QQFieldElem[-1//16, 1//16, 3//16, 1//8],
	[19, 22, 21, 19, 5, 1, 1, 14, 1, 1] => QQFieldElem[-1//2, -1//4, 3//8, 1//2],
	[19, 22, 21, 19, 17, 1, 1, 14, 1, 2] => QQFieldElem[-1//5, -11//40, -1//10, 3//40],
	[19, 22, 21, 19, 4, 1, 1, 16, 1, 2] => QQFieldElem[1//4, 0, -3//4, -3//4],
	[19, 22, 21, 19, 20, 1, 2, 16, 1, 1] => QQFieldElem[-16, -19, -6, 6],
	[19, 22, 21, 19, 3, 1, 1, 15, 1, 1] => QQFieldElem[1//5, -3//5, -7//5, -6//5],
	[19, 22, 21, 19, 7, 1, 1, 13, 1, 1] => QQFieldElem[3//2, 7//4, 1//2, -1//2],
	[19, 22, 21, 19, 19, 1, 2, 21, 2, 2] => QQFieldElem[1//8, -1//8, -3//4, -1//2],
	[19, 22, 21, 19, 18, 1, 2, 16, 2, 2] => QQFieldElem[0, -10, -16, -10],
	[19, 22, 21, 19, 19, 1, 1, 15, 1, 1] => QQFieldElem[-1//2, -11//8, -3//2, -5//8],
	[19, 22, 21, 19, 3, 1, 1, 16, 1, 1] => QQFieldElem[-1//4, 0, 1//4, 1//4],
	[19, 22, 21, 19, 4, 1, 1, 9, 1, 1] => QQFieldElem[5//4, 2, 5//4, 0],
	[19, 22, 21, 19, 4, 1, 1, 22, 1, 1] => QQFieldElem[-3//20, -1//20, 1//20, 3//20],
	[19, 22, 21, 19, 8, 1, 1, 15, 1, 1] => QQFieldElem[1//5, -7//20, -9//10, -7//10],
	[19, 22, 21, 19, 7, 2, 1, 16, 2, 2] => QQFieldElem[0, -18//5, -29//5, -18//5],
	[19, 22, 21, 19, 2, 1, 1, 21, 1, 2] => QQFieldElem[-8//5, -14//5, -8//5, 0],
	[19, 22, 21, 19, 4, 1, 1, 14, 1, 2] => QQFieldElem[0, 1//2, 3//4, 1//2],
	[19, 22, 21, 19, 19, 1, 1, 16, 1, 1] => QQFieldElem[5//2, 5, 4, 1],
	[19, 22, 21, 19, 20, 1, 2, 14, 1, 1] => QQFieldElem[1//2, 0, -1, -1],
	[19, 22, 21, 19, 18, 1, 2, 22, 2, 1] => QQFieldElem[-2//5, 1//5, 4//5, 9//10],
	[19, 22, 21, 19, 17, 1, 2, 22, 2, 2] => QQFieldElem[-7//5, -4//5, 4//5, 7//5],
	[19, 22, 21, 19, 19, 1, 2, 10, 1, 1] => QQFieldElem[1, 0, -1, -1],
	[19, 22, 21, 19, 12, 1, 1, 16, 1, 2] => QQFieldElem[41//10, 87//10, 73//10, 19//10],
	[19, 22, 21, 19, 8, 1, 1, 16, 1, 1] => QQFieldElem[-1//5, -2//5, -7//20, -1//20],
	[19, 22, 21, 19, 18, 1, 2, 14, 2, 2] => QQFieldElem[1//4, 5//4, 3//2, 3//4],
	[19, 22, 21, 19, 11, 1, 1, 16, 2, 1] => QQFieldElem[-2//5, -9//5, -11//5, -11//10],
	[19, 22, 21, 19, 20, 2, 1, 13, 1, 1] => QQFieldElem[-11//20, -11//10, -9//10, -1//5],
	[19, 22, 21, 19, 6, 1, 1, 21, 2, 2] => QQFieldElem[14//5, 22//5, 14//5, 0],
	[19, 22, 21, 19, 7, 2, 1, 22, 2, 1] => QQFieldElem[9//20, 7//5, 8//5, 4//5],
	[19, 22, 21, 19, 3, 1, 1, 14, 1, 1] => QQFieldElem[1//4, 3//4, 3//4, 1//4],
	[19, 22, 21, 19, 20, 1, 1, 21, 1, 1] => QQFieldElem[1//2, 3//4, 3//4, 0],
	[19, 22, 21, 19, 7, 2, 1, 14, 2, 2] => QQFieldElem[-1, -3//2, -1, 0],
	[19, 22, 21, 19, 19, 1, 1, 14, 1, 1] => QQFieldElem[1//4, 1//4, 0, -1//8],
	[19, 22, 21, 19, 12, 1, 1, 9, 1, 1] => QQFieldElem[-1//4, 0, 3//8, 3//8],
	[19, 22, 21, 19, 12, 1, 1, 22, 1, 1] => QQFieldElem[1//10, -4//5, -6//5, -3//5],
	[19, 22, 21, 19, 18, 1, 1, 21, 2, 2] => QQFieldElem[-1//2, 0, 1//2, 1//2],
	[19, 22, 21, 19, 5, 1, 1, 21, 2, 2] => QQFieldElem[-14//5, -22//5, -14//5, 0],
	[19, 22, 21, 19, 12, 1, 1, 14, 1, 2] => QQFieldElem[-1, -3//4, 1//2, 5//4],
	[19, 22, 21, 19, 8, 1, 1, 14, 1, 1] => QQFieldElem[1//8, 3//4, 1, 5//8],
	[19, 22, 21, 19, 20, 2, 2, 21, 2, 1] => QQFieldElem[-1//2, 0, 1//2, 1//2],
	[19, 22, 21, 19, 11, 1, 1, 14, 2, 1] => QQFieldElem[-1//4, -1//4, 0, 1//4],
	[19, 22, 21, 19, 19, 1, 2, 16, 2, 2] => QQFieldElem[13//4, 8, 8, 13//4],
	[19, 22, 21, 19, 6, 1, 1, 10, 1, 1] => QQFieldElem[1//4, 1//4, 0, 1//4],
	[19, 22, 21, 19, 7, 1, 1, 22, 2, 2] => QQFieldElem[-8//5, -11//5, -4//5, 3//5],
	[19, 22, 21, 19, 17, 1, 1, 13, 1, 1] => QQFieldElem[-3//2, -7//4, -1//2, 1//2],
	[19, 22, 21, 19, 18, 1, 1, 10, 1, 1] => QQFieldElem[-1//2, -3//4, -1//2, -1//8],
	[19, 22, 21, 19, 2, 1, 1, 16, 1, 2] => QQFieldElem[-3//2, -5//2, -3//2, 0],
	[19, 22, 21, 19, 5, 1, 1, 10, 1, 1] => QQFieldElem[-1//8, -3//8, 0, -1//8],
	[19, 22, 21, 19, 19, 1, 2, 22, 2, 1] => QQFieldElem[-2, -1, 1, 2],
	[19, 22, 21, 19, 20, 1, 2, 21, 2, 2] => QQFieldElem[-1//2, -11//4, -7//2, -2],
	[19, 22, 21, 19, 19, 1, 2, 14, 2, 2] => QQFieldElem[0, -1//4, -1//4, -1//8],
	[19, 22, 21, 19, 20, 1, 1, 15, 1, 1] => QQFieldElem[1//8, 5//16, 5//16, 1//8],
	[19, 22, 21, 19, 6, 1, 1, 16, 2, 2] => QQFieldElem[2, 7//2, 2, 0],
	[19, 22, 21, 19, 20, 2, 1, 22, 2, 2] => QQFieldElem[1//2, 5//4, 1, 1//2],
	[19, 22, 21, 19, 17, 1, 2, 21, 2, 1] => QQFieldElem[-1//2, -1//4, 1//4, 1//4],
	[19, 22, 21, 19, 2, 1, 1, 22, 1, 1] => QQFieldElem[12//5, 16//5, 12//5, 0],
	[19, 22, 21, 19, 2, 1, 1, 9, 1, 1] => QQFieldElem[3, 5, 3, 0],
	[19, 22, 21, 19, 4, 1, 1, 13, 1, 1] => QQFieldElem[3//5, 11//5, 14//5, 7//5],
	[19, 22, 21, 19, 3, 1, 1, 21, 2, 2] => QQFieldElem[8//5, 14//5, 8//5, 0],
	[19, 22, 21, 19, 20, 1, 1, 16, 1, 1] => QQFieldElem[-3, -3, -1//2, 3//2],
	[19, 22, 21, 19, 11, 1, 1, 22, 1, 2] => QQFieldElem[8//5, 1//5, -11//5, -13//5],
	[19, 22, 21, 19, 2, 1, 1, 14, 1, 2] => QQFieldElem[0, 0, 0, 0],
	[19, 22, 21, 19, 20, 1, 2, 10, 1, 1] => QQFieldElem[1//4, 3//2, 9//4, 1],
	[19, 22, 21, 19, 19, 1, 1, 21, 2, 2] => QQFieldElem[-1, 0, 3//2, 3//2],
	[19, 22, 21, 19, 18, 1, 1, 16, 2, 2] => QQFieldElem[8, 16, 13, 3],
	[19, 22, 21, 19, 5, 1, 1, 16, 2, 2] => QQFieldElem[2, 7//2, 2, 0],
	[19, 22, 21, 19, 6, 1, 1, 22, 2, 1] => QQFieldElem[0, 0, 0, 0],
	[19, 22, 21, 19, 20, 2, 2, 16, 2, 1] => QQFieldElem[16, 19, 6, -6],
	[19, 22, 21, 19, 8, 1, 1, 21, 2, 2] => QQFieldElem[-1, 0, 1, 1],
	[19, 22, 21, 19, 6, 1, 1, 14, 2, 2] => QQFieldElem[0, 0, 0, 0],
	[19, 22, 21, 19, 3, 1, 1, 10, 1, 1] => QQFieldElem[2, 0, 0, 0],
	[19, 22, 21, 19, 20, 1, 1, 14, 1, 1] => QQFieldElem[0, -1//4, -1//2, -1//4],
	[19, 22, 21, 19, 18, 1, 1, 22, 2, 1] => QQFieldElem[-1//2, -5//4, -3//2, -1//2],
	[19, 22, 21, 19, 5, 1, 1, 22, 2, 1] => QQFieldElem[0, 0, 0, 0],
	[19, 22, 21, 19, 7, 1, 1, 21, 2, 1] => QQFieldElem[3//5, 0, -4//5, -4//5],
	[19, 22, 21, 19, 12, 1, 1, 13, 1, 1] => QQFieldElem[-3//10, -3//5, -2//5, 1//20],
	[19, 22, 21, 19, 19, 1, 1, 10, 1, 1] => QQFieldElem[1//4, 3//2, 9//4, 1],
	[19, 22, 21, 19, 17, 1, 1, 22, 2, 2] => QQFieldElem[2//5, -1//5, -4//5, -9//10],
	[19, 22, 21, 19, 18, 1, 1, 14, 2, 2] => QQFieldElem[-1, -7//4, -5//4, -1//8],
	[19, 22, 21, 19, 5, 1, 1, 14, 2, 2] => QQFieldElem[0, 0, 0, 0],
	[19, 22, 21, 19, 20, 1, 2, 16, 2, 2] => QQFieldElem[9, -9, -29, -47//2],
	[19, 22, 21, 19, 8, 1, 1, 10, 1, 1] => QQFieldElem[-1//2, 0, 1, 1],
	[19, 22, 21, 19, 18, 1, 2, 21, 1, 2] => QQFieldElem[-1//2, -1, -1//2, 0],
	[19, 22, 21, 19, 20, 2, 2, 14, 2, 1] => QQFieldElem[1//2, 0, -1, -1])