Dict(
	[19, 16, 17, 15, 16, 1, 1, 22, 1, 1] => QQFieldElem[0, 0, 0, 0],
	[19, 16, 17, 15, 9, 1, 1, 15, 1, 1] => QQFieldElem[0, 0, 0, 0],
	[19, 16, 17, 15, 22, 1, 1, 22, 2, 1] => QQFieldElem[-1//2, 0, -1//2, -1//2],
	[19, 16, 17, 15, 14, 1, 1, 22, 1, 1] => QQFieldElem[-4, -3, -2, 4],
	[19, 16, 17, 15, 21, 1, 1, 21, 2, 1] => QQFieldElem[1, -1//2, -5//2, -2],
	[19, 16, 17, 15, 16, 1, 1, 21, 2, 1] => QQFieldElem[-1, 0, 1, 1],
	[19, 16, 17, 15, 21, 1, 1, 22, 2, 1] => QQFieldElem[-1//2, 0, -3//2, -1//2],
	[19, 16, 17, 15, 9, 1, 1, 21, 1, 1] => QQFieldElem[-1//2, -1//2, 1//2, 1//2],
	[19, 16, 17, 15, 14, 1, 1, 21, 2, 1] => QQFieldElem[3//2, 1//2, -2, -5//2],
	[19, 16, 17, 15, 16, 1, 1, 22, 2, 1] => QQFieldElem[0, 0, 0, 0],
	[19, 16, 17, 15, 9, 1, 1, 22, 1, 1] => QQFieldElem[-2//11, 1//11, 2//11, 6//11],
	[19, 16, 17, 15, 14, 1, 1, 22, 2, 1] => QQFieldElem[1//2, 0, -3//2, -3//2],
	[19, 16, 17, 15, 15, 1, 1, 13, 1, 1] => QQFieldElem[-4, 1, 6, 7],
	[19, 16, 17, 15, 9, 1, 1, 21, 2, 1] => QQFieldElem[-3//2, -1//2, 1//2, 3//2],
	[19, 16, 17, 15, 9, 1, 1, 22, 2, 1] => QQFieldElem[-8//11, -7//11, 8//11, 2//11],
	[19, 16, 17, 15, 22, 1, 1, 13, 1, 1] => QQFieldElem[1//2, -1//2, -3//2, -1],
	[19, 16, 17, 15, 15, 1, 1, 15, 1, 1] => QQFieldElem[1, 0, 3, 1],
	[19, 16, 17, 15, 21, 1, 1, 13, 1, 1] => QQFieldElem[-4, -3, -2, -1],
	[19, 16, 17, 15, 22, 1, 1, 15, 1, 1] => QQFieldElem[0, 1//2, -1//2, 0],
	[19, 16, 17, 15, 16, 1, 1, 13, 1, 1] => QQFieldElem[-1//2, -5//2, -7//2, -2],
	[19, 16, 17, 15, 15, 1, 1, 21, 1, 1] => QQFieldElem[1, -1, -1, 1],
	[19, 16, 17, 15, 14, 1, 1, 13, 1, 1] => QQFieldElem[0, 3//2, 2, 3//2],
	[19, 16, 17, 15, 21, 1, 1, 15, 1, 1] => QQFieldElem[1, 4, -1, 1],
	[19, 16, 17, 15, 15, 1, 1, 22, 1, 1] => QQFieldElem[18//11, -9//11, 4//11, 12//11],
	[19, 16, 17, 15, 22, 1, 1, 21, 1, 1] => QQFieldElem[-1, -2, -3, 1],
	[19, 16, 17, 15, 16, 1, 1, 15, 1, 1] => QQFieldElem[0, -1//2, -1//2, -1],
	[19, 16, 17, 15, 22, 1, 1, 22, 1, 1] => QQFieldElem[-2, 1, -2, -2],
	[19, 16, 17, 15, 14, 1, 1, 15, 1, 1] => QQFieldElem[0, 0, 0, 0],
	[19, 16, 17, 15, 21, 1, 1, 21, 1, 1] => QQFieldElem[-5, -6, 1, 5],
	[19, 16, 17, 15, 15, 1, 1, 21, 2, 1] => QQFieldElem[1//2, 1//2, 0, -1//2],
	[19, 16, 17, 15, 9, 1, 1, 13, 1, 1] => QQFieldElem[0, 3//2, 2, 3//2],
	[19, 16, 17, 15, 16, 1, 1, 21, 1, 1] => QQFieldElem[-1, 0, 1, 1],
	[19, 16, 17, 15, 21, 1, 1, 22, 1, 1] => QQFieldElem[-4, 1, 0, -2],
	[19, 16, 17, 15, 15, 1, 1, 22, 2, 1] => QQFieldElem[3//22, 2//11, -3//22, -9//22],
	[19, 16, 17, 15, 22, 1, 1, 21, 2, 1] => QQFieldElem[1, 1//2, -1//2, -1],
	[19, 16, 17, 15, 14, 1, 1, 21, 1, 1] => QQFieldElem[-9, -9, -5, 3])