Dict(
	[19, 21, 15, 7, 12, 1, 1, 21, 1, 1] => QQFieldElem[1//4, 1//2, 3//4, 1],
	[19, 21, 15, 7, 12, 1, 1, 22, 1, 1] => QQFieldElem[1//2, 1, 1, 1//2],
	[19, 21, 15, 7, 12, 1, 1, 21, 2, 1] => QQFieldElem[0, 0, -1//2, 1//2],
	[19, 21, 15, 7, 12, 1, 1, 22, 2, 1] => QQFieldElem[-3//5, -1//5, 1//5, 3//5],
	[19, 21, 15, 7, 19, 1, 1, 21, 1, 1] => QQFieldElem[1//2, -1//2, 0, 0],
	[19, 21, 15, 7, 11, 1, 1, 21, 1, 1] => QQFieldElem[-1//4, -1//2, -3//4, -1],
	[19, 21, 15, 7, 19, 1, 1, 22, 1, 1] => QQFieldElem[3//4, 3//4, 3//4, 1//4],
	[19, 21, 15, 7, 19, 2, 1, 21, 1, 1] => QQFieldElem[-1, 0, 0, 0],
	[19, 21, 15, 7, 11, 1, 1, 22, 1, 1] => QQFieldElem[1//2, 1, 1, 1//2],
	[19, 21, 15, 7, 19, 2, 1, 22, 1, 1] => QQFieldElem[0, 0, -1//2, -1//2],
	[19, 21, 15, 7, 19, 1, 1, 21, 2, 1] => QQFieldElem[1//2, -1//2, 0, 0],
	[19, 21, 15, 7, 11, 1, 1, 21, 2, 1] => QQFieldElem[0, 0, -1//2, 1//2],
	[19, 21, 15, 7, 19, 1, 1, 22, 2, 1] => QQFieldElem[-3//4, -3//4, -3//4, -1//4],
	[19, 21, 15, 7, 19, 2, 1, 21, 2, 1] => QQFieldElem[1, 0, 0, 0],
	[19, 21, 15, 7, 11, 1, 1, 22, 2, 1] => QQFieldElem[3//5, 1//5, -1//5, -3//5],
	[19, 21, 15, 7, 19, 2, 1, 22, 2, 1] => QQFieldElem[0, 0, -1//2, -1//2])