Dict(
	[19, 14, 19, 9, 13, 1, 1, 13, 1, 1] => QQFieldElem[0, 1//2, 3//2, 1//2],
	[19, 14, 19, 9, 13, 1, 1, 15, 1, 1] => QQFieldElem[-1, -3//2, -1//2, 1//2],
	[19, 14, 19, 9, 15, 1, 1, 13, 1, 1] => QQFieldElem[-1, -3//2, -1//2, 1//2],
	[19, 14, 19, 9, 22, 1, 2, 13, 1, 1] => QQFieldElem[0, -1//2, -1, -1],
	[19, 14, 19, 9, 13, 1, 1, 21, 1, 1] => QQFieldElem[19//55, 58//55, 57//55, 26//55],
	[19, 14, 19, 9, 22, 1, 1, 13, 1, 1] => QQFieldElem[4, 1, 1, -1],
	[19, 14, 19, 9, 15, 1, 1, 15, 1, 1] => QQFieldElem[0, 1//2, 3//2, 1//2],
	[19, 14, 19, 9, 13, 1, 1, 22, 1, 1] => QQFieldElem[1, 2, 1, 0],
	[19, 14, 19, 9, 21, 1, 2, 13, 1, 1] => QQFieldElem[1, 3//2, 1, 0],
	[19, 14, 19, 9, 21, 1, 1, 13, 1, 1] => QQFieldElem[0, 1, 3, 1],
	[19, 14, 19, 9, 22, 1, 2, 15, 1, 1] => QQFieldElem[1, 3//2, 1, 0],
	[19, 14, 19, 9, 22, 1, 1, 15, 1, 1] => QQFieldElem[2, 5, 5, 3],
	[19, 14, 19, 9, 15, 1, 1, 21, 1, 1] => QQFieldElem[4//11, 18//11, -10//11, 2//11],
	[19, 14, 19, 9, 13, 1, 1, 21, 2, 1] => QQFieldElem[7//11, 4//11, -1//11, -2//11],
	[19, 14, 19, 9, 21, 1, 2, 15, 1, 1] => QQFieldElem[0, -1//2, -1, -1],
	[19, 14, 19, 9, 22, 1, 2, 21, 1, 1] => QQFieldElem[17//22, 5//22, -2//11, -4//11],
	[19, 14, 19, 9, 21, 1, 1, 15, 1, 1] => QQFieldElem[-2, 1, -1, -3],
	[19, 14, 19, 9, 22, 1, 1, 21, 1, 1] => QQFieldElem[12//11, 10//11, 14//11, -16//11],
	[19, 14, 19, 9, 13, 1, 1, 22, 2, 1] => QQFieldElem[-3//5, 4//5, 11//5, 8//5],
	[19, 14, 19, 9, 15, 1, 1, 22, 1, 1] => QQFieldElem[4, 6, 2, -2],
	[19, 14, 19, 9, 22, 1, 2, 22, 1, 1] => QQFieldElem[1//2, 1//2, 0, -1],
	[19, 14, 19, 9, 22, 1, 1, 22, 1, 1] => QQFieldElem[4, 4, 0, 2],
	[19, 14, 19, 9, 21, 1, 2, 21, 1, 1] => QQFieldElem[-3//11, -8//11, -9//11, -7//11],
	[19, 14, 19, 9, 21, 1, 1, 21, 1, 1] => QQFieldElem[16//11, 6//11, -18//11, -14//11],
	[19, 14, 19, 9, 15, 1, 1, 21, 2, 1] => QQFieldElem[-39//55, -38//55, -7//55, 19//55],
	[19, 14, 19, 9, 21, 1, 2, 22, 1, 1] => QQFieldElem[-7//5, -14//5, -11//5, -3//5],
	[19, 14, 19, 9, 21, 1, 1, 22, 1, 1] => QQFieldElem[0, -6, -6, -2],
	[19, 14, 19, 9, 22, 1, 2, 21, 2, 1] => QQFieldElem[15//22, 29//22, 17//11, 1//11],
	[19, 14, 19, 9, 22, 1, 1, 21, 2, 1] => QQFieldElem[-18//11, 40//11, 34//11, 24//11],
	[19, 14, 19, 9, 15, 1, 1, 22, 2, 1] => QQFieldElem[1, 0, -1, -1],
	[19, 14, 19, 9, 22, 1, 2, 22, 2, 1] => QQFieldElem[-1//2, -3//2, -1, 0],
	[19, 14, 19, 9, 22, 1, 1, 22, 2, 1] => QQFieldElem[-2, -2, -4, -2],
	[19, 14, 19, 9, 21, 1, 2, 21, 2, 1] => QQFieldElem[-13//22, 1//11, 8//11, 5//11],
	[19, 14, 19, 9, 21, 1, 1, 21, 2, 1] => QQFieldElem[-19//22, -18//11, -12//11, -2//11],
	[19, 14, 19, 9, 21, 1, 2, 22, 2, 1] => QQFieldElem[-1//2, 0, 1, 1],
	[19, 14, 19, 9, 21, 1, 1, 22, 2, 1] => QQFieldElem[1//2, 1, 1, 0])