Dict(
	[19, 20, 19, 7, 12, 1, 1, 19, 2, 2] => QQFieldElem[0, 0, 0, 0],
	[19, 20, 19, 7, 19, 1, 2, 19, 1, 2] => QQFieldElem[0, 0, 0, 0],
	[19, 20, 19, 7, 12, 1, 1, 19, 1, 1] => QQFieldElem[0, 0, 0, 0],
	[19, 20, 19, 7, 19, 1, 1, 19, 1, 2] => QQFieldElem[0, 0, 0, 0],
	[19, 20, 19, 7, 12, 1, 1, 12, 1, 1] => QQFieldElem[0, 0, 0, 0],
	[19, 20, 19, 7, 11, 1, 1, 19, 1, 2] => QQFieldElem[0, 0, 0, 0],
	[19, 20, 19, 7, 19, 2, 2, 19, 1, 2] => QQFieldElem[-12//5, -4//5, 4//5, 12//5],
	[19, 20, 19, 7, 19, 1, 2, 11, 1, 1] => QQFieldElem[3//4, 1//4, 1, 1//2],
	[19, 20, 19, 7, 19, 2, 1, 19, 1, 2] => QQFieldElem[4//5, 8//5, 2//5, 6//5],
	[19, 20, 19, 7, 19, 1, 1, 11, 1, 1] => QQFieldElem[1//2, -1//4, 1//4, -1//2],
	[19, 20, 19, 7, 11, 1, 1, 11, 1, 1] => QQFieldElem[0, 0, 0, 0],
	[19, 20, 19, 7, 19, 2, 2, 11, 1, 1] => QQFieldElem[0, 0, 0, 0],
	[19, 20, 19, 7, 19, 1, 2, 19, 2, 2] => QQFieldElem[1, 0, 1//2, 1],
	[19, 20, 19, 7, 12, 1, 1, 19, 2, 1] => QQFieldElem[1//5, 2//5, 3//5, 3//10],
	[19, 20, 19, 7, 19, 1, 1, 19, 2, 2] => QQFieldElem[0, 1, 1, 1//2],
	[19, 20, 19, 7, 19, 2, 1, 11, 1, 1] => QQFieldElem[0, 0, 0, 0],
	[19, 20, 19, 7, 11, 1, 1, 19, 2, 2] => QQFieldElem[-3//10, -1//10, 1//10, 3//10],
	[19, 20, 19, 7, 19, 2, 2, 19, 2, 2] => QQFieldElem[0, 0, 0, 0],
	[19, 20, 19, 7, 19, 2, 1, 19, 2, 2] => QQFieldElem[0, 0, 0, 0],
	[19, 20, 19, 7, 19, 1, 2, 19, 1, 1] => QQFieldElem[0, 0, 1//8, -1//8],
	[19, 20, 19, 7, 19, 1, 2, 12, 1, 1] => QQFieldElem[0, 0, 0, 0],
	[19, 20, 19, 7, 19, 1, 1, 19, 1, 1] => QQFieldElem[1//8, 1//8, 1//8, 1//4],
	[19, 20, 19, 7, 11, 1, 1, 19, 1, 1] => QQFieldElem[-1//10, -1//5, 1//5, 1//10],
	[19, 20, 19, 7, 19, 1, 1, 12, 1, 1] => QQFieldElem[0, 0, 0, 0],
	[19, 20, 19, 7, 11, 1, 1, 12, 1, 1] => QQFieldElem[-2, -1, -1, -1],
	[19, 20, 19, 7, 19, 2, 2, 19, 1, 1] => QQFieldElem[0, 0, 0, 0],
	[19, 20, 19, 7, 19, 2, 2, 12, 1, 1] => QQFieldElem[1, 1, 1, 2],
	[19, 20, 19, 7, 19, 2, 1, 19, 1, 1] => QQFieldElem[0, 0, 0, 0],
	[19, 20, 19, 7, 19, 2, 1, 12, 1, 1] => QQFieldElem[-2, -1, -1, -1],
	[19, 20, 19, 7, 12, 1, 1, 19, 1, 2] => QQFieldElem[0, 0, 0, 0],
	[19, 20, 19, 7, 19, 1, 2, 19, 2, 1] => QQFieldElem[0, 0, 0, 0],
	[19, 20, 19, 7, 19, 1, 1, 19, 2, 1] => QQFieldElem[2//5, 4//5, 6//5, 8//5],
	[19, 20, 19, 7, 11, 1, 1, 19, 2, 1] => QQFieldElem[0, 0, 0, 0],
	[19, 20, 19, 7, 19, 2, 2, 19, 2, 1] => QQFieldElem[-2//5, 6//5, 14//5, 12//5],
	[19, 20, 19, 7, 12, 1, 1, 11, 1, 1] => QQFieldElem[2, 4, 4, 0],
	[19, 20, 19, 7, 19, 2, 1, 19, 2, 1] => QQFieldElem[0, 0, 0, 0])