Dict(
	[20, 11, 14, 16, 15, 1, 1, 3, 1, 1] => QQFieldElem[0, -1//2, -1, -1//2],
	[20, 11, 14, 16, 22, 1, 1, 3, 1, 1] => QQFieldElem[-1//5, -2//5, -3//5, -4//5],
	[20, 11, 14, 16, 13, 1, 1, 20, 1, 1] => QQFieldElem[-4, 0, -4, -4],
	[20, 11, 14, 16, 21, 1, 1, 3, 1, 1] => QQFieldElem[0, 1//2, 0, -1//2],
	[20, 11, 14, 16, 13, 1, 1, 18, 1, 1] => QQFieldElem[4, 0, 4, 4],
	[20, 11, 14, 16, 15, 1, 1, 20, 1, 1] => QQFieldElem[1//2, 0, 0, 1//2],
	[20, 11, 14, 16, 13, 1, 1, 17, 1, 1] => QQFieldElem[-4, -4, 0, 0],
	[20, 11, 14, 16, 22, 1, 1, 20, 1, 1] => QQFieldElem[-3//5, -1//5, -4//5, -2//5],
	[20, 11, 14, 16, 15, 1, 1, 18, 1, 1] => QQFieldElem[1//2, 0, 0, 1//2],
	[20, 11, 14, 16, 21, 1, 1, 20, 1, 1] => QQFieldElem[1//2, 0, 0, -1//2],
	[20, 11, 14, 16, 15, 1, 1, 17, 1, 1] => QQFieldElem[0, -1//2, -1, -1//2],
	[20, 11, 14, 16, 22, 1, 1, 18, 1, 1] => QQFieldElem[3//5, 1//5, 4//5, 2//5],
	[20, 11, 14, 16, 22, 1, 1, 17, 1, 1] => QQFieldElem[1//5, 2//5, 3//5, 4//5],
	[20, 11, 14, 16, 21, 1, 1, 18, 1, 1] => QQFieldElem[1//2, 0, 0, -1//2],
	[20, 11, 14, 16, 13, 1, 1, 3, 1, 1] => QQFieldElem[4, 4, 0, 0],
	[20, 11, 14, 16, 21, 1, 1, 17, 1, 1] => QQFieldElem[0, 1//2, 0, -1//2])