Dict(
	[20, 8, 17, 20, 19, 1, 1, 11, 1, 1] => QQFieldElem[-2, 2, 0, 0],
	[20, 8, 17, 20, 17, 1, 1, 20, 1, 1] => QQFieldElem[0, 2, 2, 0],
	[20, 8, 17, 20, 19, 2, 1, 11, 1, 1] => QQFieldElem[1, 0, 0, 0],
	[20, 8, 17, 20, 17, 1, 1, 20, 2, 1] => QQFieldElem[6//5, 12//5, 8//5, 4//5],
	[20, 8, 17, 20, 18, 1, 1, 12, 1, 1] => QQFieldElem[-4//5, -8//5, -12//5, 4//5],
	[20, 8, 17, 20, 19, 1, 1, 12, 1, 1] => QQFieldElem[-12//5, -4//5, -6//5, -8//5],
	[20, 8, 17, 20, 17, 1, 1, 11, 1, 1] => QQFieldElem[4, 4, 0, -8],
	[20, 8, 17, 20, 19, 2, 1, 12, 1, 1] => QQFieldElem[-3//5, -2//5, -2//5, -3//5],
	[20, 8, 17, 20, 18, 1, 1, 20, 1, 1] => QQFieldElem[6//5, 2//5, 3//5, 4//5],
	[20, 8, 17, 20, 19, 1, 1, 20, 1, 1] => QQFieldElem[0, 0, 2, 2],
	[20, 8, 17, 20, 17, 1, 1, 12, 1, 1] => QQFieldElem[0, 0, -4, 0],
	[20, 8, 17, 20, 19, 2, 1, 20, 1, 1] => QQFieldElem[4//5, -2//5, -8//5, -4//5],
	[20, 8, 17, 20, 18, 1, 1, 20, 2, 1] => QQFieldElem[-1//10, 1//5, -1//10, 0],
	[20, 8, 17, 20, 19, 1, 1, 20, 2, 1] => QQFieldElem[4//5, -2//5, 2//5, 1//5],
	[20, 8, 17, 20, 18, 1, 1, 11, 1, 1] => QQFieldElem[0, 4, 8, 8],
	[20, 8, 17, 20, 19, 2, 1, 20, 2, 1] => QQFieldElem[0, -1//10, 1//5, -1//10])