Dict(
	[20, 20, 6, 17, 20, 1, 1, 5, 1, 1] => QQFieldElem[-1, -1, -1//2, 0],
	[20, 20, 6, 17, 12, 1, 1, 5, 1, 1] => QQFieldElem[2, 2, -2, -2],
	[20, 20, 6, 17, 20, 1, 1, 19, 1, 1] => QQFieldElem[-16//5, -12//5, 12//5, 16//5],
	[20, 20, 6, 17, 12, 1, 1, 19, 1, 1] => QQFieldElem[-16//5, -28//5, -16//5, 0],
	[20, 20, 6, 17, 11, 1, 1, 17, 1, 1] => QQFieldElem[1//2, 1, 1//2, 1//2],
	[20, 20, 6, 17, 7, 1, 1, 17, 1, 1] => QQFieldElem[2, 4, 4, 2],
	[20, 20, 6, 17, 20, 1, 1, 19, 2, 1] => QQFieldElem[6//5, 7//5, 3//5, -1//5],
	[20, 20, 6, 17, 12, 1, 1, 19, 2, 1] => QQFieldElem[-6//5, -7//5, -3//5, 1//5],
	[20, 20, 6, 17, 11, 1, 1, 5, 1, 1] => QQFieldElem[0, 1//2, 0, -1//2],
	[20, 20, 6, 17, 7, 1, 1, 5, 1, 1] => QQFieldElem[4, 6, 4, 0],
	[20, 20, 6, 17, 11, 1, 1, 19, 1, 1] => QQFieldElem[8, 8, 4, 0],
	[20, 20, 6, 17, 7, 1, 1, 19, 1, 1] => QQFieldElem[4, 8, 8, 4],
	[20, 20, 6, 17, 20, 1, 1, 17, 1, 1] => QQFieldElem[-1//2, -1, -1, 0],
	[20, 20, 6, 17, 12, 1, 1, 17, 1, 1] => QQFieldElem[0, 2, 0, -2],
	[20, 20, 6, 17, 11, 1, 1, 19, 2, 1] => QQFieldElem[-1, -2, -1, -1],
	[20, 20, 6, 17, 7, 1, 1, 19, 2, 1] => QQFieldElem[1, 2, 1, 1])