Dict(
	[20, 15, 14, 8, 20, 2, 1, 22, 2, 1] => QQFieldElem[0, 0, -1//2, -1//2],
	[20, 15, 14, 8, 11, 1, 1, 21, 1, 1] => QQFieldElem[1, 0, 2, 2],
	[20, 15, 14, 8, 11, 1, 1, 22, 1, 1] => QQFieldElem[2, 2, 2, 0],
	[20, 15, 14, 8, 11, 1, 1, 21, 2, 1] => QQFieldElem[1//2, 0, 0, -1//2],
	[20, 15, 14, 8, 11, 1, 1, 22, 2, 1] => QQFieldElem[1//5, -3//5, -2//5, -1//5],
	[20, 15, 14, 8, 20, 1, 1, 21, 1, 1] => QQFieldElem[14//11, 4//11, 8//11, 24//11],
	[20, 15, 14, 8, 12, 1, 1, 21, 1, 1] => QQFieldElem[-1, 0, -2, -2],
	[20, 15, 14, 8, 20, 1, 1, 22, 1, 1] => QQFieldElem[0, 2, 1, 2],
	[20, 15, 14, 8, 20, 2, 1, 21, 1, 1] => QQFieldElem[0, 0, 0, 0],
	[20, 15, 14, 8, 12, 1, 1, 22, 1, 1] => QQFieldElem[-2, -2, -2, 0],
	[20, 15, 14, 8, 20, 2, 1, 22, 1, 1] => QQFieldElem[0, 0, -1//2, -1//2],
	[20, 15, 14, 8, 20, 1, 1, 21, 2, 1] => QQFieldElem[34//11, 16//11, 32//11, 8//11],
	[20, 15, 14, 8, 12, 1, 1, 21, 2, 1] => QQFieldElem[1//2, 0, 0, -1//2],
	[20, 15, 14, 8, 20, 1, 1, 22, 2, 1] => QQFieldElem[-2, 0, -1, -2],
	[20, 15, 14, 8, 20, 2, 1, 21, 2, 1] => QQFieldElem[0, 0, 0, 0],
	[20, 15, 14, 8, 12, 1, 1, 22, 2, 1] => QQFieldElem[-1//5, 3//5, 2//5, 1//5])