Dict(
	[20, 3, 18, 18, 19, 1, 1, 11, 1, 1] => QQFieldElem[-1//2, -1//2, 0, 1//2],
	[20, 3, 18, 18, 17, 1, 1, 20, 1, 1] => QQFieldElem[0, 1//2, 1//2, 1//4],
	[20, 3, 18, 18, 5, 1, 1, 7, 1, 1] => QQFieldElem[0, 1//2, 1, 1//2],
	[20, 3, 18, 18, 19, 2, 1, 11, 1, 1] => QQFieldElem[0, 1//2, 1//2, 1//4],
	[20, 3, 18, 18, 19, 1, 1, 7, 1, 1] => QQFieldElem[0, -1, -2, -1],
	[20, 3, 18, 18, 19, 2, 1, 7, 1, 1] => QQFieldElem[0, -1//2, 0, 1//2],
	[20, 3, 18, 18, 5, 1, 1, 12, 1, 1] => QQFieldElem[-2//5, -4//5, -7//10, -1//10],
	[20, 3, 18, 18, 19, 1, 1, 12, 1, 1] => QQFieldElem[7//5, 14//5, 11//5, 3//5],
	[20, 3, 18, 18, 17, 1, 1, 11, 1, 1] => QQFieldElem[-1//4, -1//4, 1//4, 1//4],
	[20, 3, 18, 18, 19, 2, 1, 12, 1, 1] => QQFieldElem[1//2, 0, -1//2, -1//2],
	[20, 3, 18, 18, 17, 1, 1, 7, 1, 1] => QQFieldElem[0, -1, -1, -1//2],
	[20, 3, 18, 18, 5, 1, 1, 20, 1, 1] => QQFieldElem[-1//4, -1//2, -1//2, -1//4],
	[20, 3, 18, 18, 19, 1, 1, 20, 1, 1] => QQFieldElem[1, 2, 3//2, 1//2],
	[20, 3, 18, 18, 17, 1, 1, 12, 1, 1] => QQFieldElem[1//2, 1, 1//2, 0],
	[20, 3, 18, 18, 19, 2, 1, 20, 1, 1] => QQFieldElem[1//4, 1//4, -1//4, -1//4],
	[20, 3, 18, 18, 5, 1, 1, 11, 1, 1] => QQFieldElem[1//4, 1//4, 0, 0])