Dict(
	[20, 15, 20, 13, 21, 1, 1, 22, 1, 2] => QQFieldElem[34//11, 17//11, 20//11, 24//11],
	[20, 15, 20, 13, 22, 1, 2, 21, 2, 2] => QQFieldElem[-1//4, 1//4, -1//2, 1//2],
	[20, 15, 20, 13, 21, 2, 2, 21, 1, 2] => QQFieldElem[1//5, 7//5, 3//5, -1//5],
	[20, 15, 20, 13, 14, 1, 1, 21, 1, 2] => QQFieldElem[6, 0, 0, 4],
	[20, 15, 20, 13, 21, 2, 2, 22, 1, 2] => QQFieldElem[1//11, -5//11, -13//11, -9//11],
	[20, 15, 20, 13, 22, 1, 2, 22, 2, 2] => QQFieldElem[-13//44, -23//44, -10//11, -1//11],
	[20, 15, 20, 13, 22, 2, 1, 21, 2, 2] => QQFieldElem[3, 2, 0, 0],
	[20, 15, 20, 13, 21, 1, 1, 21, 2, 2] => QQFieldElem[-1, -2, -2, -1],
	[20, 15, 20, 13, 14, 1, 1, 22, 1, 2] => QQFieldElem[-10//11, -16//11, -24//11, -20//11],
	[20, 15, 20, 13, 22, 2, 1, 22, 2, 2] => QQFieldElem[21//11, 16//11, -20//11, -2//11],
	[20, 15, 20, 13, 21, 1, 1, 22, 2, 2] => QQFieldElem[5//11, 8//11, 12//11, -1//11],
	[20, 15, 20, 13, 21, 2, 2, 21, 2, 2] => QQFieldElem[2, 6, 0, 2],
	[20, 15, 20, 13, 14, 1, 1, 21, 2, 2] => QQFieldElem[0, 0, 0, 0],
	[20, 15, 20, 13, 21, 2, 2, 22, 2, 2] => QQFieldElem[-10//11, 6//11, 20//11, 2//11],
	[20, 15, 20, 13, 22, 1, 1, 16, 1, 1] => QQFieldElem[7//2, 2, 11//2, 3//2],
	[20, 15, 20, 13, 14, 1, 1, 22, 2, 2] => QQFieldElem[-168//55, -216//55, -104//55, -72//55],
	[20, 15, 20, 13, 22, 2, 2, 16, 1, 1] => QQFieldElem[-1, -2, -3, -3//2],
	[20, 15, 20, 13, 21, 1, 2, 16, 1, 1] => QQFieldElem[-3//4, -3//4, -1, 0],
	[20, 15, 20, 13, 16, 1, 1, 16, 1, 1] => QQFieldElem[1, 1//2, -1//2, -1],
	[20, 15, 20, 13, 21, 2, 1, 16, 1, 1] => QQFieldElem[0, -1, -5, -4],
	[20, 15, 20, 13, 22, 1, 1, 14, 1, 1] => QQFieldElem[-1//2, 1, -1//2, -5//2],
	[20, 15, 20, 13, 22, 2, 2, 14, 1, 1] => QQFieldElem[-1, -1, 0, 1//2],
	[20, 15, 20, 13, 21, 1, 2, 14, 1, 1] => QQFieldElem[3//4, -1//4, -1//2, 0],
	[20, 15, 20, 13, 16, 1, 1, 14, 1, 1] => QQFieldElem[1, 5//2, 5//2, 1],
	[20, 15, 20, 13, 21, 2, 1, 14, 1, 1] => QQFieldElem[4, 9, 5, 2],
	[20, 15, 20, 13, 22, 1, 2, 21, 1, 1] => QQFieldElem[1, 1, -2, 0],
	[20, 15, 20, 13, 22, 1, 2, 22, 1, 1] => QQFieldElem[-19//11, 29//11, -6//11, 6//11],
	[20, 15, 20, 13, 22, 2, 1, 21, 1, 1] => QQFieldElem[0, -1, -1, 0],
	[20, 15, 20, 13, 21, 1, 1, 21, 1, 1] => QQFieldElem[4//5, 8//5, 12//5, 6//5],
	[20, 15, 20, 13, 22, 2, 1, 22, 1, 1] => QQFieldElem[36//55, 7//55, -17//55, -16//55],
	[20, 15, 20, 13, 21, 1, 1, 22, 1, 1] => QQFieldElem[0, 0, 0, 0],
	[20, 15, 20, 13, 22, 1, 2, 21, 2, 1] => QQFieldElem[0, 1//2, 0, -1//2],
	[20, 15, 20, 13, 21, 2, 2, 21, 1, 1] => QQFieldElem[9//5, 18//5, 12//5, 1//5],
	[20, 15, 20, 13, 14, 1, 1, 21, 1, 1] => QQFieldElem[-12//5, -14//5, -6//5, 2//5],
	[20, 15, 20, 13, 21, 2, 2, 22, 1, 1] => QQFieldElem[-39//55, -58//55, -32//55, -1//55],
	[20, 15, 20, 13, 22, 1, 2, 22, 2, 1] => QQFieldElem[6//11, 17//22, -1//11, -9//22],
	[20, 15, 20, 13, 14, 1, 1, 22, 1, 1] => QQFieldElem[-4//55, -2//55, -14//55, -6//11],
	[20, 15, 20, 13, 21, 1, 1, 21, 2, 1] => QQFieldElem[6, 9, 4, 6],
	[20, 15, 20, 13, 22, 2, 1, 21, 2, 1] => QQFieldElem[0, 1, 1, 0],
	[20, 15, 20, 13, 22, 2, 1, 22, 2, 1] => QQFieldElem[0, -1, -1, 0],
	[20, 15, 20, 13, 21, 1, 1, 22, 2, 1] => QQFieldElem[-10//11, -5//11, -2//11, 2//11],
	[20, 15, 20, 13, 21, 2, 2, 21, 2, 1] => QQFieldElem[-1, -3, -3, -1],
	[20, 15, 20, 13, 14, 1, 1, 21, 2, 1] => QQFieldElem[0, -2//5, -6//5, -2//5],
	[20, 15, 20, 13, 21, 2, 2, 22, 2, 1] => QQFieldElem[31//55, 13//11, 37//55, 7//55],
	[20, 15, 20, 13, 14, 1, 1, 22, 2, 1] => QQFieldElem[-24//55, -78//55, -62//55, -26//55],
	[20, 15, 20, 13, 22, 1, 1, 21, 1, 2] => QQFieldElem[-1, 3, 9//2, 1],
	[20, 15, 20, 13, 22, 2, 2, 21, 1, 2] => QQFieldElem[1, 0, -2, -3//2],
	[20, 15, 20, 13, 22, 1, 1, 22, 1, 2] => QQFieldElem[-9//11, -10//11, 69//22, -18//11],
	[20, 15, 20, 13, 21, 1, 2, 21, 1, 2] => QQFieldElem[0, 1//2, 3//2, 3//2],
	[20, 15, 20, 13, 22, 2, 2, 22, 1, 2] => QQFieldElem[-4//55, -68//55, -102//55, -137//110],
	[20, 15, 20, 13, 21, 1, 2, 22, 1, 2] => QQFieldElem[8//11, 19//22, 1//22, -1//22],
	[20, 15, 20, 13, 16, 1, 1, 21, 1, 2] => QQFieldElem[-2, -4, -4, 0],
	[20, 15, 20, 13, 21, 2, 1, 21, 1, 2] => QQFieldElem[-2, -4, -2, 0],
	[20, 15, 20, 13, 22, 1, 1, 21, 2, 2] => QQFieldElem[-3, -2, 1//2, -3],
	[20, 15, 20, 13, 16, 1, 1, 22, 1, 2] => QQFieldElem[-26//11, 20//11, -36//11, -8//11],
	[20, 15, 20, 13, 21, 2, 1, 22, 1, 2] => QQFieldElem[-6//11, 8//11, -10//11, -12//11],
	[20, 15, 20, 13, 22, 1, 1, 22, 2, 2] => QQFieldElem[13//11, 23//11, 25//22, 4//11],
	[20, 15, 20, 13, 21, 1, 2, 21, 2, 2] => QQFieldElem[1, 1, 0, -2],
	[20, 15, 20, 13, 22, 2, 2, 21, 2, 2] => QQFieldElem[0, 0, 0, -1//2],
	[20, 15, 20, 13, 22, 2, 2, 22, 2, 2] => QQFieldElem[-9//11, -10//11, -4//11, -3//22],
	[20, 15, 20, 13, 21, 1, 2, 22, 2, 2] => QQFieldElem[-31//11, 1//11, -4//11, 4//11],
	[20, 15, 20, 13, 16, 1, 1, 21, 2, 2] => QQFieldElem[-24//5, -8//5, 8//5, 24//5],
	[20, 15, 20, 13, 21, 2, 1, 21, 2, 2] => QQFieldElem[3//5, 6//5, 4//5, -3//5],
	[20, 15, 20, 13, 16, 1, 1, 22, 2, 2] => QQFieldElem[0, 0, 0, 0],
	[20, 15, 20, 13, 22, 1, 2, 16, 1, 1] => QQFieldElem[5//4, 1//4, -1//2, -1],
	[20, 15, 20, 13, 21, 2, 1, 22, 2, 2] => QQFieldElem[-3//11, 4//11, 6//11, 5//11],
	[20, 15, 20, 13, 22, 2, 1, 16, 1, 1] => QQFieldElem[0, 3, -1, -2],
	[20, 15, 20, 13, 21, 1, 1, 16, 1, 1] => QQFieldElem[-1//2, 1, -1//2, -5//2],
	[20, 15, 20, 13, 21, 2, 2, 16, 1, 1] => QQFieldElem[-1, -1, 0, 1//2],
	[20, 15, 20, 13, 14, 1, 1, 16, 1, 1] => QQFieldElem[1, 5//2, 5//2, 1],
	[20, 15, 20, 13, 22, 1, 2, 14, 1, 1] => QQFieldElem[-1//4, -5//4, -1, 0],
	[20, 15, 20, 13, 22, 2, 1, 14, 1, 1] => QQFieldElem[0, -3, -3, -4],
	[20, 15, 20, 13, 21, 1, 1, 14, 1, 1] => QQFieldElem[7//2, 2, 11//2, 3//2],
	[20, 15, 20, 13, 21, 2, 2, 14, 1, 1] => QQFieldElem[-1, -2, -3, -3//2],
	[20, 15, 20, 13, 14, 1, 1, 14, 1, 1] => QQFieldElem[1, 1//2, -1//2, -1],
	[20, 15, 20, 13, 22, 1, 1, 21, 1, 1] => QQFieldElem[-1//2, -1, 0, -1],
	[20, 15, 20, 13, 22, 2, 2, 21, 1, 1] => QQFieldElem[-2, -6, -4, -2],
	[20, 15, 20, 13, 22, 1, 1, 22, 1, 1] => QQFieldElem[-25//22, 2//11, -8//11, -14//11],
	[20, 15, 20, 13, 21, 1, 2, 21, 1, 1] => QQFieldElem[-1, -2, -2, -1],
	[20, 15, 20, 13, 22, 2, 2, 22, 1, 1] => QQFieldElem[-2, -2, 0, -6],
	[20, 15, 20, 13, 16, 1, 1, 21, 1, 1] => QQFieldElem[0, 0, 0, 0],
	[20, 15, 20, 13, 21, 1, 2, 22, 1, 1] => QQFieldElem[3//11, 46//55, 58//55, 41//55],
	[20, 15, 20, 13, 21, 2, 1, 21, 1, 1] => QQFieldElem[4//5, 12//5, 4//5, 0],
	[20, 15, 20, 13, 22, 1, 1, 21, 2, 1] => QQFieldElem[1//2, 1, 1, 2],
	[20, 15, 20, 13, 16, 1, 1, 22, 1, 1] => QQFieldElem[-12//55, 16//55, 24//55, 42//55],
	[20, 15, 20, 13, 22, 2, 2, 21, 2, 1] => QQFieldElem[0, 3//2, 3, 3//2],
	[20, 15, 20, 13, 22, 1, 1, 22, 2, 1] => QQFieldElem[-1//2, 0, -1, -1],
	[20, 15, 20, 13, 21, 2, 1, 22, 1, 1] => QQFieldElem[0, 0, 0, 0],
	[20, 15, 20, 13, 21, 1, 2, 21, 2, 1] => QQFieldElem[0, -1//2, -3//2, -1//2],
	[20, 15, 20, 13, 22, 2, 2, 22, 2, 1] => QQFieldElem[2//11, 35//22, 18//11, 19//22],
	[20, 15, 20, 13, 16, 1, 1, 21, 2, 1] => QQFieldElem[0, 0, 0, 0],
	[20, 15, 20, 13, 21, 1, 2, 22, 2, 1] => QQFieldElem[8//55, -3//110, 23//110, -1//110],
	[20, 15, 20, 13, 21, 2, 1, 21, 2, 1] => QQFieldElem[6, 8, 6, 0],
	[20, 15, 20, 13, 16, 1, 1, 22, 2, 1] => QQFieldElem[-4//55, 4//11, 52//55, -8//55],
	[20, 15, 20, 13, 21, 2, 1, 22, 2, 1] => QQFieldElem[-78//55, -116//55, 46//55, 108//55],
	[20, 15, 20, 13, 22, 1, 2, 21, 1, 2] => QQFieldElem[1//4, -3//4, -1//2, -3//2],
	[20, 15, 20, 13, 22, 1, 2, 22, 1, 2] => QQFieldElem[37//44, 13//44, -2//11, 2//11],
	[20, 15, 20, 13, 22, 2, 1, 21, 1, 2] => QQFieldElem[-1, 6, 6, 4],
	[20, 15, 20, 13, 21, 1, 1, 21, 1, 2] => QQFieldElem[-2, -1, -2, 0],
	[20, 15, 20, 13, 22, 2, 1, 22, 1, 2] => QQFieldElem[37//11, 68//11, 58//11, 30//11])