Dict(
	[20, 21, 4, 13, 22, 2, 1, 15, 2, 1] => QQFieldElem[0, -1, -1, 0],
	[20, 21, 4, 13, 21, 1, 1, 15, 2, 1] => QQFieldElem[1, 2, 2, 0],
	[20, 21, 4, 13, 21, 2, 1, 21, 1, 1] => QQFieldElem[0, 0, 0, 0],
	[20, 21, 4, 13, 22, 1, 1, 21, 2, 1] => QQFieldElem[-1//2, 3//2, 1, 1//2],
	[20, 21, 4, 13, 21, 2, 1, 15, 2, 1] => QQFieldElem[2//5, -6//5, -4//5, -2//5],
	[20, 21, 4, 13, 22, 2, 1, 21, 2, 1] => QQFieldElem[0, -1, -1, -2],
	[20, 21, 4, 13, 21, 1, 1, 21, 2, 1] => QQFieldElem[1, 0, 2, 2],
	[20, 21, 4, 13, 21, 2, 1, 21, 2, 1] => QQFieldElem[2, 2, 0, 2],
	[20, 21, 4, 13, 22, 1, 1, 15, 1, 1] => QQFieldElem[0, 0, 0, 0],
	[20, 21, 4, 13, 22, 2, 1, 15, 1, 1] => QQFieldElem[1, 2, 2, 0],
	[20, 21, 4, 13, 21, 1, 1, 15, 1, 1] => QQFieldElem[-1, -2, -2, 0],
	[20, 21, 4, 13, 22, 1, 1, 21, 1, 1] => QQFieldElem[-1, -1, -1, -1],
	[20, 21, 4, 13, 21, 2, 1, 15, 1, 1] => QQFieldElem[0, 0, 0, 0],
	[20, 21, 4, 13, 22, 1, 1, 15, 2, 1] => QQFieldElem[1//2, 1//2, 1, 1//2],
	[20, 21, 4, 13, 22, 2, 1, 21, 1, 1] => QQFieldElem[-1, 0, 0, 0],
	[20, 21, 4, 13, 21, 1, 1, 21, 1, 1] => QQFieldElem[1, 0, 0, 0])