Dict(
	[20, 17, 20, 12, 19, 1, 2, 11, 1, 1] => QQFieldElem[1, 1, 0, 0],
	[20, 17, 20, 12, 19, 1, 1, 11, 1, 1] => QQFieldElem[0, 0, 0, 0],
	[20, 17, 20, 12, 11, 1, 1, 11, 1, 1] => QQFieldElem[0, 0, 0, 0],
	[20, 17, 20, 12, 17, 1, 1, 20, 1, 1] => QQFieldElem[-6//5, -14//5, -14//5, -6//5],
	[20, 17, 20, 12, 20, 1, 1, 19, 2, 1] => QQFieldElem[-1//4, 1//4, -1//4, 0],
	[20, 17, 20, 12, 17, 1, 1, 18, 1, 1] => QQFieldElem[0, -1//2, -1//2, 0],
	[20, 17, 20, 12, 20, 1, 1, 20, 1, 1] => QQFieldElem[0, 0, 0, 0],
	[20, 17, 20, 12, 18, 1, 1, 19, 1, 1] => QQFieldElem[0, 0, 0, 0],
	[20, 17, 20, 12, 19, 1, 2, 19, 1, 1] => QQFieldElem[0, -1//2, -1, -1//2],
	[20, 17, 20, 12, 17, 1, 1, 17, 1, 1] => QQFieldElem[0, 1//2, 1//2, 0],
	[20, 17, 20, 12, 19, 1, 1, 19, 1, 1] => QQFieldElem[1, 1, 0, 0],
	[20, 17, 20, 12, 11, 1, 1, 19, 1, 1] => QQFieldElem[0, 0, 0, 0],
	[20, 17, 20, 12, 20, 1, 1, 18, 1, 1] => QQFieldElem[-1//4, 1//4, -1//4, 0],
	[20, 17, 20, 12, 17, 1, 1, 11, 1, 1] => QQFieldElem[-1//2, -1//2, 0, 0],
	[20, 17, 20, 12, 18, 1, 1, 19, 2, 1] => QQFieldElem[0, 0, 0, 0],
	[20, 17, 20, 12, 20, 1, 1, 17, 1, 1] => QQFieldElem[-1//4, 1//4, -1//4, 0],
	[20, 17, 20, 12, 19, 1, 2, 19, 2, 1] => QQFieldElem[1//10, -3//10, -1//5, -1//10],
	[20, 17, 20, 12, 19, 1, 1, 19, 2, 1] => QQFieldElem[0, 1//2, 1, 1//2],
	[20, 17, 20, 12, 11, 1, 1, 19, 2, 1] => QQFieldElem[-2//5, -4//5, -1//5, 2//5],
	[20, 17, 20, 12, 18, 1, 1, 20, 1, 1] => QQFieldElem[-6//5, -14//5, -14//5, -6//5],
	[20, 17, 20, 12, 20, 1, 1, 11, 1, 1] => QQFieldElem[0, 0, 0, 0],
	[20, 17, 20, 12, 19, 1, 2, 20, 1, 1] => QQFieldElem[4//5, 16//5, 16//5, 4//5],
	[20, 17, 20, 12, 19, 1, 1, 20, 1, 1] => QQFieldElem[0, 0, 0, 0],
	[20, 17, 20, 12, 11, 1, 1, 20, 1, 1] => QQFieldElem[0, 0, 0, 0],
	[20, 17, 20, 12, 17, 1, 1, 19, 1, 1] => QQFieldElem[2//5, 4//5, 1//5, -2//5],
	[20, 17, 20, 12, 18, 1, 1, 18, 1, 1] => QQFieldElem[0, 1//2, 1//2, 0],
	[20, 17, 20, 12, 19, 1, 2, 18, 1, 1] => QQFieldElem[0, 0, 0, 0],
	[20, 17, 20, 12, 19, 1, 1, 18, 1, 1] => QQFieldElem[1//10, 1//5, -1//5, 2//5],
	[20, 17, 20, 12, 11, 1, 1, 18, 1, 1] => QQFieldElem[0, 0, 0, -1],
	[20, 17, 20, 12, 18, 1, 1, 17, 1, 1] => QQFieldElem[0, -1//2, -1//2, 0],
	[20, 17, 20, 12, 19, 1, 2, 17, 1, 1] => QQFieldElem[0, 0, 0, 0],
	[20, 17, 20, 12, 20, 1, 1, 19, 1, 1] => QQFieldElem[0, 0, 0, 0],
	[20, 17, 20, 12, 19, 1, 1, 17, 1, 1] => QQFieldElem[-1//10, -1//5, 1//5, -2//5],
	[20, 17, 20, 12, 11, 1, 1, 17, 1, 1] => QQFieldElem[0, 0, 0, -1],
	[20, 17, 20, 12, 17, 1, 1, 19, 2, 1] => QQFieldElem[-2//5, -2//5, 0, -1//5],
	[20, 17, 20, 12, 18, 1, 1, 11, 1, 1] => QQFieldElem[-1//2, -1//2, 0, 0])