Dict(
	[20, 11, 7, 20, 11, 1, 1, 3, 1, 1] => QQFieldElem[0, 0, 0, 0],
	[20, 11, 7, 20, 19, 2, 1, 3, 1, 1] => QQFieldElem[-1//5, -2//5, -3//5, -4//5],
	[20, 11, 7, 20, 8, 1, 1, 3, 1, 1] => QQFieldElem[3//5, 6//5, 4//5, 2//5],
	[20, 11, 7, 20, 8, 2, 1, 3, 1, 1] => QQFieldElem[3//5, 6//5, 4//5, 2//5],
	[20, 11, 7, 20, 19, 1, 1, 20, 1, 1] => QQFieldElem[1//2, 1//2, 0, 0],
	[20, 11, 7, 20, 11, 1, 1, 20, 1, 1] => QQFieldElem[-1//2, -1//2, 0, 0],
	[20, 11, 7, 20, 19, 2, 1, 20, 1, 1] => QQFieldElem[0, 0, 0, 0],
	[20, 11, 7, 20, 19, 1, 1, 6, 1, 1] => QQFieldElem[0, 0, -1//2, -1//2],
	[20, 11, 7, 20, 11, 1, 1, 6, 1, 1] => QQFieldElem[0, 0, -1//2, -1//2],
	[20, 11, 7, 20, 19, 1, 1, 18, 1, 1] => QQFieldElem[0, 1//2, 1//2, 1//2],
	[20, 11, 7, 20, 8, 1, 1, 20, 1, 1] => QQFieldElem[0, 0, 0, -2],
	[20, 11, 7, 20, 19, 2, 1, 6, 1, 1] => QQFieldElem[0, 0, 0, 0],
	[20, 11, 7, 20, 11, 1, 1, 18, 1, 1] => QQFieldElem[0, -1//2, -1//2, -1//2],
	[20, 11, 7, 20, 19, 2, 1, 18, 1, 1] => QQFieldElem[0, 0, 0, 0],
	[20, 11, 7, 20, 8, 2, 1, 20, 1, 1] => QQFieldElem[0, 0, 0, 2],
	[20, 11, 7, 20, 11, 1, 1, 17, 1, 1] => QQFieldElem[0, 0, 0, 0],
	[20, 11, 7, 20, 8, 1, 1, 6, 1, 1] => QQFieldElem[0, 0, 0, 0],
	[20, 11, 7, 20, 19, 1, 1, 17, 1, 1] => QQFieldElem[0, 0, 0, 0],
	[20, 11, 7, 20, 19, 2, 1, 17, 1, 1] => QQFieldElem[2, 2, 2, 4],
	[20, 11, 7, 20, 8, 1, 1, 18, 1, 1] => QQFieldElem[0, 0, -2, 0],
	[20, 11, 7, 20, 8, 2, 1, 6, 1, 1] => QQFieldElem[0, 0, 0, 0],
	[20, 11, 7, 20, 8, 2, 1, 18, 1, 1] => QQFieldElem[0, 0, 2, 0],
	[20, 11, 7, 20, 8, 1, 1, 17, 1, 1] => QQFieldElem[0, 0, -2, 2],
	[20, 11, 7, 20, 8, 2, 1, 17, 1, 1] => QQFieldElem[0, 0, -2, 2],
	[20, 11, 7, 20, 19, 1, 1, 3, 1, 1] => QQFieldElem[0, 0, 0, 0])