Dict(
	[20, 17, 14, 13, 22, 1, 1, 17, 1, 1] => QQFieldElem[-6//5, -2//5, 2//5, -4//5],
	[20, 17, 14, 13, 22, 2, 1, 17, 1, 1] => QQFieldElem[-3//5, -2//5, -2//5, -3//5],
	[20, 17, 14, 13, 21, 1, 1, 17, 1, 1] => QQFieldElem[-2//5, -4//5, -6//5, -8//5],
	[20, 17, 14, 13, 22, 1, 1, 11, 1, 1] => QQFieldElem[-2//5, 1//5, 4//5, 2//5],
	[20, 17, 14, 13, 16, 1, 1, 17, 1, 1] => QQFieldElem[-12//5, -4//5, 4//5, 12//5],
	[20, 17, 14, 13, 21, 2, 1, 17, 1, 1] => QQFieldElem[0, 0, 0, 0],
	[20, 17, 14, 13, 22, 2, 1, 11, 1, 1] => QQFieldElem[-3//10, -1//5, -1//5, -3//10],
	[20, 17, 14, 13, 14, 1, 1, 17, 1, 1] => QQFieldElem[0, 0, 0, 0],
	[20, 17, 14, 13, 21, 1, 1, 11, 1, 1] => QQFieldElem[3//5, -4//5, -11//5, -8//5],
	[20, 17, 14, 13, 16, 1, 1, 11, 1, 1] => QQFieldElem[-2//5, -4//5, 4//5, 2//5],
	[20, 17, 14, 13, 21, 2, 1, 11, 1, 1] => QQFieldElem[0, -1//5, -1//10, -1//5],
	[20, 17, 14, 13, 14, 1, 1, 11, 1, 1] => QQFieldElem[-1//5, 3//5, 2//5, 1//5],
	[20, 17, 14, 13, 22, 1, 1, 19, 1, 1] => QQFieldElem[34//55, 48//55, 2//55, -4//55],
	[20, 17, 14, 13, 22, 1, 1, 12, 1, 1] => QQFieldElem[0, 1, 0, 0],
	[20, 17, 14, 13, 22, 2, 1, 19, 1, 1] => QQFieldElem[0, 0, 0, 0],
	[20, 17, 14, 13, 22, 2, 1, 12, 1, 1] => QQFieldElem[-1//10, -1//5, 1//5, 1//10],
	[20, 17, 14, 13, 21, 1, 1, 12, 1, 1] => QQFieldElem[-1, -2, -1, 0],
	[20, 17, 14, 13, 21, 1, 1, 19, 1, 1] => QQFieldElem[-1, -1, 0, -1],
	[20, 17, 14, 13, 16, 1, 1, 19, 1, 1] => QQFieldElem[0, -1, -1, -1],
	[20, 17, 14, 13, 16, 1, 1, 12, 1, 1] => QQFieldElem[2, 4, 4, 2],
	[20, 17, 14, 13, 21, 2, 1, 19, 1, 1] => QQFieldElem[-1//5, -2//5, -1//10, -3//10],
	[20, 17, 14, 13, 22, 1, 1, 19, 2, 1] => QQFieldElem[-18//55, -6//55, -14//55, 28//55],
	[20, 17, 14, 13, 21, 2, 1, 12, 1, 1] => QQFieldElem[-3//5, -1//5, -3//10, -2//5],
	[20, 17, 14, 13, 14, 1, 1, 12, 1, 1] => QQFieldElem[1, 1, 0, -1],
	[20, 17, 14, 13, 14, 1, 1, 19, 1, 1] => QQFieldElem[1, 2, 1, 0],
	[20, 17, 14, 13, 22, 2, 1, 19, 2, 1] => QQFieldElem[-19//55, -32//55, 6//55, -9//11],
	[20, 17, 14, 13, 21, 1, 1, 19, 2, 1] => QQFieldElem[0, 0, 0, 0],
	[20, 17, 14, 13, 22, 1, 1, 20, 1, 1] => QQFieldElem[-3//55, -1//55, 16//55, 23//55],
	[20, 17, 14, 13, 16, 1, 1, 19, 2, 1] => QQFieldElem[1//10, 1//5, -1//5, 2//5],
	[20, 17, 14, 13, 22, 2, 1, 20, 1, 1] => QQFieldElem[3//55, 12//55, -21//110, 31//110],
	[20, 17, 14, 13, 21, 2, 1, 19, 2, 1] => QQFieldElem[-108//55, -36//55, -84//55, -52//55],
	[20, 17, 14, 13, 21, 1, 1, 20, 1, 1] => QQFieldElem[34//55, -7//55, -53//55, -59//55],
	[20, 17, 14, 13, 14, 1, 1, 19, 2, 1] => QQFieldElem[-2, -2, -2, 0],
	[20, 17, 14, 13, 16, 1, 1, 20, 1, 1] => QQFieldElem[-18//55, -6//55, -14//55, 28//55],
	[20, 17, 14, 13, 21, 2, 1, 20, 1, 1] => QQFieldElem[13//110, -7//55, 2//55, -4//55],
	[20, 17, 14, 13, 14, 1, 1, 20, 1, 1] => QQFieldElem[-5//11, 2//11, 1//11, -2//11])