Dict(
	[20, 20, 20, 20, 19, 1, 2, 20, 1, 1] => QQFieldElem[0, 0, 0, 0],
	[20, 20, 20, 20, 19, 2, 2, 19, 2, 1] => QQFieldElem[0, 0, 0, 0],
	[20, 20, 20, 20, 12, 1, 1, 4, 1, 1] => QQFieldElem[0, 0, 0, 0],
	[20, 20, 20, 20, 8, 1, 1, 2, 1, 1] => QQFieldElem[-3//8, -3//8, 0, 1//8],
	[20, 20, 20, 20, 19, 1, 2, 6, 1, 1] => QQFieldElem[-2, -2, 0, 2],
	[20, 20, 20, 20, 11, 1, 1, 8, 1, 1] => QQFieldElem[8//5, 11//5, 4//5, -3//5],
	[20, 20, 20, 20, 8, 2, 2, 19, 2, 1] => QQFieldElem[2, 2, 2, 0],
	[20, 20, 20, 20, 8, 1, 2, 20, 1, 1] => QQFieldElem[0, 0, 0, 0],
	[20, 20, 20, 20, 11, 1, 1, 18, 1, 1] => QQFieldElem[0, 0, 0, 0],
	[20, 20, 20, 20, 19, 2, 2, 8, 1, 1] => QQFieldElem[0, 0, 0, 0],
	[20, 20, 20, 20, 19, 2, 2, 18, 1, 1] => QQFieldElem[0, 0, 0, 0],
	[20, 20, 20, 20, 8, 1, 2, 6, 1, 1] => QQFieldElem[0, 0, 0, 0],
	[20, 20, 20, 20, 6, 1, 1, 12, 1, 1] => QQFieldElem[0, 1, 2, 1],
	[20, 20, 20, 20, 8, 2, 2, 8, 1, 1] => QQFieldElem[0, 0, 0, 0],
	[20, 20, 20, 20, 8, 2, 2, 18, 1, 1] => QQFieldElem[0, 0, 0, 0],
	[20, 20, 20, 20, 19, 1, 2, 19, 2, 2] => QQFieldElem[1//4, 1//4, 0, 0],
	[20, 20, 20, 20, 20, 1, 1, 8, 2, 2] => QQFieldElem[-1, 0, 1, 1],
	[20, 20, 20, 20, 7, 1, 1, 7, 1, 1] => QQFieldElem[1//2, 3//4, 1//2, 0],
	[20, 20, 20, 20, 6, 1, 1, 20, 1, 1] => QQFieldElem[0, -3//4, -1, -3//4],
	[20, 20, 20, 20, 18, 1, 1, 12, 1, 1] => QQFieldElem[0, 0, 0, 0],
	[20, 20, 20, 20, 19, 1, 2, 3, 1, 1] => QQFieldElem[0, -2, -4, -2],
	[20, 20, 20, 20, 5, 1, 1, 12, 1, 1] => QQFieldElem[0, 0, 0, 0],
	[20, 20, 20, 20, 17, 1, 1, 17, 1, 1] => QQFieldElem[3//2, 7//2, 7//2, 3//2],
	[20, 20, 20, 20, 19, 1, 2, 8, 1, 2] => QQFieldElem[1, 0, -2, -2],
	[20, 20, 20, 20, 8, 1, 2, 19, 2, 2] => QQFieldElem[0, 0, 1//2, 1//2],
	[20, 20, 20, 20, 6, 1, 1, 6, 1, 1] => QQFieldElem[-1, -1, 0, 1//2],
	[20, 20, 20, 20, 17, 1, 1, 8, 2, 1] => QQFieldElem[-1//16, -1//16, 1//16, 1//16],
	[20, 20, 20, 20, 2, 1, 1, 19, 1, 2] => QQFieldElem[0, 0, 0, 0],
	[20, 20, 20, 20, 8, 1, 2, 3, 1, 1] => QQFieldElem[0, 0, 0, 0],
	[20, 20, 20, 20, 8, 1, 2, 8, 1, 2] => QQFieldElem[-1, -2, -3//2, -1//2],
	[20, 20, 20, 20, 18, 1, 1, 20, 1, 1] => QQFieldElem[0, 0, 0, 0],
	[20, 20, 20, 20, 5, 1, 1, 20, 1, 1] => QQFieldElem[0, 0, 0, 0],
	[20, 20, 20, 20, 2, 1, 1, 4, 1, 1] => QQFieldElem[-1, 0, 0, 0],
	[20, 20, 20, 20, 18, 1, 1, 6, 1, 1] => QQFieldElem[1//4, 1//4, 0, -1//4],
	[20, 20, 20, 20, 5, 1, 1, 6, 1, 1] => QQFieldElem[-16//5, -28//5, -16//5, 0],
	[20, 20, 20, 20, 6, 1, 1, 19, 2, 2] => QQFieldElem[0, 4//5, 7//5, 4//5],
	[20, 20, 20, 20, 4, 1, 1, 17, 1, 1] => QQFieldElem[0, 24, 40, 24],
	[20, 20, 20, 20, 4, 1, 1, 8, 2, 1] => QQFieldElem[0, 0, 0, 0],
	[20, 20, 20, 20, 20, 1, 1, 19, 1, 1] => QQFieldElem[-2, 0, 2, 2],
	[20, 20, 20, 20, 6, 1, 1, 3, 1, 1] => QQFieldElem[0, 1, 3//2, 1],
	[20, 20, 20, 20, 6, 1, 1, 8, 1, 2] => QQFieldElem[0, 0, 0, 0],
	[20, 20, 20, 20, 1, 1, 1, 1, 1, 1] => QQFieldElem[-1//2, 0, 1, 1],
	[20, 20, 20, 20, 18, 1, 1, 19, 2, 2] => QQFieldElem[0, 0, 0, 0],
	[20, 20, 20, 20, 20, 1, 1, 2, 1, 1] => QQFieldElem[-1//2, -1, -1//2, 0],
	[20, 20, 20, 20, 5, 1, 1, 19, 2, 2] => QQFieldElem[0, 0, 0, 0],
	[20, 20, 20, 20, 19, 2, 1, 11, 1, 1] => QQFieldElem[0, 0, 0, 0],
	[20, 20, 20, 20, 3, 1, 1, 12, 1, 1] => QQFieldElem[0, 1, 2, 1],
	[20, 20, 20, 20, 18, 1, 1, 3, 1, 1] => QQFieldElem[0, 1//4, 1//2, 1//4],
	[20, 20, 20, 20, 5, 1, 1, 3, 1, 1] => QQFieldElem[12//5, 0, -16//5, -16//5],
	[20, 20, 20, 20, 18, 1, 1, 8, 1, 2] => QQFieldElem[1//8, 1//8, -1//8, -1//8],
	[20, 20, 20, 20, 5, 1, 1, 8, 1, 2] => QQFieldElem[0, 0, 0, 0],
	[20, 20, 20, 20, 19, 2, 1, 5, 1, 1] => QQFieldElem[-1, 0, -2, -2],
	[20, 20, 20, 20, 19, 1, 1, 12, 1, 1] => QQFieldElem[0, 0, 0, 0],
	[20, 20, 20, 20, 8, 2, 1, 11, 1, 1] => QQFieldElem[0, 0, 0, 0],
	[20, 20, 20, 20, 3, 1, 1, 20, 1, 1] => QQFieldElem[0, -3//4, -1, -3//4],
	[20, 20, 20, 20, 8, 2, 1, 5, 1, 1] => QQFieldElem[-1//2, 1//2, 0, 0],
	[20, 20, 20, 20, 12, 1, 1, 17, 1, 1] => QQFieldElem[0, 0, 0, 0],
	[20, 20, 20, 20, 17, 1, 1, 7, 1, 1] => QQFieldElem[0, 0, 0, 0],
	[20, 20, 20, 20, 8, 1, 1, 12, 1, 1] => QQFieldElem[0, 1, 1, 1],
	[20, 20, 20, 20, 12, 1, 1, 8, 2, 1] => QQFieldElem[0, 0, 0, 0],
	[20, 20, 20, 20, 3, 1, 1, 6, 1, 1] => QQFieldElem[-1, -1, 0, 1//2],
	[20, 20, 20, 20, 19, 2, 1, 19, 2, 1] => QQFieldElem[-1//2, -1//2, -1//2, 0],
	[20, 20, 20, 20, 19, 1, 1, 20, 1, 1] => QQFieldElem[0, 0, 0, 0],
	[20, 20, 20, 20, 19, 1, 1, 6, 1, 1] => QQFieldElem[8, 8, 0, -8],
	[20, 20, 20, 20, 8, 2, 1, 19, 2, 1] => QQFieldElem[0, 1//16, 1//16, 0],
	[20, 20, 20, 20, 8, 1, 1, 20, 1, 1] => QQFieldElem[0, -1//4, -3//4, -1//4],
	[20, 20, 20, 20, 19, 2, 1, 8, 1, 1] => QQFieldElem[1, 0, -1, -1],
	[20, 20, 20, 20, 19, 2, 1, 18, 1, 1] => QQFieldElem[4, 0, -4, -4],
	[20, 20, 20, 20, 8, 1, 1, 6, 1, 1] => QQFieldElem[-1//2, -1//2, 0, 1//2],
	[20, 20, 20, 20, 3, 1, 1, 19, 2, 2] => QQFieldElem[0, 0, 0, 0],
	[20, 20, 20, 20, 8, 2, 1, 8, 1, 1] => QQFieldElem[0, 0, 0, 0],
	[20, 20, 20, 20, 4, 1, 1, 7, 1, 1] => QQFieldElem[0, 0, 0, 0],
	[20, 20, 20, 20, 8, 2, 1, 18, 1, 1] => QQFieldElem[-4//5, -8//5, -12//5, -6//5],
	[20, 20, 20, 20, 7, 1, 1, 11, 1, 1] => QQFieldElem[0, -1//2, -3//2, -1//2],
	[20, 20, 20, 20, 19, 1, 1, 19, 2, 2] => QQFieldElem[0, 0, 0, 0],
	[20, 20, 20, 20, 19, 1, 2, 1, 1, 1] => QQFieldElem[0, -3//2, -2, -3//2],
	[20, 20, 20, 20, 3, 1, 1, 3, 1, 1] => QQFieldElem[0, 1, 3//2, 1],
	[20, 20, 20, 20, 3, 1, 1, 8, 1, 2] => QQFieldElem[3//5, 0, -4//5, -4//5],
	[20, 20, 20, 20, 7, 1, 1, 5, 1, 1] => QQFieldElem[0, 0, 0, 0],
	[20, 20, 20, 20, 19, 1, 1, 3, 1, 1] => QQFieldElem[0, 8, 16, 8],
	[20, 20, 20, 20, 8, 1, 1, 19, 2, 2] => QQFieldElem[-2//5, -2//5, 0, 4//5],
	[20, 20, 20, 20, 8, 1, 2, 1, 1, 1] => QQFieldElem[0, 0, 0, 0],
	[20, 20, 20, 20, 19, 1, 1, 8, 1, 2] => QQFieldElem[0, 0, 0, 0],
	[20, 20, 20, 20, 2, 1, 1, 17, 1, 1] => QQFieldElem[0, 4, 8, 4],
	[20, 20, 20, 20, 8, 1, 1, 3, 1, 1] => QQFieldElem[0, 1//2, 1, 1//2],
	[20, 20, 20, 20, 2, 1, 1, 8, 2, 1] => QQFieldElem[0, 1//2, 3//4, 1//2],
	[20, 20, 20, 20, 8, 1, 1, 8, 1, 2] => QQFieldElem[0, 0, 0, 0],
	[20, 20, 20, 20, 11, 1, 1, 8, 2, 2] => QQFieldElem[0, 0, 0, 0],
	[20, 20, 20, 20, 7, 1, 1, 19, 2, 1] => QQFieldElem[1//8, 1//8, 1//8, 0],
	[20, 20, 20, 20, 19, 2, 2, 8, 2, 2] => QQFieldElem[0, 0, 0, 0],
	[20, 20, 20, 20, 1, 1, 1, 19, 1, 2] => QQFieldElem[0, 0, 1//8, 1//8],
	[20, 20, 20, 20, 12, 1, 1, 7, 1, 1] => QQFieldElem[1//2, 3//4, 1//2, 0],
	[20, 20, 20, 20, 6, 1, 1, 1, 1, 1] => QQFieldElem[0, -3//8, -1//2, -3//8],
	[20, 20, 20, 20, 8, 2, 2, 8, 2, 2] => QQFieldElem[8//5, 11//5, 4//5, -3//5],
	[20, 20, 20, 20, 7, 1, 1, 8, 1, 1] => QQFieldElem[-12//5, -44//5, -56//5, -28//5],
	[20, 20, 20, 20, 7, 1, 1, 18, 1, 1] => QQFieldElem[0, 0, 0, 0],
	[20, 20, 20, 20, 1, 1, 1, 4, 1, 1] => QQFieldElem[1, 0, 0, 0],
	[20, 20, 20, 20, 20, 1, 1, 12, 1, 1] => QQFieldElem[-12//5, 0, 16//5, 16//5],
	[20, 20, 20, 20, 18, 1, 1, 1, 1, 1] => QQFieldElem[0, 1//16, 3//16, 1//16],
	[20, 20, 20, 20, 5, 1, 1, 1, 1, 1] => QQFieldElem[2, 0, -3, -3],
	[20, 20, 20, 20, 20, 1, 1, 20, 1, 1] => QQFieldElem[1, 0, -2, -2],
	[20, 20, 20, 20, 20, 1, 1, 6, 1, 1] => QQFieldElem[-8//5, -14//5, -8//5, 0],
	[20, 20, 20, 20, 11, 1, 1, 19, 1, 1] => QQFieldElem[12//5, 0, -16//5, -16//5],
	[20, 20, 20, 20, 19, 2, 2, 19, 1, 1] => QQFieldElem[-16//5, -28//5, -16//5, 0],
	[20, 20, 20, 20, 17, 1, 1, 11, 1, 1] => QQFieldElem[0, 0, 0, 0],
	[20, 20, 20, 20, 11, 1, 1, 2, 1, 1] => QQFieldElem[1//2, 1//2, 0, -3//8],
	[20, 20, 20, 20, 8, 2, 2, 19, 1, 1] => QQFieldElem[0, 0, 0, 0],
	[20, 20, 20, 20, 19, 2, 2, 2, 1, 1] => QQFieldElem[3//8, 3//8, 0, -1//8],
	[20, 20, 20, 20, 17, 1, 1, 5, 1, 1] => QQFieldElem[-1//8, -1//8, 0, -3//8],
	[20, 20, 20, 20, 2, 1, 1, 7, 1, 1] => QQFieldElem[-3//5, -7//5, -7//5, -3//5],
	[20, 20, 20, 20, 20, 1, 1, 19, 2, 2] => QQFieldElem[0, 0, 0, 0],
	[20, 20, 20, 20, 8, 2, 2, 2, 1, 1] => QQFieldElem[1, 3//2, 1, 0],
	[20, 20, 20, 20, 20, 1, 1, 3, 1, 1] => QQFieldElem[-6//5, 0, 8//5, 8//5],
	[20, 20, 20, 20, 19, 1, 2, 19, 1, 2] => QQFieldElem[0, 0, 0, 0],
	[20, 20, 20, 20, 20, 1, 1, 8, 1, 2] => QQFieldElem[0, 0, 0, 0],
	[20, 20, 20, 20, 4, 1, 1, 11, 1, 1] => QQFieldElem[0, 0, 0, 0],
	[20, 20, 20, 20, 17, 1, 1, 19, 2, 1] => QQFieldElem[0, 1//4, 1//4, 1//4],
	[20, 20, 20, 20, 3, 1, 1, 1, 1, 1] => QQFieldElem[0, -3//8, -1//2, -3//8],
	[20, 20, 20, 20, 8, 1, 2, 19, 1, 2] => QQFieldElem[0, 0, 0, 0],
	[20, 20, 20, 20, 19, 1, 2, 4, 1, 1] => QQFieldElem[1, 0, 2, 2],
	[20, 20, 20, 20, 4, 1, 1, 5, 1, 1] => QQFieldElem[2, 4, 2, 0],
	[20, 20, 20, 20, 17, 1, 1, 8, 1, 1] => QQFieldElem[0, 0, 0, 0],
	[20, 20, 20, 20, 19, 1, 1, 1, 1, 1] => QQFieldElem[0, 6, 8, 6],
	[20, 20, 20, 20, 17, 1, 1, 18, 1, 1] => QQFieldElem[1//2, 1//2, 0, -1//2],
	[20, 20, 20, 20, 8, 1, 2, 4, 1, 1] => QQFieldElem[0, 0, -1//2, 1//2],
	[20, 20, 20, 20, 8, 1, 1, 1, 1, 1] => QQFieldElem[0, -3//8, -1//2, -3//8],
	[20, 20, 20, 20, 4, 1, 1, 19, 2, 1] => QQFieldElem[-1//16, -1//16, 0, 0],
	[20, 20, 20, 20, 6, 1, 1, 19, 1, 2] => QQFieldElem[-1//8, -1//8, -1//8, 0],
	[20, 20, 20, 20, 12, 1, 1, 11, 1, 1] => QQFieldElem[0, -1//2, -3//2, -1//2],
	[20, 20, 20, 20, 19, 2, 1, 8, 2, 2] => QQFieldElem[0, 0, 0, 0],
	[20, 20, 20, 20, 4, 1, 1, 8, 1, 1] => QQFieldElem[0, 1//4, 1//2, 1//4],
	[20, 20, 20, 20, 1, 1, 1, 17, 1, 1] => QQFieldElem[0, -4, -8, -4],
	[20, 20, 20, 20, 4, 1, 1, 18, 1, 1] => QQFieldElem[32//5, 56//5, 32//5, 0],
	[20, 20, 20, 20, 6, 1, 1, 4, 1, 1] => QQFieldElem[0, -1//4, 1//2, -1//4],
	[20, 20, 20, 20, 1, 1, 1, 8, 2, 1] => QQFieldElem[3//5, 0, -4//5, -4//5],
	[20, 20, 20, 20, 12, 1, 1, 5, 1, 1] => QQFieldElem[0, 0, 0, 0],
	[20, 20, 20, 20, 18, 1, 1, 19, 1, 2] => QQFieldElem[0, 0, 0, 0],
	[20, 20, 20, 20, 8, 2, 1, 8, 2, 2] => QQFieldElem[0, 0, 0, 0],
	[20, 20, 20, 20, 5, 1, 1, 19, 1, 2] => QQFieldElem[0, 0, 0, 0],
	[20, 20, 20, 20, 18, 1, 1, 4, 1, 1] => QQFieldElem[0, -1//8, 1//4, -1//8],
	[20, 20, 20, 20, 5, 1, 1, 4, 1, 1] => QQFieldElem[-2, 0, 2, 2],
	[20, 20, 20, 20, 12, 1, 1, 19, 2, 1] => QQFieldElem[2//5, 4//5, 6//5, 3//5],
	[20, 20, 20, 20, 12, 1, 1, 8, 1, 1] => QQFieldElem[0, 0, 0, 0],
	[20, 20, 20, 20, 11, 1, 1, 12, 1, 1] => QQFieldElem[0, -2, -3, -2],
	[20, 20, 20, 20, 12, 1, 1, 18, 1, 1] => QQFieldElem[0, 0, 0, 0],
	[20, 20, 20, 20, 19, 2, 2, 12, 1, 1] => QQFieldElem[0, 0, 0, 0],
	[20, 20, 20, 20, 19, 2, 1, 19, 1, 1] => QQFieldElem[-4//5, -6//5, -6//5, -4//5],
	[20, 20, 20, 20, 2, 1, 1, 11, 1, 1] => QQFieldElem[0, 0, 2, 2],
	[20, 20, 20, 20, 8, 2, 2, 12, 1, 1] => QQFieldElem[12//5, 0, -16//5, -16//5],
	[20, 20, 20, 20, 8, 2, 1, 19, 1, 1] => QQFieldElem[-1//20, -1//10, 1//10, 1//20],
	[20, 20, 20, 20, 19, 2, 1, 2, 1, 1] => QQFieldElem[0, 0, 0, 0],
	[20, 20, 20, 20, 7, 1, 1, 8, 2, 2] => QQFieldElem[0, 0, 0, 0],
	[20, 20, 20, 20, 11, 1, 1, 20, 1, 1] => QQFieldElem[0, 1, 7//4, 1],
	[20, 20, 20, 20, 19, 2, 2, 20, 1, 1] => QQFieldElem[0, 0, 0, 0],
	[20, 20, 20, 20, 2, 1, 1, 5, 1, 1] => QQFieldElem[0, 1, 0, 0],
	[20, 20, 20, 20, 20, 1, 1, 1, 1, 1] => QQFieldElem[1//2, 0, -1//2, -1//2],
	[20, 20, 20, 20, 11, 1, 1, 6, 1, 1] => QQFieldElem[1, 1, 0, -1//2],
	[20, 20, 20, 20, 3, 1, 1, 19, 1, 2] => QQFieldElem[0, 0, 0, 0],
	[20, 20, 20, 20, 8, 2, 1, 2, 1, 1] => QQFieldElem[0, 0, 0, 0],
	[20, 20, 20, 20, 19, 2, 2, 6, 1, 1] => QQFieldElem[-1//2, -1//2, 0, 1//2],
	[20, 20, 20, 20, 19, 1, 2, 17, 1, 1] => QQFieldElem[0, -16, -28, -16],
	[20, 20, 20, 20, 8, 2, 2, 20, 1, 1] => QQFieldElem[-1, 0, 1, 1],
	[20, 20, 20, 20, 19, 1, 1, 19, 1, 2] => QQFieldElem[-1//5, -2//5, -3//5, -4//5],
	[20, 20, 20, 20, 1, 1, 1, 7, 1, 1] => QQFieldElem[-3//5, -7//5, -7//5, -3//5],
	[20, 20, 20, 20, 19, 1, 2, 8, 2, 1] => QQFieldElem[0, 1//4, 3//4, 1//4],
	[20, 20, 20, 20, 3, 1, 1, 4, 1, 1] => QQFieldElem[0, 1//4, -1//2, 1//4],
	[20, 20, 20, 20, 8, 2, 2, 6, 1, 1] => QQFieldElem[8//5, 14//5, 8//5, 0],
	[20, 20, 20, 20, 2, 1, 1, 19, 2, 1] => QQFieldElem[0, 0, -1//8, -1//8],
	[20, 20, 20, 20, 8, 1, 2, 17, 1, 1] => QQFieldElem[-4, -6, -2, 2],
	[20, 20, 20, 20, 8, 1, 1, 19, 1, 2] => QQFieldElem[1//2, 1//2, 1//2, 0],
	[20, 20, 20, 20, 19, 1, 1, 4, 1, 1] => QQFieldElem[4, -4, -4, 4],
	[20, 20, 20, 20, 8, 1, 2, 8, 2, 1] => QQFieldElem[1//4, 1//2, 1//2, 0],
	[20, 20, 20, 20, 11, 1, 1, 19, 2, 2] => QQFieldElem[0, 0, 0, 0],
	[20, 20, 20, 20, 19, 2, 2, 19, 2, 2] => QQFieldElem[-8, 0, 8, 8],
	[20, 20, 20, 20, 2, 1, 1, 8, 1, 1] => QQFieldElem[0, 0, 0, 0],
	[20, 20, 20, 20, 8, 1, 1, 4, 1, 1] => QQFieldElem[0, 0, 0, 0],
	[20, 20, 20, 20, 11, 1, 1, 3, 1, 1] => QQFieldElem[0, -1, -3//2, -1],
	[20, 20, 20, 20, 2, 1, 1, 18, 1, 1] => QQFieldElem[-4//5, -12//5, -4//5, 0],
	[20, 20, 20, 20, 19, 2, 2, 3, 1, 1] => QQFieldElem[0, -1//2, -1, -1//2],
	[20, 20, 20, 20, 11, 1, 1, 8, 1, 2] => QQFieldElem[0, 0, 0, 0],
	[20, 20, 20, 20, 7, 1, 1, 19, 1, 1] => QQFieldElem[0, -4//5, -7//5, -4//5],
	[20, 20, 20, 20, 8, 2, 2, 19, 2, 2] => QQFieldElem[-12//5, 0, 16//5, 16//5],
	[20, 20, 20, 20, 19, 2, 2, 8, 1, 2] => QQFieldElem[0, -3//4, -1, -3//4],
	[20, 20, 20, 20, 6, 1, 1, 17, 1, 1] => QQFieldElem[3, 7, 7, 3],
	[20, 20, 20, 20, 8, 2, 2, 3, 1, 1] => QQFieldElem[6//5, 0, -8//5, -8//5],
	[20, 20, 20, 20, 6, 1, 1, 8, 2, 1] => QQFieldElem[0, 0, 0, 0],
	[20, 20, 20, 20, 8, 2, 2, 8, 1, 2] => QQFieldElem[0, 0, 0, 0],
	[20, 20, 20, 20, 7, 1, 1, 2, 1, 1] => QQFieldElem[-3//8, -3//8, 0, 1//8],
	[20, 20, 20, 20, 18, 1, 1, 17, 1, 1] => QQFieldElem[-3//2, -7//2, -7//2, -3//2],
	[20, 20, 20, 20, 5, 1, 1, 17, 1, 1] => QQFieldElem[0, -24, -40, -24],
	[20, 20, 20, 20, 18, 1, 1, 8, 2, 1] => QQFieldElem[1//2, 1//2, -1//2, -1//2],
	[20, 20, 20, 20, 5, 1, 1, 8, 2, 1] => QQFieldElem[0, 0, 0, 0],
	[20, 20, 20, 20, 17, 1, 1, 8, 2, 2] => QQFieldElem[-4, -2, 2, 4],
	[20, 20, 20, 20, 19, 1, 2, 7, 1, 1] => QQFieldElem[0, 0, 0, 0],
	[20, 20, 20, 20, 8, 1, 2, 7, 1, 1] => QQFieldElem[0, 0, 0, 0],
	[20, 20, 20, 20, 19, 2, 1, 12, 1, 1] => QQFieldElem[0, 0, 0, 0],
	[20, 20, 20, 20, 4, 1, 1, 8, 2, 2] => QQFieldElem[0, 0, 0, 0],
	[20, 20, 20, 20, 20, 1, 1, 19, 1, 2] => QQFieldElem[0, 0, 0, 0],
	[20, 20, 20, 20, 8, 2, 1, 12, 1, 1] => QQFieldElem[0, 0, 0, 0],
	[20, 20, 20, 20, 20, 1, 1, 4, 1, 1] => QQFieldElem[0, 0, 0, 0],
	[20, 20, 20, 20, 17, 1, 1, 19, 1, 1] => QQFieldElem[0, 0, 0, 0],
	[20, 20, 20, 20, 19, 2, 1, 20, 1, 1] => QQFieldElem[0, 0, 0, 0],
	[20, 20, 20, 20, 6, 1, 1, 7, 1, 1] => QQFieldElem[1//4, 1//2, 1//4, 0],
	[20, 20, 20, 20, 3, 1, 1, 17, 1, 1] => QQFieldElem[-3, -7, -7, -3],
	[20, 20, 20, 20, 3, 1, 1, 8, 2, 1] => QQFieldElem[0, 0, 0, 0],
	[20, 20, 20, 20, 19, 2, 1, 6, 1, 1] => QQFieldElem[0, 0, 0, 0],
	[20, 20, 20, 20, 1, 1, 1, 11, 1, 1] => QQFieldElem[0, 0, 2, 2],
	[20, 20, 20, 20, 19, 1, 1, 17, 1, 1] => QQFieldElem[64, 112, 64, 0],
	[20, 20, 20, 20, 17, 1, 1, 2, 1, 1] => QQFieldElem[-1//16, -1//16, 0, 1//8],
	[20, 20, 20, 20, 8, 2, 1, 20, 1, 1] => QQFieldElem[0, 0, 0, 0],
	[20, 20, 20, 20, 19, 1, 1, 8, 2, 1] => QQFieldElem[0, 0, 0, 0],
	[20, 20, 20, 20, 1, 1, 1, 5, 1, 1] => QQFieldElem[0, -1, 0, 0],
	[20, 20, 20, 20, 8, 2, 1, 6, 1, 1] => QQFieldElem[0, 0, 0, 0],
	[20, 20, 20, 20, 18, 1, 1, 7, 1, 1] => QQFieldElem[0, 0, 0, 0],
	[20, 20, 20, 20, 8, 1, 1, 17, 1, 1] => QQFieldElem[0, 0, 0, 0],
	[20, 20, 20, 20, 5, 1, 1, 7, 1, 1] => QQFieldElem[0, 0, 0, 0],
	[20, 20, 20, 20, 12, 1, 1, 8, 2, 2] => QQFieldElem[0, 0, 0, 0],
	[20, 20, 20, 20, 8, 1, 1, 8, 2, 1] => QQFieldElem[0, 0, 0, 0],
	[20, 20, 20, 20, 11, 1, 1, 1, 1, 1] => QQFieldElem[0, 1//2, 7//8, 1//2],
	[20, 20, 20, 20, 4, 1, 1, 19, 1, 1] => QQFieldElem[0, 0, 0, 0],
	[20, 20, 20, 20, 19, 2, 2, 1, 1, 1] => QQFieldElem[0, -3//8, -1//2, -3//8],
	[20, 20, 20, 20, 19, 2, 1, 19, 2, 2] => QQFieldElem[-1//4, -1//4, 0, 0],
	[20, 20, 20, 20, 1, 1, 1, 19, 2, 1] => QQFieldElem[1//10, 1//10, 0, -1//5],
	[20, 20, 20, 20, 19, 2, 1, 3, 1, 1] => QQFieldElem[0, 0, 0, 0],
	[20, 20, 20, 20, 7, 1, 1, 12, 1, 1] => QQFieldElem[0, 1, 2, 1],
	[20, 20, 20, 20, 8, 2, 1, 19, 2, 2] => QQFieldElem[2//5, 2//5, 0, -4//5],
	[20, 20, 20, 20, 4, 1, 1, 2, 1, 1] => QQFieldElem[3, 5, 3, 0],
	[20, 20, 20, 20, 19, 2, 1, 8, 1, 2] => QQFieldElem[0, 0, 0, 0],
	[20, 20, 20, 20, 8, 2, 2, 1, 1, 1] => QQFieldElem[-1//2, 0, 1, 1],
	[20, 20, 20, 20, 1, 1, 1, 8, 1, 1] => QQFieldElem[3//5, 0, -4//5, -4//5],
	[20, 20, 20, 20, 8, 2, 1, 3, 1, 1] => QQFieldElem[0, 0, 0, 0],
	[20, 20, 20, 20, 1, 1, 1, 18, 1, 1] => QQFieldElem[4//5, 12//5, 4//5, 0],
	[20, 20, 20, 20, 8, 2, 1, 8, 1, 2] => QQFieldElem[-4, -8, -6, -2],
	[20, 20, 20, 20, 7, 1, 1, 20, 1, 1] => QQFieldElem[0, -1//4, -3//4, -1//4],
	[20, 20, 20, 20, 7, 1, 1, 6, 1, 1] => QQFieldElem[-1//2, -1//2, 0, 0],
	[20, 20, 20, 20, 12, 1, 1, 19, 1, 1] => QQFieldElem[1//5, 2//5, 3//5, -1//5],
	[20, 20, 20, 20, 3, 1, 1, 7, 1, 1] => QQFieldElem[1//4, 1//2, 1//4, 0],
	[20, 20, 20, 20, 19, 1, 2, 11, 1, 1] => QQFieldElem[0, 0, 0, 0],
	[20, 20, 20, 20, 2, 1, 1, 8, 2, 2] => QQFieldElem[0, 1//2, 3//4, 1//2],
	[20, 20, 20, 20, 12, 1, 1, 2, 1, 1] => QQFieldElem[-3//8, -3//8, 0, 1//8],
	[20, 20, 20, 20, 19, 1, 1, 7, 1, 1] => QQFieldElem[0, 0, 0, 0],
	[20, 20, 20, 20, 19, 1, 2, 5, 1, 1] => QQFieldElem[-2, -1, -2, 0],
	[20, 20, 20, 20, 7, 1, 1, 19, 2, 2] => QQFieldElem[0, 0, 0, 0],
	[20, 20, 20, 20, 8, 1, 2, 11, 1, 1] => QQFieldElem[0, 0, 0, 0],
	[20, 20, 20, 20, 8, 1, 1, 7, 1, 1] => QQFieldElem[1//4, 1//2, 1//4, 0],
	[20, 20, 20, 20, 7, 1, 1, 3, 1, 1] => QQFieldElem[0, 1//2, 1//2, 1//2],
	[20, 20, 20, 20, 8, 1, 2, 5, 1, 1] => QQFieldElem[1//2, 1//2, 1//2, 1],
	[20, 20, 20, 20, 7, 1, 1, 8, 1, 2] => QQFieldElem[0, 0, 0, 0],
	[20, 20, 20, 20, 20, 1, 1, 17, 1, 1] => QQFieldElem[0, 0, 0, 0],
	[20, 20, 20, 20, 19, 1, 2, 19, 2, 1] => QQFieldElem[0, 0, 0, 0],
	[20, 20, 20, 20, 20, 1, 1, 8, 2, 1] => QQFieldElem[0, 0, 0, 0],
	[20, 20, 20, 20, 6, 1, 1, 11, 1, 1] => QQFieldElem[0, -1//2, -3//2, -1//2],
	[20, 20, 20, 20, 8, 1, 2, 19, 2, 1] => QQFieldElem[0, -1//16, -1//16, 0],
	[20, 20, 20, 20, 17, 1, 1, 12, 1, 1] => QQFieldElem[0, 0, 0, 0],
	[20, 20, 20, 20, 19, 1, 2, 8, 1, 1] => QQFieldElem[0, 3//4, 1, 3//4],
	[20, 20, 20, 20, 19, 1, 2, 18, 1, 1] => QQFieldElem[-4, -8, -4, 0],
	[20, 20, 20, 20, 6, 1, 1, 5, 1, 1] => QQFieldElem[-1//4, -1//4, 0, -3//4],
	[20, 20, 20, 20, 2, 1, 1, 19, 1, 1] => QQFieldElem[4//5, 7//5, 4//5, 0],
	[20, 20, 20, 20, 8, 1, 2, 8, 1, 1] => QQFieldElem[0, 0, 0, 0],
	[20, 20, 20, 20, 11, 1, 1, 19, 1, 2] => QQFieldElem[0, 0, 0, 0],
	[20, 20, 20, 20, 18, 1, 1, 11, 1, 1] => QQFieldElem[0, 0, 0, 0],
	[20, 20, 20, 20, 8, 1, 2, 18, 1, 1] => QQFieldElem[4//5, -2//5, -8//5, -4//5],
	[20, 20, 20, 20, 5, 1, 1, 11, 1, 1] => QQFieldElem[0, 0, 0, 0],
	[20, 20, 20, 20, 19, 2, 2, 19, 1, 2] => QQFieldElem[0, 0, 0, 0],
	[20, 20, 20, 20, 17, 1, 1, 20, 1, 1] => QQFieldElem[0, 0, 0, 0],
	[20, 20, 20, 20, 2, 1, 1, 2, 1, 1] => QQFieldElem[1, 3//2, 1, 0],
	[20, 20, 20, 20, 11, 1, 1, 4, 1, 1] => QQFieldElem[0, 0, 0, 0],
	[20, 20, 20, 20, 17, 1, 1, 6, 1, 1] => QQFieldElem[1//4, 1//4, 0, -1//4],
	[20, 20, 20, 20, 6, 1, 1, 19, 2, 1] => QQFieldElem[1//5, 3//10, 3//10, 1//5],
	[20, 20, 20, 20, 19, 2, 2, 4, 1, 1] => QQFieldElem[0, 0, 0, 0],
	[20, 20, 20, 20, 5, 1, 1, 5, 1, 1] => QQFieldElem[-2, -4, -2, 0],
	[20, 20, 20, 20, 18, 1, 1, 5, 1, 1] => QQFieldElem[1//8, 1//8, 0, 3//8],
	[20, 20, 20, 20, 8, 2, 2, 19, 1, 2] => QQFieldElem[0, 0, 0, 0],
	[20, 20, 20, 20, 4, 1, 1, 12, 1, 1] => QQFieldElem[0, 0, 0, 0],
	[20, 20, 20, 20, 19, 2, 1, 1, 1, 1] => QQFieldElem[0, 0, 0, 0],
	[20, 20, 20, 20, 8, 2, 2, 4, 1, 1] => QQFieldElem[0, 0, 0, 0],
	[20, 20, 20, 20, 6, 1, 1, 8, 1, 1] => QQFieldElem[0, 0, 0, 0],
	[20, 20, 20, 20, 6, 1, 1, 18, 1, 1] => QQFieldElem[-1, -1, 0, 1],
	[20, 20, 20, 20, 18, 1, 1, 19, 2, 1] => QQFieldElem[0, 0, -2, -2],
	[20, 20, 20, 20, 8, 2, 1, 1, 1, 1] => QQFieldElem[0, 0, 0, 0],
	[20, 20, 20, 20, 5, 1, 1, 19, 2, 1] => QQFieldElem[1//2, 1, 1//2, 0],
	[20, 20, 20, 20, 17, 1, 1, 19, 2, 2] => QQFieldElem[8, 16, 16, 8],
	[20, 20, 20, 20, 4, 1, 1, 20, 1, 1] => QQFieldElem[0, 0, 0, 0],
	[20, 20, 20, 20, 4, 1, 1, 6, 1, 1] => QQFieldElem[-16//5, -28//5, -16//5, 0],
	[20, 20, 20, 20, 18, 1, 1, 8, 1, 1] => QQFieldElem[0, 0, 0, 0],
	[20, 20, 20, 20, 20, 1, 1, 7, 1, 1] => QQFieldElem[3//5, 7//5, 7//5, 3//5],
	[20, 20, 20, 20, 5, 1, 1, 8, 1, 1] => QQFieldElem[0, 0, 0, 0],
	[20, 20, 20, 20, 18, 1, 1, 18, 1, 1] => QQFieldElem[-1//2, -1//2, 0, 1//2],
	[20, 20, 20, 20, 17, 1, 1, 3, 1, 1] => QQFieldElem[0, 1//4, 1//2, 1//4],
	[20, 20, 20, 20, 5, 1, 1, 18, 1, 1] => QQFieldElem[-32//5, -56//5, -32//5, 0],
	[20, 20, 20, 20, 17, 1, 1, 8, 1, 2] => QQFieldElem[-1//16, -1//16, 1//16, 1//16],
	[20, 20, 20, 20, 3, 1, 1, 11, 1, 1] => QQFieldElem[0, -1//2, -3//2, -1//2],
	[20, 20, 20, 20, 12, 1, 1, 12, 1, 1] => QQFieldElem[0, 2, 3, 2],
	[20, 20, 20, 20, 19, 1, 1, 11, 1, 1] => QQFieldElem[0, 0, 0, 0],
	[20, 20, 20, 20, 4, 1, 1, 19, 2, 2] => QQFieldElem[0, 0, 2, 2],
	[20, 20, 20, 20, 3, 1, 1, 5, 1, 1] => QQFieldElem[1//4, 1//4, 0, 3//4],
	[20, 20, 20, 20, 4, 1, 1, 3, 1, 1] => QQFieldElem[12//5, 0, -16//5, -16//5],
	[20, 20, 20, 20, 12, 1, 1, 20, 1, 1] => QQFieldElem[0, -3//4, -1, -3//4],
	[20, 20, 20, 20, 19, 1, 1, 5, 1, 1] => QQFieldElem[-4, 0, -8, -8],
	[20, 20, 20, 20, 7, 1, 1, 1, 1, 1] => QQFieldElem[0, -3//8, -1//2, -3//8],
	[20, 20, 20, 20, 8, 1, 1, 11, 1, 1] => QQFieldElem[0, -1//2, -3//2, -1//2],
	[20, 20, 20, 20, 4, 1, 1, 8, 1, 2] => QQFieldElem[0, 0, 0, 0],
	[20, 20, 20, 20, 12, 1, 1, 6, 1, 1] => QQFieldElem[-1//2, -1//2, 0, 1//2],
	[20, 20, 20, 20, 1, 1, 1, 8, 2, 2] => QQFieldElem[0, 0, 0, 0],
	[20, 20, 20, 20, 3, 1, 1, 19, 2, 1] => QQFieldElem[-1//20, 3//20, 1//10, 1//20],
	[20, 20, 20, 20, 8, 1, 1, 5, 1, 1] => QQFieldElem[0, 0, 0, 0],
	[20, 20, 20, 20, 19, 1, 1, 19, 2, 1] => QQFieldElem[16//5, 28//5, 16//5, 0],
	[20, 20, 20, 20, 3, 1, 1, 8, 1, 1] => QQFieldElem[0, 0, 0, 0],
	[20, 20, 20, 20, 3, 1, 1, 18, 1, 1] => QQFieldElem[1, 1, 0, -1],
	[20, 20, 20, 20, 12, 1, 1, 19, 2, 2] => QQFieldElem[0, 0, 0, 0],
	[20, 20, 20, 20, 8, 1, 1, 19, 2, 1] => QQFieldElem[0, 0, 0, 0],
	[20, 20, 20, 20, 19, 1, 1, 8, 1, 1] => QQFieldElem[1, 0, -1, -1],
	[20, 20, 20, 20, 19, 1, 1, 18, 1, 1] => QQFieldElem[16, 0, -16, -16],
	[20, 20, 20, 20, 2, 1, 1, 12, 1, 1] => QQFieldElem[4//5, 0, -12//5, -12//5],
	[20, 20, 20, 20, 12, 1, 1, 3, 1, 1] => QQFieldElem[0, 1//2, 1, 1//2],
	[20, 20, 20, 20, 11, 1, 1, 17, 1, 1] => QQFieldElem[0, 0, 0, 0],
	[20, 20, 20, 20, 12, 1, 1, 8, 1, 2] => QQFieldElem[0, 0, 0, 0],
	[20, 20, 20, 20, 8, 1, 1, 8, 1, 1] => QQFieldElem[0, 0, 0, 0],
	[20, 20, 20, 20, 19, 2, 2, 17, 1, 1] => QQFieldElem[0, 0, 0, 0],
	[20, 20, 20, 20, 11, 1, 1, 8, 2, 1] => QQFieldElem[0, 0, 0, 0],
	[20, 20, 20, 20, 8, 1, 1, 18, 1, 1] => QQFieldElem[0, 0, 0, 0],
	[20, 20, 20, 20, 19, 2, 1, 19, 1, 2] => QQFieldElem[3//5, 1//5, -1//5, -3//5],
	[20, 20, 20, 20, 19, 2, 2, 8, 2, 1] => QQFieldElem[0, 1//4, 3//4, 1//4],
	[20, 20, 20, 20, 1, 1, 1, 19, 1, 1] => QQFieldElem[-1//10, -1//10, 0, 1//5],
	[20, 20, 20, 20, 2, 1, 1, 20, 1, 1] => QQFieldElem[0, 0, 1, 1],
	[20, 20, 20, 20, 8, 2, 2, 17, 1, 1] => QQFieldElem[0, 0, 0, 0],
	[20, 20, 20, 20, 8, 2, 1, 19, 1, 2] => QQFieldElem[0, -1//2, -1, -1//2],
	[20, 20, 20, 20, 19, 2, 1, 4, 1, 1] => QQFieldElem[1, -1, -1, 1],
	[20, 20, 20, 20, 8, 2, 2, 8, 2, 1] => QQFieldElem[8, 16, 16, 0],
	[20, 20, 20, 20, 2, 1, 1, 6, 1, 1] => QQFieldElem[6//5, 8//5, 6//5, 0],
	[20, 20, 20, 20, 1, 1, 1, 2, 1, 1] => QQFieldElem[1, 3//2, 1, 0],
	[20, 20, 20, 20, 8, 2, 1, 4, 1, 1] => QQFieldElem[-1, -1//2, -1//2, -1//2],
	[20, 20, 20, 20, 19, 1, 2, 8, 2, 2] => QQFieldElem[0, 0, 0, 0],
	[20, 20, 20, 20, 17, 1, 1, 1, 1, 1] => QQFieldElem[0, 1//16, 3//16, 1//16],
	[20, 20, 20, 20, 20, 1, 1, 11, 1, 1] => QQFieldElem[2, 0, -2, -2],
	[20, 20, 20, 20, 2, 1, 1, 19, 2, 2] => QQFieldElem[0, 0, 0, 0],
	[20, 20, 20, 20, 8, 1, 2, 8, 2, 2] => QQFieldElem[0, 0, 0, 0],
	[20, 20, 20, 20, 20, 1, 1, 5, 1, 1] => QQFieldElem[0, 0, 0, 0],
	[20, 20, 20, 20, 2, 1, 1, 3, 1, 1] => QQFieldElem[2//5, 0, -6//5, -6//5],
	[20, 20, 20, 20, 2, 1, 1, 8, 1, 2] => QQFieldElem[0, 1//4, 1//2, 1//4],
	[20, 20, 20, 20, 7, 1, 1, 19, 1, 2] => QQFieldElem[0, 0, 0, 0],
	[20, 20, 20, 20, 4, 1, 1, 1, 1, 1] => QQFieldElem[2, 0, -3, -3],
	[20, 20, 20, 20, 20, 1, 1, 19, 2, 1] => QQFieldElem[2, 2, 2, 0],
	[20, 20, 20, 20, 11, 1, 1, 7, 1, 1] => QQFieldElem[-3//4, -5//4, -3//4, 0],
	[20, 20, 20, 20, 7, 1, 1, 4, 1, 1] => QQFieldElem[0, 0, 0, 0],
	[20, 20, 20, 20, 6, 1, 1, 8, 2, 2] => QQFieldElem[-12//5, -44//5, -56//5, -28//5],
	[20, 20, 20, 20, 19, 2, 2, 7, 1, 1] => QQFieldElem[0, 0, 0, 0],
	[20, 20, 20, 20, 19, 1, 2, 19, 1, 1] => QQFieldElem[1//2, 1//2, 1//2, 0],
	[20, 20, 20, 20, 20, 1, 1, 8, 1, 1] => QQFieldElem[0, 0, 0, 0],
	[20, 20, 20, 20, 20, 1, 1, 18, 1, 1] => QQFieldElem[0, 0, 0, 0],
	[20, 20, 20, 20, 8, 2, 2, 7, 1, 1] => QQFieldElem[-3//5, -7//5, -7//5, -3//5],
	[20, 20, 20, 20, 8, 1, 2, 19, 1, 1] => QQFieldElem[0, 0, 0, 0],
	[20, 20, 20, 20, 18, 1, 1, 8, 2, 2] => QQFieldElem[0, 0, 0, 0],
	[20, 20, 20, 20, 19, 1, 2, 2, 1, 1] => QQFieldElem[3//2, 3//2, 0, -1//2],
	[20, 20, 20, 20, 5, 1, 1, 8, 2, 2] => QQFieldElem[-3//5, 0, 4//5, 4//5],
	[20, 20, 20, 20, 8, 1, 2, 2, 1, 1] => QQFieldElem[0, 0, 0, 0],
	[20, 20, 20, 20, 12, 1, 1, 1, 1, 1] => QQFieldElem[0, -3//8, -1//2, -3//8],
	[20, 20, 20, 20, 6, 1, 1, 19, 1, 1] => QQFieldElem[-1//5, -3//10, -3//10, -1//5],
	[20, 20, 20, 20, 19, 2, 1, 17, 1, 1] => QQFieldElem[16, 28, 16, 0],
	[20, 20, 20, 20, 19, 2, 1, 8, 2, 1] => QQFieldElem[0, 3//4, 1, 3//4],
	[20, 20, 20, 20, 6, 1, 1, 2, 1, 1] => QQFieldElem[-3//8, -3//8, 0, 1//8],
	[20, 20, 20, 20, 1, 1, 1, 12, 1, 1] => QQFieldElem[4//5, 0, -12//5, -12//5],
	[20, 20, 20, 20, 8, 2, 1, 17, 1, 1] => QQFieldElem[-4, -2, 2, 4],
	[20, 20, 20, 20, 18, 1, 1, 19, 1, 1] => QQFieldElem[2, 4, 4, 2],
	[20, 20, 20, 20, 8, 2, 1, 8, 2, 1] => QQFieldElem[1//4, 1//2, 1//2, 0],
	[20, 20, 20, 20, 5, 1, 1, 19, 1, 1] => QQFieldElem[0, 0, 1//2, 1//2],
	[20, 20, 20, 20, 17, 1, 1, 19, 1, 2] => QQFieldElem[0, -1//4, -1//4, -1//4],
	[20, 20, 20, 20, 3, 1, 1, 8, 2, 2] => QQFieldElem[0, -3//4, -5//4, -3//4],
	[20, 20, 20, 20, 1, 1, 1, 20, 1, 1] => QQFieldElem[0, 0, 1, 1],
	[20, 20, 20, 20, 18, 1, 1, 2, 1, 1] => QQFieldElem[-1//16, -1//16, 0, 1//8],
	[20, 20, 20, 20, 5, 1, 1, 2, 1, 1] => QQFieldElem[3, 5, 3, 0],
	[20, 20, 20, 20, 17, 1, 1, 4, 1, 1] => QQFieldElem[0, 1//8, -1//4, 1//8],
	[20, 20, 20, 20, 1, 1, 1, 6, 1, 1] => QQFieldElem[6//5, 8//5, 6//5, 0],
	[20, 20, 20, 20, 19, 1, 1, 8, 2, 2] => QQFieldElem[0, 3//4, 1, 3//4],
	[20, 20, 20, 20, 2, 1, 1, 1, 1, 1] => QQFieldElem[-1//2, 0, 1, 1],
	[20, 20, 20, 20, 8, 1, 1, 8, 2, 2] => QQFieldElem[0, 0, 0, 0],
	[20, 20, 20, 20, 4, 1, 1, 19, 1, 2] => QQFieldElem[1//16, 1//16, 0, 0],
	[20, 20, 20, 20, 1, 1, 1, 19, 2, 2] => QQFieldElem[-4//5, -7//5, -4//5, 0],
	[20, 20, 20, 20, 7, 1, 1, 17, 1, 1] => QQFieldElem[0, 0, 0, 0],
	[20, 20, 20, 20, 4, 1, 1, 4, 1, 1] => QQFieldElem[2, 0, -2, -2],
	[20, 20, 20, 20, 7, 1, 1, 8, 2, 1] => QQFieldElem[0, 0, 0, 0],
	[20, 20, 20, 20, 11, 1, 1, 11, 1, 1] => QQFieldElem[0, 2, 7//2, 2],
	[20, 20, 20, 20, 19, 2, 2, 11, 1, 1] => QQFieldElem[0, 0, 0, 0],
	[20, 20, 20, 20, 1, 1, 1, 3, 1, 1] => QQFieldElem[2//5, 0, -6//5, -6//5],
	[20, 20, 20, 20, 1, 1, 1, 8, 1, 2] => QQFieldElem[0, 1//2, 3//4, 1//2],
	[20, 20, 20, 20, 3, 1, 1, 19, 1, 1] => QQFieldElem[3//20, 3//10, 1//5, 1//10],
	[20, 20, 20, 20, 11, 1, 1, 5, 1, 1] => QQFieldElem[0, 0, 0, 0],
	[20, 20, 20, 20, 19, 2, 1, 7, 1, 1] => QQFieldElem[0, 0, 0, 0],
	[20, 20, 20, 20, 19, 2, 2, 5, 1, 1] => QQFieldElem[0, 0, 0, 0],
	[20, 20, 20, 20, 8, 2, 2, 11, 1, 1] => QQFieldElem[0, 0, 2, 2],
	[20, 20, 20, 20, 19, 1, 2, 12, 1, 1] => QQFieldElem[0, 0, 0, 0],
	[20, 20, 20, 20, 19, 1, 1, 19, 1, 1] => QQFieldElem[4//5, 6//5, 6//5, 4//5],
	[20, 20, 20, 20, 3, 1, 1, 2, 1, 1] => QQFieldElem[-3//8, -3//8, 0, 1//8],
	[20, 20, 20, 20, 8, 2, 1, 7, 1, 1] => QQFieldElem[0, 0, 0, 0],
	[20, 20, 20, 20, 8, 2, 2, 5, 1, 1] => QQFieldElem[0, 0, 0, 0],
	[20, 20, 20, 20, 12, 1, 1, 19, 1, 2] => QQFieldElem[0, 0, 0, 0],
	[20, 20, 20, 20, 8, 1, 1, 19, 1, 1] => QQFieldElem[-1//10, 1//20, 1//5, 1//10],
	[20, 20, 20, 20, 19, 1, 1, 2, 1, 1] => QQFieldElem[-6, -6, 0, 2],
	[20, 20, 20, 20, 8, 1, 2, 12, 1, 1] => QQFieldElem[0, 0, 0, 0],
	[20, 20, 20, 20, 11, 1, 1, 19, 2, 1] => QQFieldElem[0, 0, -1//2, -1//2])