Dict(
	[20, 19, 5, 19, 19, 1, 1, 19, 1, 1] => QQFieldElem[0, 2//5, 6//5, 2//5],
	[20, 19, 5, 19, 11, 1, 1, 19, 1, 1] => QQFieldElem[0, 0, 0, 0],
	[20, 19, 5, 19, 11, 1, 1, 12, 1, 1] => QQFieldElem[0, -2, 0, 0],
	[20, 19, 5, 19, 19, 1, 1, 12, 1, 1] => QQFieldElem[4, -8, 4, 0],
	[20, 19, 5, 19, 19, 2, 1, 19, 1, 1] => QQFieldElem[2//5, 8//5, 8//5, 2//5],
	[20, 19, 5, 19, 19, 2, 1, 12, 1, 1] => QQFieldElem[3, 2, 2, 3],
	[20, 19, 5, 19, 19, 1, 1, 19, 2, 1] => QQFieldElem[0, 0, 0, 0],
	[20, 19, 5, 19, 11, 1, 1, 19, 2, 1] => QQFieldElem[0, 3//10, 2//5, 3//10],
	[20, 19, 5, 19, 12, 1, 1, 11, 1, 1] => QQFieldElem[1, 0, -1, -1],
	[20, 19, 5, 19, 19, 2, 1, 19, 2, 1] => QQFieldElem[0, 0, -1, -1],
	[20, 19, 5, 19, 12, 1, 1, 19, 1, 1] => QQFieldElem[0, 0, -1, -1],
	[20, 19, 5, 19, 12, 1, 1, 12, 1, 1] => QQFieldElem[0, 0, 0, 0],
	[20, 19, 5, 19, 19, 1, 1, 11, 1, 1] => QQFieldElem[-4, -4, 0, -2],
	[20, 19, 5, 19, 11, 1, 1, 11, 1, 1] => QQFieldElem[0, 0, 0, 0],
	[20, 19, 5, 19, 12, 1, 1, 19, 2, 1] => QQFieldElem[0, 0, 0, 0],
	[20, 19, 5, 19, 19, 2, 1, 11, 1, 1] => QQFieldElem[0, 0, 0, 0])