Dict(
	[21, 12, 10, 17, 21, 1, 1, 14, 1, 1] => QQFieldElem[-2, 0, 0, 0],
	[21, 12, 10, 17, 22, 2, 1, 14, 1, 1] => QQFieldElem[-1, 0, 0, 0],
	[21, 12, 10, 17, 22, 2, 1, 13, 1, 1] => QQFieldElem[1, 3//2, 3//2, 1],
	[21, 12, 10, 17, 21, 1, 1, 13, 1, 1] => QQFieldElem[2, 7, 7, 2],
	[21, 12, 10, 17, 21, 2, 1, 14, 1, 1] => QQFieldElem[1//5, 3//5, 1//5, 0],
	[21, 12, 10, 17, 21, 2, 1, 13, 1, 1] => QQFieldElem[1//2, 0, -1, -1],
	[21, 12, 10, 17, 22, 1, 1, 22, 1, 1] => QQFieldElem[0, -1//5, 2//5, 3//10],
	[21, 12, 10, 17, 22, 2, 1, 22, 1, 1] => QQFieldElem[0, 1//2, 1//2, 0],
	[21, 12, 10, 17, 21, 1, 1, 22, 1, 1] => QQFieldElem[0, 1, 1, 0],
	[21, 12, 10, 17, 21, 2, 1, 22, 1, 1] => QQFieldElem[3//10, 2//5, -1//5, 0],
	[21, 12, 10, 17, 22, 1, 1, 10, 1, 1] => QQFieldElem[0, -1, -1, 0],
	[21, 12, 10, 17, 22, 2, 1, 10, 1, 1] => QQFieldElem[-1, 0, 0, 0],
	[21, 12, 10, 17, 21, 1, 1, 10, 1, 1] => QQFieldElem[-2, 0, 4, 4],
	[21, 12, 10, 17, 21, 2, 1, 10, 1, 1] => QQFieldElem[1, 1, 1, 0],
	[21, 12, 10, 17, 22, 1, 1, 14, 1, 1] => QQFieldElem[-2//5, -3//5, -3//5, -2//5],
	[21, 12, 10, 17, 22, 1, 1, 13, 1, 1] => QQFieldElem[-1, -1, 0, 1//2])