Dict(
	[21, 21, 21, 10, 20, 1, 2, 12, 1, 1] => QQFieldElem[-2//5, -4//5, 4//5, 2//5],
	[21, 21, 21, 10, 20, 1, 1, 19, 1, 1] => QQFieldElem[0, 0, 0, 0],
	[21, 21, 21, 10, 12, 1, 1, 19, 1, 1] => QQFieldElem[1//5, 2//5, 8//5, 4//5],
	[21, 21, 21, 10, 18, 1, 2, 18, 2, 1] => QQFieldElem[-4//5, -6//5, -6//5, -4//5],
	[21, 21, 21, 10, 19, 1, 2, 11, 1, 1] => QQFieldElem[0, -2//5, -1//5, -2//5],
	[21, 21, 21, 10, 20, 1, 1, 19, 2, 1] => QQFieldElem[0, -3//2, -3, -3//2],
	[21, 21, 21, 10, 12, 1, 1, 19, 2, 1] => QQFieldElem[-4//5, -2//5, -4//5, 0],
	[21, 21, 21, 10, 20, 1, 2, 20, 1, 1] => QQFieldElem[6//5, 12//5, 13//5, 9//5],
	[21, 21, 21, 10, 19, 1, 2, 19, 1, 1] => QQFieldElem[3//5, 1//5, -1//5, -3//5],
	[21, 21, 21, 10, 19, 1, 1, 12, 1, 1] => QQFieldElem[1, 2, 2, 0],
	[21, 21, 21, 10, 11, 1, 1, 12, 1, 1] => QQFieldElem[2, 2, 2, 0],
	[21, 21, 21, 10, 20, 1, 1, 18, 1, 1] => QQFieldElem[2, 5//2, 2, 1//2],
	[21, 21, 21, 10, 12, 1, 1, 18, 1, 1] => QQFieldElem[0, 0, 1, 1],
	[21, 21, 21, 10, 20, 1, 2, 20, 2, 1] => QQFieldElem[-1//5, -2//5, -3//5, -4//5],
	[21, 21, 21, 10, 19, 1, 2, 19, 2, 1] => QQFieldElem[-1, -1, 0, 0],
	[21, 21, 21, 10, 20, 1, 1, 18, 2, 1] => QQFieldElem[1//2, 2, 5//2, 2],
	[21, 21, 21, 10, 12, 1, 1, 18, 2, 1] => QQFieldElem[-4//5, -2//5, -4//5, 0],
	[21, 21, 21, 10, 19, 1, 1, 20, 1, 1] => QQFieldElem[-1, -2, -1, 1],
	[21, 21, 21, 10, 11, 1, 1, 20, 1, 1] => QQFieldElem[4//5, -2//5, -8//5, -4//5],
	[21, 21, 21, 10, 19, 1, 2, 18, 1, 1] => QQFieldElem[0, 0, 1, 1],
	[21, 21, 21, 10, 19, 1, 1, 20, 2, 1] => QQFieldElem[3//2, 2, 3//2, 1//2],
	[21, 21, 21, 10, 11, 1, 1, 20, 2, 1] => QQFieldElem[2//5, 6//5, 2//5, 0],
	[21, 21, 21, 10, 18, 1, 1, 11, 1, 1] => QQFieldElem[1//2, 1, 1, 1//2],
	[21, 21, 21, 10, 19, 1, 2, 18, 2, 1] => QQFieldElem[0, 0, -1, -1],
	[21, 21, 21, 10, 18, 1, 2, 12, 1, 1] => QQFieldElem[0, 0, 0, 0],
	[21, 21, 21, 10, 18, 1, 1, 19, 1, 1] => QQFieldElem[1//5, 2//5, -2//5, -1//5],
	[21, 21, 21, 10, 18, 1, 1, 19, 2, 1] => QQFieldElem[9//5, 3//5, -3//5, -4//5],
	[21, 21, 21, 10, 18, 1, 2, 20, 1, 1] => QQFieldElem[-4//5, -4//5, 0, 8//5],
	[21, 21, 21, 10, 20, 1, 2, 11, 1, 1] => QQFieldElem[2//5, 2//5, 0, 1//5],
	[21, 21, 21, 10, 18, 1, 1, 18, 1, 1] => QQFieldElem[4//5, -2//5, -3//5, -4//5],
	[21, 21, 21, 10, 18, 1, 2, 20, 2, 1] => QQFieldElem[0, 0, 0, 0],
	[21, 21, 21, 10, 20, 1, 2, 19, 1, 1] => QQFieldElem[1//5, 2//5, -2//5, -1//5],
	[21, 21, 21, 10, 20, 1, 1, 12, 1, 1] => QQFieldElem[-1, -2, -2, 0],
	[21, 21, 21, 10, 12, 1, 1, 12, 1, 1] => QQFieldElem[0, 0, 0, 0],
	[21, 21, 21, 10, 18, 1, 1, 18, 2, 1] => QQFieldElem[6//5, 2//5, -2//5, -1//5],
	[21, 21, 21, 10, 19, 1, 1, 11, 1, 1] => QQFieldElem[-1//5, 1//10, -1//10, -3//10],
	[21, 21, 21, 10, 11, 1, 1, 11, 1, 1] => QQFieldElem[0, 0, 0, 0],
	[21, 21, 21, 10, 20, 1, 2, 19, 2, 1] => QQFieldElem[-6//5, -12//5, -3//5, 1//5],
	[21, 21, 21, 10, 20, 1, 1, 20, 1, 1] => QQFieldElem[-3//2, -3, -3//2, 0],
	[21, 21, 21, 10, 12, 1, 1, 20, 1, 1] => QQFieldElem[-1//5, -2//5, 2//5, 6//5],
	[21, 21, 21, 10, 19, 1, 2, 12, 1, 1] => QQFieldElem[2//5, -6//5, -4//5, -2//5],
	[21, 21, 21, 10, 19, 1, 1, 19, 1, 1] => QQFieldElem[1, 2, 3, 1],
	[21, 21, 21, 10, 20, 1, 2, 18, 1, 1] => QQFieldElem[-2//5, -9//5, -11//5, -3//5],
	[21, 21, 21, 10, 11, 1, 1, 19, 1, 1] => QQFieldElem[-4//5, 2//5, 8//5, 4//5],
	[21, 21, 21, 10, 20, 1, 1, 20, 2, 1] => QQFieldElem[0, 0, 0, 0],
	[21, 21, 21, 10, 12, 1, 1, 20, 2, 1] => QQFieldElem[-4//5, -2//5, -4//5, 0],
	[21, 21, 21, 10, 19, 1, 1, 19, 2, 1] => QQFieldElem[1//2, 3//2, 2, 3//2],
	[21, 21, 21, 10, 20, 1, 2, 18, 2, 1] => QQFieldElem[7//5, 9//5, 6//5, -2//5],
	[21, 21, 21, 10, 11, 1, 1, 19, 2, 1] => QQFieldElem[2//5, 6//5, 2//5, 0],
	[21, 21, 21, 10, 19, 1, 2, 20, 1, 1] => QQFieldElem[2//5, -1//5, -4//5, -2//5],
	[21, 21, 21, 10, 19, 1, 1, 18, 1, 1] => QQFieldElem[0, 0, -1, -1],
	[21, 21, 21, 10, 19, 1, 2, 20, 2, 1] => QQFieldElem[0, 1, 1, 1],
	[21, 21, 21, 10, 11, 1, 1, 18, 1, 1] => QQFieldElem[0, 0, 0, 0],
	[21, 21, 21, 10, 18, 1, 2, 11, 1, 1] => QQFieldElem[-2//5, 0, 1//5, 1//5],
	[21, 21, 21, 10, 19, 1, 1, 18, 2, 1] => QQFieldElem[-1//2, -5//2, -5//2, -1//2],
	[21, 21, 21, 10, 11, 1, 1, 18, 2, 1] => QQFieldElem[4//5, 2//5, 4//5, 0],
	[21, 21, 21, 10, 18, 1, 2, 19, 1, 1] => QQFieldElem[0, 0, 0, 0],
	[21, 21, 21, 10, 18, 1, 1, 12, 1, 1] => QQFieldElem[-1, 0, 1, 1],
	[21, 21, 21, 10, 18, 1, 2, 19, 2, 1] => QQFieldElem[-8//5, -12//5, -12//5, -8//5],
	[21, 21, 21, 10, 18, 1, 1, 20, 1, 1] => QQFieldElem[6//5, -3//5, -7//5, -6//5],
	[21, 21, 21, 10, 20, 1, 1, 11, 1, 1] => QQFieldElem[-3//10, -1//10, 1//10, -1//5],
	[21, 21, 21, 10, 12, 1, 1, 11, 1, 1] => QQFieldElem[1//5, 0, 2//5, 2//5],
	[21, 21, 21, 10, 18, 1, 2, 18, 1, 1] => QQFieldElem[-2//5, -2//5, 0, 4//5],
	[21, 21, 21, 10, 18, 1, 1, 20, 2, 1] => QQFieldElem[-1//5, -2//5, -3//5, -4//5])