Dict(
	[21, 20, 17, 13, 17, 1, 1, 14, 1, 1] => QQFieldElem[0, -1//2, -1, -1],
	[21, 20, 17, 13, 19, 1, 2, 22, 1, 1] => QQFieldElem[-156//11, -350//11, -314//11, -100//11],
	[21, 20, 17, 13, 17, 1, 1, 13, 1, 1] => QQFieldElem[-3//4, -1//4, 1, 5//4],
	[21, 20, 17, 13, 19, 1, 2, 21, 2, 1] => QQFieldElem[0, 1//2, 1//2, 0],
	[21, 20, 17, 13, 18, 1, 1, 10, 1, 1] => QQFieldElem[0, -1//2, -1//2, 0],
	[21, 20, 17, 13, 19, 1, 2, 22, 2, 1] => QQFieldElem[-7//11, -15//11, -10//11, 2//11],
	[21, 20, 17, 13, 17, 1, 1, 13, 2, 1] => QQFieldElem[-4, -3, 1, 3],
	[21, 20, 17, 13, 7, 1, 1, 10, 1, 1] => QQFieldElem[1, 3//4, 1//2, 1//4],
	[21, 20, 17, 13, 20, 1, 1, 15, 1, 1] => QQFieldElem[15//44, -1//22, 7//44, 5//22],
	[21, 20, 17, 13, 12, 1, 1, 15, 1, 1] => QQFieldElem[-3//4, -1, -3//4, 0],
	[21, 20, 17, 13, 4, 1, 1, 14, 1, 1] => QQFieldElem[-16, -24, -16, 0],
	[21, 20, 17, 13, 4, 1, 1, 13, 1, 1] => QQFieldElem[4, 12, 12, 4],
	[21, 20, 17, 13, 20, 1, 1, 15, 2, 1] => QQFieldElem[1//4, -1//2, -5//4, -1],
	[21, 20, 17, 13, 12, 1, 1, 15, 2, 1] => QQFieldElem[0, 0, -1, -1],
	[21, 20, 17, 13, 19, 1, 2, 15, 1, 1] => QQFieldElem[-14//11, -4//11, 14//11, 20//11],
	[21, 20, 17, 13, 4, 1, 1, 13, 2, 1] => QQFieldElem[1//2, 1, 1//4, -1//2],
	[21, 20, 17, 13, 18, 1, 1, 21, 1, 1] => QQFieldElem[-4, -8, -8, -4],
	[21, 20, 17, 13, 20, 2, 1, 10, 1, 1] => QQFieldElem[-4, -3, 1, 3],
	[21, 20, 17, 13, 18, 1, 1, 22, 1, 1] => QQFieldElem[232//11, -144//11, -624//11, -544//11],
	[21, 20, 17, 13, 19, 1, 2, 15, 2, 1] => QQFieldElem[4//11, 7//22, 3//22, 9//22],
	[21, 20, 17, 13, 7, 1, 1, 21, 1, 1] => QQFieldElem[-8, -8, 0, 6],
	[21, 20, 17, 13, 7, 1, 1, 22, 1, 1] => QQFieldElem[-92//11, -18//11, 120//11, 130//11],
	[21, 20, 17, 13, 18, 1, 1, 21, 2, 1] => QQFieldElem[1//4, -1, 0, 3//4],
	[21, 20, 17, 13, 20, 1, 1, 14, 1, 1] => QQFieldElem[3//2, -1//2, -7//2, -5//2],
	[21, 20, 17, 13, 12, 1, 1, 14, 1, 1] => QQFieldElem[-4, 0, 6, 6],
	[21, 20, 17, 13, 18, 1, 1, 22, 2, 1] => QQFieldElem[-75//22, -255//22, -140//11, -60//11],
	[21, 20, 17, 13, 7, 1, 1, 21, 2, 1] => QQFieldElem[-20, -26, -10, 6],
	[21, 20, 17, 13, 11, 1, 1, 10, 1, 1] => QQFieldElem[1, 1//2, -1//2, -1],
	[21, 20, 17, 13, 12, 1, 1, 13, 1, 1] => QQFieldElem[1//4, 1//4, 1//2, 1//4],
	[21, 20, 17, 13, 19, 1, 1, 10, 1, 1] => QQFieldElem[1//4, 1//4, 1//2, 1//4],
	[21, 20, 17, 13, 20, 1, 1, 13, 1, 1] => QQFieldElem[-1//4, 0, 1//4, 0],
	[21, 20, 17, 13, 7, 1, 1, 22, 2, 1] => QQFieldElem[-128//11, -92//11, 56//11, 112//11],
	[21, 20, 17, 13, 20, 1, 1, 13, 2, 1] => QQFieldElem[-1//4, 1, 5//4, 1//2],
	[21, 20, 17, 13, 12, 1, 1, 13, 2, 1] => QQFieldElem[0, 0, 0, 0],
	[21, 20, 17, 13, 19, 1, 2, 14, 1, 1] => QQFieldElem[0, -1, -1, 0],
	[21, 20, 17, 13, 20, 2, 1, 21, 1, 1] => QQFieldElem[0, -1//2, -1//2, -1//2],
	[21, 20, 17, 13, 17, 1, 1, 10, 1, 1] => QQFieldElem[0, -1//4, 0, 1//4],
	[21, 20, 17, 13, 19, 1, 2, 13, 1, 1] => QQFieldElem[1, 0, -2, -2],
	[21, 20, 17, 13, 20, 2, 1, 22, 1, 1] => QQFieldElem[-6//11, 6//11, 26//11, 19//11],
	[21, 20, 17, 13, 18, 1, 1, 15, 1, 1] => QQFieldElem[-48//11, -64//11, -40//11, -32//11],
	[21, 20, 17, 13, 20, 2, 1, 21, 2, 1] => QQFieldElem[4, 7//2, -3//2, -7//2],
	[21, 20, 17, 13, 19, 1, 2, 13, 2, 1] => QQFieldElem[0, 0, 0, 0],
	[21, 20, 17, 13, 7, 1, 1, 15, 1, 1] => QQFieldElem[-1, -1//2, -1//2, -1//2],
	[21, 20, 17, 13, 20, 2, 1, 22, 2, 1] => QQFieldElem[310//11, 614//11, 490//11, 111//11],
	[21, 20, 17, 13, 18, 1, 1, 15, 2, 1] => QQFieldElem[-23//44, -4//11, 1//44, 3//44],
	[21, 20, 17, 13, 19, 1, 1, 21, 1, 1] => QQFieldElem[-1, -1//2, 1//2, 1],
	[21, 20, 17, 13, 11, 1, 1, 21, 1, 1] => QQFieldElem[0, 1//2, 3//2, 1//2],
	[21, 20, 17, 13, 19, 1, 1, 22, 1, 1] => QQFieldElem[-141//11, -255//11, -192//11, -32//11],
	[21, 20, 17, 13, 11, 1, 1, 22, 1, 1] => QQFieldElem[13//11, -13//11, -38//11, -32//11],
	[21, 20, 17, 13, 7, 1, 1, 15, 2, 1] => QQFieldElem[0, 0, 0, 0],
	[21, 20, 17, 13, 4, 1, 1, 10, 1, 1] => QQFieldElem[4, 8, 8, 4],
	[21, 20, 17, 13, 19, 1, 1, 21, 2, 1] => QQFieldElem[1//4, 0, 0, -1//4],
	[21, 20, 17, 13, 11, 1, 1, 21, 2, 1] => QQFieldElem[0, 0, 0, 0],
	[21, 20, 17, 13, 19, 1, 1, 22, 2, 1] => QQFieldElem[-13//22, 13//22, 19//11, 16//11],
	[21, 20, 17, 13, 11, 1, 1, 22, 2, 1] => QQFieldElem[36//11, 74//11, 64//11, 18//11],
	[21, 20, 17, 13, 17, 1, 1, 21, 1, 1] => QQFieldElem[6, 2, -7, -17//2],
	[21, 20, 17, 13, 17, 1, 1, 22, 1, 1] => QQFieldElem[-9//11, -101//11, -148//11, -87//11],
	[21, 20, 17, 13, 20, 2, 1, 15, 1, 1] => QQFieldElem[0, 0, 0, 0],
	[21, 20, 17, 13, 18, 1, 1, 14, 1, 1] => QQFieldElem[1, 2, 1, 0],
	[21, 20, 17, 13, 17, 1, 1, 21, 2, 1] => QQFieldElem[29, 33, 7, -14],
	[21, 20, 17, 13, 18, 1, 1, 13, 1, 1] => QQFieldElem[4, 8, 4, 0],
	[21, 20, 17, 13, 17, 1, 1, 22, 2, 1] => QQFieldElem[194//11, 92//11, -166//11, -222//11],
	[21, 20, 17, 13, 7, 1, 1, 14, 1, 1] => QQFieldElem[-2, -5//2, 1, 1],
	[21, 20, 17, 13, 20, 2, 1, 15, 2, 1] => QQFieldElem[2, 0, -3, -3],
	[21, 20, 17, 13, 7, 1, 1, 13, 1, 1] => QQFieldElem[3//2, 1, -1, -3//2],
	[21, 20, 17, 13, 20, 1, 1, 10, 1, 1] => QQFieldElem[-3//4, -1//4, 1, 5//4],
	[21, 20, 17, 13, 18, 1, 1, 13, 2, 1] => QQFieldElem[1//2, 0, -1//4, -1//4],
	[21, 20, 17, 13, 11, 1, 1, 15, 1, 1] => QQFieldElem[-1//4, 0, -1//4, -3//4],
	[21, 20, 17, 13, 12, 1, 1, 10, 1, 1] => QQFieldElem[3, 3, 0, -2],
	[21, 20, 17, 13, 4, 1, 1, 21, 1, 1] => QQFieldElem[-8, -40, -48, -24],
	[21, 20, 17, 13, 19, 1, 1, 15, 1, 1] => QQFieldElem[-5//11, 5//22, 21//22, 19//22],
	[21, 20, 17, 13, 4, 1, 1, 22, 1, 1] => QQFieldElem[-288//11, -592//11, -512//11, -144//11],
	[21, 20, 17, 13, 7, 1, 1, 13, 2, 1] => QQFieldElem[3, 3, 0, -2],
	[21, 20, 17, 13, 19, 1, 1, 15, 2, 1] => QQFieldElem[17//44, 2//11, 5//44, 15//44],
	[21, 20, 17, 13, 11, 1, 1, 15, 2, 1] => QQFieldElem[0, 1//2, 1//2, 1//2],
	[21, 20, 17, 13, 4, 1, 1, 21, 2, 1] => QQFieldElem[-3, -7//2, -3//2, 1//2],
	[21, 20, 17, 13, 4, 1, 1, 22, 2, 1] => QQFieldElem[-13//11, 13//11, 38//11, 32//11],
	[21, 20, 17, 13, 19, 1, 2, 10, 1, 1] => QQFieldElem[0, 0, 0, 0],
	[21, 20, 17, 13, 17, 1, 1, 15, 1, 1] => QQFieldElem[1//4, -1, -5//4, -1//2],
	[21, 20, 17, 13, 20, 2, 1, 14, 1, 1] => QQFieldElem[4, -3, -11, -10],
	[21, 20, 17, 13, 20, 2, 1, 13, 1, 1] => QQFieldElem[-1//2, -1//2, -1//2, -1//2],
	[21, 20, 17, 13, 17, 1, 1, 15, 2, 1] => QQFieldElem[0, 0, 0, 0],
	[21, 20, 17, 13, 20, 1, 1, 21, 1, 1] => QQFieldElem[-1//2, -1//2, -1//4, 0],
	[21, 20, 17, 13, 12, 1, 1, 21, 1, 1] => QQFieldElem[2, 2, 0, -3//2],
	[21, 20, 17, 13, 20, 2, 1, 13, 2, 1] => QQFieldElem[-3//2, 1//2, 7//2, 5//2],
	[21, 20, 17, 13, 19, 1, 1, 14, 1, 1] => QQFieldElem[-1//2, -1//2, 1//2, 1//2],
	[21, 20, 17, 13, 11, 1, 1, 14, 1, 1] => QQFieldElem[-1, 2, 5, 4],
	[21, 20, 17, 13, 12, 1, 1, 22, 1, 1] => QQFieldElem[-37//11, -29//11, 10//11, 31//11],
	[21, 20, 17, 13, 20, 1, 1, 22, 1, 1] => QQFieldElem[37//22, 51//22, 6//11, -10//11],
	[21, 20, 17, 13, 19, 1, 1, 13, 1, 1] => QQFieldElem[0, -1, -2, -2],
	[21, 20, 17, 13, 11, 1, 1, 13, 1, 1] => QQFieldElem[-1//2, -1//2, -1//4, 0],
	[21, 20, 17, 13, 4, 1, 1, 15, 1, 1] => QQFieldElem[0, 0, 0, 0],
	[21, 20, 17, 13, 20, 1, 1, 21, 2, 1] => QQFieldElem[3//2, 1, -1//4, -1],
	[21, 20, 17, 13, 12, 1, 1, 21, 2, 1] => QQFieldElem[-1, 1, 3, 2],
	[21, 20, 17, 13, 20, 1, 1, 22, 2, 1] => QQFieldElem[229//22, 409//22, 140//11, 16//11],
	[21, 20, 17, 13, 12, 1, 1, 22, 2, 1] => QQFieldElem[-10//11, -56//11, -74//11, -38//11],
	[21, 20, 17, 13, 19, 1, 1, 13, 2, 1] => QQFieldElem[0, 0, -1//4, 1//4],
	[21, 20, 17, 13, 11, 1, 1, 13, 2, 1] => QQFieldElem[-1//2, -1, -1, -1//2],
	[21, 20, 17, 13, 19, 1, 2, 21, 1, 1] => QQFieldElem[-3, -3, 0, 2],
	[21, 20, 17, 13, 4, 1, 1, 15, 2, 1] => QQFieldElem[3//4, 1, 3//4, 5//4])