Dict(
	[21, 18, 16, 12, 10, 1, 1, 22, 2, 1] => QQFieldElem[0, 1//2, 1//2, 1//2],
	[21, 18, 16, 12, 21, 1, 1, 13, 1, 1] => QQFieldElem[5//4, 5//2, 5//4, 0],
	[21, 18, 16, 12, 22, 1, 1, 15, 1, 1] => QQFieldElem[-2, -4, -3, -1],
	[21, 18, 16, 12, 16, 1, 1, 13, 1, 1] => QQFieldElem[1//2, 1//2, 1//2, 0],
	[21, 18, 16, 12, 13, 1, 1, 21, 2, 1] => QQFieldElem[0, 0, 1//2, 1//2],
	[21, 18, 16, 12, 14, 1, 1, 13, 1, 1] => QQFieldElem[-1//4, 1//2, 5//4, 1],
	[21, 18, 16, 12, 21, 1, 1, 15, 1, 1] => QQFieldElem[-1, -2, -5//4, -3//4],
	[21, 18, 16, 12, 22, 1, 1, 21, 1, 1] => QQFieldElem[1//2, 0, -1//4, -1//4],
	[21, 18, 16, 12, 16, 1, 1, 15, 1, 1] => QQFieldElem[0, 0, 0, 0],
	[21, 18, 16, 12, 13, 1, 1, 22, 2, 1] => QQFieldElem[-1//2, -1//2, -1//2, -1],
	[21, 18, 16, 12, 22, 1, 1, 22, 1, 1] => QQFieldElem[-19//22, -21//22, -5//22, 5//11],
	[21, 18, 16, 12, 14, 1, 1, 15, 1, 1] => QQFieldElem[1//2, 0, -1//4, -1//4],
	[21, 18, 16, 12, 21, 1, 1, 21, 1, 1] => QQFieldElem[0, 0, 1//4, -1//4],
	[21, 18, 16, 12, 16, 1, 1, 21, 1, 1] => QQFieldElem[-1, -1//2, 1, 2],
	[21, 18, 16, 12, 21, 1, 1, 22, 1, 1] => QQFieldElem[1//22, -7//22, -9//22, -2//11],
	[21, 18, 16, 12, 22, 1, 1, 21, 2, 1] => QQFieldElem[1, 0, -1//2, -1//2],
	[21, 18, 16, 12, 10, 1, 1, 13, 1, 1] => QQFieldElem[-2, -9//2, -7//2, -1//2],
	[21, 18, 16, 12, 16, 1, 1, 22, 1, 1] => QQFieldElem[21//11, 47//22, 29//22, -3//22],
	[21, 18, 16, 12, 14, 1, 1, 21, 1, 1] => QQFieldElem[-1, 0, 3//4, 3//4],
	[21, 18, 16, 12, 22, 1, 1, 22, 2, 1] => QQFieldElem[-43//22, -51//22, -9//22, 9//11],
	[21, 18, 16, 12, 14, 1, 1, 22, 1, 1] => QQFieldElem[-1, -1, -1, -2],
	[21, 18, 16, 12, 21, 1, 1, 21, 2, 1] => QQFieldElem[0, 0, -1//2, -1//2],
	[21, 18, 16, 12, 10, 1, 1, 15, 1, 1] => QQFieldElem[1//2, 7//2, 5//2, 1],
	[21, 18, 16, 12, 16, 1, 1, 21, 2, 1] => QQFieldElem[0, 1//2, 1, 1],
	[21, 18, 16, 12, 21, 1, 1, 22, 2, 1] => QQFieldElem[-9//110, -3//110, -7//110, 7//55],
	[21, 18, 16, 12, 13, 1, 1, 13, 1, 1] => QQFieldElem[-1, -3//2, -1//2, 1//2],
	[21, 18, 16, 12, 16, 1, 1, 22, 2, 1] => QQFieldElem[2//11, 5//22, -3//22, -5//22],
	[21, 18, 16, 12, 14, 1, 1, 21, 2, 1] => QQFieldElem[-1, 0, 5//2, 5//2],
	[21, 18, 16, 12, 10, 1, 1, 21, 1, 1] => QQFieldElem[1, 1//2, -1, -2],
	[21, 18, 16, 12, 14, 1, 1, 22, 2, 1] => QQFieldElem[1//2, -1//2, -3//2, -1],
	[21, 18, 16, 12, 13, 1, 1, 15, 1, 1] => QQFieldElem[1//2, 1//2, 1//2, 0],
	[21, 18, 16, 12, 10, 1, 1, 22, 1, 1] => QQFieldElem[-1, -1//2, 5//2, 3//2],
	[21, 18, 16, 12, 13, 1, 1, 21, 1, 1] => QQFieldElem[-1//2, -1, -3//4, -1//4],
	[21, 18, 16, 12, 22, 1, 1, 13, 1, 1] => QQFieldElem[7//2, 11//2, 7//2, 0],
	[21, 18, 16, 12, 10, 1, 1, 21, 2, 1] => QQFieldElem[0, -1//2, -1, -1],
	[21, 18, 16, 12, 13, 1, 1, 22, 1, 1] => QQFieldElem[0, 0, 0, 0])