Dict(
	[21, 14, 12, 17, 13, 1, 1, 17, 1, 1] => QQFieldElem[1//11, 3//11, 5//11, 6//11],
	[21, 14, 12, 17, 22, 2, 1, 19, 2, 1] => QQFieldElem[0, 0, 0, 0],
	[21, 14, 12, 17, 21, 1, 1, 19, 2, 1] => QQFieldElem[2, 2, 2, 0],
	[21, 14, 12, 17, 22, 1, 1, 20, 1, 1] => QQFieldElem[-4//5, -13//5, -12//5, -6//5],
	[21, 14, 12, 17, 15, 1, 1, 18, 1, 1] => QQFieldElem[-2//5, -4//5, -1//5, 2//5],
	[21, 14, 12, 17, 22, 2, 1, 20, 1, 1] => QQFieldElem[-1, 0, 1, 1],
	[21, 14, 12, 17, 21, 2, 1, 19, 2, 1] => QQFieldElem[-2//5, -4//5, -1//5, 2//5],
	[21, 14, 12, 17, 21, 1, 1, 20, 1, 1] => QQFieldElem[1, 2, 1, -1],
	[21, 14, 12, 17, 22, 1, 1, 18, 1, 1] => QQFieldElem[12//5, 4//5, 6//5, 8//5],
	[21, 14, 12, 17, 15, 1, 1, 17, 1, 1] => QQFieldElem[0, -1//11, -5//22, -1//11],
	[21, 14, 12, 17, 21, 2, 1, 20, 1, 1] => QQFieldElem[2, 10, 10, 4],
	[21, 14, 12, 17, 22, 2, 1, 18, 1, 1] => QQFieldElem[0, 0, 0, 0],
	[21, 14, 12, 17, 22, 1, 1, 17, 1, 1] => QQFieldElem[0, 3//11, 2//11, 3//11],
	[21, 14, 12, 17, 21, 1, 1, 18, 1, 1] => QQFieldElem[-2, 0, -1, 0],
	[21, 14, 12, 17, 22, 2, 1, 17, 1, 1] => QQFieldElem[5//11, 7//11, 5//11, 0],
	[21, 14, 12, 17, 21, 2, 1, 18, 1, 1] => QQFieldElem[-4, 0, -4, -8],
	[21, 14, 12, 17, 13, 1, 1, 19, 1, 1] => QQFieldElem[-1, 0, 2, 2],
	[21, 14, 12, 17, 13, 1, 1, 12, 1, 1] => QQFieldElem[1, -1, -3, -2],
	[21, 14, 12, 17, 21, 1, 1, 17, 1, 1] => QQFieldElem[-2//11, -8//11, -19//22, -3//11],
	[21, 14, 12, 17, 21, 2, 1, 17, 1, 1] => QQFieldElem[-2//11, -6//11, -10//11, -12//11],
	[21, 14, 12, 17, 15, 1, 1, 19, 1, 1] => QQFieldElem[0, 0, 0, 0],
	[21, 14, 12, 17, 13, 1, 1, 19, 2, 1] => QQFieldElem[-2//5, 1//5, 4//5, 2//5],
	[21, 14, 12, 17, 15, 1, 1, 12, 1, 1] => QQFieldElem[0, 0, 1//2, 0],
	[21, 14, 12, 17, 22, 1, 1, 19, 1, 1] => QQFieldElem[-2, 0, -1, 0],
	[21, 14, 12, 17, 13, 1, 1, 20, 1, 1] => QQFieldElem[-1, -4, -4, -2],
	[21, 14, 12, 17, 22, 1, 1, 12, 1, 1] => QQFieldElem[0, -1, -2, -1],
	[21, 14, 12, 17, 22, 2, 1, 19, 1, 1] => QQFieldElem[-4, -8, -4, 0],
	[21, 14, 12, 17, 22, 2, 1, 12, 1, 1] => QQFieldElem[-1, -1, -1, 0],
	[21, 14, 12, 17, 15, 1, 1, 19, 2, 1] => QQFieldElem[2, -2, -6, 0],
	[21, 14, 12, 17, 21, 1, 1, 12, 1, 1] => QQFieldElem[0, 1, 3//2, 0],
	[21, 14, 12, 17, 21, 1, 1, 19, 1, 1] => QQFieldElem[-4//5, -3//5, -2//5, -6//5],
	[21, 14, 12, 17, 13, 1, 1, 18, 1, 1] => QQFieldElem[-2, -2, -2, 0],
	[21, 14, 12, 17, 21, 2, 1, 19, 1, 1] => QQFieldElem[1//5, 2//5, 3//5, -1//5],
	[21, 14, 12, 17, 15, 1, 1, 20, 1, 1] => QQFieldElem[-3//5, -1//5, 1//5, 3//5],
	[21, 14, 12, 17, 22, 1, 1, 19, 2, 1] => QQFieldElem[4//5, 8//5, 2//5, -4//5],
	[21, 14, 12, 17, 21, 2, 1, 12, 1, 1] => QQFieldElem[-2, 2, 6, 4])