Dict(
	[21, 15, 7, 20, 22, 2, 1, 18, 1, 1] => QQFieldElem[8, 2, 4, 6],
	[21, 15, 7, 20, 22, 1, 1, 17, 1, 1] => QQFieldElem[16, 8, 0, 16],
	[21, 15, 7, 20, 21, 1, 1, 18, 1, 1] => QQFieldElem[-1//2, -1//2, -1, -1],
	[21, 15, 7, 20, 22, 2, 1, 20, 2, 1] => QQFieldElem[0, -2, 0, -2],
	[21, 15, 7, 20, 21, 1, 1, 20, 2, 1] => QQFieldElem[16, 8, 0, 16],
	[21, 15, 7, 20, 22, 2, 1, 17, 1, 1] => QQFieldElem[8, 4, 4, 8],
	[21, 15, 7, 20, 21, 2, 1, 18, 1, 1] => QQFieldElem[1//2, -1//2, 0, 1],
	[21, 15, 7, 20, 21, 1, 1, 17, 1, 1] => QQFieldElem[0, 0, 0, 0],
	[21, 15, 7, 20, 21, 2, 1, 20, 2, 1] => QQFieldElem[8, 4, 4, 8],
	[21, 15, 7, 20, 21, 2, 1, 17, 1, 1] => QQFieldElem[6//5, 2//5, -2//5, 4//5],
	[21, 15, 7, 20, 22, 1, 1, 20, 1, 1] => QQFieldElem[-1//2, -1//2, -1, -1],
	[21, 15, 7, 20, 22, 2, 1, 20, 1, 1] => QQFieldElem[-3//10, -1//10, -2//5, -1//5],
	[21, 15, 7, 20, 21, 1, 1, 20, 1, 1] => QQFieldElem[0, 0, 0, 0],
	[21, 15, 7, 20, 22, 1, 1, 18, 1, 1] => QQFieldElem[20, 4, 12, 24],
	[21, 15, 7, 20, 21, 2, 1, 20, 1, 1] => QQFieldElem[-6//5, -2//5, 2//5, -4//5],
	[21, 15, 7, 20, 22, 1, 1, 20, 2, 1] => QQFieldElem[-4, -4, -4, -8])