Dict(
	[21, 18, 21, 19, 14, 2, 1, 14, 1, 2] => QQFieldElem[-7//176, -1//88, -1//44, -3//44],
	[21, 18, 21, 19, 15, 1, 1, 13, 1, 1] => QQFieldElem[-3//11, -1//11, 5//11, 13//22],
	[21, 18, 21, 19, 22, 1, 2, 22, 1, 2] => QQFieldElem[0, 0, -1//4, 1//4],
	[21, 18, 21, 19, 22, 2, 1, 21, 1, 2] => QQFieldElem[7//4, 2, -1//4, -1],
	[21, 18, 21, 19, 21, 2, 2, 22, 1, 2] => QQFieldElem[0, 1, 1, 1//2],
	[21, 18, 21, 19, 14, 1, 1, 22, 1, 2] => QQFieldElem[2, 4, 4, 0],
	[21, 18, 21, 19, 21, 1, 1, 21, 2, 2] => QQFieldElem[2, 3, 3, 2],
	[21, 18, 21, 19, 16, 1, 1, 15, 1, 1] => QQFieldElem[-1//4, 0, 1//4, 0],
	[21, 18, 21, 19, 16, 2, 1, 22, 2, 2] => QQFieldElem[5//2, 5, 7//2, 1],
	[21, 18, 21, 19, 16, 1, 1, 16, 1, 1] => QQFieldElem[0, 0, -1//4, -1//4],
	[21, 18, 21, 19, 21, 1, 1, 10, 1, 1] => QQFieldElem[3//8, -1//2, -11//8, -1],
	[21, 18, 21, 19, 13, 1, 1, 13, 1, 1] => QQFieldElem[-13//11, 25//11, 62//11, 93//22],
	[21, 18, 21, 19, 10, 1, 1, 21, 2, 1] => QQFieldElem[-14//5, 8//5, 36//5, 6],
	[21, 18, 21, 19, 22, 2, 2, 13, 1, 1] => QQFieldElem[69//22, -43//22, -181//22, -155//22],
	[21, 18, 21, 19, 15, 1, 1, 22, 2, 2] => QQFieldElem[-3//5, -1, -1//5, -1//5],
	[21, 18, 21, 19, 22, 2, 1, 16, 1, 2] => QQFieldElem[-11//4, -1, 5//2, 5//2],
	[21, 18, 21, 19, 16, 1, 1, 14, 1, 1] => QQFieldElem[-21//110, -17//110, 9//220, 27//220],
	[21, 18, 21, 19, 22, 1, 2, 21, 1, 1] => QQFieldElem[-15, -33//2, -5//2, 15//2],
	[21, 18, 21, 19, 14, 2, 1, 13, 1, 1] => QQFieldElem[-3//2, 0, 2, 2],
	[21, 18, 21, 19, 22, 2, 1, 22, 1, 1] => QQFieldElem[4, 0, -4, -4],
	[21, 18, 21, 19, 21, 2, 2, 21, 1, 1] => QQFieldElem[-61//5, -97//5, -58//5, 1//5],
	[21, 18, 21, 19, 14, 1, 1, 21, 1, 1] => QQFieldElem[0, 0, 0, 0],
	[21, 18, 21, 19, 22, 2, 1, 14, 1, 2] => QQFieldElem[5//44, -13//11, -63//22, -23//11],
	[21, 18, 21, 19, 21, 1, 1, 22, 2, 1] => QQFieldElem[-1, -6, -17//2, -7//2],
	[21, 18, 21, 19, 16, 2, 1, 21, 2, 1] => QQFieldElem[-1//2, -1, -1//2, 0],
	[21, 18, 21, 19, 13, 1, 1, 22, 2, 2] => QQFieldElem[-1//2, 0, 1//2, 0],
	[21, 18, 21, 19, 22, 1, 1, 22, 1, 2] => QQFieldElem[3//8, 1//4, -1//4, -3//8],
	[21, 18, 21, 19, 21, 1, 2, 21, 1, 2] => QQFieldElem[1, 3//2, 3//2, 1],
	[21, 18, 21, 19, 22, 1, 2, 15, 1, 1] => QQFieldElem[-1//2, 25//4, 23//2, 31//4],
	[21, 18, 21, 19, 21, 2, 1, 22, 1, 2] => QQFieldElem[-1, -3//2, -1, -1//4],
	[21, 18, 21, 19, 22, 2, 2, 22, 2, 2] => QQFieldElem[-7//2, -3, 1//2, 2],
	[21, 18, 21, 19, 16, 1, 1, 21, 2, 2] => QQFieldElem[-6, -43//4, -21//2, -11//4],
	[21, 18, 21, 19, 21, 2, 2, 15, 1, 1] => QQFieldElem[1//2, 1//2, -1//2, -1//2],
	[21, 18, 21, 19, 22, 1, 2, 16, 1, 1] => QQFieldElem[1//4, -3//4, -7//4, -3//2],
	[21, 18, 21, 19, 14, 1, 1, 15, 1, 1] => QQFieldElem[-5//4, -13//2, -33//4, -4],
	[21, 18, 21, 19, 15, 1, 1, 21, 2, 1] => QQFieldElem[11//2, 21//2, 7, 0],
	[21, 18, 21, 19, 14, 2, 1, 22, 2, 2] => QQFieldElem[-32//5, -48//5, -8//5, 8//5],
	[21, 18, 21, 19, 21, 2, 2, 16, 1, 1] => QQFieldElem[-3//2, -4, -5, -2],
	[21, 18, 21, 19, 14, 1, 1, 16, 1, 1] => QQFieldElem[-1//5, -3//20, 3//20, 1//5],
	[21, 18, 21, 19, 16, 1, 1, 10, 1, 1] => QQFieldElem[1//4, 1//2, 1//4, 1//4],
	[21, 18, 21, 19, 22, 1, 2, 14, 1, 1] => QQFieldElem[27//44, 25//44, 17//44, -1//11],
	[21, 18, 21, 19, 21, 1, 2, 16, 1, 2] => QQFieldElem[0, 1//2, 1, 1],
	[21, 18, 21, 19, 21, 2, 2, 14, 1, 1] => QQFieldElem[19//11, 69//22, 25//11, 9//11],
	[21, 18, 21, 19, 22, 2, 1, 13, 1, 1] => QQFieldElem[61//44, -21//22, -41//11, -145//44],
	[21, 18, 21, 19, 14, 1, 1, 14, 1, 1] => QQFieldElem[2//11, 7//44, 3//44, -1//22],
	[21, 18, 21, 19, 13, 1, 1, 21, 2, 1] => QQFieldElem[-1, -2, -2, -1],
	[21, 18, 21, 19, 22, 1, 1, 21, 1, 1] => QQFieldElem[16, 29, 21, 4],
	[21, 18, 21, 19, 21, 1, 2, 22, 1, 1] => QQFieldElem[0, -16, -24, -16],
	[21, 18, 21, 19, 10, 1, 1, 22, 1, 2] => QQFieldElem[-3, -2, 2, 5],
	[21, 18, 21, 19, 21, 2, 1, 21, 1, 1] => QQFieldElem[-1, -14, -22, -13],
	[21, 18, 21, 19, 22, 2, 2, 21, 2, 1] => QQFieldElem[-1//2, -3//2, -2, -1],
	[21, 18, 21, 19, 21, 1, 2, 14, 1, 2] => QQFieldElem[1//22, 8//11, 5//11, 4//11],
	[21, 18, 21, 19, 16, 1, 1, 22, 2, 1] => QQFieldElem[-1//2, -3//4, -1, -1//4],
	[21, 18, 21, 19, 14, 2, 1, 21, 2, 1] => QQFieldElem[-1//2, -5, -13//2, -3],
	[21, 18, 21, 19, 21, 1, 1, 21, 1, 2] => QQFieldElem[1, 0, -1, -1],
	[21, 18, 21, 19, 22, 1, 2, 21, 2, 2] => QQFieldElem[19, 8, -67//4, -91//4],
	[21, 18, 21, 19, 22, 1, 1, 15, 1, 1] => QQFieldElem[1//8, 25//8, 21//4, 4],
	[21, 18, 21, 19, 16, 2, 1, 22, 1, 2] => QQFieldElem[1//5, 2//5, -2//5, -1//5],
	[21, 18, 21, 19, 21, 2, 2, 21, 2, 2] => QQFieldElem[17, 16, -3, -25//2],
	[21, 18, 21, 19, 22, 2, 1, 22, 2, 2] => QQFieldElem[-5//4, -1, 1//4, 3//2],
	[21, 18, 21, 19, 14, 1, 1, 21, 2, 2] => QQFieldElem[6, 0, -8, -8],
	[21, 18, 21, 19, 21, 2, 1, 15, 1, 1] => QQFieldElem[1//4, 1, 1, 1//4],
	[21, 18, 21, 19, 22, 1, 1, 16, 1, 1] => QQFieldElem[0, 0, -5//8, -5//8],
	[21, 18, 21, 19, 22, 1, 2, 10, 1, 1] => QQFieldElem[11, 19, 51//4, 1],
	[21, 18, 21, 19, 21, 2, 1, 16, 1, 1] => QQFieldElem[0, -12, -16, -8],
	[21, 18, 21, 19, 21, 2, 2, 10, 1, 1] => QQFieldElem[1//2, 3//2, 2, 1],
	[21, 18, 21, 19, 10, 1, 1, 21, 1, 1] => QQFieldElem[32//5, 64//5, 96//5, 48//5],
	[21, 18, 21, 19, 14, 1, 1, 10, 1, 1] => QQFieldElem[-21//4, -7, -11//4, 5//4],
	[21, 18, 21, 19, 15, 1, 1, 22, 1, 2] => QQFieldElem[-6//5, -22//5, -18//5, -4//5],
	[21, 18, 21, 19, 22, 1, 1, 14, 1, 1] => QQFieldElem[-37//44, -21//22, -25//88, 13//88],
	[21, 18, 21, 19, 21, 1, 2, 13, 1, 1] => QQFieldElem[-3//22, 31//44, 8//11, 13//44],
	[21, 18, 21, 19, 21, 1, 1, 16, 1, 2] => QQFieldElem[2, 1//2, -2, -3],
	[21, 18, 21, 19, 21, 2, 1, 14, 1, 1] => QQFieldElem[24//11, 76//11, 64//11, 16//11],
	[21, 18, 21, 19, 21, 1, 1, 22, 1, 1] => QQFieldElem[6, 6, 1//2, -7//2],
	[21, 18, 21, 19, 16, 2, 1, 21, 1, 1] => QQFieldElem[0, 0, 0, 0],
	[21, 18, 21, 19, 22, 1, 2, 22, 2, 1] => QQFieldElem[-1//4, -3//4, -1//4, 0],
	[21, 18, 21, 19, 22, 2, 1, 21, 2, 1] => QQFieldElem[-1, -1//2, 3//2, 5//2],
	[21, 18, 21, 19, 21, 1, 1, 14, 1, 2] => QQFieldElem[-8//11, 19//22, 19//11, 13//11],
	[21, 18, 21, 19, 10, 1, 1, 15, 1, 1] => QQFieldElem[0, -12, -20, -12],
	[21, 18, 21, 19, 13, 1, 1, 22, 1, 2] => QQFieldElem[4//5, 12//5, 4//5, 0],
	[21, 18, 21, 19, 21, 2, 2, 22, 2, 1] => QQFieldElem[-1, 0, 1//2, 1//2],
	[21, 18, 21, 19, 14, 1, 1, 22, 2, 1] => QQFieldElem[-6//5, -12//5, -8//5, -4//5],
	[21, 18, 21, 19, 10, 1, 1, 16, 1, 1] => QQFieldElem[2//5, 14//5, 16//5, 8//5],
	[21, 18, 21, 19, 22, 2, 2, 22, 1, 2] => QQFieldElem[-3//10, 2//5, 1//10, -1//5],
	[21, 18, 21, 19, 16, 1, 1, 21, 1, 2] => QQFieldElem[2, 3, 5//2, 3//2],
	[21, 18, 21, 19, 22, 1, 1, 21, 2, 2] => QQFieldElem[59//8, 7//2, -17//2, -89//8],
	[21, 18, 21, 19, 15, 1, 1, 21, 1, 1] => QQFieldElem[11//5, 57//5, 73//5, 39//5],
	[21, 18, 21, 19, 21, 1, 2, 22, 2, 2] => QQFieldElem[-2, -5//2, 5//2, 2],
	[21, 18, 21, 19, 14, 2, 1, 22, 1, 2] => QQFieldElem[6, 9, 1, -5],
	[21, 18, 21, 19, 21, 2, 1, 21, 2, 2] => QQFieldElem[8, 15//2, -3//2, -21//4],
	[21, 18, 21, 19, 16, 2, 1, 15, 1, 1] => QQFieldElem[-1//2, 0, 0, 0],
	[21, 18, 21, 19, 10, 1, 1, 14, 1, 1] => QQFieldElem[-2//11, -10//11, -20//11, -16//11],
	[21, 18, 21, 19, 22, 1, 1, 10, 1, 1] => QQFieldElem[43//8, 9, 47//8, 1],
	[21, 18, 21, 19, 16, 2, 1, 16, 1, 1] => QQFieldElem[-1//16, -7//8, -5//4, -5//8],
	[21, 18, 21, 19, 21, 2, 1, 10, 1, 1] => QQFieldElem[-1, -1, 0, 3//4],
	[21, 18, 21, 19, 13, 1, 1, 21, 1, 1] => QQFieldElem[-2//5, -4//5, 4//5, 2//5],
	[21, 18, 21, 19, 15, 1, 1, 15, 1, 1] => QQFieldElem[-1, -1, 0, 1//2],
	[21, 18, 21, 19, 21, 1, 1, 13, 1, 1] => QQFieldElem[-25//88, -23//88, 2//11, 3//22],
	[21, 18, 21, 19, 16, 1, 1, 16, 1, 2] => QQFieldElem[3//8, 0, -5//8, -5//8],
	[21, 18, 21, 19, 16, 2, 1, 14, 1, 1] => QQFieldElem[-5//176, 13//44, 63//88, 23//44],
	[21, 18, 21, 19, 15, 1, 1, 16, 1, 1] => QQFieldElem[1//8, 1//4, 1//8, 1//8],
	[21, 18, 21, 19, 22, 2, 2, 21, 1, 1] => QQFieldElem[-29//4, -5//4, 39//4, 10],
	[21, 18, 21, 19, 16, 1, 1, 22, 1, 1] => QQFieldElem[-3//10, -1//10, 3//5, -1//5],
	[21, 18, 21, 19, 21, 1, 2, 21, 2, 1] => QQFieldElem[-1, -3, -2, -1],
	[21, 18, 21, 19, 22, 1, 1, 22, 2, 1] => QQFieldElem[23//10, 21//10, 2//5, -4//5],
	[21, 18, 21, 19, 10, 1, 1, 21, 2, 2] => QQFieldElem[-12//5, -8//5, 12//5, 8//5],
	[21, 18, 21, 19, 14, 2, 1, 21, 1, 1] => QQFieldElem[0, 1, 3, 1],
	[21, 18, 21, 19, 16, 1, 1, 14, 1, 2] => QQFieldElem[-49//88, -9//22, 5//88, 15//88],
	[21, 18, 21, 19, 21, 2, 1, 22, 2, 1] => QQFieldElem[11//5, 12//5, -7//5, -21//5],
	[21, 18, 21, 19, 15, 1, 1, 14, 1, 1] => QQFieldElem[1//88, -3//44, -1//88, -3//88],
	[21, 18, 21, 19, 13, 1, 1, 15, 1, 1] => QQFieldElem[3, 1, -3, -7//2],
	[21, 18, 21, 19, 22, 1, 2, 21, 1, 2] => QQFieldElem[-2, 0, 13//4, 15//4],
	[21, 18, 21, 19, 22, 2, 1, 22, 1, 2] => QQFieldElem[-1//4, -1//2, -1//4, 0],
	[21, 18, 21, 19, 21, 2, 2, 21, 1, 2] => QQFieldElem[-3, -5, -2, 1//2],
	[21, 18, 21, 19, 10, 1, 1, 10, 1, 1] => QQFieldElem[-12, -20, -12, 0],
	[21, 18, 21, 19, 13, 1, 1, 16, 1, 1] => QQFieldElem[3//8, 1, 5//4, 1//2],
	[21, 18, 21, 19, 14, 1, 1, 21, 1, 2] => QQFieldElem[2, 0, -4, -4],
	[21, 18, 21, 19, 22, 2, 2, 15, 1, 1] => QQFieldElem[-11//2, -7//2, 7//2, 11//2],
	[21, 18, 21, 19, 21, 1, 1, 22, 2, 2] => QQFieldElem[4//5, 3//5, -3//5, -4//5],
	[21, 18, 21, 19, 16, 2, 1, 21, 2, 2] => QQFieldElem[1//2, -6, -19//2, -5],
	[21, 18, 21, 19, 22, 2, 2, 16, 1, 1] => QQFieldElem[-1//2, -1//2, 1//2, 1//2],
	[21, 18, 21, 19, 14, 2, 1, 15, 1, 1] => QQFieldElem[7//2, 3, -1, -3],
	[21, 18, 21, 19, 13, 1, 1, 14, 1, 1] => QQFieldElem[-7//88, -23//44, -35//44, -17//44],
	[21, 18, 21, 19, 14, 2, 1, 16, 1, 1] => QQFieldElem[-1//8, -1//4, -1//4, -1//4],
	[21, 18, 21, 19, 16, 2, 1, 10, 1, 1] => QQFieldElem[1//2, 1//2, 1//2, 1//2],
	[21, 18, 21, 19, 22, 1, 2, 16, 1, 2] => QQFieldElem[1//4, 27//4, 43//4, 6],
	[21, 18, 21, 19, 22, 2, 2, 14, 1, 1] => QQFieldElem[-7//22, -13//22, -15//22, -1//22],
	[21, 18, 21, 19, 15, 1, 1, 21, 2, 2] => QQFieldElem[1, 1, 1, 1],
	[21, 18, 21, 19, 10, 1, 1, 22, 2, 1] => QQFieldElem[-18//5, -36//5, -24//5, -2//5],
	[21, 18, 21, 19, 21, 2, 2, 16, 1, 2] => QQFieldElem[0, 1//2, 1, 1],
	[21, 18, 21, 19, 16, 1, 1, 13, 1, 1] => QQFieldElem[-13//44, -2//11, -15//44, -7//22],
	[21, 18, 21, 19, 14, 1, 1, 16, 1, 2] => QQFieldElem[-1//20, -1//10, -3//20, -1//5],
	[21, 18, 21, 19, 14, 2, 1, 14, 1, 1] => QQFieldElem[1//88, 2//11, 5//44, 1//11],
	[21, 18, 21, 19, 22, 1, 2, 22, 1, 1] => QQFieldElem[2, 3//2, -1//2, -3//2],
	[21, 18, 21, 19, 22, 2, 1, 21, 1, 1] => QQFieldElem[-20, -8, 20, 28],
	[21, 18, 21, 19, 22, 1, 2, 14, 1, 2] => QQFieldElem[-97//44, -309//44, -321//44, -69//22],
	[21, 18, 21, 19, 15, 1, 1, 10, 1, 1] => QQFieldElem[0, -3//2, -5//2, -3//2],
	[21, 18, 21, 19, 21, 2, 2, 22, 1, 1] => QQFieldElem[3, 1, -4, -5],
	[21, 18, 21, 19, 14, 1, 1, 22, 1, 1] => QQFieldElem[0, 0, 0, 0],
	[21, 18, 21, 19, 21, 1, 1, 21, 2, 1] => QQFieldElem[-5, -1, 11//2, 13//2],
	[21, 18, 21, 19, 21, 2, 2, 14, 1, 2] => QQFieldElem[4//11, 7//22, -4//11, -1//11],
	[21, 18, 21, 19, 14, 1, 1, 14, 1, 2] => QQFieldElem[3//44, 1//11, -3//44, 1//22],
	[21, 18, 21, 19, 13, 1, 1, 21, 2, 2] => QQFieldElem[1//2, 1, 1//2, 0],
	[21, 18, 21, 19, 16, 2, 1, 22, 2, 1] => QQFieldElem[-1//2, 0, 1//2, 0],
	[21, 18, 21, 19, 22, 1, 1, 21, 1, 2] => QQFieldElem[3//8, 3, 19//4, 25//8],
	[21, 18, 21, 19, 21, 1, 2, 22, 1, 2] => QQFieldElem[0, 1//2, 1//2, 0],
	[21, 18, 21, 19, 21, 2, 1, 21, 1, 2] => QQFieldElem[-1, -1//2, 3//2, 5//4],
	[21, 18, 21, 19, 22, 2, 2, 21, 2, 2] => QQFieldElem[43//2, 31, 27//2, -6],
	[21, 18, 21, 19, 22, 2, 1, 15, 1, 1] => QQFieldElem[-9//4, -2, 2, 9//4],
	[21, 18, 21, 19, 13, 1, 1, 10, 1, 1] => QQFieldElem[-3, -19//2, -21//2, -9//2],
	[21, 18, 21, 19, 16, 1, 1, 22, 2, 2] => QQFieldElem[5//2, 11//4, 0, -7//4],
	[21, 18, 21, 19, 14, 2, 1, 21, 2, 2] => QQFieldElem[16, 32, 24, 8],
	[21, 18, 21, 19, 15, 1, 1, 22, 2, 1] => QQFieldElem[-5//2, -3//2, 1, 1],
	[21, 18, 21, 19, 22, 2, 1, 16, 1, 1] => QQFieldElem[-3//4, -3//2, -1, -1//2],
	[21, 18, 21, 19, 22, 2, 2, 10, 1, 1] => QQFieldElem[7//2, 29//2, 18, 9],
	[21, 18, 21, 19, 14, 2, 1, 10, 1, 1] => QQFieldElem[-1//2, -9//2, -13//2, -7//2],
	[21, 18, 21, 19, 22, 1, 2, 13, 1, 1] => QQFieldElem[-34//11, -467//44, -279//22, -259//44],
	[21, 18, 21, 19, 22, 1, 1, 16, 1, 2] => QQFieldElem[1//4, 3, 41//8, 23//8],
	[21, 18, 21, 19, 22, 2, 1, 14, 1, 1] => QQFieldElem[29//44, 23//22, 12//11, 3//11],
	[21, 18, 21, 19, 21, 2, 2, 13, 1, 1] => QQFieldElem[1//22, -7//22, -9//22, -15//22],
	[21, 18, 21, 19, 21, 2, 1, 16, 1, 2] => QQFieldElem[1, 1, -1//2, -1],
	[21, 18, 21, 19, 14, 1, 1, 13, 1, 1] => QQFieldElem[9//4, 9//2, 17//4, 3//2],
	[21, 18, 21, 19, 13, 1, 1, 22, 2, 1] => QQFieldElem[-1//5, 8//5, 2//5, 1//5],
	[21, 18, 21, 19, 21, 1, 2, 21, 1, 1] => QQFieldElem[-16, -16, 8, 16],
	[21, 18, 21, 19, 22, 1, 1, 22, 1, 1] => QQFieldElem[-6, -3, 3, 6],
	[21, 18, 21, 19, 10, 1, 1, 21, 1, 2] => QQFieldElem[9//5, 28//5, 22//5, 11//5],
	[21, 18, 21, 19, 22, 1, 1, 14, 1, 2] => QQFieldElem[-27//22, -69//22, -299//88, -127//88],
	[21, 18, 21, 19, 21, 2, 1, 22, 1, 1] => QQFieldElem[5, 10, 8, 1],
	[21, 18, 21, 19, 22, 2, 2, 22, 2, 1] => QQFieldElem[-1//2, -1//2, 0, 0],
	[21, 18, 21, 19, 16, 1, 1, 21, 2, 1] => QQFieldElem[1, 3//4, -1//2, -5//4],
	[21, 18, 21, 19, 21, 2, 1, 14, 1, 2] => QQFieldElem[-2//11, 1//11, 15//22, 6//11],
	[21, 18, 21, 19, 14, 2, 1, 22, 2, 1] => QQFieldElem[9//2, 4, 3//2, -1],
	[21, 18, 21, 19, 21, 1, 1, 22, 1, 2] => QQFieldElem[-1, 0, 1, 1],
	[21, 18, 21, 19, 16, 2, 1, 21, 1, 2] => QQFieldElem[-1//5, -2//5, -8//5, 1//5],
	[21, 18, 21, 19, 22, 1, 2, 22, 2, 2] => QQFieldElem[-1, 1, 15//4, 11//4],
	[21, 18, 21, 19, 22, 2, 1, 21, 2, 2] => QQFieldElem[43//4, 29//2, 25//4, -3//2],
	[21, 18, 21, 19, 21, 1, 2, 15, 1, 1] => QQFieldElem[0, 3//4, 1, 3//4],
	[21, 18, 21, 19, 21, 2, 2, 22, 2, 2] => QQFieldElem[-2, 6, 12, 15//2],
	[21, 18, 21, 19, 14, 1, 1, 22, 2, 2] => QQFieldElem[6, 12, 8, 4],
	[21, 18, 21, 19, 21, 1, 2, 16, 1, 1] => QQFieldElem[3, 0, -11//2, -5],
	[21, 18, 21, 19, 10, 1, 1, 16, 1, 2] => QQFieldElem[-1//2, 1//4, 5//4, 1],
	[21, 18, 21, 19, 22, 2, 1, 10, 1, 1] => QQFieldElem[2, 13//2, 17//2, 17//4],
	[21, 18, 21, 19, 15, 1, 1, 21, 1, 2] => QQFieldElem[0, 4, 8, 6],
	[21, 18, 21, 19, 10, 1, 1, 22, 1, 1] => QQFieldElem[-64//5, -64//5, 0, 48//5],
	[21, 18, 21, 19, 21, 1, 2, 14, 1, 1] => QQFieldElem[0, 2, 7//2, 2],
	[21, 18, 21, 19, 22, 1, 1, 13, 1, 1] => QQFieldElem[-101//88, -437//88, -61//11, -117//44],
	[21, 18, 21, 19, 10, 1, 1, 14, 1, 2] => QQFieldElem[1//2, 1//4, -1//4, -1//2],
	[21, 18, 21, 19, 21, 2, 1, 13, 1, 1] => QQFieldElem[23//44, 13//22, 6//11, 7//44],
	[21, 18, 21, 19, 16, 2, 1, 16, 1, 2] => QQFieldElem[-1//4, -15//8, -11//4, -11//8],
	[21, 18, 21, 19, 21, 1, 1, 21, 1, 1] => QQFieldElem[-12, -25, -43//2, -13//2],
	[21, 18, 21, 19, 22, 1, 2, 21, 2, 1] => QQFieldElem[7//4, -3//4, -15//4, -7//2],
	[21, 18, 21, 19, 13, 1, 1, 21, 1, 2] => QQFieldElem[0, 0, 0, 0],
	[21, 18, 21, 19, 16, 2, 1, 22, 1, 1] => QQFieldElem[-2//5, 2//5, 2//5, -2//5],
	[21, 18, 21, 19, 22, 2, 1, 22, 2, 1] => QQFieldElem[0, -1//2, -1//2, -1//2],
	[21, 18, 21, 19, 21, 2, 2, 21, 2, 1] => QQFieldElem[3, 3, 1//2, -3//2],
	[21, 18, 21, 19, 14, 1, 1, 21, 2, 1] => QQFieldElem[2, 0, 0, 0],
	[21, 18, 21, 19, 16, 2, 1, 14, 1, 2] => QQFieldElem[-9//44, 53//88, 16//11, 87//88],
	[21, 18, 21, 19, 15, 1, 1, 16, 1, 2] => QQFieldElem[0, 3//8, 1//2, 3//8],
	[21, 18, 21, 19, 22, 2, 2, 21, 1, 2] => QQFieldElem[3//2, 2, -1//2, -1],
	[21, 18, 21, 19, 16, 1, 1, 22, 1, 2] => QQFieldElem[0, 0, 1//2, 1//2],
	[21, 18, 21, 19, 22, 1, 1, 22, 2, 2] => QQFieldElem[-5//8, 3//4, 3//2, 11//8],
	[21, 18, 21, 19, 21, 1, 2, 21, 2, 2] => QQFieldElem[7, 25//2, 19//2, 1],
	[21, 18, 21, 19, 14, 2, 1, 21, 1, 2] => QQFieldElem[-2, -11, -15, -7],
	[21, 18, 21, 19, 21, 1, 1, 15, 1, 1] => QQFieldElem[-7//8, -9//8, -3//4, 1//4],
	[21, 18, 21, 19, 15, 1, 1, 22, 1, 1] => QQFieldElem[-17//5, -29//5, -21//5, -3//5],
	[21, 18, 21, 19, 21, 2, 1, 22, 2, 2] => QQFieldElem[1, 7//2, 6, 21//4],
	[21, 18, 21, 19, 15, 1, 1, 14, 1, 2] => QQFieldElem[1//22, -13//88, -13//44, -23//88],
	[21, 18, 21, 19, 21, 1, 1, 16, 1, 1] => QQFieldElem[1, 0, -5//4, -5//4],
	[21, 18, 21, 19, 10, 1, 1, 13, 1, 1] => QQFieldElem[40//11, 116//11, 124//11, 60//11],
	[21, 18, 21, 19, 21, 1, 2, 10, 1, 1] => QQFieldElem[-3//2, -5//2, -7//4, -1//2],
	[21, 18, 21, 19, 13, 1, 1, 16, 1, 2] => QQFieldElem[-1//4, 0, 1//4, 1//2],
	[21, 18, 21, 19, 21, 1, 1, 14, 1, 1] => QQFieldElem[-21//22, -17//22, 9//44, 27//44],
	[21, 18, 21, 19, 22, 2, 2, 16, 1, 2] => QQFieldElem[-11//2, -3//2, 11//2, 13//2],
	[21, 18, 21, 19, 13, 1, 1, 22, 1, 1] => QQFieldElem[2//5, 8//5, 8//5, 2//5],
	[21, 18, 21, 19, 13, 1, 1, 14, 1, 2] => QQFieldElem[87//220, 47//110, 1//220, -13//55],
	[21, 18, 21, 19, 16, 2, 1, 13, 1, 1] => QQFieldElem[-5//22, 1//11, -5//11, -1//11],
	[21, 18, 21, 19, 14, 2, 1, 16, 1, 2] => QQFieldElem[1//16, 0, 1//8, 1//8],
	[21, 18, 21, 19, 22, 2, 2, 22, 1, 1] => QQFieldElem[-1//4, -5//4, -7//4, -3//2],
	[21, 18, 21, 19, 16, 1, 1, 21, 1, 1] => QQFieldElem[-3//2, -5//2, -1, 0],
	[21, 18, 21, 19, 22, 1, 1, 21, 2, 1] => QQFieldElem[-13//2, -25//2, -10, -1],
	[21, 18, 21, 19, 22, 2, 2, 14, 1, 2] => QQFieldElem[19//22, -59//22, -129//22, -101//22],
	[21, 18, 21, 19, 21, 1, 2, 22, 2, 1] => QQFieldElem[-1, -1, 0, 1],
	[21, 18, 21, 19, 10, 1, 1, 22, 2, 2] => QQFieldElem[-24//5, -28//5, -32//5, -16//5],
	[21, 18, 21, 19, 21, 2, 1, 21, 2, 1] => QQFieldElem[-19//5, -48//5, -37//5, -11//5],
	[21, 18, 21, 19, 14, 2, 1, 22, 1, 1] => QQFieldElem[0, 1, -1, -1])