Dict(
	[22, 22, 20, 5, 21, 1, 1, 20, 2, 1] => QQFieldElem[-1//2, -1//4, -1//2, 0],
	[22, 22, 20, 5, 21, 1, 2, 17, 1, 1] => QQFieldElem[2//5, -6//5, -14//5, -12//5],
	[22, 22, 20, 5, 22, 1, 2, 18, 2, 1] => QQFieldElem[0, 0, 1, 1],
	[22, 22, 20, 5, 21, 1, 1, 17, 1, 1] => QQFieldElem[-7//5, -4//5, 4//5, 7//5],
	[22, 22, 20, 5, 22, 1, 1, 18, 2, 1] => QQFieldElem[0, 0, 0, 0],
	[22, 22, 20, 5, 22, 1, 2, 17, 2, 1] => QQFieldElem[-1, -2, -2, -1],
	[22, 22, 20, 5, 21, 1, 2, 18, 2, 1] => QQFieldElem[1//2, 1//2, 0, -1//2],
	[22, 22, 20, 5, 22, 1, 1, 17, 2, 1] => QQFieldElem[1, 5//2, 2, 1//2],
	[22, 22, 20, 5, 21, 1, 1, 18, 2, 1] => QQFieldElem[0, 1//4, 0, 0],
	[22, 22, 20, 5, 21, 1, 2, 17, 2, 1] => QQFieldElem[0, 3//2, 2, 3//2],
	[22, 22, 20, 5, 21, 1, 1, 17, 2, 1] => QQFieldElem[-1//4, -1//4, 1//4, 1//4],
	[22, 22, 20, 5, 13, 1, 2, 20, 1, 1] => QQFieldElem[0, 0, 0, -1],
	[22, 22, 20, 5, 13, 1, 1, 20, 1, 1] => QQFieldElem[0, 0, -1//2, 0],
	[22, 22, 20, 5, 13, 1, 2, 18, 1, 1] => QQFieldElem[2//5, 4//5, 6//5, 3//5],
	[22, 22, 20, 5, 13, 1, 1, 18, 1, 1] => QQFieldElem[1//5, 2//5, 1//10, -1//5],
	[22, 22, 20, 5, 13, 1, 2, 20, 2, 1] => QQFieldElem[0, 2, 2, 1],
	[22, 22, 20, 5, 13, 1, 1, 20, 2, 1] => QQFieldElem[1, 3, 5//2, 1],
	[22, 22, 20, 5, 13, 1, 2, 17, 1, 1] => QQFieldElem[-1, 0, 2, 2],
	[22, 22, 20, 5, 13, 1, 1, 17, 1, 1] => QQFieldElem[-1//2, -1, -1, -1//2],
	[22, 22, 20, 5, 22, 1, 2, 20, 1, 1] => QQFieldElem[1//2, 1//2, -1, -3//2],
	[22, 22, 20, 5, 22, 1, 1, 20, 1, 1] => QQFieldElem[1, -1//4, -3//2, -3//2],
	[22, 22, 20, 5, 13, 1, 2, 18, 2, 1] => QQFieldElem[2//5, 2//5, 0, 1//5],
	[22, 22, 20, 5, 21, 1, 2, 20, 1, 1] => QQFieldElem[0, 0, 0, 0],
	[22, 22, 20, 5, 13, 1, 1, 18, 2, 1] => QQFieldElem[2//5, 1//5, -1//10, 0],
	[22, 22, 20, 5, 21, 1, 1, 20, 1, 1] => QQFieldElem[-2, -3, -2, 0],
	[22, 22, 20, 5, 22, 1, 2, 18, 1, 1] => QQFieldElem[1//10, -3//10, -1//5, -1//10],
	[22, 22, 20, 5, 13, 1, 2, 17, 2, 1] => QQFieldElem[3//5, 6//5, 4//5, 2//5],
	[22, 22, 20, 5, 22, 1, 1, 18, 1, 1] => QQFieldElem[-1//10, 1//20, 1//5, 1//10],
	[22, 22, 20, 5, 13, 1, 1, 17, 2, 1] => QQFieldElem[9//10, 9//5, 6//5, 1//10],
	[22, 22, 20, 5, 22, 1, 2, 20, 2, 1] => QQFieldElem[0, 0, -1, -1],
	[22, 22, 20, 5, 22, 1, 1, 20, 2, 1] => QQFieldElem[0, 2, 3, 2],
	[22, 22, 20, 5, 22, 1, 2, 17, 1, 1] => QQFieldElem[0, -1//2, -1, -1//2],
	[22, 22, 20, 5, 21, 1, 2, 18, 1, 1] => QQFieldElem[0, 0, 0, 0],
	[22, 22, 20, 5, 22, 1, 1, 17, 1, 1] => QQFieldElem[-1//4, -3//4, -5//4, -3//4],
	[22, 22, 20, 5, 21, 1, 1, 18, 1, 1] => QQFieldElem[-2//5, 1//5, 4//5, 2//5],
	[22, 22, 20, 5, 21, 1, 2, 20, 2, 1] => QQFieldElem[-3//2, -3//2, 0, 1//2])