Dict(
	[22, 17, 12, 22, 17, 2, 1, 16, 1, 1] => QQFieldElem[-3//10, -21//10, -29//10, -17//10],
	[22, 17, 12, 22, 20, 2, 1, 21, 1, 1] => QQFieldElem[1, 1, 1//2, 0],
	[22, 17, 12, 22, 17, 1, 1, 10, 1, 1] => QQFieldElem[2//5, 9//5, 11//5, 3//5],
	[22, 17, 12, 22, 19, 2, 1, 14, 1, 1] => QQFieldElem[1//2, 0, -1//2, -1//2],
	[22, 17, 12, 22, 20, 2, 1, 22, 1, 1] => QQFieldElem[0, -1, -1, -1//2],
	[22, 17, 12, 22, 18, 1, 1, 15, 1, 1] => QQFieldElem[-3//5, -4//5, -3//5, 0],
	[22, 17, 12, 22, 19, 2, 1, 13, 1, 1] => QQFieldElem[-6, -8, -6, 0],
	[22, 17, 12, 22, 20, 2, 1, 21, 2, 1] => QQFieldElem[-2, 1, 9//2, 4],
	[22, 17, 12, 22, 20, 2, 1, 22, 2, 1] => QQFieldElem[-3, -1, 3, 7//2],
	[22, 17, 12, 22, 19, 1, 1, 21, 1, 1] => QQFieldElem[7//2, 5, 5//2, -1//2],
	[22, 17, 12, 22, 18, 1, 1, 16, 1, 1] => QQFieldElem[-1//5, 1//10, 2//5, 1//5],
	[22, 17, 12, 22, 19, 1, 1, 22, 1, 1] => QQFieldElem[5//2, 3, 1//2, -1],
	[22, 17, 12, 22, 17, 2, 1, 14, 1, 1] => QQFieldElem[-1//10, 3//10, 7//10, 1//10],
	[22, 17, 12, 22, 17, 2, 1, 13, 1, 1] => QQFieldElem[7, 6, -2, -6],
	[22, 17, 12, 22, 19, 1, 1, 21, 2, 1] => QQFieldElem[1//2, 0, -1//2, -1//2],
	[22, 17, 12, 22, 18, 2, 1, 10, 1, 1] => QQFieldElem[2//5, 4//5, 1//5, 3//5],
	[22, 17, 12, 22, 19, 1, 1, 22, 2, 1] => QQFieldElem[1//2, 2, 5//2, 1],
	[22, 17, 12, 22, 17, 1, 1, 21, 1, 1] => QQFieldElem[9//5, 8//5, -3//5, -9//5],
	[22, 17, 12, 22, 17, 1, 1, 22, 1, 1] => QQFieldElem[17//5, 14//5, -4//5, -12//5],
	[22, 17, 12, 22, 20, 2, 1, 15, 1, 1] => QQFieldElem[0, 0, 0, 0],
	[22, 17, 12, 22, 18, 1, 1, 14, 1, 1] => QQFieldElem[0, 1//2, 1, 1],
	[22, 17, 12, 22, 17, 1, 1, 21, 2, 1] => QQFieldElem[-7//5, -14//5, -11//5, -3//5],
	[22, 17, 12, 22, 18, 1, 1, 13, 1, 1] => QQFieldElem[6, 8, 3, -2],
	[22, 17, 12, 22, 17, 1, 1, 22, 2, 1] => QQFieldElem[3//5, 6//5, 4//5, 2//5],
	[22, 17, 12, 22, 20, 2, 1, 16, 1, 1] => QQFieldElem[-3//2, 0, 5//2, 5//2],
	[22, 17, 12, 22, 20, 1, 1, 10, 1, 1] => QQFieldElem[-2//5, 0, 1//5, 1//5],
	[22, 17, 12, 22, 12, 1, 1, 10, 1, 1] => QQFieldElem[4, 8, 4, 0],
	[22, 17, 12, 22, 19, 1, 1, 15, 1, 1] => QQFieldElem[-1//5, 1//5, 1//5, -1//5],
	[22, 17, 12, 22, 18, 2, 1, 21, 1, 1] => QQFieldElem[-3//10, 0, 2//5, 2//5],
	[22, 17, 12, 22, 18, 2, 1, 22, 1, 1] => QQFieldElem[-3//10, 0, 2//5, 2//5],
	[22, 17, 12, 22, 19, 1, 1, 16, 1, 1] => QQFieldElem[0, 0, 0, 0],
	[22, 17, 12, 22, 18, 2, 1, 21, 2, 1] => QQFieldElem[10, 6, -6, -10],
	[22, 17, 12, 22, 17, 1, 1, 15, 1, 1] => QQFieldElem[1//5, -4//5, -1, -2//5],
	[22, 17, 12, 22, 20, 2, 1, 14, 1, 1] => QQFieldElem[1//2, 0, -3//2, -3//2],
	[22, 17, 12, 22, 18, 2, 1, 22, 2, 1] => QQFieldElem[4, -6, -16, -12],
	[22, 17, 12, 22, 20, 2, 1, 13, 1, 1] => QQFieldElem[-22, -36, -22, 0],
	[22, 17, 12, 22, 19, 2, 1, 10, 1, 1] => QQFieldElem[-1, 0, -1, 0],
	[22, 17, 12, 22, 17, 1, 1, 16, 1, 1] => QQFieldElem[9//5, 21//10, 2//5, -4//5],
	[22, 17, 12, 22, 20, 1, 1, 21, 1, 1] => QQFieldElem[-1//4, -1//2, 0, 0],
	[22, 17, 12, 22, 12, 1, 1, 21, 1, 1] => QQFieldElem[12, 20, 12, 0],
	[22, 17, 12, 22, 19, 1, 1, 14, 1, 1] => QQFieldElem[0, 0, 0, 0],
	[22, 17, 12, 22, 20, 1, 1, 22, 1, 1] => QQFieldElem[0, 0, -1//2, -1//4],
	[22, 17, 12, 22, 12, 1, 1, 22, 1, 1] => QQFieldElem[12, 20, 12, 0],
	[22, 17, 12, 22, 19, 1, 1, 13, 1, 1] => QQFieldElem[0, 0, 0, 0],
	[22, 17, 12, 22, 17, 2, 1, 10, 1, 1] => QQFieldElem[8//5, 6//5, -1//5, -3//5],
	[22, 17, 12, 22, 20, 1, 1, 21, 2, 1] => QQFieldElem[3//20, 4//5, 7//10, 1//10],
	[22, 17, 12, 22, 12, 1, 1, 21, 2, 1] => QQFieldElem[8//5, 26//5, 29//5, 12//5],
	[22, 17, 12, 22, 20, 1, 1, 22, 2, 1] => QQFieldElem[1//10, 7//10, 4//5, 3//20],
	[22, 17, 12, 22, 18, 2, 1, 15, 1, 1] => QQFieldElem[1//5, 4//5, 4//5, 1//5],
	[22, 17, 12, 22, 12, 1, 1, 22, 2, 1] => QQFieldElem[6//5, 17//5, 18//5, 9//5],
	[22, 17, 12, 22, 17, 1, 1, 14, 1, 1] => QQFieldElem[-2//5, -3//10, -1//5, 2//5],
	[22, 17, 12, 22, 19, 2, 1, 21, 1, 1] => QQFieldElem[-1//2, -3, -4, -5//2],
	[22, 17, 12, 22, 17, 1, 1, 13, 1, 1] => QQFieldElem[4, 12, 13, 6],
	[22, 17, 12, 22, 18, 2, 1, 16, 1, 1] => QQFieldElem[-3//10, -1//10, 1//10, 3//10],
	[22, 17, 12, 22, 19, 2, 1, 22, 1, 1] => QQFieldElem[-3//2, -5, -11//2, -5//2],
	[22, 17, 12, 22, 18, 1, 1, 10, 1, 1] => QQFieldElem[-2//5, 1//5, -1//5, -3//5],
	[22, 17, 12, 22, 19, 2, 1, 21, 2, 1] => QQFieldElem[-3//2, -2, -1, 1//2],
	[22, 17, 12, 22, 19, 2, 1, 22, 2, 1] => QQFieldElem[1//2, 0, -1//2, -1//2],
	[22, 17, 12, 22, 20, 1, 1, 15, 1, 1] => QQFieldElem[0, 0, 0, 0],
	[22, 17, 12, 22, 12, 1, 1, 15, 1, 1] => QQFieldElem[0, 0, 0, 0],
	[22, 17, 12, 22, 17, 2, 1, 21, 1, 1] => QQFieldElem[2//5, 4//5, 1//5, -2//5],
	[22, 17, 12, 22, 17, 2, 1, 22, 1, 1] => QQFieldElem[-8//5, -11//5, -4//5, 3//5],
	[22, 17, 12, 22, 18, 2, 1, 14, 1, 1] => QQFieldElem[-1//2, -1//2, 1//2, 1//2],
	[22, 17, 12, 22, 20, 1, 1, 16, 1, 1] => QQFieldElem[2//5, 3//5, 3//5, 2//5],
	[22, 17, 12, 22, 12, 1, 1, 16, 1, 1] => QQFieldElem[4, 0, -6, -6],
	[22, 17, 12, 22, 17, 2, 1, 21, 2, 1] => QQFieldElem[-3//10, -3//5, -2//5, -1//5],
	[22, 17, 12, 22, 18, 2, 1, 13, 1, 1] => QQFieldElem[5, 10, 8, 2],
	[22, 17, 12, 22, 17, 2, 1, 22, 2, 1] => QQFieldElem[3//10, 3//5, 2//5, 1//5],
	[22, 17, 12, 22, 18, 1, 1, 21, 1, 1] => QQFieldElem[1, 1, 1, 0],
	[22, 17, 12, 22, 20, 2, 1, 10, 1, 1] => QQFieldElem[-3, -4, -3, 0],
	[22, 17, 12, 22, 19, 2, 1, 15, 1, 1] => QQFieldElem[0, 0, 0, 0],
	[22, 17, 12, 22, 18, 1, 1, 22, 1, 1] => QQFieldElem[1, 1, 1, 0],
	[22, 17, 12, 22, 18, 1, 1, 21, 2, 1] => QQFieldElem[-3, -5, -3, 0],
	[22, 17, 12, 22, 20, 1, 1, 14, 1, 1] => QQFieldElem[1//5, -1//5, -1//5, 1//5],
	[22, 17, 12, 22, 12, 1, 1, 14, 1, 1] => QQFieldElem[0, 0, -2, -2],
	[22, 17, 12, 22, 18, 1, 1, 22, 2, 1] => QQFieldElem[-3, -5, -3, 0],
	[22, 17, 12, 22, 19, 2, 1, 16, 1, 1] => QQFieldElem[1//2, 0, -1//2, -1//2],
	[22, 17, 12, 22, 19, 1, 1, 10, 1, 1] => QQFieldElem[0, 0, 0, 0],
	[22, 17, 12, 22, 12, 1, 1, 13, 1, 1] => QQFieldElem[0, 0, 0, 0],
	[22, 17, 12, 22, 20, 1, 1, 13, 1, 1] => QQFieldElem[-2, 0, 3, 3],
	[22, 17, 12, 22, 17, 2, 1, 15, 1, 1] => QQFieldElem[1, 4//5, 2//5, -1//5])