Dict(
	[22, 10, 17, 20, 14, 1, 1, 11, 1, 1] => QQFieldElem[3//20, 0, 1//20, 1//20],
	[22, 10, 17, 20, 22, 1, 1, 19, 1, 1] => QQFieldElem[0, 0, 0, 0],
	[22, 10, 17, 20, 22, 1, 1, 12, 1, 1] => QQFieldElem[0, 0, 0, 0],
	[22, 10, 17, 20, 13, 1, 1, 20, 1, 1] => QQFieldElem[1//2, 1//2, 0, 0],
	[22, 10, 17, 20, 22, 2, 1, 19, 1, 1] => QQFieldElem[3//20, -1//20, 3//20, 0],
	[22, 10, 17, 20, 22, 2, 1, 12, 1, 1] => QQFieldElem[3//80, 0, 1//80, 1//80],
	[22, 10, 17, 20, 13, 2, 1, 20, 1, 1] => QQFieldElem[1//4, 0, -1//4, -1//4],
	[22, 10, 17, 20, 10, 1, 1, 17, 1, 1] => QQFieldElem[-1//20, 3//20, 7//20, 3//10],
	[22, 10, 17, 20, 10, 1, 1, 19, 1, 2] => QQFieldElem[1//2, 1, 1, 0],
	[22, 10, 17, 20, 10, 1, 1, 11, 1, 1] => QQFieldElem[-1//5, -2//5, -1//10, 1//5],
	[22, 10, 17, 20, 14, 1, 1, 19, 1, 1] => QQFieldElem[-3//10, -1//10, -2//5, -1//5],
	[22, 10, 17, 20, 14, 1, 1, 12, 1, 1] => QQFieldElem[-1//80, 1//40, -1//80, 0],
	[22, 10, 17, 20, 13, 1, 1, 17, 1, 1] => QQFieldElem[1, 1//2, -1//2, -1],
	[22, 10, 17, 20, 13, 1, 1, 19, 1, 2] => QQFieldElem[0, -1//4, -1//4, 0],
	[22, 10, 17, 20, 22, 1, 1, 20, 1, 1] => QQFieldElem[-1//5, -3//20, -1//10, -1//20],
	[22, 10, 17, 20, 13, 2, 1, 17, 1, 1] => QQFieldElem[1//20, -2//5, -17//20, -11//20],
	[22, 10, 17, 20, 13, 2, 1, 19, 1, 2] => QQFieldElem[-1//20, -1//10, -1//40, -3//40],
	[22, 10, 17, 20, 22, 2, 1, 20, 1, 1] => QQFieldElem[-3//20, -1//20, -3//40, -1//10],
	[22, 10, 17, 20, 13, 1, 1, 11, 1, 1] => QQFieldElem[1, 2, 2, 1],
	[22, 10, 17, 20, 13, 2, 1, 11, 1, 1] => QQFieldElem[3//5, 7//10, 3//10, -1//10],
	[22, 10, 17, 20, 10, 1, 1, 19, 1, 1] => QQFieldElem[-1//4, -1//4, 0, 0],
	[22, 10, 17, 20, 10, 1, 1, 12, 1, 1] => QQFieldElem[-1//20, -1//10, -3//20, -3//40],
	[22, 10, 17, 20, 14, 1, 1, 20, 1, 1] => QQFieldElem[0, 1//40, -1//20, 1//40],
	[22, 10, 17, 20, 22, 1, 1, 17, 1, 1] => QQFieldElem[-1//4, -1//4, 0, 0],
	[22, 10, 17, 20, 22, 1, 1, 19, 1, 2] => QQFieldElem[-1//5, 1//10, -1//10, 1//5],
	[22, 10, 17, 20, 22, 2, 1, 17, 1, 1] => QQFieldElem[-1//10, -1//40, -1//40, 1//40],
	[22, 10, 17, 20, 22, 2, 1, 19, 1, 2] => QQFieldElem[0, 0, 0, 0],
	[22, 10, 17, 20, 13, 1, 1, 19, 1, 1] => QQFieldElem[1//2, 1//2, 0, -1//4],
	[22, 10, 17, 20, 13, 1, 1, 12, 1, 1] => QQFieldElem[0, 0, 0, 0],
	[22, 10, 17, 20, 22, 1, 1, 11, 1, 1] => QQFieldElem[1//10, -3//10, -1//5, -1//10],
	[22, 10, 17, 20, 22, 2, 1, 11, 1, 1] => QQFieldElem[1//20, -1//20, -1//20, 1//20],
	[22, 10, 17, 20, 13, 2, 1, 12, 1, 1] => QQFieldElem[1//20, 1//10, 3//20, 3//40],
	[22, 10, 17, 20, 14, 1, 1, 19, 1, 2] => QQFieldElem[1, 0, 0, 0],
	[22, 10, 17, 20, 13, 2, 1, 19, 1, 1] => QQFieldElem[3//40, 1//40, -1//40, 1//20],
	[22, 10, 17, 20, 10, 1, 1, 20, 1, 1] => QQFieldElem[-1//20, -1//10, 1//10, 1//20],
	[22, 10, 17, 20, 14, 1, 1, 17, 1, 1] => QQFieldElem[1//40, -1//40, -1//40, 1//40])