Dict(
	[22, 14, 7, 19, 9, 1, 1, 19, 2, 1] => QQFieldElem[-1//5, -2//5, 2//5, 1//5],
	[22, 14, 7, 19, 10, 1, 1, 19, 2, 1] => QQFieldElem[0, 0, 0, 0],
	[22, 14, 7, 19, 16, 1, 1, 19, 1, 2] => QQFieldElem[0, -4, 0, -4],
	[22, 14, 7, 19, 14, 1, 1, 19, 1, 2] => QQFieldElem[0, 0, 0, 0],
	[22, 14, 7, 19, 16, 2, 1, 19, 1, 2] => QQFieldElem[-2, 0, 0, 0],
	[22, 14, 7, 19, 16, 1, 1, 11, 1, 1] => QQFieldElem[-2, -4, -2, -2],
	[22, 14, 7, 19, 14, 2, 1, 19, 1, 2] => QQFieldElem[-1//5, -2//5, 2//5, 1//5],
	[22, 14, 7, 19, 14, 1, 1, 11, 1, 1] => QQFieldElem[0, -4, 4, 0],
	[22, 14, 7, 19, 16, 2, 1, 11, 1, 1] => QQFieldElem[0, 0, 0, 1],
	[22, 14, 7, 19, 16, 1, 1, 19, 2, 2] => QQFieldElem[4, 2, 2, 0],
	[22, 14, 7, 19, 9, 1, 1, 19, 1, 2] => QQFieldElem[0, -2, 0, 0],
	[22, 14, 7, 19, 14, 2, 1, 11, 1, 1] => QQFieldElem[2, 2, 0, 0],
	[22, 14, 7, 19, 14, 1, 1, 19, 2, 2] => QQFieldElem[0, -2, 0, 0],
	[22, 14, 7, 19, 16, 2, 1, 19, 2, 2] => QQFieldElem[0, 0, -1, -1],
	[22, 14, 7, 19, 10, 1, 1, 19, 1, 2] => QQFieldElem[-3//5, -1//5, 1//5, 3//5],
	[22, 14, 7, 19, 9, 1, 1, 11, 1, 1] => QQFieldElem[2//5, 4//5, 1//5, -2//5],
	[22, 14, 7, 19, 14, 2, 1, 19, 2, 2] => QQFieldElem[-1, 0, 0, 0],
	[22, 14, 7, 19, 16, 1, 1, 19, 1, 1] => QQFieldElem[1, 0, 1, 0],
	[22, 14, 7, 19, 16, 1, 1, 12, 1, 1] => QQFieldElem[-2, 0, 0, 2],
	[22, 14, 7, 19, 10, 1, 1, 11, 1, 1] => QQFieldElem[2, 2, 0, 0],
	[22, 14, 7, 19, 9, 1, 1, 19, 2, 2] => QQFieldElem[1, 0, 0, 0],
	[22, 14, 7, 19, 14, 1, 1, 12, 1, 1] => QQFieldElem[-4, 4, 0, 0],
	[22, 14, 7, 19, 14, 1, 1, 19, 1, 1] => QQFieldElem[0, 4, 0, 4],
	[22, 14, 7, 19, 16, 2, 1, 12, 1, 1] => QQFieldElem[0, 0, -1, 0],
	[22, 14, 7, 19, 16, 2, 1, 19, 1, 1] => QQFieldElem[0, 0, 0, 0],
	[22, 14, 7, 19, 10, 1, 1, 19, 2, 2] => QQFieldElem[4//5, -2//5, -8//5, -4//5],
	[22, 14, 7, 19, 14, 2, 1, 12, 1, 1] => QQFieldElem[0, 2, 2, 2],
	[22, 14, 7, 19, 14, 2, 1, 19, 1, 1] => QQFieldElem[-2, 0, 0, 0],
	[22, 14, 7, 19, 16, 1, 1, 19, 2, 1] => QQFieldElem[-3//5, -1//5, 1//5, 3//5],
	[22, 14, 7, 19, 9, 1, 1, 19, 1, 1] => QQFieldElem[0, 0, 0, 0],
	[22, 14, 7, 19, 9, 1, 1, 12, 1, 1] => QQFieldElem[-2//5, 1//5, 4//5, 2//5],
	[22, 14, 7, 19, 14, 1, 1, 19, 2, 1] => QQFieldElem[-4, -2, -2, 0],
	[22, 14, 7, 19, 16, 2, 1, 19, 2, 1] => QQFieldElem[-4//5, 2//5, 8//5, 4//5],
	[22, 14, 7, 19, 10, 1, 1, 19, 1, 1] => QQFieldElem[1, 0, 1, 0],
	[22, 14, 7, 19, 10, 1, 1, 12, 1, 1] => QQFieldElem[0, -2, -2, -2],
	[22, 14, 7, 19, 14, 2, 1, 19, 2, 1] => QQFieldElem[0, 0, -1, -1])