Dict(
	[22, 18, 9, 18, 14, 1, 1, 22, 1, 1] => QQFieldElem[0, 0, 0, 0],
	[22, 18, 9, 18, 13, 1, 1, 14, 1, 1] => QQFieldElem[0, 0, 0, 0],
	[22, 18, 9, 18, 22, 2, 1, 22, 2, 1] => QQFieldElem[-1, 0, 1, 1],
	[22, 18, 9, 18, 13, 1, 1, 13, 1, 1] => QQFieldElem[1, 1, -1, -1],
	[22, 18, 9, 18, 14, 1, 1, 22, 2, 1] => QQFieldElem[2, 2, 2, 0],
	[22, 18, 9, 18, 22, 1, 1, 14, 1, 1] => QQFieldElem[-1//2, -3//2, -2, -1],
	[22, 18, 9, 18, 22, 2, 1, 14, 1, 1] => QQFieldElem[-1, -1, 0, 1],
	[22, 18, 9, 18, 22, 1, 1, 13, 1, 1] => QQFieldElem[1, 3//2, 1//2, -1//2],
	[22, 18, 9, 18, 13, 1, 1, 22, 1, 1] => QQFieldElem[2//5, -6//5, -4//5, -2//5],
	[22, 18, 9, 18, 22, 2, 1, 13, 1, 1] => QQFieldElem[0, 1, 2, 1],
	[22, 18, 9, 18, 14, 1, 1, 14, 1, 1] => QQFieldElem[0, -1, -2, -2],
	[22, 18, 9, 18, 14, 1, 1, 13, 1, 1] => QQFieldElem[0, 0, 0, 0],
	[22, 18, 9, 18, 13, 1, 1, 22, 2, 1] => QQFieldElem[-2//5, -4//5, 4//5, 2//5],
	[22, 18, 9, 18, 22, 1, 1, 22, 1, 1] => QQFieldElem[2//5, -1//5, -4//5, -7//5],
	[22, 18, 9, 18, 22, 2, 1, 22, 1, 1] => QQFieldElem[3//5, 1//5, -6//5, -3//5],
	[22, 18, 9, 18, 22, 1, 1, 22, 2, 1] => QQFieldElem[1//2, 0, -3//2, -3//2])