Dict(
	[22, 7, 20, 15, 17, 1, 1, 22, 1, 1] => QQFieldElem[-4//55, -18//55, -12//55, 9//55],
	[22, 7, 20, 15, 18, 1, 1, 21, 1, 2] => QQFieldElem[0, 1//2, 0, 0],
	[22, 7, 20, 15, 20, 1, 1, 21, 1, 1] => QQFieldElem[5//22, -5//44, 1//44, 7//22],
	[22, 7, 20, 15, 18, 1, 1, 22, 1, 2] => QQFieldElem[0, 0, 0, 0],
	[22, 7, 20, 15, 20, 1, 1, 22, 1, 1] => QQFieldElem[-7//11, -4//11, 1//11, 2//11],
	[22, 7, 20, 15, 20, 2, 1, 21, 1, 1] => QQFieldElem[1//11, -1//22, -1//11, -3//11],
	[22, 7, 20, 15, 20, 2, 1, 22, 1, 1] => QQFieldElem[-2//5, -4//5, -6//5, -3//5],
	[22, 7, 20, 15, 18, 1, 1, 21, 1, 1] => QQFieldElem[-1//2, 1//4, 1//4, 0],
	[22, 7, 20, 15, 17, 1, 1, 21, 1, 2] => QQFieldElem[0, 1//2, 0, 0],
	[22, 7, 20, 15, 18, 1, 1, 22, 1, 1] => QQFieldElem[2//5, 4//5, 6//5, 3//5],
	[22, 7, 20, 15, 17, 1, 1, 22, 1, 2] => QQFieldElem[0, 0, 0, 0],
	[22, 7, 20, 15, 20, 1, 1, 21, 1, 2] => QQFieldElem[-5//11, -1//44, -13//44, -3//22],
	[22, 7, 20, 15, 20, 1, 1, 22, 1, 2] => QQFieldElem[0, 0, 0, 0],
	[22, 7, 20, 15, 20, 2, 1, 21, 1, 2] => QQFieldElem[1//11, -1//22, -1//11, -3//11],
	[22, 7, 20, 15, 20, 2, 1, 22, 1, 2] => QQFieldElem[2//5, 4//5, 6//5, 3//5],
	[22, 7, 20, 15, 17, 1, 1, 21, 1, 1] => QQFieldElem[0, 1//4, -1//4, 0])