Dict(
	[22, 11, 20, 16, 17, 1, 1, 14, 1, 1] => QQFieldElem[-1//2, -1//2, -1//2, -1//2],
	[22, 11, 20, 16, 19, 2, 1, 21, 1, 1] => QQFieldElem[-3//22, -9//11, -27//22, -17//22],
	[22, 11, 20, 16, 17, 1, 1, 13, 1, 1] => QQFieldElem[-2, -2, 0, 1],
	[22, 11, 20, 16, 19, 2, 1, 9, 1, 1] => QQFieldElem[1//2, -1, -5//2, -2],
	[22, 11, 20, 16, 19, 2, 1, 22, 1, 1] => QQFieldElem[-1, -3, -3, -1],
	[22, 11, 20, 16, 18, 1, 1, 10, 1, 1] => QQFieldElem[-3//5, -11//5, -14//5, -7//5],
	[22, 11, 20, 16, 20, 1, 1, 15, 1, 1] => QQFieldElem[3//11, 1//11, -5//11, -13//22],
	[22, 11, 20, 16, 12, 1, 1, 15, 1, 1] => QQFieldElem[1//11, -3//22, 2//11, 3//22],
	[22, 11, 20, 16, 20, 1, 1, 16, 1, 1] => QQFieldElem[10//11, 5//11, -9//11, -13//11],
	[22, 11, 20, 16, 12, 1, 1, 16, 1, 1] => QQFieldElem[-31//55, -32//55, 7//55, 26//55],
	[22, 11, 20, 16, 18, 1, 1, 21, 1, 1] => QQFieldElem[-1//22, 5//22, 1//11, -1//11],
	[22, 11, 20, 16, 19, 2, 1, 15, 1, 1] => QQFieldElem[3//11, 1//11, -5//11, -13//22],
	[22, 11, 20, 16, 18, 1, 1, 9, 1, 1] => QQFieldElem[-1//2, 0, 1, 1],
	[22, 11, 20, 16, 18, 1, 1, 22, 1, 1] => QQFieldElem[2//5, 4//5, 6//5, 3//5],
	[22, 11, 20, 16, 3, 1, 1, 10, 1, 1] => QQFieldElem[-28//5, -16//5, 16//5, 28//5],
	[22, 11, 20, 16, 20, 1, 1, 14, 1, 1] => QQFieldElem[0, 1, 1, 1//2],
	[22, 11, 20, 16, 12, 1, 1, 14, 1, 1] => QQFieldElem[0, -1//2, -1, -1//2],
	[22, 11, 20, 16, 19, 2, 1, 16, 1, 1] => QQFieldElem[10//11, 5//11, -9//11, -13//11],
	[22, 11, 20, 16, 19, 1, 1, 10, 1, 1] => QQFieldElem[-7//5, -14//5, -11//5, -3//5],
	[22, 11, 20, 16, 12, 1, 1, 13, 1, 1] => QQFieldElem[-1, -2, -1, 0],
	[22, 11, 20, 16, 20, 1, 1, 13, 1, 1] => QQFieldElem[4, 5, 2, -1],
	[22, 11, 20, 16, 8, 1, 1, 10, 1, 1] => QQFieldElem[28//5, 16//5, -16//5, -28//5],
	[22, 11, 20, 16, 17, 1, 1, 10, 1, 1] => QQFieldElem[7//5, 14//5, 11//5, 3//5],
	[22, 11, 20, 16, 19, 2, 1, 14, 1, 1] => QQFieldElem[0, 1, 1, 1//2],
	[22, 11, 20, 16, 18, 1, 1, 15, 1, 1] => QQFieldElem[1//11, -3//22, 2//11, 3//22],
	[22, 11, 20, 16, 19, 2, 1, 13, 1, 1] => QQFieldElem[-4, -5, -2, 1],
	[22, 11, 20, 16, 3, 1, 1, 21, 1, 1] => QQFieldElem[-4//11, -2//11, -14//11, -8//11],
	[22, 11, 20, 16, 3, 1, 1, 9, 1, 1] => QQFieldElem[2, 4, 2, 0],
	[22, 11, 20, 16, 3, 1, 1, 22, 1, 1] => QQFieldElem[4//5, 8//5, -8//5, -4//5],
	[22, 11, 20, 16, 19, 1, 1, 21, 1, 1] => QQFieldElem[2//11, 13//22, 7//11, 4//11],
	[22, 11, 20, 16, 18, 1, 1, 16, 1, 1] => QQFieldElem[-31//55, -32//55, 7//55, 26//55],
	[22, 11, 20, 16, 19, 1, 1, 9, 1, 1] => QQFieldElem[0, 1//2, 1, 1//2],
	[22, 11, 20, 16, 19, 1, 1, 22, 1, 1] => QQFieldElem[3//5, 6//5, 4//5, 2//5],
	[22, 11, 20, 16, 8, 1, 1, 21, 1, 1] => QQFieldElem[-4//11, -2//11, -14//11, -8//11],
	[22, 11, 20, 16, 8, 1, 1, 9, 1, 1] => QQFieldElem[-2, -4, -2, 0],
	[22, 11, 20, 16, 8, 1, 1, 22, 1, 1] => QQFieldElem[-4//5, -8//5, 8//5, 4//5],
	[22, 11, 20, 16, 17, 1, 1, 21, 1, 1] => QQFieldElem[2//11, 13//22, 7//11, 4//11],
	[22, 11, 20, 16, 17, 1, 1, 9, 1, 1] => QQFieldElem[0, -1//2, -1, -1//2],
	[22, 11, 20, 16, 17, 1, 1, 22, 1, 1] => QQFieldElem[-3//5, -6//5, -4//5, -2//5],
	[22, 11, 20, 16, 18, 1, 1, 14, 1, 1] => QQFieldElem[0, -1//2, -1, -1//2],
	[22, 11, 20, 16, 18, 1, 1, 13, 1, 1] => QQFieldElem[1, 2, 1, 0],
	[22, 11, 20, 16, 3, 1, 1, 15, 1, 1] => QQFieldElem[-2//11, 14//11, -4//11, 8//11],
	[22, 11, 20, 16, 20, 1, 1, 10, 1, 1] => QQFieldElem[-2, -5, -5, -2],
	[22, 11, 20, 16, 12, 1, 1, 10, 1, 1] => QQFieldElem[3//5, 11//5, 14//5, 7//5],
	[22, 11, 20, 16, 19, 1, 1, 15, 1, 1] => QQFieldElem[-3//22, -1//22, 5//22, 1//22],
	[22, 11, 20, 16, 3, 1, 1, 16, 1, 1] => QQFieldElem[104//55, 228//55, 232//55, 76//55],
	[22, 11, 20, 16, 8, 1, 1, 15, 1, 1] => QQFieldElem[-2//11, 14//11, -4//11, 8//11],
	[22, 11, 20, 16, 19, 1, 1, 16, 1, 1] => QQFieldElem[-19//55, 7//55, 38//55, 39//55],
	[22, 11, 20, 16, 17, 1, 1, 15, 1, 1] => QQFieldElem[-3//22, -1//22, 5//22, 1//22],
	[22, 11, 20, 16, 8, 1, 1, 16, 1, 1] => QQFieldElem[104//55, 228//55, 232//55, 76//55],
	[22, 11, 20, 16, 19, 2, 1, 10, 1, 1] => QQFieldElem[2, 5, 5, 2],
	[22, 11, 20, 16, 3, 1, 1, 14, 1, 1] => QQFieldElem[-2, -2, 0, 0],
	[22, 11, 20, 16, 17, 1, 1, 16, 1, 1] => QQFieldElem[-19//55, 7//55, 38//55, 39//55],
	[22, 11, 20, 16, 3, 1, 1, 13, 1, 1] => QQFieldElem[0, -4, -8, -4],
	[22, 11, 20, 16, 12, 1, 1, 21, 1, 1] => QQFieldElem[-1//22, 5//22, 1//11, -1//11],
	[22, 11, 20, 16, 20, 1, 1, 21, 1, 1] => QQFieldElem[-3//22, -9//11, -27//22, -17//22],
	[22, 11, 20, 16, 19, 1, 1, 14, 1, 1] => QQFieldElem[-1//2, -1//2, -1//2, -1//2],
	[22, 11, 20, 16, 12, 1, 1, 9, 1, 1] => QQFieldElem[1//2, 0, -1, -1],
	[22, 11, 20, 16, 12, 1, 1, 22, 1, 1] => QQFieldElem[-2//5, -4//5, -6//5, -3//5],
	[22, 11, 20, 16, 20, 1, 1, 22, 1, 1] => QQFieldElem[1, 3, 3, 1],
	[22, 11, 20, 16, 20, 1, 1, 9, 1, 1] => QQFieldElem[-1//2, 1, 5//2, 2],
	[22, 11, 20, 16, 19, 1, 1, 13, 1, 1] => QQFieldElem[2, 2, 0, -1],
	[22, 11, 20, 16, 8, 1, 1, 14, 1, 1] => QQFieldElem[-2, -2, 0, 0],
	[22, 11, 20, 16, 8, 1, 1, 13, 1, 1] => QQFieldElem[0, 4, 8, 4])