Dict(
	[3, 20, 21, 21, 22, 1, 2, 7, 1, 1] => QQFieldElem[1//2, 1, 1//2, 1//2],
	[3, 20, 21, 21, 21, 1, 2, 11, 1, 1] => QQFieldElem[2//5, -6//5, -14//5, -12//5],
	[3, 20, 21, 21, 22, 1, 1, 7, 1, 1] => QQFieldElem[-1//8, -1//2, 1//8, 1//2],
	[3, 20, 21, 21, 21, 1, 1, 11, 1, 1] => QQFieldElem[-2, 0, 2, 2],
	[3, 20, 21, 21, 22, 1, 2, 20, 1, 2] => QQFieldElem[1//4, 1//2, 1//2, 0],
	[3, 20, 21, 21, 21, 1, 2, 7, 1, 1] => QQFieldElem[0, 1, 2, 1],
	[3, 20, 21, 21, 22, 1, 1, 20, 1, 2] => QQFieldElem[-7//8, -3//8, -3//8, -1//4],
	[3, 20, 21, 21, 21, 1, 1, 7, 1, 1] => QQFieldElem[0, -1, -2, -2],
	[3, 20, 21, 21, 14, 1, 1, 11, 1, 1] => QQFieldElem[8//5, -4//5, -16//5, -8//5],
	[3, 20, 21, 21, 21, 1, 2, 20, 1, 2] => QQFieldElem[0, 0, 1, 0],
	[3, 20, 21, 21, 22, 1, 2, 12, 1, 1] => QQFieldElem[-1//4, -1, 0, 0],
	[3, 20, 21, 21, 22, 1, 1, 12, 1, 1] => QQFieldElem[-1//8, -1//8, -5//8, -1],
	[3, 20, 21, 21, 21, 1, 1, 20, 1, 2] => QQFieldElem[0, 0, 0, 0],
	[3, 20, 21, 21, 14, 1, 1, 7, 1, 1] => QQFieldElem[0, 1, 1, 1],
	[3, 20, 21, 21, 21, 1, 2, 12, 1, 1] => QQFieldElem[-1, -4, -4, -2],
	[3, 20, 21, 21, 21, 1, 1, 12, 1, 1] => QQFieldElem[1, 3, 4, 2],
	[3, 20, 21, 21, 14, 1, 1, 20, 1, 2] => QQFieldElem[2, 0, 2, 2],
	[3, 20, 21, 21, 14, 1, 1, 12, 1, 1] => QQFieldElem[-2, -4, -5, -2],
	[3, 20, 21, 21, 22, 1, 2, 20, 1, 1] => QQFieldElem[-1, 0, 0, 0],
	[3, 20, 21, 21, 22, 1, 1, 20, 1, 1] => QQFieldElem[-1, -3, -2, -4],
	[3, 20, 21, 21, 21, 1, 2, 20, 1, 1] => QQFieldElem[-1//4, -1//2, 0, -1//2],
	[3, 20, 21, 21, 21, 1, 1, 20, 1, 1] => QQFieldElem[-6//5, -2//5, 2//5, -4//5],
	[3, 20, 21, 21, 14, 1, 1, 20, 1, 1] => QQFieldElem[0, 0, 0, 0],
	[3, 20, 21, 21, 22, 1, 2, 11, 1, 1] => QQFieldElem[-1, -1, -1, -1],
	[3, 20, 21, 21, 22, 1, 1, 11, 1, 1] => QQFieldElem[1//4, 1, 0, 0])