Dict(
	[6, 16, 21, 19, 17, 1, 1, 16, 1, 1] => QQFieldElem[-1//2, -1//2, -1, -1//2],
	[6, 16, 21, 19, 18, 1, 1, 21, 1, 2] => QQFieldElem[4//5, -2//5, 2//5, 6//5],
	[6, 16, 21, 19, 19, 1, 2, 21, 1, 2] => QQFieldElem[0, 0, 0, -1],
	[6, 16, 21, 19, 19, 1, 1, 21, 1, 2] => QQFieldElem[-1//2, 1, 1, 1],
	[6, 16, 21, 19, 18, 1, 1, 16, 1, 2] => QQFieldElem[12//11, 4//11, 2//11, -4//11],
	[6, 16, 21, 19, 19, 1, 2, 16, 1, 2] => QQFieldElem[0, 0, 0, 0],
	[6, 16, 21, 19, 19, 1, 1, 16, 1, 2] => QQFieldElem[0, 1, 1, 1//2],
	[6, 16, 21, 19, 18, 1, 1, 21, 1, 1] => QQFieldElem[0, -1, 0, -1],
	[6, 16, 21, 19, 19, 1, 2, 21, 1, 1] => QQFieldElem[-1, -1, -1, -1],
	[6, 16, 21, 19, 17, 1, 1, 21, 1, 2] => QQFieldElem[8//5, 6//5, 4//5, 2//5],
	[6, 16, 21, 19, 19, 1, 1, 21, 1, 1] => QQFieldElem[-1//2, -3//2, -3//2, -3//2],
	[6, 16, 21, 19, 18, 1, 1, 16, 1, 1] => QQFieldElem[-5//11, 2//11, 12//11, 7//22],
	[6, 16, 21, 19, 19, 1, 2, 16, 1, 1] => QQFieldElem[0, 0, -1, 0],
	[6, 16, 21, 19, 17, 1, 1, 16, 1, 2] => QQFieldElem[-6//11, -2//11, -1//11, 2//11],
	[6, 16, 21, 19, 19, 1, 1, 16, 1, 1] => QQFieldElem[-1//2, -1//2, -1, -1//2],
	[6, 16, 21, 19, 17, 1, 1, 21, 1, 1] => QQFieldElem[1, 1, 1, 1])