Dict(
	[7, 19, 19, 5, 4, 1, 1, 19, 1, 1] => QQFieldElem[0, 1, 1, 1],
	[7, 19, 19, 5, 4, 1, 1, 12, 1, 1] => QQFieldElem[0, 0, 0, 1],
	[7, 19, 19, 5, 5, 1, 1, 19, 1, 1] => QQFieldElem[0, 0, 0, 0],
	[7, 19, 19, 5, 5, 1, 1, 12, 1, 1] => QQFieldElem[6//5, 12//5, 8//5, 4//5],
	[7, 19, 19, 5, 7, 1, 2, 19, 1, 1] => QQFieldElem[1, 0, -1, -1],
	[7, 19, 19, 5, 7, 1, 2, 12, 1, 1] => QQFieldElem[-1, -1, -1, 0],
	[7, 19, 19, 5, 7, 1, 1, 19, 1, 1] => QQFieldElem[0, 0, 0, 0],
	[7, 19, 19, 5, 7, 1, 1, 12, 1, 1] => QQFieldElem[-1//2, 0, 0, 1//2],
	[7, 19, 19, 5, 4, 1, 1, 19, 2, 1] => QQFieldElem[0, 0, 0, 0],
	[7, 19, 19, 5, 5, 1, 1, 19, 2, 1] => QQFieldElem[0, 0, 1, 1],
	[7, 19, 19, 5, 7, 1, 2, 19, 2, 1] => QQFieldElem[0, 0, 0, 0],
	[7, 19, 19, 5, 7, 1, 1, 19, 2, 1] => QQFieldElem[-1//4, 1//4, 1//4, -1//4],
	[7, 19, 19, 5, 4, 1, 1, 11, 1, 1] => QQFieldElem[0, 0, -1, 0],
	[7, 19, 19, 5, 5, 1, 1, 11, 1, 1] => QQFieldElem[6//5, 2//5, -2//5, -6//5],
	[7, 19, 19, 5, 7, 1, 2, 11, 1, 1] => QQFieldElem[0, 0, -1, -1],
	[7, 19, 19, 5, 7, 1, 1, 11, 1, 1] => QQFieldElem[1//2, 1//2, 1, 1//2])