Dict(
	[8, 19, 19, 11, 11, 1, 1, 5, 1, 1] => QQFieldElem[0, 0, -1//2, -1//2],
	[8, 19, 19, 11, 7, 1, 2, 5, 1, 1] => QQFieldElem[0, 0, 0, 0],
	[8, 19, 19, 11, 7, 1, 1, 5, 1, 1] => QQFieldElem[0, 0, 0, 0],
	[8, 19, 19, 11, 20, 1, 2, 18, 1, 1] => QQFieldElem[0, 0, 0, 0],
	[8, 19, 19, 11, 7, 1, 2, 19, 1, 1] => QQFieldElem[-16//5, 0, 8//5, 8//5],
	[8, 19, 19, 11, 20, 1, 1, 18, 1, 1] => QQFieldElem[3//10, 3//10, 0, -1//10],
	[8, 19, 19, 11, 7, 1, 1, 19, 1, 1] => QQFieldElem[16//5, 0, -8//5, -8//5],
	[8, 19, 19, 11, 11, 1, 1, 19, 1, 1] => QQFieldElem[0, 0, 0, 0],
	[8, 19, 19, 11, 20, 1, 2, 17, 1, 1] => QQFieldElem[-1//2, -1//2, -1//2, -1],
	[8, 19, 19, 11, 20, 1, 1, 17, 1, 1] => QQFieldElem[0, 0, 0, 0],
	[8, 19, 19, 11, 20, 1, 2, 4, 1, 1] => QQFieldElem[-1//2, -1//2, -1, -1//2],
	[8, 19, 19, 11, 20, 1, 1, 4, 1, 1] => QQFieldElem[0, 0, 0, 0],
	[8, 19, 19, 11, 20, 1, 2, 5, 1, 1] => QQFieldElem[0, 0, 0, 0],
	[8, 19, 19, 11, 20, 1, 1, 5, 1, 1] => QQFieldElem[0, 0, -1//2, -1//2],
	[8, 19, 19, 11, 11, 1, 1, 18, 1, 1] => QQFieldElem[-3//10, -3//10, 0, 1//10],
	[8, 19, 19, 11, 7, 1, 2, 18, 1, 1] => QQFieldElem[0, 0, 0, 0],
	[8, 19, 19, 11, 20, 1, 2, 19, 1, 1] => QQFieldElem[0, 0, 0, 0],
	[8, 19, 19, 11, 7, 1, 1, 18, 1, 1] => QQFieldElem[0, 0, 0, 0],
	[8, 19, 19, 11, 20, 1, 1, 19, 1, 1] => QQFieldElem[0, 0, 0, 0],
	[8, 19, 19, 11, 11, 1, 1, 17, 1, 1] => QQFieldElem[0, 0, 0, 0],
	[8, 19, 19, 11, 7, 1, 2, 17, 1, 1] => QQFieldElem[-8//5, 4//5, -4//5, 8//5],
	[8, 19, 19, 11, 7, 1, 1, 17, 1, 1] => QQFieldElem[-8//5, 4//5, -4//5, 8//5],
	[8, 19, 19, 11, 11, 1, 1, 4, 1, 1] => QQFieldElem[0, 0, 0, 0],
	[8, 19, 19, 11, 7, 1, 2, 4, 1, 1] => QQFieldElem[-8//5, 4//5, 16//5, 8//5],
	[8, 19, 19, 11, 7, 1, 1, 4, 1, 1] => QQFieldElem[-8//5, 4//5, 16//5, 8//5])