Dict(
	[9, 15, 14, 21, 19, 1, 1, 8, 1, 1] => QQFieldElem[-4, -2, 0, 0],
	[9, 15, 14, 21, 11, 1, 1, 8, 1, 1] => QQFieldElem[1//5, 2//5, 3//5, -1//5],
	[9, 15, 14, 21, 20, 1, 1, 19, 1, 1] => QQFieldElem[-2, -4, -2, -4],
	[9, 15, 14, 21, 12, 1, 1, 19, 1, 1] => QQFieldElem[-4, -2, -2, -2],
	[9, 15, 14, 21, 11, 1, 1, 17, 1, 1] => QQFieldElem[4//11, -32//55, 24//55, 28//55],
	[9, 15, 14, 21, 11, 1, 1, 19, 1, 2] => QQFieldElem[0, 0, 0, 0],
	[9, 15, 14, 21, 19, 1, 1, 17, 1, 1] => QQFieldElem[-48//55, 24//55, 136//55, -32//55],
	[9, 15, 14, 21, 19, 1, 1, 19, 1, 2] => QQFieldElem[3//5, 1//5, -1//5, -3//5],
	[9, 15, 14, 21, 20, 1, 1, 8, 1, 1] => QQFieldElem[0, 0, 0, 0],
	[9, 15, 14, 21, 19, 1, 1, 19, 1, 1] => QQFieldElem[0, 0, 0, 0],
	[9, 15, 14, 21, 12, 1, 1, 8, 1, 1] => QQFieldElem[-1//5, -2//5, -3//5, 1//5],
	[9, 15, 14, 21, 11, 1, 1, 19, 1, 1] => QQFieldElem[2//5, 4//5, 1//5, 3//5],
	[9, 15, 14, 21, 20, 1, 1, 17, 1, 1] => QQFieldElem[-4//55, -64//55, -8//11, -32//55],
	[9, 15, 14, 21, 12, 1, 1, 17, 1, 1] => QQFieldElem[4//11, -32//55, 24//55, 28//55],
	[9, 15, 14, 21, 12, 1, 1, 19, 1, 2] => QQFieldElem[-2//5, 1//5, 4//5, 2//5],
	[9, 15, 14, 21, 20, 1, 1, 19, 1, 2] => QQFieldElem[2//5, 4//5, 1//5, 3//5])