Dict(
	[9, 20, 18, 16, 17, 1, 1, 21, 1, 1] => QQFieldElem[0, 0, 0, 1//2],
	[9, 20, 18, 16, 17, 1, 1, 22, 1, 1] => QQFieldElem[4//5, 8//5, 7//5, 1//5],
	[9, 20, 18, 16, 17, 1, 1, 16, 1, 1] => QQFieldElem[1//2, 0, -1//2, -1//2],
	[9, 20, 18, 16, 20, 1, 1, 21, 1, 1] => QQFieldElem[0, 1, 2, 3//2],
	[9, 20, 18, 16, 5, 1, 1, 14, 1, 1] => QQFieldElem[1, -1, -3, -2],
	[9, 20, 18, 16, 20, 1, 1, 22, 1, 1] => QQFieldElem[8//5, 6//5, -1//5, -3//5],
	[9, 20, 18, 16, 20, 1, 1, 16, 1, 1] => QQFieldElem[-1//2, -1, -3//2, -1//2],
	[9, 20, 18, 16, 7, 1, 1, 14, 1, 1] => QQFieldElem[1, 1, 1, 0],
	[9, 20, 18, 16, 5, 1, 1, 21, 1, 1] => QQFieldElem[0, -1, -1, -1//2],
	[9, 20, 18, 16, 17, 1, 1, 14, 1, 1] => QQFieldElem[0, -1, 0, 0],
	[9, 20, 18, 16, 5, 1, 1, 22, 1, 1] => QQFieldElem[0, 0, 1, 1],
	[9, 20, 18, 16, 5, 1, 1, 16, 1, 1] => QQFieldElem[1//2, 1, 1, 0],
	[9, 20, 18, 16, 7, 1, 1, 21, 1, 1] => QQFieldElem[0, 0, 0, -1//2],
	[9, 20, 18, 16, 7, 1, 1, 22, 1, 1] => QQFieldElem[-4//5, -8//5, -7//5, -1//5],
	[9, 20, 18, 16, 7, 1, 1, 16, 1, 1] => QQFieldElem[-1//2, 0, 1, 1],
	[9, 20, 18, 16, 20, 1, 1, 14, 1, 1] => QQFieldElem[-2, -1, 2, 2])