Dict(
	[9, 17, 19, 21, 19, 1, 1, 15, 1, 1] => QQFieldElem[4//5, 8//5, 12//5, -4//5],
	[9, 17, 19, 21, 11, 1, 1, 15, 1, 1] => QQFieldElem[8, 0, -8, -8],
	[9, 17, 19, 21, 17, 1, 1, 21, 1, 2] => QQFieldElem[22//5, 44//5, 36//5, 8//5],
	[9, 17, 19, 21, 19, 1, 1, 21, 1, 1] => QQFieldElem[-4, -6, -2, 2],
	[9, 17, 19, 21, 11, 1, 1, 21, 1, 1] => QQFieldElem[0, 8, 12, 8],
	[9, 17, 19, 21, 19, 1, 1, 9, 1, 1] => QQFieldElem[0, -1, -2, -1],
	[9, 17, 19, 21, 11, 1, 1, 9, 1, 1] => QQFieldElem[-4, -6, -2, 2],
	[9, 17, 19, 21, 17, 1, 1, 16, 1, 2] => QQFieldElem[2, 0, -2, -2],
	[9, 17, 19, 21, 19, 1, 1, 16, 1, 1] => QQFieldElem[8, 0, -12, -12],
	[9, 17, 19, 21, 20, 1, 2, 21, 1, 2] => QQFieldElem[-2, 0, 3, 3],
	[9, 17, 19, 21, 11, 1, 1, 16, 1, 1] => QQFieldElem[4, 4, 2, 0],
	[9, 17, 19, 21, 20, 1, 1, 21, 1, 2] => QQFieldElem[-1//2, 2, 7//2, 5//2],
	[9, 17, 19, 21, 12, 1, 1, 21, 1, 2] => QQFieldElem[-12//5, -14//5, -6//5, 2//5],
	[9, 17, 19, 21, 20, 1, 2, 16, 1, 2] => QQFieldElem[-12//5, -44//5, -56//5, -28//5],
	[9, 17, 19, 21, 17, 1, 1, 15, 1, 1] => QQFieldElem[2, 2, 0, 0],
	[9, 17, 19, 21, 20, 1, 1, 16, 1, 2] => QQFieldElem[-5, -10, -8, -2],
	[9, 17, 19, 21, 12, 1, 1, 16, 1, 2] => QQFieldElem[0, 1, 1, 1],
	[9, 17, 19, 21, 17, 1, 1, 21, 1, 1] => QQFieldElem[5, 7, 3, -1],
	[9, 17, 19, 21, 20, 1, 2, 15, 1, 1] => QQFieldElem[-4//5, -28//5, -32//5, -16//5],
	[9, 17, 19, 21, 20, 1, 1, 15, 1, 1] => QQFieldElem[-2, -6, -4, 0],
	[9, 17, 19, 21, 12, 1, 1, 15, 1, 1] => QQFieldElem[-8//5, 4//5, 16//5, 8//5],
	[9, 17, 19, 21, 17, 1, 1, 9, 1, 1] => QQFieldElem[-1, -3//2, -3//2, -1],
	[9, 17, 19, 21, 17, 1, 1, 16, 1, 1] => QQFieldElem[0, -2, -7//2, -2],
	[9, 17, 19, 21, 20, 1, 2, 21, 1, 1] => QQFieldElem[0, -1, -2, -2],
	[9, 17, 19, 21, 20, 1, 1, 21, 1, 1] => QQFieldElem[0, -1, -1, -1//2],
	[9, 17, 19, 21, 12, 1, 1, 21, 1, 1] => QQFieldElem[-1, -1, 1, 1],
	[9, 17, 19, 21, 19, 1, 1, 21, 1, 2] => QQFieldElem[2, 2, 0, -1],
	[9, 17, 19, 21, 20, 1, 2, 9, 1, 1] => QQFieldElem[-1, 0, 2, 2],
	[9, 17, 19, 21, 20, 1, 1, 9, 1, 1] => QQFieldElem[-1//2, 3//2, 5//2, 3//2],
	[9, 17, 19, 21, 12, 1, 1, 9, 1, 1] => QQFieldElem[1, 1, 0, -1],
	[9, 17, 19, 21, 11, 1, 1, 21, 1, 2] => QQFieldElem[-6//5, -22//5, -28//5, -14//5],
	[9, 17, 19, 21, 20, 1, 1, 16, 1, 1] => QQFieldElem[3, 3, 1, -1],
	[9, 17, 19, 21, 12, 1, 1, 16, 1, 1] => QQFieldElem[3//2, 1, 3//2, 1],
	[9, 17, 19, 21, 19, 1, 1, 16, 1, 2] => QQFieldElem[-6//5, 8//5, 22//5, 16//5],
	[9, 17, 19, 21, 11, 1, 1, 16, 1, 2] => QQFieldElem[-1, -1, 0, 1],
	[9, 17, 19, 21, 20, 1, 2, 16, 1, 1] => QQFieldElem[14//5, 28//5, 22//5, 6//5])