Dict(
	[10, 11, 9, 11, 3, 1, 1, 7, 1, 1] => QQFieldElem[0, -1//2, -1//2, -1//2],
	[10, 11, 9, 11, 11, 1, 1, 14, 1, 1] => QQFieldElem[-1//2, 1//2, -1//2, -1//2],
	[10, 11, 9, 11, 11, 1, 1, 11, 1, 1] => QQFieldElem[-1, 1, 0, -1],
	[10, 11, 9, 11, 11, 1, 1, 7, 1, 1] => QQFieldElem[-1, 0, 0, -1],
	[10, 11, 9, 11, 14, 1, 1, 6, 1, 1] => QQFieldElem[3//2, -1, 0, 1],
	[10, 11, 9, 11, 8, 1, 1, 14, 1, 1] => QQFieldElem[0, 0, -1//2, 0],
	[10, 11, 9, 11, 8, 1, 1, 11, 1, 1] => QQFieldElem[-1//2, 1//2, -1//2, 1//2],
	[10, 11, 9, 11, 8, 1, 1, 7, 1, 1] => QQFieldElem[-1//2, 1, -1//2, 0],
	[10, 11, 9, 11, 14, 1, 1, 14, 1, 1] => QQFieldElem[5//4, -2, 5//4, 0],
	[10, 11, 9, 11, 14, 1, 1, 11, 1, 1] => QQFieldElem[5//2, -5//2, 1, 1],
	[10, 11, 9, 11, 14, 1, 1, 7, 1, 1] => QQFieldElem[3//2, -1, 0, 1],
	[10, 11, 9, 11, 3, 1, 1, 6, 1, 1] => QQFieldElem[0, 1//2, 1//2, 1//2],
	[10, 11, 9, 11, 11, 1, 1, 6, 1, 1] => QQFieldElem[-1, 0, 0, -1],
	[10, 11, 9, 11, 3, 1, 1, 14, 1, 1] => QQFieldElem[1//4, 0, -1//4, -1//2],
	[10, 11, 9, 11, 3, 1, 1, 11, 1, 1] => QQFieldElem[-1//2, -1//2, 0, 0],
	[10, 11, 9, 11, 8, 1, 1, 6, 1, 1] => QQFieldElem[-1//2, 0, -1//2, 0])