Dict(
	[11, 7, 11, 7, 10, 1, 1, 4, 1, 1] => QQFieldElem[1//2, -1//2, -1//2, 1//2],
	[11, 7, 11, 7, 10, 1, 1, 13, 1, 1] => QQFieldElem[-1//2, 0, 0, 0],
	[11, 7, 11, 7, 12, 1, 1, 12, 1, 1] => QQFieldElem[1, -1, 0, 1],
	[11, 7, 11, 7, 4, 1, 1, 4, 1, 1] => QQFieldElem[0, 0, 1//2, 0],
	[11, 7, 11, 7, 4, 1, 1, 13, 1, 1] => QQFieldElem[-1//4, -1//4, 0, 0],
	[11, 7, 11, 7, 13, 1, 1, 4, 1, 1] => QQFieldElem[3//2, -3//2, 1//2, 1//2],
	[11, 7, 11, 7, 10, 1, 1, 12, 1, 1] => QQFieldElem[-1//2, 1//2, 1//2, -1//2],
	[11, 7, 11, 7, 13, 1, 1, 13, 1, 1] => QQFieldElem[-1//2, 3//2, -1//2, 0],
	[11, 7, 11, 7, 4, 1, 1, 12, 1, 1] => QQFieldElem[0, 0, 1//2, 0],
	[11, 7, 11, 7, 12, 1, 1, 10, 1, 1] => QQFieldElem[1, 0, 0, 1],
	[11, 7, 11, 7, 13, 1, 1, 12, 1, 1] => QQFieldElem[-3//2, 3//2, -1//2, -1//2],
	[11, 7, 11, 7, 10, 1, 1, 10, 1, 1] => QQFieldElem[-1//2, 0, 1//2, -1],
	[11, 7, 11, 7, 13, 1, 1, 10, 1, 1] => QQFieldElem[-1, 1//2, 0, -1//2],
	[11, 7, 11, 7, 4, 1, 1, 10, 1, 1] => QQFieldElem[-1//4, -1//4, 1//4, 1//4],
	[11, 7, 11, 7, 12, 1, 1, 4, 1, 1] => QQFieldElem[-2, 1, 0, -1],
	[11, 7, 11, 7, 12, 1, 1, 13, 1, 1] => QQFieldElem[1//2, -1//2, 1//2, 1//2])