Dict(
	[11, 10, 11, 12, 14, 1, 1, 11, 1, 2] => QQFieldElem[7//2, -7//2, 3//2, 3//2],
	[11, 10, 11, 12, 7, 1, 1, 14, 1, 1] => QQFieldElem[0, -1, -1, -1],
	[11, 10, 11, 12, 7, 1, 1, 11, 1, 1] => QQFieldElem[0, -1, 2, -2],
	[11, 10, 11, 12, 11, 2, 1, 14, 1, 1] => QQFieldElem[-1, 2, 1, 1],
	[11, 10, 11, 12, 11, 2, 1, 11, 1, 1] => QQFieldElem[1//2, -5//2, 5//2, -3//2],
	[11, 10, 11, 12, 11, 1, 1, 7, 1, 1] => QQFieldElem[-5//6, 5//6, -1//6, -1//2],
	[11, 10, 11, 12, 7, 1, 1, 7, 1, 1] => QQFieldElem[1//2, -1//2, -1//2, 1//2],
	[11, 10, 11, 12, 11, 2, 1, 7, 1, 1] => QQFieldElem[-1//2, -3//2, 3//2, -3//2],
	[11, 10, 11, 12, 14, 1, 1, 14, 1, 1] => QQFieldElem[3//2, -3//2, 1//2, 1//2],
	[11, 10, 11, 12, 14, 1, 1, 11, 1, 1] => QQFieldElem[-3, 3, -1, -1],
	[11, 10, 11, 12, 14, 1, 1, 7, 1, 1] => QQFieldElem[0, 3//2, -2, 3//2],
	[11, 10, 11, 12, 11, 1, 1, 11, 1, 2] => QQFieldElem[1, -1, 1, 0],
	[11, 10, 11, 12, 7, 1, 1, 11, 1, 2] => QQFieldElem[2, -1, 0, 1],
	[11, 10, 11, 12, 11, 2, 1, 11, 1, 2] => QQFieldElem[1, 1//3, -4//3, 5//3],
	[11, 10, 11, 12, 11, 1, 1, 14, 1, 1] => QQFieldElem[0, 0, 0, 1],
	[11, 10, 11, 12, 11, 1, 1, 11, 1, 1] => QQFieldElem[-2, 2, -3, 2])