Dict(
	[11, 14, 8, 14, 13, 1, 1, 10, 1, 1] => QQFieldElem[1//2, 1, -1//2, 2],
	[11, 14, 8, 14, 4, 1, 1, 10, 1, 1] => QQFieldElem[0, -1//2, 0, 1//2],
	[11, 14, 8, 14, 13, 2, 1, 10, 1, 1] => QQFieldElem[-1//2, 0, 3//2, -2],
	[11, 14, 8, 14, 12, 1, 1, 13, 1, 1] => QQFieldElem[9//34, 2//17, -1//17, 1//34],
	[11, 14, 8, 14, 9, 1, 1, 13, 1, 1] => QQFieldElem[-8//17, -13//17, 32//17, -33//17],
	[11, 14, 8, 14, 12, 1, 1, 5, 1, 1] => QQFieldElem[-3, -3, 7, -7],
	[11, 14, 8, 14, 10, 1, 1, 13, 1, 1] => QQFieldElem[-16//17, 25//17, -25//34, 2//17],
	[11, 14, 8, 14, 9, 1, 1, 5, 1, 1] => QQFieldElem[1, 1, -2, 2],
	[11, 14, 8, 14, 12, 1, 1, 13, 2, 1] => QQFieldElem[-6//17, 3//17, 7//17, -12//17],
	[11, 14, 8, 14, 12, 1, 1, 12, 1, 1] => QQFieldElem[20//3, -4//3, -14//3, 8],
	[11, 14, 8, 14, 10, 1, 1, 5, 1, 1] => QQFieldElem[4, 1, -6, 7],
	[11, 14, 8, 14, 9, 1, 1, 13, 2, 1] => QQFieldElem[1//17, 42//17, -55//17, 36//17],
	[11, 14, 8, 14, 9, 1, 1, 12, 1, 1] => QQFieldElem[-4//3, 2//3, 4//3, -2],
	[11, 14, 8, 14, 13, 1, 1, 13, 1, 1] => QQFieldElem[-19//17, 1//17, 25//17, -21//17],
	[11, 14, 8, 14, 4, 1, 1, 13, 1, 1] => QQFieldElem[1//17, -1//34, -4//17, 2//17],
	[11, 14, 8, 14, 10, 1, 1, 13, 2, 1] => QQFieldElem[29//34, -57//34, 37//34, -5//17],
	[11, 14, 8, 14, 10, 1, 1, 12, 1, 1] => QQFieldElem[-5, 2, 2, -5],
	[11, 14, 8, 14, 9, 1, 1, 9, 1, 1] => QQFieldElem[1, 0, -1, 1],
	[11, 14, 8, 14, 12, 1, 1, 9, 1, 1] => QQFieldElem[-7//2, 0, 7//2, -5],
	[11, 14, 8, 14, 13, 2, 1, 13, 1, 1] => QQFieldElem[30//17, 2//17, -35//17, 43//17],
	[11, 14, 8, 14, 13, 1, 1, 5, 1, 1] => QQFieldElem[1//2, -2, 2, -1],
	[11, 14, 8, 14, 4, 1, 1, 5, 1, 1] => QQFieldElem[-1, 0, 1, -3//2],
	[11, 14, 8, 14, 10, 1, 1, 9, 1, 1] => QQFieldElem[3, -1, -2, 4],
	[11, 14, 8, 14, 13, 2, 1, 5, 1, 1] => QQFieldElem[-1//2, 2, -5//2, 3//2],
	[11, 14, 8, 14, 13, 1, 1, 13, 2, 1] => QQFieldElem[9//34, 21//34, -18//17, 9//17],
	[11, 14, 8, 14, 4, 1, 1, 12, 1, 1] => QQFieldElem[1//3, -1//3, 0, 2//3],
	[11, 14, 8, 14, 12, 1, 1, 10, 1, 1] => QQFieldElem[4, -2, -2, 4],
	[11, 14, 8, 14, 4, 1, 1, 13, 2, 1] => QQFieldElem[10//17, -5//17, 11//17, -14//17],
	[11, 14, 8, 14, 9, 1, 1, 10, 1, 1] => QQFieldElem[-1, 1, 1, -1],
	[11, 14, 8, 14, 13, 1, 1, 12, 1, 1] => QQFieldElem[2//3, 4//3, -3, 7//3],
	[11, 14, 8, 14, 13, 2, 1, 13, 2, 1] => QQFieldElem[-7//17, -27//34, 39//34, -14//17],
	[11, 14, 8, 14, 13, 2, 1, 12, 1, 1] => QQFieldElem[-4//3, -4//3, 10//3, -3],
	[11, 14, 8, 14, 13, 1, 1, 9, 1, 1] => QQFieldElem[0, -1, 3//2, -3//2],
	[11, 14, 8, 14, 4, 1, 1, 9, 1, 1] => QQFieldElem[-1//2, 0, 0, -1//2],
	[11, 14, 8, 14, 10, 1, 1, 10, 1, 1] => QQFieldElem[-3, 2, 1, -2],
	[11, 14, 8, 14, 13, 2, 1, 9, 1, 1] => QQFieldElem[1//2, 1, -2, 3//2])