Dict(
	[11, 9, 14, 10, 14, 1, 1, 8, 1, 1] => QQFieldElem[0, -1, 1, -1],
	[11, 9, 14, 10, 11, 1, 1, 3, 1, 1] => QQFieldElem[2, -2, 1, 0],
	[11, 9, 14, 10, 7, 1, 1, 3, 1, 1] => QQFieldElem[-1, 1, -1, 0],
	[11, 9, 14, 10, 6, 1, 1, 8, 1, 1] => QQFieldElem[0, -1//2, 0, -1//2],
	[11, 9, 14, 10, 14, 1, 1, 14, 1, 1] => QQFieldElem[-7//6, 5//6, 1//6, -3//2],
	[11, 9, 14, 10, 14, 1, 1, 11, 1, 1] => QQFieldElem[-2, 1, 0, -1],
	[11, 9, 14, 10, 6, 1, 1, 14, 1, 1] => QQFieldElem[-1//3, 0, 1//6, 1//6],
	[11, 9, 14, 10, 6, 1, 1, 11, 1, 1] => QQFieldElem[1, 1, 0, -1],
	[11, 9, 14, 10, 14, 1, 1, 3, 1, 1] => QQFieldElem[-3//2, 3//2, -1//2, -1//2],
	[11, 9, 14, 10, 11, 1, 1, 8, 1, 1] => QQFieldElem[1//2, 1//2, -3//2, 1//2],
	[11, 9, 14, 10, 7, 1, 1, 8, 1, 1] => QQFieldElem[0, 0, 0, 0],
	[11, 9, 14, 10, 6, 1, 1, 3, 1, 1] => QQFieldElem[-1//2, 1//2, 0, 0],
	[11, 9, 14, 10, 11, 1, 1, 14, 1, 1] => QQFieldElem[1, -1, 0, 1],
	[11, 9, 14, 10, 11, 1, 1, 11, 1, 1] => QQFieldElem[1, -2, 0, 1],
	[11, 9, 14, 10, 7, 1, 1, 14, 1, 1] => QQFieldElem[-1//3, 0, -1//3, -1//3],
	[11, 9, 14, 10, 7, 1, 1, 11, 1, 1] => QQFieldElem[0, 0, -1, -1])