Dict(
	[12, 13, 11, 8, 8, 1, 1, 5, 1, 1] => QQFieldElem[1, 1//2, -1, 3//2],
	[12, 13, 11, 8, 11, 1, 1, 9, 1, 1] => QQFieldElem[-1, 1, -1, 1],
	[12, 13, 11, 8, 14, 1, 2, 13, 1, 1] => QQFieldElem[1, -1, 1, 0],
	[12, 13, 11, 8, 8, 1, 1, 12, 1, 1] => QQFieldElem[-1, 0, 2, -2],
	[12, 13, 11, 8, 14, 1, 1, 13, 1, 1] => QQFieldElem[2, -1//2, -1//2, 3//2],
	[12, 13, 11, 8, 8, 1, 1, 13, 2, 1] => QQFieldElem[1, -11//4, 2, -3//4],
	[12, 13, 11, 8, 14, 1, 2, 5, 1, 1] => QQFieldElem[-5//4, 7//4, -5//4, 1//4],
	[12, 13, 11, 8, 8, 1, 1, 9, 1, 1] => QQFieldElem[-1//2, 1//2, 1//2, -3//2],
	[12, 13, 11, 8, 14, 1, 1, 5, 1, 1] => QQFieldElem[3//2, -1, 0, 1],
	[12, 13, 11, 8, 14, 1, 2, 13, 2, 1] => QQFieldElem[-5//4, 5//4, -1//2, -1//2],
	[12, 13, 11, 8, 14, 1, 2, 12, 1, 1] => QQFieldElem[3, -4, 5//2, 1//2],
	[12, 13, 11, 8, 14, 1, 1, 13, 2, 1] => QQFieldElem[3//2, -3//4, 0, 5//4],
	[12, 13, 11, 8, 14, 1, 1, 12, 1, 1] => QQFieldElem[-3, 5//2, -1, -3//2],
	[12, 13, 11, 8, 14, 1, 2, 9, 1, 1] => QQFieldElem[1, -2, 1, -1//2],
	[12, 13, 11, 8, 14, 1, 1, 9, 1, 1] => QQFieldElem[-1//2, 3//2, -1, 0],
	[12, 13, 11, 8, 3, 1, 1, 13, 1, 1] => QQFieldElem[0, -1, -7//4, -5//4],
	[12, 13, 11, 8, 3, 1, 1, 5, 1, 1] => QQFieldElem[-1//4, 1//4, -1//4, -1//4],
	[12, 13, 11, 8, 11, 1, 1, 13, 1, 1] => QQFieldElem[0, 2, -13//4, 7//4],
	[12, 13, 11, 8, 3, 1, 1, 13, 2, 1] => QQFieldElem[3, 0, 3//2, 0],
	[12, 13, 11, 8, 3, 1, 1, 12, 1, 1] => QQFieldElem[0, 0, 1//2, 1//2],
	[12, 13, 11, 8, 11, 1, 1, 5, 1, 1] => QQFieldElem[1, -2, 1, 0],
	[12, 13, 11, 8, 3, 1, 1, 9, 1, 1] => QQFieldElem[1//2, 1//2, 1//2, 0],
	[12, 13, 11, 8, 8, 1, 1, 13, 1, 1] => QQFieldElem[0, -1, 2, -2],
	[12, 13, 11, 8, 11, 1, 1, 13, 2, 1] => QQFieldElem[-1//4, -1//4, 0, 0],
	[12, 13, 11, 8, 11, 1, 1, 12, 1, 1] => QQFieldElem[-2, 3, -2, 0])