Dict(
	[12, 8, 13, 14, 14, 1, 1, 3, 1, 1] => QQFieldElem[0, 1, -2, 1],
	[12, 8, 13, 14, 11, 1, 1, 8, 1, 1] => QQFieldElem[7//6, -5//6, -1//2, 7//6],
	[12, 8, 13, 14, 8, 1, 1, 14, 1, 2] => QQFieldElem[-1, 3, -3, 1],
	[12, 8, 13, 14, 8, 1, 1, 11, 1, 2] => QQFieldElem[3//2, -1//2, -1//2, 3//2],
	[12, 8, 13, 14, 7, 1, 1, 8, 1, 1] => QQFieldElem[-1//3, -1//6, 1//3, -1//2],
	[12, 8, 13, 14, 14, 2, 1, 3, 1, 1] => QQFieldElem[1, 0, -1, 2],
	[12, 8, 13, 14, 6, 1, 1, 3, 1, 1] => QQFieldElem[0, 1, 0, 0],
	[12, 8, 13, 14, 8, 1, 1, 8, 1, 1] => QQFieldElem[11//6, -4//3, 1//6, 1],
	[12, 8, 13, 14, 11, 1, 1, 14, 1, 1] => QQFieldElem[0, 1, 0, 0],
	[12, 8, 13, 14, 11, 1, 1, 11, 1, 1] => QQFieldElem[1//2, 1//2, -1//2, 1//2],
	[12, 8, 13, 14, 14, 1, 1, 11, 1, 2] => QQFieldElem[3, -3, 1, 2],
	[12, 8, 13, 14, 14, 1, 1, 14, 1, 2] => QQFieldElem[0, 3, -4, 3],
	[12, 8, 13, 14, 7, 1, 1, 11, 1, 1] => QQFieldElem[-1, 0, 2, -2],
	[12, 8, 13, 14, 7, 1, 1, 14, 1, 1] => QQFieldElem[2, -5, 4, -1],
	[12, 8, 13, 14, 14, 2, 1, 14, 1, 2] => QQFieldElem[-1, 2, -1, 0],
	[12, 8, 13, 14, 14, 2, 1, 11, 1, 2] => QQFieldElem[3, -2, -1, 3],
	[12, 8, 13, 14, 14, 1, 1, 8, 1, 1] => QQFieldElem[-2//3, 4//3, -1, 1//3],
	[12, 8, 13, 14, 6, 1, 1, 14, 1, 2] => QQFieldElem[-3//2, 1//2, 1//2, -3//2],
	[12, 8, 13, 14, 8, 1, 1, 11, 1, 1] => QQFieldElem[3//2, -1//2, -1//2, 3//2],
	[12, 8, 13, 14, 6, 1, 1, 11, 1, 2] => QQFieldElem[-1//2, 1//2, -1//2, 1//2],
	[12, 8, 13, 14, 8, 1, 1, 14, 1, 1] => QQFieldElem[2, 2, -4, 4],
	[12, 8, 13, 14, 14, 2, 1, 8, 1, 1] => QQFieldElem[-4//3, 1, -1//3, -2//3],
	[12, 8, 13, 14, 11, 1, 1, 3, 1, 1] => QQFieldElem[0, -1, 2, -1],
	[12, 8, 13, 14, 7, 1, 1, 3, 1, 1] => QQFieldElem[-1//2, 1//2, -1//2, -1//2],
	[12, 8, 13, 14, 6, 1, 1, 8, 1, 1] => QQFieldElem[-1//6, 1//6, 1//6, -1//2],
	[12, 8, 13, 14, 14, 1, 1, 14, 1, 1] => QQFieldElem[3, -4, 2, 1],
	[12, 8, 13, 14, 14, 1, 1, 11, 1, 1] => QQFieldElem[-4, 1, 2, -4],
	[12, 8, 13, 14, 8, 1, 1, 3, 1, 1] => QQFieldElem[1, -2, 2, -1],
	[12, 8, 13, 14, 14, 2, 1, 14, 1, 1] => QQFieldElem[2, -2, 0, 2],
	[12, 8, 13, 14, 14, 2, 1, 11, 1, 1] => QQFieldElem[-2, 0, 3, -3],
	[12, 8, 13, 14, 6, 1, 1, 14, 1, 1] => QQFieldElem[0, 1, 0, 0],
	[12, 8, 13, 14, 6, 1, 1, 11, 1, 1] => QQFieldElem[0, 1//2, 0, 1//2],
	[12, 8, 13, 14, 11, 1, 1, 11, 1, 2] => QQFieldElem[0, 1, -1, 1],
	[12, 8, 13, 14, 11, 1, 1, 14, 1, 2] => QQFieldElem[-1//2, -1//2, 3//2, -3//2],
	[12, 8, 13, 14, 7, 1, 1, 11, 1, 2] => QQFieldElem[-1//2, -1//2, 3//2, -3//2],
	[12, 8, 13, 14, 7, 1, 1, 14, 1, 2] => QQFieldElem[3, -3, 2, 1])