Dict(
	[13, 13, 13, 5, 12, 1, 2, 12, 2, 1] => QQFieldElem[-15//17, 13//17, -9//17, 1//17],
	[13, 13, 13, 5, 12, 1, 1, 12, 2, 1] => QQFieldElem[18//17, -2//17, -30//17, 26//17],
	[13, 13, 13, 5, 13, 1, 2, 13, 2, 1] => QQFieldElem[3//2, -1, 1//2, 1],
	[13, 13, 13, 5, 12, 1, 2, 10, 1, 1] => QQFieldElem[3//2, -5//2, 3//2, 1//2],
	[13, 13, 13, 5, 13, 1, 1, 13, 2, 1] => QQFieldElem[-1//2, 0, 1//2, -1],
	[13, 13, 13, 5, 12, 1, 1, 10, 1, 1] => QQFieldElem[-3, 2, 0, -2],
	[13, 13, 13, 5, 13, 1, 2, 12, 1, 1] => QQFieldElem[30//17, -26//17, 18//17, 15//17],
	[13, 13, 13, 5, 10, 1, 1, 12, 2, 1] => QQFieldElem[38//17, -42//17, 16//17, 19//17],
	[13, 13, 13, 5, 13, 1, 1, 12, 1, 1] => QQFieldElem[-53//34, 21//34, 9//34, -35//34],
	[13, 13, 13, 5, 10, 1, 1, 10, 1, 1] => QQFieldElem[-1, 2, -1, 0],
	[13, 13, 13, 5, 13, 1, 2, 12, 2, 1] => QQFieldElem[4//17, -42//17, 50//17, -32//17],
	[13, 13, 13, 5, 13, 1, 1, 12, 2, 1] => QQFieldElem[-24//17, 14//17, 6//17, -12//17],
	[13, 13, 13, 5, 13, 1, 2, 10, 1, 1] => QQFieldElem[-1, -1, 3, -3],
	[13, 13, 13, 5, 13, 1, 1, 10, 1, 1] => QQFieldElem[-3, 3, -1, -1],
	[13, 13, 13, 5, 12, 1, 2, 13, 1, 1] => QQFieldElem[3//2, -1, -1//2, 1],
	[13, 13, 13, 5, 12, 1, 1, 13, 1, 1] => QQFieldElem[-1//2, 1//2, 1//2, -1//2],
	[13, 13, 13, 5, 10, 1, 1, 13, 1, 1] => QQFieldElem[1//2, 0, 0, 1//2],
	[13, 13, 13, 5, 12, 1, 2, 13, 2, 1] => QQFieldElem[-1//2, 0, 0, -1//2],
	[13, 13, 13, 5, 12, 1, 2, 12, 1, 1] => QQFieldElem[28//17, -56//17, 44//17, -20//17],
	[13, 13, 13, 5, 12, 1, 1, 13, 2, 1] => QQFieldElem[-1//2, 1, -1//2, 0],
	[13, 13, 13, 5, 12, 1, 1, 12, 1, 1] => QQFieldElem[-18//17, 19//17, -21//17, 8//17],
	[13, 13, 13, 5, 13, 1, 2, 13, 1, 1] => QQFieldElem[1//2, 0, -1//2, 1],
	[13, 13, 13, 5, 13, 1, 1, 13, 1, 1] => QQFieldElem[-1//2, -1//2, 1, -1//2],
	[13, 13, 13, 5, 10, 1, 1, 13, 2, 1] => QQFieldElem[1//2, 0, -1, 1],
	[13, 13, 13, 5, 10, 1, 1, 12, 1, 1] => QQFieldElem[9//17, -18//17, 19//17, -4//17])