Dict(
	[13, 14, 11, 4, 12, 1, 1, 6, 1, 1] => QQFieldElem[1//2, 1//2, -1//2, 1//2],
	[13, 14, 11, 4, 9, 1, 1, 6, 1, 1] => QQFieldElem[1//2, 1//2, -1//2, -1//2],
	[13, 14, 11, 4, 12, 1, 1, 14, 1, 1] => QQFieldElem[-1//2, 1//2, -3//2, 1//2],
	[13, 14, 11, 4, 13, 1, 2, 6, 1, 1] => QQFieldElem[1, 0, 0, 0],
	[13, 14, 11, 4, 9, 1, 1, 14, 1, 1] => QQFieldElem[0, 1//2, -1, -1//2],
	[13, 14, 11, 4, 13, 1, 1, 6, 1, 1] => QQFieldElem[0, 1, 0, -1],
	[13, 14, 11, 4, 12, 1, 1, 7, 1, 1] => QQFieldElem[0, 0, -1, 1],
	[13, 14, 11, 4, 9, 1, 1, 7, 1, 1] => QQFieldElem[1//2, 1//2, -1//2, -1//2],
	[13, 14, 11, 4, 12, 1, 1, 14, 2, 1] => QQFieldElem[-1, -1, 1, 0],
	[13, 14, 11, 4, 9, 1, 1, 14, 2, 1] => QQFieldElem[1, 1//2, 0, 1//2],
	[13, 14, 11, 4, 13, 1, 2, 14, 1, 1] => QQFieldElem[0, 1//2, -1, 1//2],
	[13, 14, 11, 4, 13, 1, 1, 14, 1, 1] => QQFieldElem[0, 1//2, 0, -1//2],
	[13, 14, 11, 4, 13, 1, 2, 7, 1, 1] => QQFieldElem[1//2, -1//2, 1//2, 1//2],
	[13, 14, 11, 4, 13, 1, 1, 7, 1, 1] => QQFieldElem[-3//2, 1//2, -1//2, -1//2],
	[13, 14, 11, 4, 13, 1, 2, 14, 2, 1] => QQFieldElem[1, -1, 0, 0],
	[13, 14, 11, 4, 13, 1, 1, 14, 2, 1] => QQFieldElem[-3//2, 3//2, 1//2, -1//2])