Dict(
	[13, 11, 14, 9, 12, 1, 1, 6, 1, 1] => QQFieldElem[-4, 6, -4, 0],
	[13, 11, 14, 9, 12, 1, 1, 8, 1, 1] => QQFieldElem[2//3, -2, 8//3, -4//3],
	[13, 11, 14, 9, 9, 1, 1, 6, 1, 1] => QQFieldElem[-1, 2, -2, 1],
	[13, 11, 14, 9, 9, 1, 1, 8, 1, 1] => QQFieldElem[-1//3, -2//3, 1, -2//3],
	[13, 11, 14, 9, 10, 1, 1, 6, 1, 1] => QQFieldElem[7, -7, 3, 3],
	[13, 11, 14, 9, 10, 1, 1, 8, 1, 1] => QQFieldElem[-4//3, 7//3, -2, 1//3],
	[13, 11, 14, 9, 12, 1, 1, 14, 1, 1] => QQFieldElem[1//4, -3//4, 1//4, -1//4],
	[13, 11, 14, 9, 12, 1, 1, 11, 1, 1] => QQFieldElem[2//3, -8//3, 10//3, -2],
	[13, 11, 14, 9, 13, 1, 2, 6, 1, 1] => QQFieldElem[0, -1, 3//2, -3//2],
	[13, 11, 14, 9, 13, 1, 2, 8, 1, 1] => QQFieldElem[1//2, 0, -1//2, 1],
	[13, 11, 14, 9, 9, 1, 1, 11, 1, 1] => QQFieldElem[0, -2//3, 2//3, -4//3],
	[13, 11, 14, 9, 13, 1, 1, 8, 1, 1] => QQFieldElem[5//6, -4//3, 7//6, -1//3],
	[13, 11, 14, 9, 4, 1, 1, 8, 1, 1] => QQFieldElem[1//3, -1//2, 1//3, -1//6],
	[13, 11, 14, 9, 13, 1, 1, 6, 1, 1] => QQFieldElem[-5//2, 5//2, -1, -1],
	[13, 11, 14, 9, 12, 1, 1, 7, 1, 1] => QQFieldElem[-7//2, 3//2, 3//2, -7//2],
	[13, 11, 14, 9, 9, 1, 1, 14, 1, 1] => QQFieldElem[-1, 2, -2, 1],
	[13, 11, 14, 9, 10, 1, 1, 11, 1, 1] => QQFieldElem[-5//3, 3, -8//3, 2//3],
	[13, 11, 14, 9, 9, 1, 1, 7, 1, 1] => QQFieldElem[-1, 1, 0, -1],
	[13, 11, 14, 9, 10, 1, 1, 14, 1, 1] => QQFieldElem[-1//12, -11//12, 19//12, -5//4],
	[13, 11, 14, 9, 4, 1, 1, 6, 1, 1] => QQFieldElem[-5//2, 5//2, -1, -1],
	[13, 11, 14, 9, 12, 1, 1, 14, 2, 1] => QQFieldElem[-1//2, -1//2, 1//2, -3//2],
	[13, 11, 14, 9, 9, 1, 1, 14, 2, 1] => QQFieldElem[-1, -1, 2, -2],
	[13, 11, 14, 9, 10, 1, 1, 7, 1, 1] => QQFieldElem[3, 0, -3, 4],
	[13, 11, 14, 9, 13, 1, 2, 14, 1, 1] => QQFieldElem[0, -3, 4, -3],
	[13, 11, 14, 9, 13, 1, 2, 11, 1, 1] => QQFieldElem[1, 0, -1, 1],
	[13, 11, 14, 9, 13, 1, 1, 14, 1, 1] => QQFieldElem[-2, 4, -3, 1],
	[13, 11, 14, 9, 13, 1, 1, 11, 1, 1] => QQFieldElem[10//9, -17//9, 5//3, -5//9],
	[13, 11, 14, 9, 10, 1, 1, 14, 2, 1] => QQFieldElem[5//4, -3//4, -1//4, 3//4],
	[13, 11, 14, 9, 4, 1, 1, 11, 1, 1] => QQFieldElem[1//3, -1//3, 2//3, 0],
	[13, 11, 14, 9, 4, 1, 1, 14, 1, 1] => QQFieldElem[1//4, -1//4, 1//4, -1//4],
	[13, 11, 14, 9, 13, 1, 2, 7, 1, 1] => QQFieldElem[3//2, -1, 1//2, 0],
	[13, 11, 14, 9, 13, 1, 1, 7, 1, 1] => QQFieldElem[-3//2, 0, 3//2, -2],
	[13, 11, 14, 9, 4, 1, 1, 7, 1, 1] => QQFieldElem[-1//2, 0, 1//2, -1],
	[13, 11, 14, 9, 13, 1, 2, 14, 2, 1] => QQFieldElem[7//4, -1//4, -3//4, 7//4],
	[13, 11, 14, 9, 4, 1, 1, 14, 2, 1] => QQFieldElem[-1//2, 1//2, 1//2, -1//2],
	[13, 11, 14, 9, 13, 1, 1, 14, 2, 1] => QQFieldElem[11//12, -29//12, 31//12, -5//4])