Dict(
	[14, 14, 13, 5, 7, 1, 1, 12, 1, 1] => QQFieldElem[-31//17, 28//17, -5//17, -24//17],
	[14, 14, 13, 5, 14, 1, 2, 13, 1, 1] => QQFieldElem[1//2, -3//2, 3//2, -1//2],
	[14, 14, 13, 5, 14, 1, 1, 13, 1, 1] => QQFieldElem[-3//2, 1, -1//2, 0],
	[14, 14, 13, 5, 11, 1, 2, 12, 2, 1] => QQFieldElem[-5//17, 27//17, -37//17, 23//17],
	[14, 14, 13, 5, 11, 1, 1, 12, 2, 1] => QQFieldElem[28//17, -56//17, 44//17, -20//17],
	[14, 14, 13, 5, 7, 1, 1, 12, 2, 1] => QQFieldElem[-38//17, 8//17, 18//17, -36//17],
	[14, 14, 13, 5, 11, 1, 2, 10, 1, 1] => QQFieldElem[1//2, 1, -3//2, 1],
	[14, 14, 13, 5, 11, 1, 1, 10, 1, 1] => QQFieldElem[1//2, -1, 3//2, 0],
	[14, 14, 13, 5, 14, 1, 2, 13, 2, 1] => QQFieldElem[-1, -1//2, 2, -3//2],
	[14, 14, 13, 5, 7, 1, 1, 10, 1, 1] => QQFieldElem[-1, -1, 1, -1],
	[14, 14, 13, 5, 14, 1, 1, 13, 2, 1] => QQFieldElem[0, 1, -1, 1],
	[14, 14, 13, 5, 14, 1, 1, 12, 1, 1] => QQFieldElem[-33//17, 32//17, -13//17, -8//17],
	[14, 14, 13, 5, 14, 1, 2, 12, 1, 1] => QQFieldElem[19//17, -38//17, 42//17, -16//17],
	[14, 14, 13, 5, 14, 1, 2, 12, 2, 1] => QQFieldElem[-24//17, -20//17, 40//17, -46//17],
	[14, 14, 13, 5, 14, 1, 1, 12, 2, 1] => QQFieldElem[2//17, 30//17, -26//17, 18//17],
	[14, 14, 13, 5, 14, 1, 2, 10, 1, 1] => QQFieldElem[2, 0, -1, 1],
	[14, 14, 13, 5, 11, 1, 2, 13, 1, 1] => QQFieldElem[-2, 2, -1, 0],
	[14, 14, 13, 5, 14, 1, 1, 10, 1, 1] => QQFieldElem[-1, -1, 1, -1],
	[14, 14, 13, 5, 11, 1, 1, 13, 1, 1] => QQFieldElem[2, -1, 0, 1],
	[14, 14, 13, 5, 7, 1, 1, 13, 1, 1] => QQFieldElem[-1, 1, 0, -1],
	[14, 14, 13, 5, 11, 1, 2, 13, 2, 1] => QQFieldElem[0, 1, -1, 1],
	[14, 14, 13, 5, 11, 1, 2, 12, 1, 1] => QQFieldElem[-42//17, 50//17, -32//17, -4//17],
	[14, 14, 13, 5, 11, 1, 1, 13, 2, 1] => QQFieldElem[1, -5//2, 2, -1//2],
	[14, 14, 13, 5, 11, 1, 1, 12, 1, 1] => QQFieldElem[43//17, -35//17, 2//17, 30//17],
	[14, 14, 13, 5, 7, 1, 1, 13, 2, 1] => QQFieldElem[-1, 1//2, 1, -3//2])