Dict(
	[14, 12, 8, 13, 14, 2, 1, 14, 1, 1] => QQFieldElem[-11//2, 15//2, -11//2, 1//2],
	[14, 12, 8, 13, 14, 2, 1, 11, 1, 1] => QQFieldElem[5//2, -13//2, 13//2, -5//2],
	[14, 12, 8, 13, 14, 1, 1, 7, 1, 1] => QQFieldElem[-5//2, 3//2, 1//2, -5//2],
	[14, 12, 8, 13, 3, 1, 1, 8, 1, 1] => QQFieldElem[-1, 2, -2, 0],
	[14, 12, 8, 13, 14, 1, 1, 14, 2, 1] => QQFieldElem[0, -4, 6, -4],
	[14, 12, 8, 13, 14, 2, 1, 7, 1, 1] => QQFieldElem[-1//2, -3//2, 5//2, -5//2],
	[14, 12, 8, 13, 14, 1, 1, 3, 1, 1] => QQFieldElem[7//2, -3//2, -3//2, 7//2],
	[14, 12, 8, 13, 14, 2, 1, 14, 2, 1] => QQFieldElem[5, -6, 4, 1],
	[14, 12, 8, 13, 11, 1, 1, 8, 1, 1] => QQFieldElem[-2, 0, 1, -2],
	[14, 12, 8, 13, 14, 2, 1, 3, 1, 1] => QQFieldElem[3//2, 3//2, -7//2, 7//2],
	[14, 12, 8, 13, 3, 1, 1, 14, 1, 1] => QQFieldElem[-1//2, 1//2, 1//2, -1//2],
	[14, 12, 8, 13, 11, 2, 1, 8, 1, 1] => QQFieldElem[4, 0, -5, 7],
	[14, 12, 8, 13, 3, 1, 1, 11, 1, 1] => QQFieldElem[-1, 1, 0, -1],
	[14, 12, 8, 13, 8, 1, 1, 8, 1, 1] => QQFieldElem[-1, -4, 7, -6],
	[14, 12, 8, 13, 3, 1, 1, 7, 1, 1] => QQFieldElem[0, 1//2, 0, 1//2],
	[14, 12, 8, 13, 11, 1, 1, 14, 1, 1] => QQFieldElem[-1, -3//2, 3, -5//2],
	[14, 12, 8, 13, 11, 1, 1, 11, 1, 1] => QQFieldElem[0, -2, 3, -2],
	[14, 12, 8, 13, 3, 1, 1, 14, 2, 1] => QQFieldElem[7//2, -7//2, 3//2, 3//2],
	[14, 12, 8, 13, 11, 2, 1, 14, 1, 1] => QQFieldElem[2, -7//2, 3, -1//2],
	[14, 12, 8, 13, 11, 2, 1, 11, 1, 1] => QQFieldElem[-2, 8, -9, 5],
	[14, 12, 8, 13, 3, 1, 1, 3, 1, 1] => QQFieldElem[0, -1//2, 1, -1//2],
	[14, 12, 8, 13, 11, 1, 1, 7, 1, 1] => QQFieldElem[-1, 0, 1, -1],
	[14, 12, 8, 13, 14, 1, 1, 8, 1, 1] => QQFieldElem[-9//2, 5//2, -1//2, -5//2],
	[14, 12, 8, 13, 8, 1, 1, 11, 1, 1] => QQFieldElem[4, -7, 6, -1],
	[14, 12, 8, 13, 8, 1, 1, 14, 1, 1] => QQFieldElem[0, -1, 1, -1],
	[14, 12, 8, 13, 11, 2, 1, 7, 1, 1] => QQFieldElem[2, 1, -3, 4],
	[14, 12, 8, 13, 11, 1, 1, 14, 2, 1] => QQFieldElem[-1//2, 1//2, 1//2, -1//2],
	[14, 12, 8, 13, 14, 2, 1, 8, 1, 1] => QQFieldElem[-7//2, -1//2, 7//2, -9//2],
	[14, 12, 8, 13, 11, 1, 1, 3, 1, 1] => QQFieldElem[2, 0, -2, 3],
	[14, 12, 8, 13, 8, 1, 1, 7, 1, 1] => QQFieldElem[-1, -1, 3, -3],
	[14, 12, 8, 13, 11, 2, 1, 14, 2, 1] => QQFieldElem[5, -5, 2, 2],
	[14, 12, 8, 13, 11, 2, 1, 3, 1, 1] => QQFieldElem[-7//2, -3//2, 11//2, -13//2],
	[14, 12, 8, 13, 8, 1, 1, 14, 2, 1] => QQFieldElem[-2, 9//2, -7//2, 1],
	[14, 12, 8, 13, 14, 1, 1, 14, 1, 1] => QQFieldElem[1, -2, 2, -1],
	[14, 12, 8, 13, 14, 1, 1, 11, 1, 1] => QQFieldElem[-7//2, -3//2, 11//2, -13//2],
	[14, 12, 8, 13, 8, 1, 1, 3, 1, 1] => QQFieldElem[2, 2, -5, 5])