Dict(
	[14, 11, 12, 12, 14, 2, 1, 13, 2, 1] => QQFieldElem[11//2, -5//2, -3//2, 9//2],
	[14, 11, 12, 12, 8, 1, 1, 10, 1, 1] => QQFieldElem[-1//6, 7//6, -3//2, 7//6],
	[14, 11, 12, 12, 14, 1, 1, 9, 1, 1] => QQFieldElem[2//3, 5//6, -5//3, 3//2],
	[14, 11, 12, 12, 14, 2, 1, 12, 1, 1] => QQFieldElem[-2, 0, 2, -3],
	[14, 11, 12, 12, 11, 1, 2, 12, 1, 2] => QQFieldElem[1//2, 1//2, -1//2, 3//2],
	[14, 11, 12, 12, 11, 1, 1, 12, 1, 2] => QQFieldElem[1, 0, 0, 1],
	[14, 11, 12, 12, 14, 2, 1, 9, 1, 1] => QQFieldElem[-7//2, 3, -1//2, -2],
	[14, 11, 12, 12, 7, 1, 1, 12, 1, 2] => QQFieldElem[-1//2, 1//2, -3//2, 1//2],
	[14, 11, 12, 12, 11, 1, 2, 13, 1, 1] => QQFieldElem[3, -2, 0, 2],
	[14, 11, 12, 12, 14, 1, 1, 10, 1, 1] => QQFieldElem[2//3, -4//3, 4//3, -1//3],
	[14, 11, 12, 12, 11, 1, 1, 13, 1, 1] => QQFieldElem[-1//3, -2//3, 4//3, -1],
	[14, 11, 12, 12, 8, 1, 1, 12, 1, 2] => QQFieldElem[-1, -1, 3, -3],
	[14, 11, 12, 12, 7, 1, 1, 13, 1, 1] => QQFieldElem[1, -1, 1, 0],
	[14, 11, 12, 12, 14, 2, 1, 10, 1, 1] => QQFieldElem[2, 0, -2, 3],
	[14, 11, 12, 12, 8, 1, 1, 13, 1, 1] => QQFieldElem[0, 3, -4, 3],
	[14, 11, 12, 12, 11, 1, 2, 13, 2, 1] => QQFieldElem[0, 1, -2, 2],
	[14, 11, 12, 12, 11, 1, 2, 12, 1, 1] => QQFieldElem[2, 0, -2, 2],
	[14, 11, 12, 12, 11, 1, 1, 13, 2, 1] => QQFieldElem[2, -2, 0, 1],
	[14, 11, 12, 12, 11, 1, 1, 12, 1, 1] => QQFieldElem[2//3, -4//3, 1, -1//3],
	[14, 11, 12, 12, 14, 1, 1, 12, 1, 2] => QQFieldElem[1//3, -2//3, 1, -2//3],
	[14, 11, 12, 12, 7, 1, 1, 13, 2, 1] => QQFieldElem[1//2, 1, -3//2, 1],
	[14, 11, 12, 12, 7, 1, 1, 12, 1, 1] => QQFieldElem[1, 0, 0, 1],
	[14, 11, 12, 12, 11, 1, 2, 9, 1, 1] => QQFieldElem[5, -3, -1, 4],
	[14, 11, 12, 12, 14, 2, 1, 12, 1, 2] => QQFieldElem[2, -1, -1, 2],
	[14, 11, 12, 12, 11, 1, 1, 9, 1, 1] => QQFieldElem[-1, -3, 5, -4],
	[14, 11, 12, 12, 7, 1, 1, 9, 1, 1] => QQFieldElem[-3//2, 3//2, -1//2, -1//2],
	[14, 11, 12, 12, 8, 1, 1, 12, 1, 1] => QQFieldElem[-2, 3, -2, 0],
	[14, 11, 12, 12, 8, 1, 1, 13, 2, 1] => QQFieldElem[-3, 1, 1, -3],
	[14, 11, 12, 12, 14, 1, 1, 13, 1, 1] => QQFieldElem[-2, 6, -7, 3],
	[14, 11, 12, 12, 14, 2, 1, 13, 1, 1] => QQFieldElem[-5, 1, 4, -6],
	[14, 11, 12, 12, 11, 1, 2, 10, 1, 1] => QQFieldElem[-4//3, -5//3, 4, -11//3],
	[14, 11, 12, 12, 8, 1, 1, 9, 1, 1] => QQFieldElem[-2, 0, 1, -2],
	[14, 11, 12, 12, 11, 1, 1, 10, 1, 1] => QQFieldElem[-3, 4, -3, 0],
	[14, 11, 12, 12, 7, 1, 1, 10, 1, 1] => QQFieldElem[4//3, 0, -2//3, 4//3],
	[14, 11, 12, 12, 14, 1, 1, 13, 2, 1] => QQFieldElem[1//6, -11//6, 5//2, -11//6],
	[14, 11, 12, 12, 14, 1, 1, 12, 1, 1] => QQFieldElem[-1, 3, -3, 1])