Dict(
	[3, 13, 14, 12, 14, 1, 2, 14, 1, 1] => QQFieldElem[2, 0, -2, 3],
	[3, 13, 14, 12, 14, 1, 2, 11, 1, 1] => QQFieldElem[5//2, -3//2, -1//2, 5//2],
	[3, 13, 14, 12, 14, 1, 1, 14, 1, 1] => QQFieldElem[1, -2, 2, -1],
	[3, 13, 14, 12, 14, 1, 1, 11, 1, 1] => QQFieldElem[-3//2, -1//2, 3//2, -5//2],
	[3, 13, 14, 12, 14, 1, 2, 7, 1, 1] => QQFieldElem[-3//2, 1//2, 1//2, -3//2],
	[3, 13, 14, 12, 14, 1, 1, 7, 1, 1] => QQFieldElem[1//2, 1//2, -3//2, 3//2],
	[3, 13, 14, 12, 6, 1, 1, 14, 1, 1] => QQFieldElem[-1//2, -1//2, 3//2, -3//2],
	[3, 13, 14, 12, 6, 1, 1, 11, 1, 1] => QQFieldElem[1//2, 1//2, -3//2, 3//2],
	[3, 13, 14, 12, 7, 1, 1, 14, 1, 2] => QQFieldElem[-3, 3, -1, -1],
	[3, 13, 14, 12, 6, 1, 1, 7, 1, 1] => QQFieldElem[-1//2, -1//2, 3//2, -3//2],
	[3, 13, 14, 12, 14, 1, 2, 14, 1, 2] => QQFieldElem[-5//2, 3//2, 1//2, -5//2],
	[3, 13, 14, 12, 14, 1, 1, 14, 1, 2] => QQFieldElem[2, 0, -2, 2],
	[3, 13, 14, 12, 7, 1, 1, 14, 1, 1] => QQFieldElem[5//2, -3//2, -1//2, 5//2],
	[3, 13, 14, 12, 7, 1, 1, 11, 1, 1] => QQFieldElem[-3, 1, 1, -3],
	[3, 13, 14, 12, 7, 1, 1, 7, 1, 1] => QQFieldElem[2, -1, -1, 2],
	[3, 13, 14, 12, 6, 1, 1, 14, 1, 2] => QQFieldElem[3, -2, 0, 2])