Dict(
	[7, 7, 14, 11, 5, 1, 1, 4, 1, 1] => QQFieldElem[1, -1, 0, 0],
	[7, 7, 14, 11, 5, 1, 1, 13, 1, 1] => QQFieldElem[1//2, -1//2, 1//2, 1//2],
	[7, 7, 14, 11, 9, 1, 1, 9, 1, 1] => QQFieldElem[2, -3, 2, 0],
	[7, 7, 14, 11, 12, 1, 1, 13, 1, 2] => QQFieldElem[-7//6, 13//6, -11//6, 1//2],
	[7, 7, 14, 11, 9, 1, 1, 13, 1, 2] => QQFieldElem[-1//2, 1//2, 1//2, -1//2],
	[7, 7, 14, 11, 13, 1, 1, 9, 1, 1] => QQFieldElem[1//2, -1//2, 1//2, 1//2],
	[7, 7, 14, 11, 5, 1, 1, 9, 1, 1] => QQFieldElem[-1, 1, -1, 0],
	[7, 7, 14, 11, 13, 1, 1, 13, 1, 2] => QQFieldElem[-7//6, 2//3, 1//6, 0],
	[7, 7, 14, 11, 5, 1, 1, 13, 1, 2] => QQFieldElem[-2, 2, -1, -1],
	[7, 7, 14, 11, 12, 1, 1, 4, 1, 1] => QQFieldElem[0, 0, 0, 1],
	[7, 7, 14, 11, 12, 1, 1, 13, 1, 1] => QQFieldElem[1//3, -1//3, 2//3, 0],
	[7, 7, 14, 11, 9, 1, 1, 4, 1, 1] => QQFieldElem[-3//2, 3//2, -1//2, -1//2],
	[7, 7, 14, 11, 9, 1, 1, 13, 1, 1] => QQFieldElem[1//2, -1//2, -1//2, 3//2],
	[7, 7, 14, 11, 13, 1, 1, 13, 1, 1] => QQFieldElem[5//3, -2//3, 1//3, 1],
	[7, 7, 14, 11, 13, 1, 1, 4, 1, 1] => QQFieldElem[-1//2, 0, 1//2, 0],
	[7, 7, 14, 11, 12, 1, 1, 9, 1, 1] => QQFieldElem[-1, 1, 0, -1])