Dict(
	[8, 13, 11, 13, 14, 1, 1, 6, 1, 1] => QQFieldElem[7//6, -1, 1//6, 5//6],
	[8, 13, 11, 13, 8, 1, 1, 14, 1, 1] => QQFieldElem[-1//2, -5//4, 3//2, -3//4],
	[8, 13, 11, 13, 7, 1, 1, 7, 1, 1] => QQFieldElem[1, 0, -1, 1],
	[8, 13, 11, 13, 14, 1, 2, 8, 1, 1] => QQFieldElem[-1//2, 0, 3//2, -2],
	[8, 13, 11, 13, 14, 1, 1, 8, 1, 1] => QQFieldElem[-1//2, 1, -1//2, 0],
	[8, 13, 11, 13, 8, 1, 1, 11, 1, 1] => QQFieldElem[-5, 2, 2, -5],
	[8, 13, 11, 13, 8, 1, 1, 7, 1, 1] => QQFieldElem[3, -1, -2, 4],
	[8, 13, 11, 13, 14, 1, 2, 14, 1, 1] => QQFieldElem[-2, 0, 2, -3],
	[8, 13, 11, 13, 14, 1, 2, 11, 1, 1] => QQFieldElem[-4//3, -4//3, 10//3, -3],
	[8, 13, 11, 13, 14, 1, 1, 14, 1, 1] => QQFieldElem[2, -1, 0, 2],
	[8, 13, 11, 13, 14, 1, 1, 11, 1, 1] => QQFieldElem[-4//3, 5//3, -1, -1//3],
	[8, 13, 11, 13, 3, 1, 1, 14, 1, 2] => QQFieldElem[5//2, 1//2, 3//2, 1//2],
	[8, 13, 11, 13, 14, 1, 2, 7, 1, 1] => QQFieldElem[1//2, 1, -2, 3//2],
	[8, 13, 11, 13, 14, 1, 1, 7, 1, 1] => QQFieldElem[5//6, -1, 1//3, 1//6],
	[8, 13, 11, 13, 3, 1, 1, 6, 1, 1] => QQFieldElem[-1, 0, 1, -3//2],
	[8, 13, 11, 13, 3, 1, 1, 8, 1, 1] => QQFieldElem[0, -1//2, 0, 1//2],
	[8, 13, 11, 13, 11, 1, 1, 14, 1, 2] => QQFieldElem[1//2, 1//2, -1//2, 1//2],
	[8, 13, 11, 13, 7, 1, 1, 14, 1, 2] => QQFieldElem[-5, 6, -2, -2],
	[8, 13, 11, 13, 11, 1, 1, 6, 1, 1] => QQFieldElem[-3, -3, 7, -7],
	[8, 13, 11, 13, 11, 1, 1, 8, 1, 1] => QQFieldElem[4, -2, -2, 4],
	[8, 13, 11, 13, 8, 1, 1, 14, 1, 2] => QQFieldElem[3, -7//4, -1, 7//4],
	[8, 13, 11, 13, 7, 1, 1, 6, 1, 1] => QQFieldElem[1, 1, -2, 2],
	[8, 13, 11, 13, 7, 1, 1, 8, 1, 1] => QQFieldElem[-1, 1, 1, -1],
	[8, 13, 11, 13, 3, 1, 1, 14, 1, 1] => QQFieldElem[0, 1//4, -1//2, -1//4],
	[8, 13, 11, 13, 3, 1, 1, 11, 1, 1] => QQFieldElem[1//3, -1//3, 0, 2//3],
	[8, 13, 11, 13, 8, 1, 1, 6, 1, 1] => QQFieldElem[4, 1, -6, 7],
	[8, 13, 11, 13, 8, 1, 1, 8, 1, 1] => QQFieldElem[-3, 2, 1, -2],
	[8, 13, 11, 13, 3, 1, 1, 7, 1, 1] => QQFieldElem[-1//2, 0, 0, -1//2],
	[8, 13, 11, 13, 14, 1, 2, 14, 1, 2] => QQFieldElem[0, 3//4, -3//2, 5//4],
	[8, 13, 11, 13, 11, 1, 1, 14, 1, 1] => QQFieldElem[0, 1//4, 0, -1//4],
	[8, 13, 11, 13, 11, 1, 1, 11, 1, 1] => QQFieldElem[20//3, -4//3, -14//3, 8],
	[8, 13, 11, 13, 14, 1, 1, 14, 1, 2] => QQFieldElem[5//6, -3//4, 1//3, 5//12],
	[8, 13, 11, 13, 7, 1, 1, 14, 1, 1] => QQFieldElem[3, -3, 3, 0],
	[8, 13, 11, 13, 7, 1, 1, 11, 1, 1] => QQFieldElem[-4//3, 2//3, 4//3, -2],
	[8, 13, 11, 13, 14, 1, 2, 6, 1, 1] => QQFieldElem[-1//2, 2, -5//2, 3//2],
	[8, 13, 11, 13, 11, 1, 1, 7, 1, 1] => QQFieldElem[-7//2, 0, 7//2, -5])