Dict(
	[8, 14, 12, 12, 14, 1, 2, 13, 1, 1] => QQFieldElem[1, -1//3, -2//3, 4//3],
	[8, 14, 12, 12, 7, 1, 1, 9, 1, 1] => QQFieldElem[1, 1, -2, 2],
	[8, 14, 12, 12, 14, 1, 1, 13, 1, 1] => QQFieldElem[-1//2, 0, 3//2, -1],
	[8, 14, 12, 12, 6, 1, 1, 12, 1, 2] => QQFieldElem[0, 0, -1, 1],
	[8, 14, 12, 12, 11, 1, 1, 10, 1, 1] => QQFieldElem[2, -3//2, 2, 1//2],
	[8, 14, 12, 12, 6, 1, 1, 13, 1, 1] => QQFieldElem[-1//3, 1, -1//3, 1//3],
	[8, 14, 12, 12, 7, 1, 1, 10, 1, 1] => QQFieldElem[0, 0, 1, 0],
	[8, 14, 12, 12, 14, 1, 2, 12, 1, 1] => QQFieldElem[-1//2, 1, -3//2, 0],
	[8, 14, 12, 12, 14, 1, 1, 12, 1, 1] => QQFieldElem[-1//3, 0, -1//3, 1//3],
	[8, 14, 12, 12, 14, 1, 2, 9, 1, 1] => QQFieldElem[3, -1, -1, 3],
	[8, 14, 12, 12, 14, 1, 1, 9, 1, 1] => QQFieldElem[-7//2, -1//2, 7//2, -9//2],
	[8, 14, 12, 12, 6, 1, 1, 12, 1, 1] => QQFieldElem[0, 1, -2, 1],
	[8, 14, 12, 12, 11, 1, 1, 12, 1, 2] => QQFieldElem[1//3, 1//3, -1, 1//3],
	[8, 14, 12, 12, 7, 1, 1, 12, 1, 2] => QQFieldElem[-3, 0, 3, -3],
	[8, 14, 12, 12, 6, 1, 1, 9, 1, 1] => QQFieldElem[0, 2, -2, 2],
	[8, 14, 12, 12, 14, 1, 2, 10, 1, 1] => QQFieldElem[-1, 0, 1, -2],
	[8, 14, 12, 12, 14, 1, 1, 10, 1, 1] => QQFieldElem[1//2, 0, -5//2, 2],
	[8, 14, 12, 12, 11, 1, 1, 13, 1, 1] => QQFieldElem[-1, 3//2, -1, 1//2],
	[8, 14, 12, 12, 7, 1, 1, 13, 1, 1] => QQFieldElem[1//3, 1//3, 0, 1//3],
	[8, 14, 12, 12, 6, 1, 1, 10, 1, 1] => QQFieldElem[1, -1, 1, -1],
	[8, 14, 12, 12, 14, 1, 2, 12, 1, 2] => QQFieldElem[1, -1//3, -2//3, 4//3],
	[8, 14, 12, 12, 11, 1, 1, 12, 1, 1] => QQFieldElem[3, -1, -1, 3],
	[8, 14, 12, 12, 14, 1, 1, 12, 1, 2] => QQFieldElem[-1, -1//2, 1, -3//2],
	[8, 14, 12, 12, 7, 1, 1, 12, 1, 1] => QQFieldElem[-1, 4, -3, 1],
	[8, 14, 12, 12, 11, 1, 1, 9, 1, 1] => QQFieldElem[-3//2, 9//2, -9//2, 3//2])