Dict(
	[9, 11, 8, 13, 13, 1, 1, 3, 1, 1] => QQFieldElem[3//2, -1//2, -1//2, 3//2],
	[9, 11, 8, 13, 5, 1, 1, 3, 1, 1] => QQFieldElem[0, 1//2, -1//2, 0],
	[9, 11, 8, 13, 12, 1, 1, 8, 1, 1] => QQFieldElem[-3//2, 1//2, 1//2, -1//2],
	[9, 11, 8, 13, 9, 1, 1, 8, 1, 1] => QQFieldElem[0, 0, 0, 0],
	[9, 11, 8, 13, 12, 1, 1, 14, 1, 1] => QQFieldElem[-1, 1, 0, -1],
	[9, 11, 8, 13, 12, 1, 1, 11, 1, 1] => QQFieldElem[-1, 1, 0, -2],
	[9, 11, 8, 13, 9, 1, 1, 14, 1, 1] => QQFieldElem[1//3, -1//3, -1//3, 0],
	[9, 11, 8, 13, 9, 1, 1, 11, 1, 1] => QQFieldElem[0, -1, -1, 0],
	[9, 11, 8, 13, 13, 1, 1, 8, 1, 1] => QQFieldElem[1, -1, 0, 1],
	[9, 11, 8, 13, 5, 1, 1, 8, 1, 1] => QQFieldElem[0, 1//2, 0, 1//2],
	[9, 11, 8, 13, 12, 1, 1, 3, 1, 1] => QQFieldElem[-2, 0, 1, -2],
	[9, 11, 8, 13, 9, 1, 1, 3, 1, 1] => QQFieldElem[1, 0, -1, 1],
	[9, 11, 8, 13, 13, 1, 1, 11, 1, 1] => QQFieldElem[2, -1, 0, 1],
	[9, 11, 8, 13, 13, 1, 1, 14, 1, 1] => QQFieldElem[7//6, -3//2, 1//6, 5//6],
	[9, 11, 8, 13, 5, 1, 1, 14, 1, 1] => QQFieldElem[1//6, 0, -1//3, -1//6],
	[9, 11, 8, 13, 5, 1, 1, 11, 1, 1] => QQFieldElem[0, 1, 1, 1])