Dict(
	[13, 20, 15, 18, 6, 24] => QQFieldElem[-1//6, 0, 0, 0, -1//6, 0, 0, 0],
	[13, 20, 15, 18, 6, 8] => QQFieldElem[0, 0, 0, 3//64, 0, 0, 0, 3//64],
	[13, 20, 15, 18, 6, 23] => QQFieldElem[-1//6, 0, 0, 0, 1//6, 0, 0, 0],
	[13, 20, 15, 18, 25, 24] => QQFieldElem[-1//8, 0, 0, 0, 1//8, 0, 0, 0],
	[13, 20, 15, 18, 25, 8] => QQFieldElem[0, 0, 0, 9//128, 0, 0, 0, -9//128],
	[13, 20, 15, 18, 6, 9] => QQFieldElem[1//12, 0, 0, 0, 1//12, 0, 0, 0],
	[13, 20, 15, 18, 25, 23] => QQFieldElem[-1//24, 0, 0, 0, -1//24, 0, 0, 0],
	[13, 20, 15, 18, 10, 24] => QQFieldElem[-1//6, 0, 0, 0, -1//6, 0, 0, 0],
	[13, 20, 15, 18, 25, 9] => QQFieldElem[-1//8, 0, 0, 0, 1//8, 0, 0, 0],
	[13, 20, 15, 18, 10, 8] => QQFieldElem[0, 0, 0, -3//64, 0, 0, 0, -3//64],
	[13, 20, 15, 18, 10, 23] => QQFieldElem[1//6, 0, 0, 0, -1//6, 0, 0, 0],
	[13, 20, 15, 18, 21, 24] => QQFieldElem[-5//24, 0, 0, 0, 1//24, 0, 0, 0],
	[13, 20, 15, 18, 21, 8] => QQFieldElem[0, 0, 0, -15//128, 0, 0, 0, 3//128],
	[13, 20, 15, 18, 21, 23] => QQFieldElem[-1//24, 0, 0, 0, 1//8, 0, 0, 0],
	[13, 20, 15, 18, 10, 9] => QQFieldElem[1//12, 0, 0, 0, 1//12, 0, 0, 0],
	[13, 20, 15, 18, 21, 9] => QQFieldElem[-5//24, 0, 0, 0, 1//24, 0, 0, 0])