Dict(
	[14, 18, 14, 18, 22, 22] => QQFieldElem[-1//3, 0, 0, 0, 0, 0, 0, 0],
	[14, 18, 14, 18, 25, 22] => QQFieldElem[-1//3, 0, 0, 0, 0, 0, 0, 0],
	[14, 18, 14, 18, 7, 22] => QQFieldElem[4//3, 0, 0, 0, 0, 0, 0, 0],
	[14, 18, 14, 18, 10, 22] => QQFieldElem[2//3, 0, 0, 0, 0, 0, 0, 0],
	[14, 18, 14, 18, 22, 7] => QQFieldElem[1//6, 0, 0, 0, 0, 0, 0, 0],
	[14, 18, 14, 18, 22, 25] => QQFieldElem[-2//3, 0, 0, 0, 0, 0, 0, 0],
	[14, 18, 14, 18, 25, 7] => QQFieldElem[1//6, 0, 0, 0, 0, 0, 0, 0],
	[14, 18, 14, 18, 25, 25] => QQFieldElem[1//3, 0, 0, 0, 0, 0, 0, 0],
	[14, 18, 14, 18, 7, 7] => QQFieldElem[1//3, 0, 0, 0, 0, 0, 0, 0],
	[14, 18, 14, 18, 7, 25] => QQFieldElem[8//3, 0, 0, 0, 0, 0, 0, 0],
	[14, 18, 14, 18, 10, 7] => QQFieldElem[1//6, 0, 0, 0, 0, 0, 0, 0],
	[14, 18, 14, 18, 10, 25] => QQFieldElem[-2//3, 0, 0, 0, 0, 0, 0, 0],
	[14, 18, 14, 18, 22, 10] => QQFieldElem[2//3, 0, 0, 0, 0, 0, 0, 0],
	[14, 18, 14, 18, 25, 10] => QQFieldElem[-1//3, 0, 0, 0, 0, 0, 0, 0],
	[14, 18, 14, 18, 7, 10] => QQFieldElem[4//3, 0, 0, 0, 0, 0, 0, 0],
	[14, 18, 14, 18, 10, 10] => QQFieldElem[-1//3, 0, 0, 0, 0, 0, 0, 0])