Dict(
	[25, 25, 13, 18, 18, 6] => QQFieldElem[-1//3, 0, 0, 0, 2//3, 0, 0, 0],
	[25, 25, 13, 18, 19, 25] => QQFieldElem[-1, 0, 0, 0, 0, 0, 0, 0],
	[25, 25, 13, 18, 13, 6] => QQFieldElem[-2, 0, 0, 0, 0, 0, 0, 0],
	[25, 25, 13, 18, 14, 6] => QQFieldElem[-2//3, 0, 0, 0, 1//3, 0, 0, 0],
	[25, 25, 13, 18, 18, 25] => QQFieldElem[1//3, 0, 0, 0, -2//3, 0, 0, 0],
	[25, 25, 13, 18, 19, 21] => QQFieldElem[1, 0, 0, 0, 0, 0, 0, 0],
	[25, 25, 13, 18, 19, 10] => QQFieldElem[1, 0, 0, 0, 0, 0, 0, 0],
	[25, 25, 13, 18, 13, 25] => QQFieldElem[-2, 0, 0, 0, 0, 0, 0, 0],
	[25, 25, 13, 18, 18, 21] => QQFieldElem[1//3, 0, 0, 0, -2//3, 0, 0, 0],
	[25, 25, 13, 18, 14, 25] => QQFieldElem[2//3, 0, 0, 0, -1//3, 0, 0, 0],
	[25, 25, 13, 18, 18, 10] => QQFieldElem[-1//3, 0, 0, 0, 2//3, 0, 0, 0],
	[25, 25, 13, 18, 13, 21] => QQFieldElem[-2, 0, 0, 0, 0, 0, 0, 0],
	[25, 25, 13, 18, 14, 21] => QQFieldElem[-2//3, 0, 0, 0, 1//3, 0, 0, 0],
	[25, 25, 13, 18, 13, 10] => QQFieldElem[-2, 0, 0, 0, 0, 0, 0, 0],
	[25, 25, 13, 18, 14, 10] => QQFieldElem[2//3, 0, 0, 0, -1//3, 0, 0, 0],
	[25, 25, 13, 18, 19, 6] => QQFieldElem[-1, 0, 0, 0, 0, 0, 0, 0])