Dict(
	[10, 15, 11, 10, 15, 10] => QQFieldElem[13, 9, -4, -2, -5, -9],
	[10, 15, 11, 10, 11, 14] => QQFieldElem[-6, -3, 2, 0, 4, 6],
	[10, 15, 11, 10, 13, 10] => QQFieldElem[-4, -5, 0, 2, 1, 1],
	[10, 15, 11, 10, 15, 16] => QQFieldElem[2//3, 1//3, 1//3, -2//3, -4//3, -1//3],
	[10, 15, 11, 10, 13, 16] => QQFieldElem[2//3, 0, -1, 1//3, 1, -1],
	[10, 15, 11, 10, 9, 10] => QQFieldElem[3, 0, -2, 2, 0, -3],
	[10, 15, 11, 10, 15, 12] => QQFieldElem[7//3, 0, -2, 2//3, -1, -3],
	[10, 15, 11, 10, 13, 12] => QQFieldElem[-1, 1//3, 4//3, -1, -4//3, 2//3],
	[10, 15, 11, 10, 11, 10] => QQFieldElem[-7, -1, 3, -2, 6, 10],
	[10, 15, 11, 10, 9, 16] => QQFieldElem[-2, 0, 0, 0, -1, -1],
	[10, 15, 11, 10, 9, 12] => QQFieldElem[-1, -1//3, 1//3, 0, -2//3, -1//3],
	[10, 15, 11, 10, 15, 14] => QQFieldElem[32//3, 5, -11//3, 1//3, -7, -34//3],
	[10, 15, 11, 10, 11, 16] => QQFieldElem[0, 0, -1, 1, 1, 0],
	[10, 15, 11, 10, 13, 14] => QQFieldElem[-11//3, -2, 2//3, -1//3, 2, 10//3],
	[10, 15, 11, 10, 11, 12] => QQFieldElem[-2//3, -1//3, 0, 2//3, 4//3, 1],
	[10, 15, 11, 10, 9, 14] => QQFieldElem[1, 1, 0, 0, -1, -1])