Dict(
	[10, 6, 14, 14, 11, 7] => QQFieldElem[-1, -2, 0, 1, -1, -2],
	[10, 6, 14, 14, 15, 5] => QQFieldElem[-7, 3, 9, -8, -9, 3],
	[10, 6, 14, 14, 9, 13] => QQFieldElem[-2//3, 0, 2//3, -1//3, 0, 1//3],
	[10, 6, 14, 14, 9, 15] => QQFieldElem[-46//703, -70//703, 138//703, 164//703, -484//703, 211//703],
	[10, 6, 14, 14, 13, 5] => QQFieldElem[12, 0, -12, 8, 11, -4],
	[10, 6, 14, 14, 11, 13] => QQFieldElem[-1, -1, 1, 0, -1, 0],
	[10, 6, 14, 14, 11, 15] => QQFieldElem[-388//703, -621//703, 461//703, 69//703, -598//703, -207//703],
	[10, 6, 14, 14, 9, 5] => QQFieldElem[-2, 0, 2, -1, -1, 1],
	[10, 6, 14, 14, 11, 5] => QQFieldElem[-4, -3, 3, 0, -4, -1],
	[10, 6, 14, 14, 15, 7] => QQFieldElem[-4, -2, 4, -1, -5, -1],
	[10, 6, 14, 14, 13, 7] => QQFieldElem[5, 3, -3, 0, 5, 2],
	[10, 6, 14, 14, 15, 13] => QQFieldElem[1, 1, 0, -1, -2, -2],
	[10, 6, 14, 14, 15, 15] => QQFieldElem[-20//37, 13//37, 23//37, -22//37, -19//37, -8//37],
	[10, 6, 14, 14, 9, 7] => QQFieldElem[0, -1, 1, 0, -1, 0],
	[10, 6, 14, 14, 13, 15] => QQFieldElem[387//703, 161//703, -458//703, -96//703, 832//703, -415//703],
	[10, 6, 14, 14, 13, 13] => QQFieldElem[1, 0, -1, 1, 1, 0])