Dict(
	[16, 14, 14, 16, 9, 8] => QQFieldElem[7, 2, -2, 0, -7, -9],
	[16, 14, 14, 16, 15, 3] => QQFieldElem[177, 72, -72, 0, -120, -192],
	[16, 14, 14, 16, 7, 4] => QQFieldElem[13, 4, -4, 0, -15, -19],
	[16, 14, 14, 16, 1, 16] => QQFieldElem[2//3, -5//6, 5//6, 0, -1//3, 1//2],
	[16, 14, 14, 16, 9, 3] => QQFieldElem[135, 55, -55, 0, -91, -146],
	[16, 14, 14, 16, 15, 15] => QQFieldElem[84, 33, -33, 0, -63, -96],
	[16, 14, 14, 16, 7, 12] => QQFieldElem[-6, -2, 2, 0, -7, -5],
	[16, 14, 14, 16, 7, 11] => QQFieldElem[13, 4, -4, 0, -15, -19],
	[16, 14, 14, 16, 9, 15] => QQFieldElem[48, 19, -19, 0, -35, -54],
	[16, 14, 14, 16, 5, 4] => QQFieldElem[0, 1, -1, 0, 5, 4],
	[16, 14, 14, 16, 3, 8] => QQFieldElem[-1, -1, 1, 0, -1, 0],
	[16, 14, 14, 16, 11, 4] => QQFieldElem[-63, -26, 26, 0, 41, 67],
	[16, 14, 14, 16, 13, 8] => QQFieldElem[-8, -3, 3, 0, 6, 9],
	[16, 14, 14, 16, 7, 7] => QQFieldElem[15, 17, -17, 0, 49, 32],
	[16, 14, 14, 16, 3, 3] => QQFieldElem[1, 2, -2, 0, 8, 6],
	[16, 14, 14, 16, 5, 12] => QQFieldElem[6, 3, -3, 0, 6, 3],
	[16, 14, 14, 16, 13, 3] => QQFieldElem[-117, -46, 46, 0, 88, 134],
	[16, 14, 14, 16, 11, 12] => QQFieldElem[-14, -8, 8, 0, 0, 8],
	[16, 14, 14, 16, 5, 11] => QQFieldElem[-3, 0, 0, 0, 9, 9],
	[16, 14, 14, 16, 11, 11] => QQFieldElem[-104, -42, 42, 0, 72, 114],
	[16, 14, 14, 16, 7, 16] => QQFieldElem[1, 5//6, -5//6, 0, 1//6, -2//3],
	[16, 14, 14, 16, 15, 4] => QQFieldElem[51, 21, -21, 0, -33, -54],
	[16, 14, 14, 16, 3, 15] => QQFieldElem[0, 1//3, -1//3, 0, 2//3, 1//3],
	[16, 14, 14, 16, 13, 15] => QQFieldElem[-58, -23, 23, 0, 43, 66],
	[16, 14, 14, 16, 1, 8] => QQFieldElem[-2//3, 1, -1, 0, 1//3, -2//3],
	[16, 14, 14, 16, 5, 7] => QQFieldElem[-33, -27, 27, 0, -51, -24],
	[16, 14, 14, 16, 11, 7] => QQFieldElem[57, 12, -12, 0, -99, -111],
	[16, 14, 14, 16, 9, 4] => QQFieldElem[16, 7, -7, 0, -9, -16],
	[16, 14, 14, 16, 15, 12] => QQFieldElem[12, 6, -6, 0, -3, -9],
	[16, 14, 14, 16, 1, 3] => QQFieldElem[3, 1, -1, 0, -3, -4],
	[16, 14, 14, 16, 15, 11] => QQFieldElem[105, 42, -42, 0, -75, -117],
	[16, 14, 14, 16, 5, 16] => QQFieldElem[-1//2, -1//2, 1//2, 0, -1//2, 0],
	[16, 14, 14, 16, 9, 12] => QQFieldElem[4, 4, -4, 0, 2, -2],
	[16, 14, 14, 16, 11, 16] => QQFieldElem[-11//2, -5//2, 5//2, 0, 5//2, 5],
	[16, 14, 14, 16, 1, 15] => QQFieldElem[-1//3, 2//3, -2//3, 0, 0, -2//3],
	[16, 14, 14, 16, 15, 7] => QQFieldElem[-90, -39, 39, 0, 48, 87],
	[16, 14, 14, 16, 9, 11] => QQFieldElem[64, 26, -26, 0, -44, -70],
	[16, 14, 14, 16, 3, 4] => QQFieldElem[1, 1, -1, 0, 3, 2],
	[16, 14, 14, 16, 13, 4] => QQFieldElem[-13, -5, 5, 0, 10, 15],
	[16, 14, 14, 16, 9, 7] => QQFieldElem[-33, -6, 6, 0, 63, 69],
	[16, 14, 14, 16, 7, 8] => QQFieldElem[4, 1, -1, 0, -7, -8],
	[16, 14, 14, 16, 15, 16] => QQFieldElem[9//2, 3//2, -3//2, 0, -9//2, -6],
	[16, 14, 14, 16, 3, 12] => QQFieldElem[4, 1, -1, 0, 3, 2],
	[16, 14, 14, 16, 7, 3] => QQFieldElem[49, 17, -17, 0, -49, -66],
	[16, 14, 14, 16, 13, 12] => QQFieldElem[-2, -1, 1, 0, 2, 3],
	[16, 14, 14, 16, 3, 11] => QQFieldElem[1, 1, -1, 0, 2, 1],
	[16, 14, 14, 16, 9, 16] => QQFieldElem[3//2, 5//6, -5//6, 0, -1//3, -7//6],
	[16, 14, 14, 16, 13, 11] => QQFieldElem[-71, -28, 28, 0, 53, 81],
	[16, 14, 14, 16, 1, 4] => QQFieldElem[0, 1//3, -1//3, 0, -1//3, -2//3],
	[16, 14, 14, 16, 7, 15] => QQFieldElem[11, 14//3, -14//3, 0, -23//3, -37//3],
	[16, 14, 14, 16, 5, 8] => QQFieldElem[1, 1, -1, 0, 3, 2],
	[16, 14, 14, 16, 3, 7] => QQFieldElem[15, 11, -11, 0, 16, 5],
	[16, 14, 14, 16, 11, 8] => QQFieldElem[-30, -11, 11, 0, 26, 37],
	[16, 14, 14, 16, 13, 7] => QQFieldElem[54, 21, -21, 0, -42, -63],
	[16, 14, 14, 16, 5, 3] => QQFieldElem[-15, -3, 3, 0, 27, 30],
	[16, 14, 14, 16, 1, 12] => QQFieldElem[-5, 16//3, -16//3, 0, 5//3, -11//3],
	[16, 14, 14, 16, 11, 3] => QQFieldElem[-219, -89, 89, 0, 149, 238],
	[16, 14, 14, 16, 1, 11] => QQFieldElem[0, 1//3, -1//3, 0, -1//3, -2//3],
	[16, 14, 14, 16, 3, 16] => QQFieldElem[1//2, 2//3, -2//3, 0, 5//6, 1//6],
	[16, 14, 14, 16, 13, 16] => QQFieldElem[-3//2, -1//2, 1//2, 0, 1, 3//2],
	[16, 14, 14, 16, 5, 15] => QQFieldElem[-5, -2, 2, 0, 3, 5],
	[16, 14, 14, 16, 15, 8] => QQFieldElem[30, 12, -12, 0, -21, -33],
	[16, 14, 14, 16, 11, 15] => QQFieldElem[-78, -31, 31, 0, 57, 88],
	[16, 14, 14, 16, 1, 7] => QQFieldElem[-2, -1, 1, 0, -1, 0])