Dict(
	[12, 12, 12, 12, 1, 4] => QQFieldElem[0, 0, 0, 0, -1, 0, 1, 0],
	[12, 12, 12, 12, 16, 1] => QQFieldElem[7, 0, 4, 0, 7, 0, 0, 0],
	[12, 12, 12, 12, 1, 13] => QQFieldElem[0, 0, 0, 0, -1, 0, 1, 0],
	[12, 12, 12, 12, 1, 16] => QQFieldElem[1//5, 0, 0, 0, -3//5, 0, 3//5, 0],
	[12, 12, 12, 12, 13, 13] => QQFieldElem[-1, 0, -1, 0, -1, 0, 0, 0],
	[12, 12, 12, 12, 13, 4] => QQFieldElem[-1, 0, 0, 0, -1, 0, 0, 0],
	[12, 12, 12, 12, 4, 4] => QQFieldElem[-1, 0, -1, 0, -1, 0, 0, 0],
	[12, 12, 12, 12, 4, 13] => QQFieldElem[-1, 0, 0, 0, -1, 0, 0, 0],
	[12, 12, 12, 12, 1, 1] => QQFieldElem[-2, 0, 0, 0, -1, 0, 1, 0],
	[12, 12, 12, 12, 16, 13] => QQFieldElem[3, 0, 1, 0, 3, 0, 0, 0],
	[12, 12, 12, 12, 16, 4] => QQFieldElem[3, 0, 1, 0, 3, 0, 0, 0],
	[12, 12, 12, 12, 13, 16] => QQFieldElem[-1//5, 0, -2//5, 0, -1//5, 0, 0, 0],
	[12, 12, 12, 12, 4, 16] => QQFieldElem[-1//5, 0, -2//5, 0, -1//5, 0, 0, 0],
	[12, 12, 12, 12, 13, 1] => QQFieldElem[-3, 0, -2, 0, -3, 0, 0, 0],
	[12, 12, 12, 12, 16, 16] => QQFieldElem[1, 0, 1, 0, 1, 0, 0, 0],
	[12, 12, 12, 12, 4, 1] => QQFieldElem[-3, 0, -2, 0, -3, 0, 0, 0])